-9.019317567348480225e+00
-9.033407479524612427e+00
-9.035685390233993530e+00
-9.024248644709587097e+00
-9.030194520950317383e+00
-8.992228195071220398e+00
-9.032653555274009705e+00
-9.036272674798965454e+00
-9.026458576321601868e+00
-9.007083699107170105e+00
-9.035220861434936523e+00
-9.026936978101730347e+00
-9.034957647323608398e+00
-9.034163892269134521e+00
-9.033660277724266052e+00
-9.012320801615715027e+00
-9.037091031670570374e+00
-9.004223540425300598e+00
-9.026190146803855896e+00
-9.035601913928985596e+00
-9.035718902945518494e+00
-9.032514318823814392e+00
-9.024376094341278076e+00
-9.030723705887794495e+00
-9.029371142387390137e+00
-9.033838495612144470e+00
-9.007830113172531128e+00
-9.026483133435249329e+00
-9.034969002008438110e+00
-9.036006331443786621e+00
-9.036042496562004089e+00
-9.022149369120597839e+00
-9.031646862626075745e+00
-9.028691500425338745e+00
-9.036942258477210999e+00
-9.031986743211746216e+00
-9.030291140079498291e+00
-9.030714690685272217e+00
-9.031706809997558594e+00
-9.036932408809661865e+00
-9.005428329110145569e+00
-9.037163406610488892e+00
-9.032332807779312134e+00
-9.035411551594734192e+00
-9.027986869215965271e+00
-9.022647321224212646e+00
-8.999140053987503052e+00
-9.016606599092483521e+00
-9.024240911006927490e+00
-8.982151225209236145e+00
-9.028231918811798096e+00
-9.018604680895805359e+00
-9.029664874076843262e+00
-9.029034405946731567e+00
-9.036873608827590942e+00
-8.997966274619102478e+00
-9.031506836414337158e+00
-9.002879649400711060e+00
-9.004756972193717957e+00
-9.014013633131980896e+00
-9.036956638097763062e+00
-9.033815965056419373e+00
-9.031156018376350403e+00
-9.020856335759162903e+00
-9.005818426609039307e+00
-9.036782473325729370e+00
-9.019557327032089233e+00
-9.031130209565162659e+00
-9.033654123544692993e+00
-9.001917228102684021e+00
-9.036177098751068115e+00
-9.009085088968276978e+00
-9.034734621644020081e+00
-9.036860957741737366e+00
-9.020921722054481506e+00
-9.034848868846893311e+00
-9.032032012939453125e+00
-9.036545798182487488e+00
-9.026636645197868347e+00
-8.971722140908241272e+00
-9.021283611655235291e+00
-8.996569365262985229e+00
-9.036060407757759094e+00
-9.027648270130157471e+00
-9.034401834011077881e+00
-9.035443693399429321e+00
-9.034436538815498352e+00
-9.011209830641746521e+00
-9.030175656080245972e+00
-9.015403315424919128e+00
-9.034484058618545532e+00
-9.035848572850227356e+00
-9.006747230887413025e+00
-9.023669525980949402e+00
-8.995652467012405396e+00
-9.036566659808158875e+00
-8.958757847547531128e+00
-9.022110983729362488e+00
-9.030276834964752197e+00
-9.030870303511619568e+00
-9.036860570311546326e+00
-9.033097326755523682e+00
-9.029485315084457397e+00
-8.977988421916961670e+00
-9.033297836780548096e+00
-9.035223260521888733e+00
-9.016922935843467712e+00
-9.027354329824447632e+00
-9.010673776268959045e+00
-9.026503130793571472e+00
-9.035181805491447449e+00
-9.036028221249580383e+00
-9.022969886660575867e+00
-9.032538324594497681e+00
-9.036226913332939148e+00
-9.030673086643218994e+00
-9.024287953972816467e+00
-9.037041828036308289e+00
-8.941342249512672424e+00
-9.025795266032218933e+00
-9.037294909358024597e+00
-9.003094896674156189e+00
-9.034902602434158325e+00
-9.018186703324317932e+00
-9.023136511445045471e+00
-9.030883863568305969e+00
-9.034939408302307129e+00
-9.033273771405220032e+00
-9.035329759120941162e+00
-9.036055475473403931e+00
-9.031986713409423828e+00
-9.029823333024978638e+00
-9.016723960638046265e+00
-9.036328509449958801e+00
-9.022433400154113770e+00
-9.034842938184738159e+00
-9.036731958389282227e+00
-9.019595757126808167e+00
-9.023003295063972473e+00
-9.036453038454055786e+00
-9.036670237779617310e+00
-9.031334653496742249e+00
-9.035245791077613831e+00
-9.035228669643402100e+00
-9.028405249118804932e+00
-9.006110221147537231e+00
-9.026026949286460876e+00
-9.026434108614921570e+00
-8.897673428058624268e+00
-9.034546554088592529e+00
-9.024075344204902649e+00
-9.033718809485435486e+00
-9.009103119373321533e+00
-9.024505496025085449e+00
-9.036412894725799561e+00
-9.009167864918708801e+00
-8.918874457478523254e+00
-9.019839048385620117e+00
-8.991990149021148682e+00
-9.015361592173576355e+00
-9.029009863734245300e+00
-9.030544862151145935e+00
-9.009324088692665100e+00
-9.034470543265342712e+00
-9.029445096850395203e+00
-9.034923806786537170e+00
-9.034306570887565613e+00
-8.962037742137908936e+00
-8.980995818972587585e+00
-9.031351804733276367e+00
-9.033087849617004395e+00
-9.035911917686462402e+00
-9.031601756811141968e+00
-9.034752562642097473e+00
-9.034970447421073914e+00
-9.035960078239440918e+00
-9.035417288541793823e+00
-9.031685486435890198e+00
-9.036998867988586426e+00
-9.022417247295379639e+00
-9.036334946751594543e+00
-9.026771694421768188e+00
-9.035178989171981812e+00
-9.004895448684692383e+00
-9.035307019948959351e+00
-9.033745795488357544e+00
-9.034781977534294128e+00
-9.008387953042984009e+00
-9.033536821603775024e+00
-9.034987926483154297e+00
-8.944217711687088013e+00
-8.963024541735649109e+00
-9.028471842408180237e+00
-9.033767819404602051e+00
-9.035571575164794922e+00
-9.031299665570259094e+00
-9.005242496728897095e+00
-9.036327436566352844e+00
-9.028680846095085144e+00
-9.023137658834457397e+00
-9.030558556318283081e+00
-9.018926113843917847e+00
-9.037115409970283508e+00
-9.035797461867332458e+00
-9.031716868281364441e+00
-9.035041376948356628e+00
-9.026423767209053040e+00
-9.032666072249412537e+00
-9.024707064032554626e+00
-8.937574088573455811e+00
-9.025174617767333984e+00
-9.036976695060729980e+00
-8.994859397411346436e+00
-9.037190645933151245e+00
-9.031282901763916016e+00
-9.033341884613037109e+00
-9.035750195384025574e+00
-9.034786090254783630e+00
-9.035990744829177856e+00
-9.012066066265106201e+00
-9.037083789706230164e+00
-9.028952166438102722e+00
-9.026731505990028381e+00
-8.932562261819839478e+00
-9.035978540778160095e+00
-9.035931989550590515e+00
-8.974308729171752930e+00
-9.031193375587463379e+00
-9.036524906754493713e+00
-9.030528545379638672e+00
-9.029329136013984680e+00
-9.034681066870689392e+00
-9.029895782470703125e+00
-9.026493981480598450e+00
-8.979595065116882324e+00
-9.009381145238876343e+00
-9.005875363945960999e+00
-9.035285696387290955e+00
-9.022693157196044922e+00
-9.035487756133079529e+00
-9.013959988951683044e+00
-9.036532729864120483e+00
-9.032407999038696289e+00
-8.994136527180671692e+00
-9.033893868327140808e+00
-9.036129608750343323e+00
-8.924486696720123291e+00
-9.036425083875656128e+00
-9.020817190408706665e+00
-9.037091806530952454e+00
-9.034835144877433777e+00
-9.035168334841728210e+00
-9.018821209669113159e+00
-9.005714535713195801e+00
-9.010689780116081238e+00
-9.034654811024665833e+00
-9.009272634983062744e+00
-8.924755528569221497e+00
-9.028867274522781372e+00
-9.036360874772071838e+00
-9.018391892313957214e+00
-8.990662112832069397e+00
-9.033789157867431641e+00
-9.034551233053207397e+00
-8.998840019106864929e+00
-8.973903283476829529e+00
-9.029342323541641235e+00
-9.011938333511352539e+00
-9.028891563415527344e+00
-9.011586219072341919e+00
-9.035451844334602356e+00
-9.035414651036262512e+00
-8.964689180254936218e+00
-9.014291748404502869e+00
-9.036424532532691956e+00
-9.036137446761131287e+00
-8.993703246116638184e+00
-9.028079807758331299e+00
-9.022207915782928467e+00
-9.030252367258071899e+00
-9.027514204382896423e+00
-9.018657758831977844e+00
-9.027668133378028870e+00
-8.906153663992881775e+00
-9.034031569957733154e+00
-9.031449288129806519e+00
-9.005299568176269531e+00
-9.035244807600975037e+00
-9.004577979445457458e+00
-9.004762992262840271e+00
-9.011657223105430603e+00
-9.034770101308822632e+00
-9.024191319942474365e+00
-8.999949097633361816e+00
-8.951212286949157715e+00
-9.011481374502182007e+00
-9.015890449285507202e+00
-9.034539282321929932e+00
-9.025188833475112915e+00
-9.001041367650032043e+00
-9.024565309286117554e+00
-9.035215452313423157e+00
-9.037101760506629944e+00
-9.024700865149497986e+00
-9.031619057059288025e+00
-9.023482874035835266e+00
-8.730410277843475342e+00
-9.029954299330711365e+00
-9.024978354573249817e+00
-9.030934467911720276e+00
-9.029974073171615601e+00
-9.035724207758903503e+00
-9.028671830892562866e+00
-9.020760789513587952e+00
-9.035763531923294067e+00
-9.023668408393859863e+00
-8.973428696393966675e+00
-9.036854580044746399e+00
-9.022037893533706665e+00
-9.036055356264114380e+00
-9.018213257193565369e+00
-9.029815211892127991e+00
-9.030886769294738770e+00
-9.028324067592620850e+00
-9.018776714801788330e+00
-8.983800873160362244e+00
-9.035917952656745911e+00
-9.027077883481979370e+00
-9.030177727341651917e+00
-9.017051264643669128e+00
-9.031879618763923645e+00
-9.032177329063415527e+00
-9.033883646130561829e+00
-9.029867351055145264e+00
-8.880448386073112488e+00
-9.035547137260437012e+00
-9.025051131844520569e+00
-9.035853907465934753e+00
-9.036461129784584045e+00
-9.025204777717590332e+00
-9.037174075841903687e+00
-9.007582768797874451e+00
-9.037147432565689087e+00
-9.018988206982612610e+00
-9.026945739984512329e+00
-9.030239313840866089e+00
-8.960463553667068481e+00
-9.036345809698104858e+00
-9.016784995794296265e+00
-9.030022770166397095e+00
-9.032537594437599182e+00
-9.026579290628433228e+00
-9.025835692882537842e+00
-9.029992982745170593e+00
-9.026160806417465210e+00
-8.988060548901557922e+00
-9.028324663639068604e+00
-9.035038173198699951e+00
-9.031581476330757141e+00
-9.028976231813430786e+00
-9.033571794629096985e+00
-9.028449103236198425e+00
-9.037114545702934265e+00
-9.030552372336387634e+00
-8.987870693206787109e+00
-9.002658411860466003e+00
-9.036937624216079712e+00
-9.037062555551528931e+00
-9.024560555815696716e+00
-9.020603850483894348e+00
-9.034782409667968750e+00
-9.036534234881401062e+00
-9.034250363707542419e+00
-8.985258445143699646e+00
-8.961425423622131348e+00
-9.024831488728523254e+00
-9.034075587987899780e+00
-9.028567478060722351e+00
-9.031809806823730469e+00
-9.036324694752693176e+00
-9.016285553574562073e+00
-9.033254683017730713e+00
-9.036279588937759399e+00
-9.031188443303108215e+00
-9.030277580022811890e+00
-9.030482292175292969e+00
-9.036887869238853455e+00
-8.974193766713142395e+00
-9.035889118909835815e+00
-9.029335588216781616e+00
-9.036624044179916382e+00
-9.030539900064468384e+00
-9.027695640921592712e+00
-8.994628369808197021e+00
-9.035753637552261353e+00
-9.035671830177307129e+00
-9.006885781884193420e+00
-9.036273866891860962e+00
-9.024911880493164062e+00
-9.021886616945266724e+00
-9.031505271792411804e+00
-9.035930052399635315e+00
-8.991377636790275574e+00
-9.028764158487319946e+00
-9.024536401033401489e+00
-9.028125241398811340e+00
-9.031327068805694580e+00
-9.034178644418716431e+00
-9.028256595134735107e+00
-9.013231784105300903e+00
-9.018135502934455872e+00
-9.023515537381172180e+00
-9.035569652915000916e+00
-9.033342480659484863e+00
-9.014999970793724060e+00
-9.030601829290390015e+00
-9.021844103932380676e+00
-9.036794051527976990e+00
-9.006812229752540588e+00
-9.026225149631500244e+00
-9.028753086924552917e+00
-9.023942604660987854e+00
-9.033393055200576782e+00
-9.018165662884712219e+00
-9.036721870303153992e+00
-9.036837890744209290e+00
-9.006656631827354431e+00
-9.025324434041976929e+00
-9.036215618252754211e+00
-9.031242638826370239e+00
-9.034511521458625793e+00
-9.035208642482757568e+00
-9.037106260657310486e+00
-9.029634073376655579e+00
-9.009540691971778870e+00
-9.035650819540023804e+00
-9.034536287188529968e+00
-9.032374098896980286e+00
-9.030481845140457153e+00
-9.036528438329696655e+00
-9.027688533067703247e+00
-9.036630377173423767e+00
-9.013831511139869690e+00
-9.036920070648193359e+00
-9.028447106480598450e+00
-9.037250936031341553e+00
-9.030462950468063354e+00
-9.034362018108367920e+00
-9.027049720287322998e+00
-9.036534443497657776e+00
-9.009235560894012451e+00
-9.036229416728019714e+00
-9.027189895510673523e+00
-9.015840351581573486e+00
-8.999250695109367371e+00
-9.036365672945976257e+00
-9.001498550176620483e+00
-9.029860973358154297e+00
-9.031786262989044189e+00
-9.016106322407722473e+00
-9.035862058401107788e+00
-9.032566726207733154e+00
-9.033880308270454407e+00
-9.035878539085388184e+00
-9.030748605728149414e+00
-9.034562334418296814e+00
-9.035972118377685547e+00
-9.021171629428863525e+00
-9.020724102854728699e+00
-9.022634521126747131e+00
-9.036675512790679932e+00
-8.762709096074104309e+00
-9.033163055777549744e+00
-9.034748330712318420e+00
-9.030072957277297974e+00
-9.001191511750221252e+00
-9.035426273941993713e+00
-9.028461813926696777e+00
-9.035530462861061096e+00
-9.035881802439689636e+00
-9.005222082138061523e+00
-9.033868432044982910e+00
-9.018447235226631165e+00
-9.003798350691795349e+00
-9.033274576067924500e+00
-8.914505153894424438e+00
-9.027234539389610291e+00
-9.036601141095161438e+00
-9.029029890894889832e+00
-9.019879415631294250e+00
-9.034673810005187988e+00
-9.022901788353919983e+00
-9.026695013046264648e+00
-9.037089869379997253e+00
-9.037011355161666870e+00
-9.010556131601333618e+00
-9.019030466675758362e+00
-9.032790094614028931e+00
-9.034047290682792664e+00
-9.026633962988853455e+00
-9.036394834518432617e+00
-9.037009596824645996e+00
-9.035106465220451355e+00
-8.966669693589210510e+00
-9.017537325620651245e+00
-9.028722018003463745e+00
-9.024290084838867188e+00
-9.036825969815254211e+00
-9.032219707965850830e+00
-9.036237627267837524e+00
-9.033212348818778992e+00
-9.024132058024406433e+00
-9.035269513726234436e+00
-8.979872301220893860e+00
-8.999370187520980835e+00
-8.656197279691696167e+00
-9.033018320798873901e+00
-8.996023058891296387e+00
-8.959871947765350342e+00
-9.034111350774765015e+00
-9.027780666947364807e+00
-9.029451593756675720e+00
-9.026825413107872009e+00
-9.030163228511810303e+00
-9.000688314437866211e+00
-9.031655624508857727e+00
-9.036206573247909546e+00
-9.031703159213066101e+00
-9.019349440932273865e+00
-8.983665183186531067e+00
-9.035687133669853210e+00
-9.020095601677894592e+00
-9.024060264229774475e+00
-9.024063661694526672e+00
-9.036950558423995972e+00
-9.025702506303787231e+00
-9.032045334577560425e+00
-8.636499419808387756e+00
-9.025295808911323547e+00
-9.033457711338996887e+00
-9.021449118852615356e+00
-9.028301522135734558e+00
-9.031600698828697205e+00
-9.023596480488777161e+00
-9.027499839663505554e+00
-9.034281209111213684e+00
-9.028347387909889221e+00
-9.019919097423553467e+00
-8.998573780059814453e+00
-9.030315488576889038e+00
-8.991382300853729248e+00
-9.032109901309013367e+00
-9.035597458481788635e+00
-9.005403995513916016e+00
-9.028360769152641296e+00
-9.037282198667526245e+00
-9.016855895519256592e+00
-9.014727383852005005e+00
-9.035313785076141357e+00
-9.031881168484687805e+00
-9.035727545619010925e+00
-9.030851066112518311e+00
-9.032225355505943298e+00
-9.026716172695159912e+00
-8.995430484414100647e+00
-9.034461781382560730e+00
-8.990748539566993713e+00
-9.034900039434432983e+00
-9.034767627716064453e+00
-9.020908698439598083e+00
-9.034702017903327942e+00
-8.951762408018112183e+00
-9.033147037029266357e+00
-9.035399347543716431e+00
-9.018737033009529114e+00
-8.996695309877395630e+00
-9.031171992421150208e+00
-9.032962009310722351e+00
-9.035626783967018127e+00
-9.027511760592460632e+00
-8.971386343240737915e+00
-9.034121349453926086e+00
-8.979075357317924500e+00
-9.036109194159507751e+00
-9.036062568426132202e+00
-9.014078289270401001e+00
-9.020340248942375183e+00
-9.028760403394699097e+00
-9.033312693238258362e+00
-9.029117956757545471e+00
-9.033912777900695801e+00
-9.014828756451606750e+00
-9.026855811476707458e+00
-9.033805534243583679e+00
-9.004300639033317566e+00
-9.033736273646354675e+00
-8.985198006033897400e+00
-9.021696150302886963e+00
-9.029510706663131714e+00
-9.005256175994873047e+00
-9.020184800028800964e+00
-9.021411240100860596e+00
-9.033592998981475830e+00
-9.027642801403999329e+00
-9.027594298124313354e+00
-9.029346242547035217e+00
-8.957221999764442444e+00
-9.031085953116416931e+00
-8.996665775775909424e+00
-9.036974668502807617e+00
-9.012513488531112671e+00
-9.033511862158775330e+00
-9.034585237503051758e+00
-9.037170961499214172e+00
-9.014976307749748230e+00
-9.016581341624259949e+00
-9.030088171362876892e+00
-9.030159905552864075e+00
-9.036837160587310791e+00
-9.025961548089981079e+00
-9.029144868254661560e+00
-9.013831630349159241e+00
-9.033756181597709656e+00
-9.036147832870483398e+00
-9.036778509616851807e+00
-8.998988598585128784e+00
-9.035416781902313232e+00
-9.031485274434089661e+00
-9.028612494468688965e+00
-9.034906849265098572e+00
-9.011124238371849060e+00
-9.034007102251052856e+00
-9.018424227833747864e+00
-9.036765798926353455e+00
-8.985046803951263428e+00
-9.037281557917594910e+00
-9.019555523991584778e+00
-9.034632027149200439e+00
-9.035497829318046570e+00
-9.035772129893302917e+00
-9.033578366041183472e+00
-8.996013104915618896e+00
-9.035461589694023132e+00
-9.029175311326980591e+00
-9.035963028669357300e+00
-9.037464573979377747e+00
-9.033467501401901245e+00
-9.037232294678688049e+00
-9.030313417315483093e+00
-9.035345181822776794e+00
-9.035237431526184082e+00
-9.033858597278594971e+00
-9.037500292062759399e+00
-9.034879520535469055e+00
-9.037161007523536682e+00
-9.018841370940208435e+00
-9.022070840001106262e+00
-9.037084639072418213e+00
-9.021610721945762634e+00
-9.032761693000793457e+00
-9.034830108284950256e+00
-9.033411100506782532e+00
-9.024777978658676147e+00
-9.006682038307189941e+00
-9.016666114330291748e+00
-9.022105976939201355e+00
-9.035084828734397888e+00
-9.034049153327941895e+00
-9.002399727702140808e+00
-9.034937426447868347e+00
-9.036953777074813843e+00
-9.034568354487419128e+00
-9.035629928112030029e+00
-9.016548052430152893e+00
-9.023563340306282043e+00
-8.983266666531562805e+00
-9.021340474486351013e+00
-9.035523906350135803e+00
-9.023031562566757202e+00
-9.030367121100425720e+00
-8.995245620608329773e+00
-9.035635679960250854e+00
-9.007168009877204895e+00
-9.026549696922302246e+00
-9.034476786851882935e+00
-9.020329236984252930e+00
-9.023101523518562317e+00
-9.016521528363227844e+00
-9.033676058053970337e+00
-9.036043018102645874e+00
-9.027014464139938354e+00
-9.036189779639244080e+00
-9.033076792955398560e+00
-9.036107540130615234e+00
-9.034710779786109924e+00
-9.020659774541854858e+00
-9.024426683783531189e+00
-9.035902366042137146e+00
-9.031609296798706055e+00
-9.028892874717712402e+00
-9.019069239497184753e+00
-9.034561797976493835e+00
-9.035167887806892395e+00
-9.030868813395500183e+00
-9.029065713286399841e+00
-9.024915978312492371e+00
-9.032095089554786682e+00
-9.031640782952308655e+00
-9.001546412706375122e+00
-9.035386383533477783e+00
-9.033190295100212097e+00
-9.012416943907737732e+00
-8.999489486217498779e+00
-9.032511025667190552e+00
-9.028592243790626526e+00
-9.037100896239280701e+00
-9.035966485738754272e+00
-9.017995536327362061e+00
-9.034278273582458496e+00
-9.034107282757759094e+00
-9.036338791251182556e+00
-9.035852268338203430e+00
-9.037344768643379211e+00
-9.034714162349700928e+00
-9.034939721226692200e+00
-9.033537402749061584e+00
-9.028537482023239136e+00
-9.028567135334014893e+00
-9.018869280815124512e+00
-9.007048308849334717e+00
-9.001379579305648804e+00
-9.035522267222404480e+00
-9.035780563950538635e+00
-9.026961922645568848e+00
-9.029866397380828857e+00
-9.035805940628051758e+00
-9.019160807132720947e+00
-8.994372874498367310e+00
-9.019634425640106201e+00
-9.016546308994293213e+00
-9.031759232282638550e+00
-9.036691024899482727e+00
-9.032934561371803284e+00
-9.027128979563713074e+00
-9.026834681630134583e+00
-9.036672741174697876e+00
-9.036205351352691650e+00
-9.035540327429771423e+00
-8.998124510049819946e+00
-9.033728480339050293e+00
-8.972124695777893066e+00
-9.030646830797195435e+00
-9.030607640743255615e+00
-9.035226315259933472e+00
-9.037330806255340576e+00
-9.030371576547622681e+00
-9.033586859703063965e+00
-9.037186548113822937e+00
-9.037153765559196472e+00
-8.940798848867416382e+00
-9.021693944931030273e+00
-9.036812156438827515e+00
-9.029510751366615295e+00
-9.031773805618286133e+00
-9.018274158239364624e+00
-9.036568224430084229e+00
-9.007797628641128540e+00
-9.006268933415412903e+00
-9.032870158553123474e+00
-8.974759414792060852e+00
-9.031288400292396545e+00
-9.037339061498641968e+00
-9.037205770611763000e+00
-9.019594222307205200e+00
-9.030778318643569946e+00
-9.026179790496826172e+00
-9.034100428223609924e+00
-9.005354985594749451e+00
-9.037157520651817322e+00
-9.033953323960304260e+00
-9.018685430288314819e+00
-9.000770896673202515e+00
-9.029307201504707336e+00
-9.032105654478073120e+00
-9.023779064416885376e+00
-9.032312974333763123e+00
-9.033525630831718445e+00
-9.035208821296691895e+00
-8.997505456209182739e+00
-9.033822253346443176e+00
-9.028598248958587646e+00
-9.027259781956672668e+00
-9.035501509904861450e+00
-9.030623167753219604e+00
-9.033529669046401978e+00
-9.012027755379676819e+00
-9.036380127072334290e+00
-8.999802216887474060e+00
-9.034428879618644714e+00
-9.027167528867721558e+00
