-5.585002407431602478e+00
-5.610074311494827271e+00
-5.541835211217403412e+00
-5.586829751729965210e+00
-5.601552680134773254e+00
-5.588644236326217651e+00
-5.539708532392978668e+00
-5.498974479734897614e+00
-5.499287135899066925e+00
-5.480724591761827469e+00
-5.295514222234487534e+00
-5.516515195369720459e+00
-5.514718949794769287e+00
-5.585340075194835663e+00
-5.520907945930957794e+00
-5.569752216339111328e+00
-5.576339602470397949e+00
-5.602646134793758392e+00
-5.583584807813167572e+00
-5.437034539878368378e+00
-5.576148875057697296e+00
-5.312067903578281403e+00
-5.603032179176807404e+00
-5.552731171250343323e+00
-5.444904997944831848e+00
-5.579088889062404633e+00
-5.593432985246181488e+00
-5.529015369713306427e+00
-5.598576910793781281e+00
-5.609872348606586456e+00
-5.557889185845851898e+00
-5.606657095253467560e+00
-5.347363457083702087e+00
-5.546072848141193390e+00
-5.598402477800846100e+00
-5.545206822454929352e+00
-5.557650178670883179e+00
-5.592247895896434784e+00
-5.609142042696475983e+00
-5.604690827429294586e+00
-5.366514403373003006e+00
-5.549129702150821686e+00
-5.492151111364364624e+00
-5.570461623370647430e+00
-5.522440329194068909e+00
-5.568793267011642456e+00
-5.597642928361892700e+00
-5.499603882431983948e+00
-5.487097769975662231e+00
-5.590363055467605591e+00
-5.300571989268064499e+00
-5.552975513041019440e+00
-5.589751876890659332e+00
-5.522721871733665466e+00
-5.589216202497482300e+00
-5.457153379917144775e+00
-5.484931215643882751e+00
-5.602631859481334686e+00
-5.454626452177762985e+00
-5.334136992692947388e+00
-5.070617605000734329e+00
-5.544434435665607452e+00
-5.543218858540058136e+00
-5.155770173296332359e+00
-5.508879959583282471e+00
-5.472541246563196182e+00
-5.265404080972075462e+00
-5.574399247765541077e+00
-5.090693179517984390e+00
-5.595952287316322327e+00
-5.189727209508419037e+00
-5.447699930518865585e+00
-5.599663943052291870e+00
-5.569669254124164581e+00
-5.610416710376739502e+00
-5.434204407036304474e+00
-5.127146974205970764e+00
-5.586790777742862701e+00
-5.578713960945606232e+00
-5.414581872522830963e+00
-5.441365875303745270e+00
-5.525377184152603149e+00
-5.491316661238670349e+00
-5.579224653542041779e+00
-5.415661621838808060e+00
-5.546087712049484253e+00
-5.595945350825786591e+00
-5.574084617197513580e+00
-5.286432184278964996e+00
-5.575877435505390167e+00
-5.593739226460456848e+00
-5.593779645860195160e+00
-5.558274768292903900e+00
-5.554835259914398193e+00
-5.583879843354225159e+00
-5.565397150814533234e+00
-5.446059789508581161e+00
-5.592058837413787842e+00
-5.593928292393684387e+00
-5.530880071222782135e+00
-5.544542483985424042e+00
-5.591542497277259827e+00
-5.580912187695503235e+00
-5.577237926423549652e+00
-5.551806643605232239e+00
-5.541792854666709900e+00
-5.601396180689334869e+00
-5.608951367437839508e+00
-5.353241298347711563e+00
-5.490042507648468018e+00
-5.519429035484790802e+00
-5.592010900378227234e+00
-5.568675473332405090e+00
-5.444175850600004196e+00
-5.578494302928447723e+00
-5.593326508998870850e+00
-5.591832615435123444e+00
-5.550244554877281189e+00
-5.588024348020553589e+00
-5.591731734573841095e+00
-5.515684373676776886e+00
-5.573254331946372986e+00
-5.396999642252922058e+00
-5.568966157734394073e+00
-5.574973002076148987e+00
-5.597851417958736420e+00
-5.591775514185428619e+00
-5.554692871868610382e+00
-5.441607702523469925e+00
-5.544766366481781006e+00
-5.602287933230400085e+00
-5.527935743331909180e+00
-5.607878915965557098e+00
-5.399339631199836731e+00
-5.571742869913578033e+00
-5.533278688788414001e+00
-5.607198379933834076e+00
-5.593700967729091644e+00
-5.530981928110122681e+00
-5.534649707376956940e+00
-5.529613673686981201e+00
-5.583241976797580719e+00
-5.560847871005535126e+00
-5.608220458030700684e+00
-5.305263068526983261e+00
-5.505224972963333130e+00
-5.578464798629283905e+00
-5.486501693725585938e+00
-5.487460643053054810e+00
-5.523142203688621521e+00
-5.523537121713161469e+00
-5.593857631087303162e+00
-5.610633738338947296e+00
-5.220015130937099457e+00
-5.538273297250270844e+00
-5.531377166509628296e+00
-5.605605244636535645e+00
-5.585565775632858276e+00
-5.529602505266666412e+00
-5.607598744332790375e+00
-5.385636545717716217e+00
-5.594726562500000000e+00
-5.406236678361892700e+00
-5.578336112201213837e+00
-5.461745414882898331e+00
-5.527168072760105133e+00
-5.417976588010787964e+00
-5.584280632436275482e+00
-5.594097279012203217e+00
-5.611384786665439606e+00
-5.442449837923049927e+00
-5.577502369880676270e+00
-5.562576048076152802e+00
-5.582175850868225098e+00
-5.549541302025318146e+00
-5.604352876543998718e+00
-5.489053070545196533e+00
-5.606124222278594971e+00
-5.516029961407184601e+00
-5.447621196508407593e+00
-5.581099592149257660e+00
-5.589015021920204163e+00
-5.600732482969760895e+00
-5.610128313302993774e+00
-5.582014314830303192e+00
-5.598572589457035065e+00
-5.477719902992248535e+00
-5.612303398549556732e+00
-5.602811805903911591e+00
-5.367545820772647858e+00
-5.203973243944346905e+00
-5.602567680180072784e+00
-5.161720156669616699e+00
-5.549684837460517883e+00
-5.582758575677871704e+00
-5.584913015365600586e+00
-5.598229207098484039e+00
-5.526175230741500854e+00
-5.492682509124279022e+00
-5.470395781099796295e+00
-5.601218871772289276e+00
-5.510372549295425415e+00
-5.591477490961551666e+00
-5.608697466552257538e+00
-5.576163046061992645e+00
-5.606204353272914886e+00
-5.256636282429099083e+00
-5.571834899485111237e+00
-5.593200534582138062e+00
-5.524184614419937134e+00
-5.527656421065330505e+00
-5.567164905369281769e+00
-5.586055144667625427e+00
-5.586076229810714722e+00
-5.594369322061538696e+00
-5.552906319499015808e+00
-5.537086047232151031e+00
-5.566203266382217407e+00
-5.599787279963493347e+00
-5.601918347179889679e+00
-5.277992960065603256e+00
-5.411331087350845337e+00
-5.610089689493179321e+00
-5.579849272966384888e+00
-5.568225950002670288e+00
-5.602050729095935822e+00
-5.490465208888053894e+00
-5.418769001960754395e+00
-5.487588077783584595e+00
-5.316534690558910370e+00
-5.570714786648750305e+00
-5.602479517459869385e+00
-5.606472566723823547e+00
-5.607508428394794464e+00
-5.594204165041446686e+00
-5.611621230840682983e+00
-5.590960294008255005e+00
-5.555930584669113159e+00
-5.560190141201019287e+00
-5.599851094186306000e+00
-5.555402263998985291e+00
-5.574735537171363831e+00
-5.589323729276657104e+00
-5.473380632698535919e+00
-5.559316560626029968e+00
-5.598076142370700836e+00
-5.558185525238513947e+00
-5.591958619654178619e+00
-5.587704338133335114e+00
-5.567030876874923706e+00
-5.590673014521598816e+00
-5.584368146955966949e+00
-5.299527019262313843e+00
-5.603161469101905823e+00
-5.591582380235195160e+00
-5.385718405246734619e+00
-5.519759785383939743e+00
-5.252544876188039780e+00
-5.460141479969024658e+00
-5.582054726779460907e+00
-5.598559528589248657e+00
-5.603540688753128052e+00
-5.599514573812484741e+00
-5.587574131786823273e+00
-5.604832358658313751e+00
-5.583817049860954285e+00
-5.573581226170063019e+00
-5.511154547333717346e+00
-5.606267608702182770e+00
-5.599172286689281464e+00
-5.589332878589630127e+00
-5.591453440487384796e+00
-5.500401772558689117e+00
-5.572342477738857269e+00
-5.593008592724800110e+00
-5.598744034767150879e+00
-5.565295904874801636e+00
-5.607176236808300018e+00
-5.398926906287670135e+00
-5.584385313093662262e+00
-5.570749677717685699e+00
-5.542085289955139160e+00
-5.575541205704212189e+00
-5.567246057093143463e+00
-5.545316651463508606e+00
-5.572453558444976807e+00
-5.589182682335376740e+00
-5.337154455482959747e+00
-5.563757099211215973e+00
-5.578257307410240173e+00
-5.558175124228000641e+00
-5.598775804042816162e+00
-5.488038189709186554e+00
-5.543676845729351044e+00
-5.591952055692672729e+00
-5.585242003202438354e+00
-5.608042813837528229e+00
-5.576068624854087830e+00
-5.372007731348276138e+00
-5.590641386806964874e+00
-5.590410642325878143e+00
-5.442148145288228989e+00
-5.588975235819816589e+00
-5.278152953833341599e+00
-5.586530283093452454e+00
-5.545341216027736664e+00
-5.587370432913303375e+00
-5.319278426468372345e+00
-5.553457245230674744e+00
-5.580221712589263916e+00
-5.524721093475818634e+00
-5.563238255679607391e+00
-5.589547932147979736e+00
-5.594704173505306244e+00
-5.609623789787292480e+00
-5.392840899527072906e+00
-5.608493357896804810e+00
-5.585632234811782837e+00
-5.565259531140327454e+00
-5.450955461710691452e+00
-5.088135475292801857e+00
-5.596591643989086151e+00
-5.369845971465110779e+00
-5.422520991414785385e+00
-5.463666044175624847e+00
-5.569254204630851746e+00
-5.609361872076988220e+00
-5.572250746190547943e+00
-5.592359349131584167e+00
-5.607029162347316742e+00
-5.448471460491418839e+00
-5.112096881493926048e+00
-5.590839058160781860e+00
-5.586930841207504272e+00
-5.598752602934837341e+00
-5.607245907187461853e+00
-5.599948495626449585e+00
-5.581309735774993896e+00
-5.563433997333049774e+00
-5.589376106858253479e+00
-5.344886433333158493e+00
-5.557838194072246552e+00
-5.588344655930995941e+00
-5.600158423185348511e+00
-5.486865527927875519e+00
-5.562518544495105743e+00
-5.585658170282840729e+00
-5.499101042747497559e+00
-5.588461339473724365e+00
-5.588303744792938232e+00
-5.550871253013610840e+00
-5.569462627172470093e+00
-5.283027943223714828e+00
-5.586693204939365387e+00
-5.598532333970069885e+00
-5.543578252196311951e+00
-5.543262951076030731e+00
-5.535768635571002960e+00
-5.263186089694499969e+00
-5.497574053704738617e+00
-5.543130874633789062e+00
-5.587716661393642426e+00
-5.390551302582025528e+00
-5.539561413228511810e+00
-5.486874803900718689e+00
-5.417194470763206482e+00
-5.364553406834602356e+00
-5.569366209208965302e+00
-5.588053666055202484e+00
-5.583328895270824432e+00
-5.571264632046222687e+00
-5.593979850411415100e+00
-5.591339759528636932e+00
-5.498407393693923950e+00
-5.326279379427433014e+00
-5.412732340395450592e+00
-5.585647366940975189e+00
-5.549133270978927612e+00
-5.378855314105749130e+00
-5.559532418847084045e+00
-5.537776447832584381e+00
-5.580351404845714569e+00
-5.188443736173212528e+00
-5.588800340890884399e+00
-5.605658292770385742e+00
-5.402826212346553802e+00
-5.455882329493761063e+00
-5.599254317581653595e+00
-5.549545496702194214e+00
-5.420699790120124817e+00
-5.477937355637550354e+00
-5.543301112949848175e+00
-5.587803594768047333e+00
-5.608657829463481903e+00
-5.392854828387498856e+00
-5.596238404512405396e+00
-5.598051443696022034e+00
-5.605261437594890594e+00
-5.561296708881855011e+00
-5.216960169374942780e+00
-5.581074245274066925e+00
-5.568728461861610413e+00
-5.332742039114236832e+00
-5.580440938472747803e+00
-5.540528967976570129e+00
-5.594269976019859314e+00
-5.184033419936895370e+00
-5.605106644332408905e+00
-5.538928218185901642e+00
-5.383063901215791702e+00
-5.520062372088432312e+00
-5.597124204039573669e+00
-5.514225795865058899e+00
-5.591314293444156647e+00
-5.588796474039554596e+00
-5.565894246101379395e+00
-5.450577929615974426e+00
-5.502946082502603531e+00
-5.597870953381061554e+00
-5.524544257670640945e+00
-5.507168665528297424e+00
-5.566418297588825226e+00
-5.582425400614738464e+00
-5.590020187199115753e+00
-5.563694722950458527e+00
-5.575720503926277161e+00
-5.481942363083362579e+00
-5.594649583101272583e+00
-5.597069874405860901e+00
-5.599898405373096466e+00
-5.475251391530036926e+00
-5.602016501128673553e+00
-5.605276681482791901e+00
-5.531916387379169464e+00
-5.603757366538047791e+00
-5.598598606884479523e+00
-5.569890074431896210e+00
-5.483610987663269043e+00
-5.601500548422336578e+00
-5.474014133214950562e+00
-5.550395421683788300e+00
-5.347424045205116272e+00
-5.368834316730499268e+00
-5.570586681365966797e+00
-5.428897000849246979e+00
-5.590835943818092346e+00
-5.470706872642040253e+00
-5.587110765278339386e+00
-5.566537924110889435e+00
-5.560762763023376465e+00
-5.579111941158771515e+00
-5.539267152547836304e+00
-5.356693241745233536e+00
-5.526251420378684998e+00
-5.591994404792785645e+00
-5.597463071346282959e+00
-5.559928171336650848e+00
-5.501829463988542557e+00
-5.403666105121374130e+00
-5.566302768886089325e+00
-5.567250773310661316e+00
-5.610148228704929352e+00
-5.425257213413715363e+00
-5.557912223041057587e+00
-5.593048654496669769e+00
-5.579071581363677979e+00
-5.265316288918256760e+00
-5.604785390198230743e+00
-5.545599438250064850e+00
-5.303337253630161285e+00
-5.460294649004936218e+00
-5.589284718036651611e+00
-5.590953335165977478e+00
-5.578792296350002289e+00
-5.596792437136173248e+00
-5.521489486098289490e+00
-5.588655740022659302e+00
-5.587646469473838806e+00
-5.560494773089885712e+00
-5.577350758016109467e+00
-5.474005170166492462e+00
-5.351912986487150192e+00
-5.520311452448368073e+00
-5.574030511081218719e+00
-5.591527767479419708e+00
-5.507961072027683258e+00
-5.577513165771961212e+00
-5.586945325136184692e+00
-5.567555993795394897e+00
-5.604083687067031860e+00
-5.590282835066318512e+00
-5.606384061276912689e+00
-5.521575130522251129e+00
-5.585871107876300812e+00
-5.302450161427259445e+00
-5.334257043898105621e+00
-5.610256306827068329e+00
-5.411075159907341003e+00
-5.540301840752363205e+00
-5.242369720712304115e+00
-5.594396434724330902e+00
-5.505972512066364288e+00
-5.377738937735557556e+00
-5.606803365051746368e+00
-5.562783092260360718e+00
-5.413966190069913864e+00
-5.445755101740360260e+00
-5.599867247045040131e+00
-5.565371260046958923e+00
-5.573537550866603851e+00
-5.259840395301580429e+00
-5.448618069291114807e+00
-5.589442506432533264e+00
-5.596034429967403412e+00
-5.595093198120594025e+00
-5.599381394684314728e+00
-5.579126238822937012e+00
-5.357567381113767624e+00
-5.570239618420600891e+00
-5.570034317672252655e+00
-5.605891890823841095e+00
-5.512027822434902191e+00
-5.062491986900568008e+00
-5.594766519963741302e+00
-5.569302476942539215e+00
-5.598139211535453796e+00
-5.595416784286499023e+00
-5.535077415406703949e+00
-5.577801026403903961e+00
-5.287974502891302109e+00
-5.602340042591094971e+00
-5.550696164369583130e+00
-5.554130308330059052e+00
-5.603915140032768250e+00
-5.580315478146076202e+00
-5.521347858011722565e+00
-5.495362550020217896e+00
-5.570133052766323090e+00
-5.600573815405368805e+00
-5.592240460216999054e+00
-5.099595472216606140e+00
-5.552862182259559631e+00
-5.582551486790180206e+00
-5.501408327370882034e+00
-5.512980401515960693e+00
-5.584382124245166779e+00
-5.586182229220867157e+00
-5.365402296185493469e+00
-5.589363463222980499e+00
-5.606262311339378357e+00
-5.154893854632973671e+00
-5.591874673962593079e+00
-5.552648909389972687e+00
-5.515972815454006195e+00
-5.504041269421577454e+00
-5.516632862389087677e+00
-5.471523303538560867e+00
-5.591070309281349182e+00
-5.351516570895910263e+00
-5.596019841730594635e+00
-5.555590361356735229e+00
-5.582919344305992126e+00
-5.375159502029418945e+00
-5.588206663727760315e+00
-5.586908921599388123e+00
-5.592199258506298065e+00
-5.580466419458389282e+00
-5.563572831451892853e+00
-5.304803099483251572e+00
-5.587593026459217072e+00
-5.549440599977970123e+00
-5.488715857267379761e+00
-5.545658014714717865e+00
-5.581160701811313629e+00
-5.522578701376914978e+00
-5.526275202631950378e+00
-5.447424367070198059e+00
-5.481634534895420074e+00
-5.591920986771583557e+00
-5.602838158607482910e+00
-5.579171612858772278e+00
-5.596076525747776031e+00
-5.543720409274101257e+00
-5.528464339673519135e+00
-5.370907165110111237e+00
-5.303255338221788406e+00
-5.562746077775955200e+00
-5.592636048793792725e+00
-5.592960506677627563e+00
-5.562534436583518982e+00
-5.592699050903320312e+00
-5.514559768140316010e+00
-5.394709214568138123e+00
-5.600730046629905701e+00
-5.553913388401269913e+00
-5.609603598713874817e+00
-5.591531485319137573e+00
-5.584313221275806427e+00
-5.383341446518898010e+00
-5.590789973735809326e+00
-5.594540134072303772e+00
-5.592829436063766479e+00
-5.597085237503051758e+00
-5.448729563504457474e+00
-5.468937389552593231e+00
-5.334942337125539780e+00
-5.586481362581253052e+00
-5.531506516039371490e+00
-5.566082671284675598e+00
-5.578633211553096771e+00
-5.528604552149772644e+00
-5.607072308659553528e+00
-5.540092714130878448e+00
-5.588837459683418274e+00
-5.562974795699119568e+00
-5.599442593753337860e+00
-5.575455673038959503e+00
-5.541690059006214142e+00
-5.589065775275230408e+00
-5.488177232444286346e+00
-5.582840725779533386e+00
-5.463008072227239609e+00
-5.581507869064807892e+00
-5.533100523054599762e+00
-5.602835245430469513e+00
-5.583598002791404724e+00
-5.508245594799518585e+00
-5.545804552733898163e+00
-5.478138506412506104e+00
-5.601413555443286896e+00
-5.382502943277359009e+00
-5.428303085267543793e+00
-5.374594595283269882e+00
-5.571784332394599915e+00
-5.472111813724040985e+00
-5.611344955861568451e+00
-5.578972265124320984e+00
-5.604799903929233551e+00
-5.597109243273735046e+00
-5.600469805300235748e+00
-5.608636379241943359e+00
-5.578372307121753693e+00
-5.587453931570053101e+00
-5.589333392679691315e+00
-5.601244904100894928e+00
-5.404535908252000809e+00
-5.580186374485492706e+00
-5.611514292657375336e+00
-5.357818957418203354e+00
-5.523342639207839966e+00
-5.612018302083015442e+00
-5.420431900769472122e+00
-5.581100292503833771e+00
-5.593927457928657532e+00
-5.588444538414478302e+00
-5.333280250430107117e+00
-5.581889271736145020e+00
-5.568171419203281403e+00
-5.549521692097187042e+00
-5.598203614354133606e+00
-5.590507693588733673e+00
-5.600208908319473267e+00
-5.600672975182533264e+00
-5.545728996396064758e+00
-5.578177772462368011e+00
-5.596995770931243896e+00
-5.582151956856250763e+00
-5.608689010143280029e+00
-5.609611071646213531e+00
-5.532761648297309875e+00
-5.576901167631149292e+00
-5.558597967028617859e+00
-5.585235193371772766e+00
-5.606009699404239655e+00
-5.553584456443786621e+00
-5.506815500557422638e+00
-5.583864502608776093e+00
-5.552836708724498749e+00
-5.534703001379966736e+00
-5.605577290058135986e+00
-5.517941705882549286e+00
-5.480829417705535889e+00
-5.082072339951992035e+00
-5.542962796986103058e+00
-5.585566453635692596e+00
-5.447275962680578232e+00
-5.591182865202426910e+00
-5.607518672943115234e+00
-5.588058255612850189e+00
-5.309280876070261002e+00
-5.210313240066170692e+00
-5.588508889079093933e+00
-5.298996873199939728e+00
-5.588311582803726196e+00
-5.518291614949703217e+00
-5.591693244874477386e+00
-5.513754531741142273e+00
-5.611963480710983276e+00
-5.570168398320674896e+00
-5.328528469428420067e+00
-5.604970552027225494e+00
-5.462403975427150726e+00
-5.522497422993183136e+00
-5.229891605675220490e+00
-5.603321067988872528e+00
-5.599254108965396881e+00
-5.590988017618656158e+00
-5.594932086765766144e+00
-5.578775338828563690e+00
-5.557232439517974854e+00
-5.585788652300834656e+00
-5.594467662274837494e+00
-5.573713451623916626e+00
-5.571707949042320251e+00
-5.587413497269153595e+00
-5.223457083106040955e+00
-5.483534194529056549e+00
-5.593681566417217255e+00
-5.577224388718605042e+00
-5.587686203420162201e+00
-5.603081777691841125e+00
-5.594729475677013397e+00
-5.606622211635112762e+00
-5.591963917016983032e+00
-5.582381218671798706e+00
-5.600270740687847137e+00
-5.585593253374099731e+00
-5.598094418644905090e+00
-5.584428302943706512e+00
-5.594925135374069214e+00
-5.588551469147205353e+00
-5.597294427454471588e+00
-5.600342862308025360e+00
-5.410060692578554153e+00
-5.572982504963874817e+00
-5.598047800362110138e+00
-5.596134006977081299e+00
-5.559234313666820526e+00
-5.592554226517677307e+00
-5.593259014189243317e+00
-5.495478153228759766e+00
-5.572263941168785095e+00
-5.600038200616836548e+00
-5.341516282409429550e+00
-5.592707686126232147e+00
-5.582550533115863800e+00
-5.435009311884641647e+00
-5.589410506188869476e+00
-5.406098041683435440e+00
-5.568334497511386871e+00
-5.598883286118507385e+00
-5.506355009973049164e+00
-5.536451458930969238e+00
-5.589077800512313843e+00
-5.548819944262504578e+00
-5.540025010704994202e+00
-5.361830964684486389e+00
-5.609086997807025909e+00
-5.611889332532882690e+00
-5.272860944271087646e+00
-5.413113359361886978e+00
-5.494762510061264038e+00
-5.601751707494258881e+00
-5.557868815958499908e+00
-5.559172317385673523e+00
-5.611776567995548248e+00
-5.434983853250741959e+00
-5.569100633263587952e+00
-5.599915236234664917e+00
-5.201296099461615086e+00
-5.612696714699268341e+00
-5.594679944217205048e+00
-5.597339496016502380e+00
-5.590467140078544617e+00
-5.526858538389205933e+00
-5.601612821221351624e+00
-5.578577466309070587e+00
-5.448359552770853043e+00
-5.572734616696834564e+00
-5.543247386813163757e+00
-5.534640118479728699e+00
-5.596955627202987671e+00
-5.552910938858985901e+00
-5.610991522669792175e+00
-5.560629583895206451e+00
-5.544829100370407104e+00
-5.288297366350889206e+00
-5.143146209418773651e+00
-5.607415780425071716e+00
-5.570429749786853790e+00
-5.345520768314599991e+00
-5.546246849000453949e+00
-5.582916535437107086e+00
-5.533054508268833160e+00
-5.468922089785337448e+00
-5.582281410694122314e+00
-5.584134072065353394e+00
-5.584759756922721863e+00
-5.609155967831611633e+00
-5.410030066967010498e+00
