-9.479728043079376221e+00
-1.094681210815906525e+01
-9.743664965033531189e+00
-1.025799965858459473e+01
-1.045182363688945770e+01
-9.838897049427032471e+00
-1.007032631337642670e+01
-1.091520881652832031e+01
-1.096264435350894928e+01
-1.031022119522094727e+01
-1.063106456398963928e+01
-1.082392793893814087e+01
-9.683667108416557312e+00
-1.095011177659034729e+01
-1.039601576328277588e+01
-8.738197356462478638e+00
-1.093095847964286804e+01
-1.096786189079284668e+01
-9.726096436381340027e+00
-9.674671009182929993e+00
-1.023453485965728760e+01
-1.033353497087955475e+01
-9.178721919655799866e+00
-9.920348033308982849e+00
-1.031133390963077545e+01
-9.883349075913429260e+00
-9.010662302374839783e+00
-1.095616783201694489e+01
-1.034259732067584991e+01
-1.003345131874084473e+01
-9.875110417604446411e+00
-1.017422340810298920e+01
-9.905450865626335144e+00
-9.765804648399353027e+00
-9.350024767220020294e+00
-1.008640865981578827e+01
-1.074566575884819031e+01
-9.319396317005157471e+00
-9.769102200865745544e+00
-9.472028635442256927e+00
-1.095955121517181396e+01
-1.094747962057590485e+01
-1.055020837485790253e+01
-1.097045513987541199e+01
-1.095149822533130646e+01
-1.017578509449958801e+01
-1.095751169323921204e+01
-1.057934588193893433e+01
-1.011558413505554199e+01
-9.208260476589202881e+00
-1.033972638845443726e+01
-8.953853026032447815e+00
-1.097475035488605499e+01
-1.093203331530094147e+01
-9.830689415335655212e+00
-1.042220677435398102e+01
-1.063158944249153137e+01
-1.057917343080043793e+01
-1.096570949256420135e+01
-1.076798170804977417e+01
-1.031300294399261475e+01
-9.569356977939605713e+00
-1.031072661280632019e+01
-1.094295848906040192e+01
-1.067126768827438354e+01
-1.095449244976043701e+01
-1.050076684355735779e+01
-1.056621414422988892e+01
-1.016185340285301208e+01
-1.090455843508243561e+01
-9.988505780696868896e+00
-1.090467186272144318e+01
-1.095375068485736847e+01
-9.608846172690391541e+00
-1.072194442152976990e+01
-1.097772523760795593e+01
-1.095521026849746704e+01
-9.540419802069664001e+00
-1.095298980176448822e+01
-1.080938999354839325e+01
-1.057873104512691498e+01
-1.090459974110126495e+01
-1.095940412580966949e+01
-1.074152703583240509e+01
-1.052589559555053711e+01
-9.949120610952377319e+00
-9.876641646027565002e+00
-9.320186689496040344e+00
-9.137721225619316101e+00
-1.073591163754463196e+01
-1.095110741257667542e+01
-1.095293341577053070e+01
-1.071846467256546021e+01
-1.096899804472923279e+01
-9.418279133737087250e+00
-1.095718061923980713e+01
-1.029279842972755432e+01
-1.080426102876663208e+01
-1.035312421619892120e+01
-1.095176291465759277e+01
-9.557277560234069824e+00
-1.039889962971210480e+01
-1.095811530947685242e+01
-9.970011889934539795e+00
-9.252100147306919098e+00
-1.095216724276542664e+01
-1.094762629270553589e+01
-1.095153155922889709e+01
-1.070548777282238007e+01
-1.096638120710849762e+01
-1.036690717935562134e+01
-1.096367466449737549e+01
-1.044556061923503876e+01
-1.094200545549392700e+01
-9.506804823875427246e+00
-9.269785612821578979e+00
-9.972941964864730835e+00
-9.390334501862525940e+00
-1.005510544776916504e+01
-9.668462708592414856e+00
-9.727664873003959656e+00
-1.097452087700366974e+01
-1.001951858401298523e+01
-1.033054980635643005e+01
-1.036016926169395447e+01
-1.095261098444461823e+01
-1.097164875268936157e+01
-1.093162299692630768e+01
-1.095997315645217896e+01
-1.081721583008766174e+01
-1.038726335763931274e+01
-1.093477159738540649e+01
-1.095328873395919800e+01
-9.622658491134643555e+00
-9.449041321873664856e+00
-1.012372328341007233e+01
-1.070560619235038757e+01
-1.030810061097145081e+01
-1.057318969070911407e+01
-1.095548033714294434e+01
-1.015236434340476990e+01
-1.094891028106212616e+01
-1.096461729705333710e+01
-1.026655286550521851e+01
-1.037108759582042694e+01
-1.058160474896430969e+01
-1.067680685222148895e+01
-1.078184306621551514e+01
-1.036321280896663666e+01
-1.028322724997997284e+01
-1.097709183394908905e+01
-1.036974740028381348e+01
-9.815574437379837036e+00
-1.094028280675411224e+01
-9.390792533755302429e+00
-1.051773494482040405e+01
-1.091553072631359100e+01
-1.095492459833621979e+01
-1.095433789491653442e+01
-1.015574717521667480e+01
-8.781415864825248718e+00
-9.533473119139671326e+00
-9.656508475542068481e+00
-9.502065315842628479e+00
-1.095006388425827026e+01
-9.792281568050384521e+00
-1.077364248037338257e+01
-1.092383976280689240e+01
-1.003298993408679962e+01
-1.037621513009071350e+01
-1.056428126990795135e+01
-9.590309843420982361e+00
-8.815577879548072815e+00
-8.712278924882411957e+00
-1.088797900080680847e+01
-1.078357686102390289e+01
-1.065065410733222961e+01
-1.003014898300170898e+01
-1.094731990993022919e+01
-1.033478242158889771e+01
-1.057593226432800293e+01
-1.041090402007102966e+01
-1.092153188586235046e+01
-1.003843855857849121e+01
-1.029696999490261078e+01
-1.010107372701168060e+01
-1.095879665017127991e+01
-1.052868698537349701e+01
-1.082989963889122009e+01
-1.097357249259948730e+01
-1.094437940418720245e+01
-1.028107881546020508e+01
-1.051140646636486053e+01
-1.035767824947834015e+01
-1.094451296329498291e+01
-1.026669771969318390e+01
-1.073214688897132874e+01
-1.066589099168777466e+01
-9.693161591887474060e+00
-1.064674928784370422e+01
-9.268760353326797485e+00
-9.809330016374588013e+00
-1.040311408042907715e+01
-1.096267592906951904e+01
-1.095330666005611420e+01
-1.049386194348335266e+01
-1.095554409921169281e+01
-9.794968426227569580e+00
-9.686032935976982117e+00
-1.095281046628952026e+01
-1.040194804966449738e+01
-1.095600801706314087e+01
-1.094004406034946442e+01
-1.095404571294784546e+01
-1.096187888085842133e+01
-1.065923099219799042e+01
-1.090800173580646515e+01
-1.070375166833400726e+01
-1.043419933319091797e+01
-9.878594785928726196e+00
-1.020259276032447815e+01
-1.033510908484458923e+01
-1.061333772540092468e+01
-1.090545977652072906e+01
-9.272002398967742920e+00
-9.468484908342361450e+00
-1.017560222744941711e+01
-1.093504671752452850e+01
-1.083012215793132782e+01
-1.053700363636016846e+01
-1.095649982988834381e+01
-9.854360550642013550e+00
-1.016851241886615753e+01
-1.013231250643730164e+01
-1.095324079692363739e+01
-1.083195316791534424e+01
-1.065792389214038849e+01
-1.036416660249233246e+01
-1.045549909770488739e+01
-1.057010738551616669e+01
-9.349417813122272491e+00
-1.093410606682300568e+01
-1.071219249069690704e+01
-1.097255253791809082e+01
-1.096816571056842804e+01
-1.093711407482624054e+01
-1.037200634181499481e+01
-1.093787479400634766e+01
-1.094333204627037048e+01
-1.095896722376346588e+01
-1.095852415263652802e+01
-9.942359298467636108e+00
-1.095056565105915070e+01
-1.089923170208930969e+01
-1.091668257117271423e+01
-1.009092628955841064e+01
-1.096852238476276398e+01
-9.158338330686092377e+00
-1.070193910598754883e+01
-1.088550844788551331e+01
-1.095661760866641998e+01
-1.019021387398242950e+01
-1.082410025596618652e+01
-1.067075693607330322e+01
-1.076030461490154266e+01
-9.410243615508079529e+00
-9.822712525725364685e+00
-1.096427200734615326e+01
-1.098419664800167084e+01
-1.018702757358551025e+01
-1.096444573998451233e+01
-9.469387814402580261e+00
-1.052336257696151733e+01
-1.095274254679679871e+01
-1.063258852064609528e+01
-1.080744174122810364e+01
-1.096395620703697205e+01
-9.256631806492805481e+00
-1.095105336606502533e+01
-1.050165903568267822e+01
-1.008886513113975525e+01
-1.004393316805362701e+01
-1.009110143780708313e+01
-1.088945899903774261e+01
-9.580199584364891052e+00
-1.060788473486900330e+01
-1.041248580813407898e+01
-1.057170377671718597e+01
-8.812621772289276123e+00
-1.094175381958484650e+01
-1.095852811634540558e+01
-8.373438075184822083e+00
-9.929985851049423218e+00
-1.089337290823459625e+01
-1.097252438962459564e+01
-1.033736369013786316e+01
-9.571218207478523254e+00
-1.096699246764183044e+01
-1.058044470846652985e+01
-1.095150792598724365e+01
-1.064002166688442230e+01
-1.098151767253875732e+01
-9.390436895191669464e+00
-1.050186315178871155e+01
-1.097234934568405151e+01
-1.020225258171558380e+01
-1.094543351233005524e+01
-1.085733422636985779e+01
-1.016889110207557678e+01
-1.080572690069675446e+01
-1.094828441739082336e+01
-1.097523933649063110e+01
-1.086475689709186554e+01
-9.850344553589820862e+00
-1.097004912793636322e+01
-1.059943903982639313e+01
-1.090179863572120667e+01
-1.095427501201629639e+01
-1.095518133044242859e+01
-1.041312731802463531e+01
-1.097574961185455322e+01
-9.748363032937049866e+00
-8.897570542991161346e+00
-1.095041760802268982e+01
-1.091131500899791718e+01
-1.094338531792163849e+01
-1.048964370787143707e+01
-9.986813023686408997e+00
-8.855122298002243042e+00
-9.124138608574867249e+00
-1.093211105465888977e+01
-1.057009226083755493e+01
-1.096504184603691101e+01
-1.002424050867557526e+01
-1.097078050673007965e+01
-1.088969781994819641e+01
-9.856399610638618469e+00
-1.091661240160465240e+01
-1.046754932403564453e+01
-1.067198890447616577e+01
-1.095403066277503967e+01
-1.078163047134876251e+01
-9.523896709084510803e+00
-1.034189102053642273e+01
-1.030062490701675415e+01
-1.078192959725856781e+01
-1.063537205755710602e+01
-9.966001048684120178e+00
-1.095332871377468109e+01
-1.035246798396110535e+01
-1.071614809334278107e+01
-1.024614636600017548e+01
-1.024403314292430878e+01
-1.095483359694480896e+01
-1.031854154169559479e+01
-1.094855076074600220e+01
-1.075777579843997955e+01
-1.063334415853023529e+01
-1.084245985746383667e+01
-1.047569283843040466e+01
-1.012000581622123718e+01
-1.096544906497001648e+01
-1.097543436288833618e+01
-1.096578621864318848e+01
-1.065879924595355988e+01
-1.093776521086692810e+01
-1.093466094136238098e+01
-1.049847576022148132e+01
-9.563399121165275574e+00
-1.064250300824642181e+01
-1.038734067976474762e+01
-9.319036990404129028e+00
-1.031431573629379272e+01
-1.096959109604358673e+01
-1.096741808950901031e+01
-1.011348263919353485e+01
-1.028716415166854858e+01
-1.094907791912555695e+01
-9.644302934408187866e+00
-1.095240592956542969e+01
-1.090785108506679535e+01
-1.056094092130661011e+01
-1.093530274927616119e+01
-1.028475555777549744e+01
-1.095208504796028137e+01
-7.536840364336967468e+00
-1.095175649225711823e+01
-1.085440158843994141e+01
-1.026522715389728546e+01
-1.090541070699691772e+01
-1.056907576322555542e+01
-1.016469161212444305e+01
-1.037115564942359924e+01
-1.055852241814136505e+01
-1.096025383472442627e+01
-1.095173448324203491e+01
-1.047543330490589142e+01
-1.033260454237461090e+01
-9.502175316214561462e+00
-1.016033084690570831e+01
-1.044123502075672150e+01
-1.003559306263923645e+01
-1.048174446821212769e+01
-9.962427288293838501e+00
-1.034645242989063263e+01
-8.655665352940559387e+00
-1.089010922610759735e+01
-8.896955214440822601e+00
-8.733821533620357513e+00
-1.097036190330982208e+01
-1.094986751675605774e+01
-1.095126172900199890e+01
-1.051371887326240540e+01
-1.096483695507049561e+01
-1.041947762668132782e+01
-1.095311121642589569e+01
-1.095328384637832642e+01
-9.708309337496757507e+00
-9.939352482557296753e+00
-9.546550363302230835e+00
-1.093548278510570526e+01
-1.096565516293048859e+01
-1.095135475695133209e+01
-1.097009985148906708e+01
-1.095008823275566101e+01
-1.087438219785690308e+01
-1.093304194509983063e+01
-1.094986322522163391e+01
-1.095499493181705475e+01
-1.001862311363220215e+01
-1.095242451131343842e+01
-1.084610345959663391e+01
-1.095389163494110107e+01
-1.095055568218231201e+01
-1.095688882470130920e+01
-1.095603784918785095e+01
-1.097648812830448151e+01
-1.025683614611625671e+01
-1.037578780949115753e+01
-1.002050092816352844e+01
-1.089435128867626190e+01
-1.034462533891201019e+01
-1.018942220509052277e+01
-1.092714452743530273e+01
-1.027422361075878143e+01
-1.097324441373348236e+01
-9.679722949862480164e+00
-9.939683586359024048e+00
-1.076345220208168030e+01
-1.095512352883815765e+01
-1.038243637979030609e+01
-1.097190116345882416e+01
-9.848327025771141052e+00
-1.095288273692131042e+01
-1.097537690401077271e+01
-1.089404566586017609e+01
-1.009611725807189941e+01
-1.089594520628452301e+01
-1.097191257774829865e+01
-1.095416790246963501e+01
-1.017786286771297455e+01
-1.091957968473434448e+01
-1.037085226178169250e+01
-9.890819549560546875e+00
-1.096084500849246979e+01
-1.094947017729282379e+01
-9.861859411001205444e+00
-1.078502842783927917e+01
-1.093829362094402313e+01
-1.018099877238273621e+01
-1.000119084119796753e+01
-1.065770301222801208e+01
-9.991703465580940247e+00
-1.060243134200572968e+01
-1.094241368770599365e+01
-1.087916329503059387e+01
-1.064397917687892914e+01
-9.641474813222885132e+00
-1.013056677579879761e+01
-1.013255831599235535e+01
-1.073918063938617706e+01
-1.000299230217933655e+01
-1.079493129253387451e+01
-1.054850684106349945e+01
-1.072288039326667786e+01
-1.017791900038719177e+01
-1.064787185192108154e+01
-1.069727127254009247e+01
-9.935043945908546448e+00
-8.054540902376174927e+00
-1.095872320234775543e+01
-9.906659871339797974e+00
-1.048380337655544281e+01
-1.006006711721420288e+01
-9.649549067020416260e+00
-1.094041877985000610e+01
-1.084832727909088135e+01
-1.038957481086254120e+01
-1.000306159257888794e+01
-1.031158027052879333e+01
-1.026971580088138580e+01
-1.052696309983730316e+01
-1.000061058998107910e+01
-1.097573773562908173e+01
-1.040890210866928101e+01
-1.001105928421020508e+01
-9.778703503310680389e+00
-9.760821700096130371e+00
-1.091533099114894867e+01
-1.047556477785110474e+01
-1.061164520680904388e+01
-1.095384399592876434e+01
-1.096806262433528900e+01
-1.097825992107391357e+01
-1.097775387763977051e+01
-1.093915915489196777e+01
-1.096405616402626038e+01
-9.599704436957836151e+00
-9.761904552578926086e+00
-1.096263605356216431e+01
-1.095591187477111816e+01
-1.093316003680229187e+01
-1.073982004821300507e+01
-1.003762857615947723e+01
-9.802941545844078064e+00
-7.523982822895050049e+00
-1.096869206428527832e+01
-1.096924638748168945e+01
-1.066623659431934357e+01
-9.853907272219657898e+00
-1.091756132245063782e+01
-9.994314119219779968e+00
-1.017921182513237000e+01
-1.056471149623394012e+01
-1.007759048044681549e+01
-1.097946293652057648e+01
-9.486745417118072510e+00
-1.097069087624549866e+01
-1.018136471509933472e+01
-9.580867022275924683e+00
-1.025067305564880371e+01
-9.855366736650466919e+00
-1.092969180643558502e+01
-9.879498951137065887e+00
-1.009048050642013550e+01
-1.070881648361682892e+01
-9.210673242807388306e+00
-9.412930339574813843e+00
-9.452836319804191589e+00
-1.091155852377414703e+01
-1.020729757845401764e+01
-1.083346210420131683e+01
-1.063091176748275757e+01
-1.070943580567836761e+01
-1.095692868530750275e+01
-9.631091803312301636e+00
-1.016753242909908295e+01
-1.062306632101535797e+01
-9.821159720420837402e+00
-1.040540961921215057e+01
-1.041664250195026398e+01
-1.032927876710891724e+01
-1.096558792889118195e+01
-1.095303378999233246e+01
-9.241062670946121216e+00
-1.066154934465885162e+01
-1.094604755938053131e+01
-1.095093585550785065e+01
-8.462340220808982849e+00
-1.039409852027893066e+01
-1.048712559044361115e+01
-1.038143052160739899e+01
-1.048702767491340637e+01
-1.047629614174365997e+01
-1.095163635909557343e+01
-9.349689692258834839e+00
-9.700707837939262390e+00
-1.094165429472923279e+01
-9.536633670330047607e+00
-1.095680226385593414e+01
-1.094978266954421997e+01
-1.045144747197628021e+01
-1.095831145346164703e+01
-1.051096162199974060e+01
-1.091275531053543091e+01
-9.940880462527275085e+00
-1.032342436909675598e+01
-1.097096820175647736e+01
-1.089861947298049927e+01
-1.046555642783641815e+01
-9.905285939574241638e+00
-1.044754119217395782e+01
-1.061723947525024414e+01
-1.015543675422668457e+01
-1.070644497871398926e+01
-1.040154673159122467e+01
-1.096587069332599640e+01
-1.094691418111324310e+01
-1.096148179471492767e+01
-1.049543909728527069e+01
-1.064695303142070770e+01
-1.097548952698707581e+01
-9.052213363349437714e+00
-1.043602265417575836e+01
-1.067951694130897522e+01
-1.014703327417373657e+01
-1.040926395356655121e+01
-1.001638211309909821e+01
-1.052966298162937164e+01
-1.083526299893856049e+01
-9.759581595659255981e+00
-1.090857170522212982e+01
-1.097290757298469543e+01
-1.091628143191337585e+01
-1.074031636118888855e+01
-1.092857906222343445e+01
-1.056583267450332642e+01
-1.055399353802204132e+01
-1.057879872620105743e+01
-1.058007365465164185e+01
-1.094872239232063293e+01
-1.088194553554058075e+01
-1.032147999107837677e+01
-1.096620932221412659e+01
-1.086846278607845306e+01
-1.045800487697124481e+01
-1.000629869103431702e+01
-1.008204424381256104e+01
-9.673318780958652496e+00
-1.035912413895130157e+01
-1.015985584259033203e+01
-1.092190636694431305e+01
-1.095403051376342773e+01
-1.057698963582515717e+01
-1.096548761427402496e+01
-9.351802483201026917e+00
-1.039867807924747467e+01
-1.028212937712669373e+01
-1.097261586785316467e+01
-1.044387534260749817e+01
-1.097206147015094757e+01
-1.095361362397670746e+01
-1.050599601864814758e+01
-9.825183674693107605e+00
-1.071702140569686890e+01
-9.364679470658302307e+00
-1.094803354144096375e+01
-1.060799416899681091e+01
-1.096079330146312714e+01
-1.094999121129512787e+01
-1.089312952756881714e+01
-1.034098032116889954e+01
-8.737708866596221924e+00
-1.052412745356559753e+01
-1.095148588716983795e+01
-1.041410028934478760e+01
-1.093499770760536194e+01
-8.734821781516075134e+00
-1.092253614962100983e+01
-1.087646344304084778e+01
-1.094892255961894989e+01
-1.068688085675239563e+01
-8.677308768033981323e+00
-9.875406831502914429e+00
-1.095466074347496033e+01
-1.094910189509391785e+01
-1.091400536894798279e+01
-1.096881614625453949e+01
-1.094418400526046753e+01
-1.050531537830829620e+01
-1.097045709192752838e+01
-1.055523794889450073e+01
-1.094436311721801758e+01
-1.041551193594932556e+01
-9.856229886412620544e+00
-1.070238178968429565e+01
-1.096139590442180634e+01
-9.611321046948432922e+00
-1.066708834469318390e+01
-1.041163532435894012e+01
-1.074010917544364929e+01
-1.071004328131675720e+01
-1.096240122616291046e+01
-1.097261171042919159e+01
-1.006835196912288666e+01
-1.095658579468727112e+01
-1.095090283453464508e+01
-1.064048209786415100e+01
-9.601722240447998047e+00
-9.976127266883850098e+00
-1.071399292349815369e+01
-1.037606075406074524e+01
-1.007876898348331451e+01
-9.825102508068084717e+00
-1.097615988552570343e+01
-1.060857570171356201e+01
-1.066045555472373962e+01
-9.436799407005310059e+00
-1.095110896229743958e+01
-1.095765408873558044e+01
-1.010941912233829498e+01
-1.073801846802234650e+01
-1.055690935254096985e+01
-1.046421955525875092e+01
-1.090887141227722168e+01
-1.092595978081226349e+01
-1.071937969326972961e+01
-1.095702311396598816e+01
-9.961406767368316650e+00
-1.079628506302833557e+01
-1.077008835971355438e+01
-1.096032302081584930e+01
-1.094426406919956207e+01
-1.094735965132713318e+01
-9.733035013079643250e+00
-1.037245039641857147e+01
-1.098042264580726624e+01
-1.095320855081081390e+01
-1.094720147550106049e+01
-1.039429734647274017e+01
-1.091936747729778290e+01
-1.048354886472225189e+01
-1.094334743916988373e+01
-1.095150390267372131e+01
-1.078395117819309235e+01
-1.094511422514915466e+01
-9.288237720727920532e+00
-1.050246986746788025e+01
-1.028071080148220062e+01
-1.015498439967632294e+01
-1.094671465456485748e+01
-1.025940102338790894e+01
-1.094440230727195740e+01
-9.795096978545188904e+00
-1.095758517086505890e+01
-1.036675055325031281e+01
-1.018850739300251007e+01
-1.092694041132926941e+01
-9.820882290601730347e+00
-9.884054079651832581e+00
-1.048289559781551361e+01
-9.876013532280921936e+00
-1.063784493505954742e+01
-1.054670462012290955e+01
-1.096776448190212250e+01
-1.096194517612457275e+01
-9.737054675817489624e+00
-1.095239691436290741e+01
-1.058787088096141815e+01
-1.086676202714443207e+01
-1.049010926485061646e+01
-1.095657776296138763e+01
-9.842698112130165100e+00
-1.054419511556625366e+01
-1.031605555117130280e+01
-1.070770378410816193e+01
-1.037033310532569885e+01
-1.081511312723159790e+01
-9.139423638582229614e+00
-1.095106437802314758e+01
-1.034629705548286438e+01
-1.094026105105876923e+01
-1.057720054686069489e+01
-1.094865711033344269e+01
-1.088518567383289337e+01
-1.089184473454952240e+01
-1.094778028130531311e+01
-1.055321185290813446e+01
-1.096675133705139160e+01
-9.272521346807479858e+00
-1.094700549542903900e+01
-1.042699925601482391e+01
-1.095280461013317108e+01
-9.973232761025428772e+00
-8.198534071445465088e+00
-1.031241798400878906e+01
-1.097227241098880768e+01
-1.094797287881374359e+01
-1.057528899610042572e+01
-1.009128294885158539e+01
-9.562252193689346313e+00
-1.096005594730377197e+01
-1.096141906082630157e+01
-1.096875201165676117e+01
-1.051460257172584534e+01
-1.038792844116687775e+01
-1.096502646803855896e+01
-1.097353047132492065e+01
-9.991915851831436157e+00
-1.043801528215408325e+01
-1.095835591852664948e+01
-9.694708436727523804e+00
-1.095557384192943573e+01
-9.190767884254455566e+00
-1.093795154988765717e+01
-1.055080492794513702e+01
-9.918220743536949158e+00
-9.939157709479331970e+00
-9.839957386255264282e+00
-9.852540314197540283e+00
