4.838422616863167214e+00 4.936860809342096701e+00 5.020681663076295820e+00 5.542104341977864834e-01
1.161182715963504197e+00 3.066465846355375557e+00 4.627171054857445176e-01 5.747672675143108201e+00
3.527073681799488991e+00 1.316318408184540267e+00 1.566213554817625253e+00 4.863141584300942455e+00
5.333775125119506022e+00 4.244513986824761886e+00 6.208968058366547638e+00 3.578340663362455931e+00
3.219164174944922685e+00 5.470274296347691134e+00 2.932459434814204791e+00 2.998927488265228813e+00
6.236639566161146675e+00 4.280877607743660995e+00 7.670826310888746447e-01 4.955216850037083454e+00
2.505759825579304767e+00 5.244447154566012514e+00 4.387166446804954489e+00 2.093878561770179836e+00
2.833094339225089353e+00 3.709504987485201966e+00 5.072614659199299325e+00 4.098593491553359947e+00
5.718100489865608260e+00 5.582656754757117312e+00 5.731296532606345862e-01 4.453225501252433993e+00
2.134604944943053972e+00 2.005445978707639743e+00 1.458216190925399669e+00 5.862930497580675748e+00
4.199448228221717372e+00 3.497477964356370705e+00 1.666421276863105705e+00 2.322458852196020995e+00
1.760418170679481475e+00 4.623446185341760994e+00 4.449895830201578306e+00 9.258573645156911169e-01
4.138194193319104208e+00 1.274468913972218349e-02 2.045737990665398964e+00 3.031162485182564037e+00
1.246869091058602885e+00 4.111979566232162320e+00 1.975522925610852187e+00 4.571182880679035776e+00
4.263240958149165927e-01 1.251849481671072573e+00 1.786691918368626952e+00 2.459523472493139185e+00
5.515668716497861723e+00 3.826255444507495884e+00 2.739466204112328551e+00 3.745160758880017760e+00
6.033419152277002873e+00 5.822374006543086900e+00 3.761835303957377530e+00 5.522087692108915924e+00
5.978578963710071470e+00 2.806416999246595267e+00 4.714352370561590178e+00 4.492718300441417512e+00
2.674199710856349999e+00 3.258895741470622998e+00 2.923198350996249584e+00 5.754558631840602345e+00
2.525169005187251070e+00 2.625274796301315217e+00 3.149222869157521032e+00 6.047769647275429428e+00
5.321420076109663277e+00 4.584488261614030336e+00 3.261534175662684110e+00 5.073752841313342365e+00
1.336394263298668728e+00 9.044522401179482252e-01 1.442491030627691684e+00 6.080249481746649032e+00
2.344046222370150367e+00 1.676545534387528624e+00 4.341539375305927706e+00 4.005231565574545627e+00
6.014830896706768293e+00 3.394779839941343802e+00 1.837769701361092523e+00 3.211118952666623949e-01
3.488664314441394687e+00 2.819027546083175295e+00 3.282234306950791325e+00 4.995396498219396797e+00
6.052953824357388157e+00 4.287649085952141004e-01 3.621102231335811883e+00 3.540373023035075839e+00
3.164409744947165315e-01 5.274365358295078465e+00 2.428323592801421515e+00 4.629350247479679048e+00
1.023694402380000756e+00 6.937625985796991301e-02 3.480849959157518825e+00 4.692571897764816313e+00
5.122347834290196467e+00 1.407446869694111591e+00 4.434089005869937594e+00 6.358384747554226557e-01
5.605916085699051976e+00 1.768929525931403068e+00 1.116408054691438556e+00 5.976802860476396084e+00
1.575982576312247252e+00 3.408508794299591749e-01 6.055932864520959136e+00 1.474681861410193084e+00
6.201764316664934995e-01 3.527298311570831180e-01 2.113640855113376738e+00 3.394948468767123195e+00
8.349827522262819324e-01 2.014395549996895518e+00 2.882857822148527038e+00 2.156986002579109662e+00
7.920094557042395289e-01 3.426124094166981049e+00 4.407507541382432059e+00 3.015875943873207010e+00
1.025054729398825470e+00 2.561554160392674473e-01 5.939712397705243951e+00 4.963056783346390333e+00
4.409855125665230524e+00 2.122969140987620573e+00 3.395852497488771160e+00 1.033150811311540906e-01
3.265095570912948553e+00 1.315648059582783747e+00 1.043262303392660240e+00 4.482880865976313522e+00
3.005007355638463995e+00 2.564730915671295186e+00 4.406212718161514608e-02 4.397278434610584874e+00
3.596370911268812698e+00 1.533059107745336602e+00 1.353489769959561828e+00 4.647741669351388438e+00
1.126254907147885342e+00 2.885373784537586861e+00 3.641703182606320088e-01 3.880807169253753131e+00
5.633142625354630617e+00 5.328742680955120825e+00 2.160592234703690995e+00 4.319104533534126489e+00
5.407806084860752094e+00 4.437390537009402447e-01 1.653594781665187696e+00 1.205648840067679028e+00
4.620900925862312825e+00 5.653645785008060365e+00 6.810309202712223620e-01 3.178783129432057653e+00
3.782135069893446389e+00 1.030395310386828855e+00 1.662083776577521599e+00 1.960735698727052556e+00
3.441147356257737489e+00 4.909308953137606402e+00 5.725635208500825080e+00 5.080203095831005378e+00
3.109864290401656461e+00 5.410990924862416840e+00 1.279117845922896901e+00 1.126748842139856599e+00
8.718473727938421680e-01 4.002512167428949219e+00 2.175159987424625019e+00 1.909259935370532402e+00
1.912693033794853337e+00 1.522430418082200587e+00 4.235330353733258946e+00 4.595519775348936520e+00
9.353453944360848871e-01 4.104954719010863173e-01 1.573445564347697445e+00 5.705132968379221126e+00
4.355963035405075345e+00 1.736493927291135053e+00 2.513692230340633937e+00 6.303773622310980818e-01
4.868655233387790382e+00 4.667496469407938164e+00 1.325397886878478260e-01 2.430777410999618859e-01
5.983640665174609019e+00 2.930618938134929241e+00 5.641081186496259114e+00 6.064832698890258555e+00
5.801157030104662660e+00 1.431350812642750991e+00 1.792156694980064080e-02 4.008499223278664481e+00
5.489557440039534164e-01 9.475396695871015629e-01 4.096261695793392832e+00 6.100589466815490525e+00
2.074451529510893621e+00 2.942761325139343853e+00 4.111498207465150045e+00 2.771499556787675012e+00
3.885095119020407051e+00 3.727002307372992540e+00 4.666472818500866815e+00 8.659330579214684631e-01
2.788445913459353331e+00 3.391906782852184055e+00 2.578980323986688639e+00 3.547913727964676411e+00
1.879751614292661577e+00 1.066782566927730658e+00 1.930561321174165901e+00 4.679390389626602698e+00
4.149751617431071793e+00 1.740772931471849416e+00 4.417736342852130349e+00 2.915412900252920103e+00
3.376787035490308231e+00 3.932695507479785579e+00 5.674953205621525498e+00 1.007780163757420411e+00
1.420197908665885578e+00 3.907520420511130688e+00 1.738020183106329997e+00 1.326642637342110964e+00
1.646151483161419682e+00 6.097850679148145048e+00 5.959679955507247939e+00 1.905175276015583785e+00
1.281390090269628690e+00 4.511325960694511750e+00 5.098318479595595143e+00 4.003967682780934290e+00
8.118950193088573242e-01 6.246138400147737357e+00 5.612027204730297703e-01 3.182379614327582651e+00
9.091317040093179758e-01 6.079150814048244200e+00 1.217035544377881084e+00 3.170690604153999281e+00
1.572696412147418954e+00 4.690610346353966342e+00 2.871554490632494794e+00 3.252936556842557447e+00
5.612218149973591252e+00 3.812914759319834257e+00 4.925028016191300040e+00 5.208092553194928476e-01
3.611803563393855221e+00 1.577874096967851525e+00 2.428999453831864663e+00 1.766566503611817440e+00
4.367236953786218789e-01 1.026255780338171553e+00 2.530493076806623609e-01 1.979957977925603130e+00
1.401419744345598462e+00 4.412369935433491652e-01 1.560247764460995334e+00 1.701801234759223513e+00
4.088468958306682666e+00 6.341819848778899038e-01 8.716125676225171537e-01 3.111598473165476886e+00
1.915936411885497792e+00 2.952497027146366637e+00 1.416553382732516964e+00 5.158013250700134833e+00
2.233831377885438396e+00 6.110356278756753134e+00 3.013251976791067488e+00 6.077993186031536155e+00
3.796032434612536033e+00 2.014456565774128904e+00 1.989194541240422609e+00 2.350544513020174087e+00
5.815968019887121976e+00 4.838414593958741960e+00 1.606690650440605994e+00 1.459331180842976750e+00
3.347751480888271125e+00 2.885754006174193975e+00 6.225714110370550891e+00 4.594453032687530580e+00
3.209437115220054704e+00 1.234130274823759921e+00 5.782334345014853660e+00 4.568169595174350839e+00
3.511711634239016000e+00 2.763040508436517051e+00 1.580145292318945849e+00 3.073413861515692069e+00
1.633454235849408076e-01 5.884171940037787429e+00 5.430226726328966080e+00 2.392057900857293529e+00
1.955067897144403322e+00 4.541095640131547206e+00 4.359270599219070341e+00 2.302588930187544403e+00
5.783849786823440198e+00 1.884245434063776203e+00 5.950655773553621408e+00 3.727535372619327436e+00
1.342118855458667603e+00 2.778582491286428979e+00 3.887814228916914860e-01 1.575738572750583488e+00
3.298309489134292061e-02 7.262996821506461087e-01 3.311322782888209471e+00 5.254274926621627095e+00
6.922947466544739081e-02 9.511854639552365098e-01 6.233458370300374973e+00 4.444301376893827538e+00
5.248814747815362836e+00 5.659179750952285204e+00 6.267412587390104761e+00 3.090274960806072890e+00
1.263162353653372871e-01 3.545198377121223654e+00 4.885487972555099923e+00 3.321177586125946823e-01
1.751774871176114745e+00 2.583573805215329422e+00 5.965749295564289234e+00 2.187182259460601408e+00
1.815794767139103483e+00 4.844822777662961322e+00 1.794980068602168410e+00 1.498502512756141325e+00
5.945357340346963504e+00 3.247150779766274198e+00 5.015236738663634064e+00 5.913806682125760439e+00
2.154834775507589395e+00 6.182542898512226159e+00 1.893840365890068433e+00 5.913410276476148475e+00
2.920065159788918230e+00 3.283733349624075704e+00 3.951490896986984414e+00 2.357972799564078681e-01
2.101230137987553981e+00 2.368120764961361147e+00 2.262839560684847040e+00 3.761941495172301808e-01
6.487049247956379050e-01 3.259007318292990174e+00 5.202854062287291192e+00 3.800460067038912371e+00
1.018021547051682907e+00 4.426134197520094737e+00 2.349890163333567816e+00 4.079822098566362243e+00
4.055075254574279420e+00 3.170297122288783687e+00 3.188317636310042502e+00 6.053023588629525165e+00
3.982361764749954069e+00 4.161938090153809000e+00 5.951989722167118080e-01 1.478518788474205481e+00
2.898983791140865574e+00 1.854623148702770896e+00 3.352106055157334730e+00 1.232259373048603557e+00
4.115585930949855253e+00 4.306596460876740418e-01 4.225284999865339230e+00 2.034097331476728332e+00
2.482817110395600935e+00 5.386954690446017935e+00 5.804610777473719452e+00 5.428206809541953781e+00
4.420539354729605463e+00 1.350142087505466382e+00 4.003603151176577946e+00 1.546299845607009615e+00
2.287177998501551457e+00 1.233305397269507386e+00 3.761317050458933497e+00 5.944153779885778199e+00
2.044668300035816788e+00 3.710277207936318877e+00 3.218444437960072513e+00 5.850080650218221656e+00
2.808114385880637887e+00 2.434953669803631371e+00 4.488845636978930465e+00 4.694902245029417109e+00
1.101630770850606122e+00 3.533762822811422843e+00 5.559218079915563493e+00 4.310685599466832940e+00
5.538403445852348561e+00 1.773411369801499049e+00 1.597871000101476646e+00 1.120866451706299172e+00
4.339891952618965654e+00 5.947370161757019602e-01 5.660512473907765241e+00 1.110692057600147997e+00
5.010579770884933559e+00 9.032263125812168836e-01 1.978350124538527544e+00 2.053544456253830475e-01
2.581428272463099916e+00 4.065054974459414439e+00 2.044440796584329867e+00 2.132862043423351395e+00
2.217223509823639915e+00 2.659254013156147067e+00 4.908805409949738241e+00 1.303013011238075114e+00
2.429332430646346186e+00 3.417356479418091730e+00 5.248966480909069254e+00 3.290126676630293456e+00
3.458729832350128319e+00 3.949539213435989016e+00 1.925266610247006849e+00 2.871622914477931499e+00
4.340001288546542213e+00 2.398169600833835791e+00 4.997509342133671595e+00 3.271503391767988100e-01
1.410231426883830963e+00 3.295138996664116471e-01 2.635537875298576083e+00 2.426649004160797762e+00
6.712623631205613117e-01 2.830742341956171693e+00 2.388204653572775227e-01 1.347252049985028233e+00
4.261524615162371354e+00 1.117904275958171878e+00 1.416998051654611679e+00 5.689795764532357580e+00
3.397048255430225705e+00 5.933685662392092830e+00 1.330526607343085033e+00 4.642798588142860616e+00
4.164927411687503245e+00 6.041471625713938920e+00 5.038534510617456164e+00 2.911388561746508952e+00
5.373416610192387033e+00 1.835086405392613029e+00 2.755333911253117218e+00 5.257576130458124553e+00
5.552275548613782030e-01 1.823557637169188839e+00 4.925338924888937875e+00 2.701141989089724138e+00
4.987423671239155532e+00 6.047283216476535550e+00 1.000172500282661359e+00 7.958893813759125857e-01
5.496173698430022903e+00 2.783315374187790070e+00 5.263650198085913168e+00 6.246321394098892199e+00
3.128215529961536401e+00 9.665348975649573626e-01 6.542139016076564673e-01 3.051987005986538826e+00
5.109452010569254021e+00 3.474638216688926140e-01 1.734957373505826017e-01 4.313529934254238363e+00
5.671244050898560651e+00 1.192950288493485500e+00 2.202601166533423527e+00 3.822407395709831679e+00
4.306689224393376314e+00 3.833862093961955431e+00 3.571633394898168223e+00 1.393336791805177333e+00
2.062048245629701793e+00 4.977008840874216133e+00 1.604749252673177251e+00 5.525295110681733846e-01
4.661549896193940334e+00 4.869351369011771347e+00 4.291474900498576162e+00 3.536189590270935490e+00
5.931233347517752108e+00 1.233087380232611663e+00 2.657979633388884100e+00 3.141297997350035232e+00
1.429509266072891693e-01 2.708995901615470547e+00 2.448092682152085864e+00 1.589311310234843733e+00
8.571201871420276452e-01 6.102541624493567518e+00 3.662835960475158359e+00 3.264089038048170188e+00
3.542962220838041798e+00 2.228350026973535680e+00 6.229152226630069400e+00 1.566235147019661822e+00
2.803313244676007621e+00 2.394603279279258423e+00 4.014472289645127923e+00 3.165239612140308689e-01
1.041294076069595897e+00 3.702962947737459043e+00 1.509394003134944651e+00 8.260385532179400636e-01
9.400518834118186673e-01 4.359086743586253476e+00 5.201742514691562569e+00 1.364290376880180178e+00
4.126897980042829595e+00 1.017226089767232500e+00 2.272012114142490269e+00 2.153764072299484411e+00
1.621910947901249678e+00 1.585912827509685208e+00 3.804855261177874315e+00 4.282561214009864337e+00
2.688264903613936330e+00 4.118717307541511552e+00 3.116461869536909290e+00 2.964843594983269437e+00
3.392923034260156623e+00 1.524531211461212843e+00 5.215809734595212577e-01 3.586923962129718646e+00
4.371531905152818531e+00 5.478132922687506401e+00 6.233239315630534350e+00 1.710605365134162836e+00
4.903695281143090612e-01 4.961154253007865056e-01 7.199025107995220552e-01 3.380787254497363836e+00
4.078102874690911150e+00 1.931823826215594897e+00 5.014552628854366922e+00 2.862725698872060853e+00
2.296681021360007957e+00 4.396612543072695445e-01 3.870550288370545822e+00 9.470552897915821555e-01
3.680571975729935108e+00 5.798189003837781463e+00 5.861037195853476156e+00 3.859700293042504171e+00
1.998228903735463025e+00 1.269444050006037772e+00 4.479219376968579525e+00 1.327450804098709636e+00
4.626300247672122445e+00 2.955205987816171831e+00 2.533361111398235721e+00 2.389220090789144990e+00
5.848004670124528737e+00 2.972432572091127323e+00 3.334375468922909924e-01 1.984862791705601648e+00
2.316629058959055243e+00 4.124280352635021352e+00 6.196223562602948043e+00 4.965527455156572012e-01
4.288777314867865620e+00 5.478576337558351383e+00 2.780861120282718257e+00 2.026931225527606628e+00
2.008322605041497066e+00 8.051386983275136133e-01 3.721596893872885392e+00 2.539998981206285755e+00
2.664736068978898142e+00 6.213549463270013895e+00 4.562994605412113991e+00 1.857787603886588146e+00
4.518469051556788241e-01 2.930008986112095482e+00 3.980868613205940321e+00 4.418713322128857257e+00
1.024209251446219993e+00 5.472023469677899321e+00 3.646914922564602701e+00 4.245153430981475906e-01
3.332263571739794816e+00 1.863268358598409336e+00 8.390208599910600196e-01 4.873072054519338003e+00
1.450129173296969665e+00 6.211542152986262444e+00 1.654670769403186359e+00 9.961468767878033370e-01
4.961493523267507477e+00 6.067693689297318116e+00 5.671523099794832490e+00 4.565491504621040697e+00
1.702970970016176588e+00 2.857801500045381360e+00 1.543017349176772246e+00 2.368796118796125061e+00
2.849983055405617360e+00 2.391238336838262590e+00 1.884311621394879177e+00 5.031725242405609144e-01
5.783750637239017500e+00 6.146530066197168907e-01 5.108968069472523688e+00 5.513749784509435869e+00
5.696085950936395470e+00 2.499374494004521718e+00 2.348651892293407872e+00 1.833304370846406739e+00
3.650144678672049281e+00 3.925880819054514692e+00 2.417232831457064801e+00 4.655579420232599297e+00
8.192677404797505947e-01 3.096151198228239920e+00 5.612572036520535157e+00 5.419701443736030910e+00
5.480201964480756693e+00 1.577063479276727964e+00 2.831514863973144891e+00 2.055513102132627168e+00
3.442324896781174370e+00 5.912860434311265401e+00 4.819625795758860853e+00 4.354872063571879615e+00
5.688191927495831024e+00 3.218354942213337733e+00 4.959543578179173018e+00 1.389242453435269642e+00
5.675744581311075621e+00 2.979849132416367841e+00 5.072021747001537406e+00 5.665156344520429599e+00
4.836986660284337547e-01 3.764461501460440451e-01 2.732251922877169559e+00 3.267621694595147730e+00
2.989456388498699102e+00 6.045799748107977045e+00 3.701689467215010243e+00 5.611706241774351511e+00
2.940956989557866219e+00 2.810243911078731394e-01 4.221569448579963968e+00 6.641319750377696618e-01
3.803837158067529867e+00 1.099192623735587571e+00 4.456586134865690774e+00 3.038978266350819357e+00
6.138526217571059540e+00 7.621130181571810214e-01 2.857048525052244603e+00 5.428494158223501564e+00
2.906126761172559636e+00 3.708457257810884866e-01 3.608955431631780897e+00 1.050072320315469376e+00
4.138396774825721103e+00 1.531769411703723272e+00 3.637567172172428975e-01 5.735857273938508527e+00
6.227515144777802103e-01 1.353640157205248107e+00 2.897325403025611035e+00 2.634415931289892487e+00
3.691540596405648689e+00 5.960699834137116009e-03 4.789120760717151093e+00 3.667586178478970727e+00
4.714625326637208680e+00 2.369472688177011399e+00 4.820379362256697497e+00 8.668836119283861441e-01
1.710495333551117270e+00 5.062222632485883445e+00 2.286993282946034323e-01 4.457922199312963407e+00
3.988622534524722596e+00 1.978347585598136060e+00 3.850062675263104861e+00 4.399700198117591832e+00
9.307947675897404460e-01 9.216608337165593801e-01 4.309561749397596842e+00 1.258864582170605484e+00
4.405161335518548604e+00 4.077648764657309854e+00 1.514758248378875516e+00 1.291978104840806107e+00
4.749130775950554550e+00 2.433179378029656004e+00 1.205055317273453275e+00 4.641183814850799116e+00
4.663067483194009988e+00 3.571529532240429461e+00 4.263798517146291545e+00 5.556100193779702323e+00
5.232975022741657156e+00 2.942643706932711822e+00 1.348018286383601438e+00 5.871977548971564431e+00
4.108980321398109758e+00 3.863941512820261881e+00 4.338619455637998001e+00 2.948929296548169710e+00
5.261306868548627946e+00 7.292015764760385876e-02 5.921925653795428346e+00 3.719640622501929617e+00
1.912932409006389500e+00 4.886978653473659229e+00 3.047389611890394256e-01 1.798197415509749097e+00
1.875030096821234782e+00 3.254992893678696486e+00 5.782742006318274397e-01 1.808120597531917673e+00
3.755159582296662801e+00 1.110168469680248959e+00 6.079506955561980952e+00 5.735156328498840494e+00
4.326896610782354990e+00 2.839691672583953608e+00 3.117888450871927120e+00 2.065625961134166744e+00
5.408516819955647925e+00 2.341899437290674069e+00 5.486502597412121318e+00 7.771895192086808457e-02
1.162144422459010062e+00 3.463375081601726357e+00 1.694810315455350658e+00 1.090193310706569996e+00
4.029831285738539215e+00 6.143681107482945158e+00 1.057842216176796857e+00 5.576010238519062412e+00
3.670524639372345632e+00 3.418076320701389115e+00 4.113260806676055203e+00 2.088217532875749072e+00
3.416404339202206764e+00 4.935719847676084626e+00 1.208951124156706802e+00 6.055122879260726343e+00
5.609259801497186615e+00 1.593644406624588505e+00 4.353972369464041314e+00 4.054910133502720448e+00
1.543323409569032911e+00 1.530497385204978578e+00 3.695985707621245009e+00 2.026028480520581265e+00
4.941730848523413933e+00 1.184794056010867624e+00 7.279659892383279207e-02 1.328119214874795284e-01
3.960605715082262002e+00 5.591696237701349048e+00 4.158151395582510013e+00 6.296808906450914733e-01
2.591901795897805005e+00 3.942301569863835731e+00 4.716313770015428730e+00 5.444496684407962306e+00
3.667992458436366565e+00 9.861334515613940921e-01 1.427965882110829643e+00 4.578592580553947911e-01
3.444163345659897679e+00 3.078628172456526535e+00 3.643500342321110086e+00 5.046710576494819911e+00
4.833534994517804106e-01 4.726499443653929156e+00 8.090538321611964179e-01 2.458357488276991631e+00
1.210798452472491737e+00 7.167364362647731142e-03 2.068911916484550417e+00 4.859158206928467116e+00
2.410264242656322775e+00 3.007314777765593306e+00 4.766306877429413724e-01 2.325531309766971422e+00
9.408364512050170214e-01 5.512417638269222486e+00 4.722929903404147645e+00 2.595921103600023372e+00
1.642110850745910566e+00 3.822240596316400119e+00 5.425573387840048944e+00 1.934235501850615435e+00
2.273167367476186307e+00 5.542840263469829942e+00 1.385036078709054541e+00 2.400932432119024629e+00
3.999261021275267058e+00 1.784006271642085251e+00 5.810828307583003394e+00 5.052984829560576152e+00
3.305694667004492882e+00 2.812703904585120540e+00 2.975124255131978757e+00 1.524618201833192410e+00
1.242476446066277829e+00 3.073691942277060996e+00 8.561669615555983492e-01 5.632415400882464063e+00
5.972860623373141387e+00 3.828106864656151687e-01 1.633879541718404216e+00 5.001192753605633534e+00
2.002257394739827667e+00 8.351601936786102742e-01 3.061770391044376538e+00 1.310818586603315739e+00
4.244928353454907821e+00 3.150520242578397578e+00 1.202213941638336614e+00 5.109125995873858628e+00
3.030843886904842854e+00 2.402442432876692013e+00 6.597121192593449202e-01 4.421349186885678684e+00
5.323868592067030114e+00 4.100366597788059231e+00 2.928288983860590999e+00 5.247651234175446433e+00
5.064917296201594255e-01 5.496064062648878590e+00 4.300718657462489602e+00 7.739312619256982773e-01
9.187923532585251518e-01 1.634684837664880819e+00 3.125290266493305325e+00 6.101708105077523037e+00
4.565176683011772596e+00 3.625093894728668609e+00 7.626688875474911533e-02 8.759360773596489569e-01
5.013631114066075867e+00 6.016660016634634900e+00 3.185598753647258086e+00 2.033842211039944559e+00
1.160599011890762755e+00 8.046152629726922578e-01 5.964640837974540588e+00 4.608551574235816517e+00
4.595204661824817904e+00 1.931506508023099533e+00 6.161329732001823878e+00 5.822861220677480354e+00
3.000520063526801895e+00 3.043867706239780091e+00 4.361319378403586633e+00 1.064021780071696455e+00
2.164077390865330131e+00 3.519132458540570774e+00 2.334416474281292064e+00 2.582505408428499294e-01
4.785766717588994190e+00 5.903043280149982586e+00 1.101881921489027860e+00 5.664346301298461839e+00
2.384873736363533892e-01 2.301313397692271057e+00 1.785401483028164371e+00 4.551303153119505396e+00
3.404881434463112644e+00 4.382430683701425522e+00 4.364166108890684015e+00 1.653623481229441250e+00
3.945946796629874687e+00 1.318368293225926635e+00 4.898769543257698977e+00 4.970274718102467126e+00
1.200407901932627919e+00 2.426082360651764080e+00 2.066814762526116844e+00 5.387869562843533799e+00
2.372213478699419120e+00 2.584210106625254078e+00 5.046125249054822071e+00 5.275493406578167566e+00
3.866965019943398030e+00 1.040570006930125802e+00 1.177436344870849139e+00 3.848203396897008410e+00
2.633767704090701489e+00 4.405733332076403386e+00 9.884440126599710608e-01 1.988629513550339345e+00
1.565714197738439228e+00 5.421607469559929449e+00 1.460590060659055167e+00 2.100573767973958006e+00
3.981303926898794199e+00 3.754168576726802709e+00 1.722940133681765351e+00 2.493453161160188891e+00
6.159402693920281280e+00 3.655602666949976598e+00 1.002281489149812632e+00 1.598688687960886812e+00
1.807508260742771267e+00 3.325899763812301568e+00 4.277912205285601122e-01 5.963872710153055756e+00
4.565968176594910943e+00 3.784519508067743399e+00 1.889654168682163959e+00 2.707418463964925248e+00
1.846726484004430402e+00 1.186140090679026704e+00 1.262468363278506089e+00 6.175107351309387482e+00
3.464035607321280352e+00 4.187107921444368941e+00 2.380459253296741018e+00 2.551699115241180316e+00
2.291267615212749575e+00 3.432135267673554146e+00 2.471773206059721950e+00 1.792550659820933312e+00
2.943551749940497064e+00 1.212649121345488634e+00 3.848712758215759866e+00 5.537607326628244842e+00
5.441123838646800159e+00 8.526326055655517600e-01 1.261451171763243728e-01 5.432245532039155833e+00
1.897206894574518632e+00 1.180572298328209785e-01 3.727263638409012536e+00 2.125872397521304524e+00
5.463987080575686939e+00 1.953570477648328918e+00 4.649400681565410420e-01 1.763081670165187465e+00
2.756288221382542591e+00 5.574641557583478679e+00 5.198490627796410912e+00 4.859934384999080592e+00
5.424096195969138057e-01 2.428292119888669554e+00 1.883383661937084508e+00 3.171309825357041312e+00
3.433087461787723171e+00 4.247518480635393168e+00 4.462292395713967963e+00 1.953251038930043482e+00
5.407564387331523115e+00 1.860436629730345126e-01 2.620197493459812232e+00 4.705963058439908586e+00
2.227566220530764252e+00 4.215549952554723312e+00 5.987327045340776976e+00 3.950867358421145337e+00
1.715853130213451205e+00 7.943013226399883164e-01 4.684264898007535483e-02 6.097097752222633282e+00
3.834473251746413069e+00 5.078269044179329228e+00 5.554607456282965039e-01 1.221802566302484738e+00
5.675889478506190855e-01 2.275791736237451346e+00 2.795889470179385938e+00 3.256433250747194030e+00
5.769419434876442487e+00 3.528995496823169820e+00 1.409264824682582073e+00 3.245912549432092398e+00
4.731477675177478304e+00 1.948769689265136273e-01 4.142700928789079029e+00 4.430385649784442936e-01
9.340153444019496654e-01 1.319355699910572943e-01 6.095739698269827755e+00 5.669313902858975851e+00
9.452558192388409164e-02 5.034584067866179069e+00 2.315681027998990338e+00 1.716061064636450251e+00
5.310648659881013423e+00 2.195454775405020875e+00 2.381568383068840333e+00 5.983458195528750245e+00
4.555922513050137290e+00 4.230335609177534373e+00 7.315595510051967620e-01 1.490403920936750781e+00
3.182571882678462138e+00 3.378061710922103167e+00 3.427261692855628983e+00 4.457043940895079714e+00
2.374233215403905639e+00 5.562041004435791969e+00 6.114305384596336879e+00 6.117803412592374146e-01
4.767146031462650591e+00 1.630014664882107889e+00 4.213404073907089042e+00 3.741222481446053294e+00
2.506019503029726092e+00 3.473162774058242697e+00 9.532161023374983166e-01 4.962015672225880358e+00
4.060231720668131317e+00 2.491274479086242444e+00 4.139030216273368090e+00 2.459217741854196060e+00
1.887937244844237472e-01 5.019247575200987299e+00 2.224083615129333502e+00 5.575331315193816195e+00
3.563551685293303795e+00 3.281842912397323175e+00 1.756308739666868068e-01 6.222063611660164639e+00
3.646467559177008599e+00 1.971325028458724482e+00 5.752656391076978792e+00 3.130709644389095381e+00
3.252069385774738475e+00 3.264361954639183327e+00 3.986152968295010979e+00 3.586161058519668821e+00
1.444903631033923608e-01 5.692747390570295885e+00 4.717398425077068858e+00 6.268063736273749242e+00
1.845837482367139959e+00 5.405196417422071242e+00 5.674779028799245673e+00 5.228028196762565472e+00
2.338218885630617971e-01 4.653241577361239223e+00 2.267557579489643871e+00 7.170052857682994718e-01
5.328914135207073244e+00 6.088183554990469482e+00 2.153526125486502796e+00 2.007099352185244268e+00
1.753977949523903179e+00 3.657993349092884650e+00 1.885810064988039381e+00 4.828636276875895028e+00
4.884896665748845734e+00 5.782844803721052251e+00 6.238132305064811867e+00 1.443900654507976222e+00
3.276711328084255026e+00 3.640807063379977837e+00 6.024824535847037588e+00 2.763523423510712007e+00
3.295901004185950001e+00 5.035549451197770310e+00 6.922619406333404557e-01 2.262689867665870658e+00
4.527133276946335272e+00 1.677730363545429260e+00 2.784039196676652228e+00 2.456671875750681799e+00
3.283993339664213806e+00 2.881538934725768608e-01 3.264813779022221585e+00 3.648765224336627977e+00
4.209750968306156693e+00 3.459855493366992274e+00 9.749502990548599701e-01 6.307825418053454314e-01
5.165695343294091302e+00 2.668493982701224621e+00 6.077786440243400534e+00 2.814193120804076909e+00
5.509857454039675417e+00 5.848272243836009743e+00 1.867013072703667786e+00 1.088276117018708300e+00
6.090316091385814090e+00 5.448843026115092192e-01 2.565854412248802507e+00 1.121224298965251220e+00
2.941427912792227595e+00 4.818564941770175025e+00 2.605697575834541091e+00 7.191210609217421057e-01
2.932245895499281829e+00 5.966367172361630722e+00 4.178958184454623748e+00 4.370959814345769523e+00
5.513023338212048152e+00 1.454493151142130847e+00 2.988901400333614511e-01 8.482692870720083267e-01
2.109455328618856651e+00 6.206765412029794149e+00 5.474103431975218648e+00 4.181768529219843655e-01
8.179406433378449970e-01 3.983056948741179770e+00 7.182111099857746428e-01 6.047772031236310575e+00
5.978717142454865296e+00 3.804608060157093963e+00 5.512548492193721117e+00 6.274738417833427562e+00
4.366536271303799843e+00 4.743031717007445636e+00 1.694107556632734601e+00 3.172255572083069186e+00
1.262074886575853538e+00 3.520755210213612596e+00 4.097982793191207840e+00 5.226191656371636185e+00
6.101477852914610978e+00 4.711305879469354529e+00 2.204596557103829735e+00 1.861623669425162442e+00
4.441453751643550163e+00 5.467831975688931756e+00 1.631860143190894785e+00 4.302757014376616063e+00
3.910101457672380931e+00 2.571046774524518685e+00 1.107726350947488170e+00 1.312335403452247640e+00
2.195534614497401282e+00 1.802910484097414834e+00 3.446195448848085263e+00 5.093462189713684474e+00
4.909087988160997895e+00 3.701142329334153658e+00 5.597179896725300807e+00 5.392495141082887855e+00
5.549172976624811016e-01 5.492405974263313340e+00 6.058608219448887944e+00 2.277970962060919202e+00
4.236734726953936381e+00 3.145405966546934717e-01 1.412618414129750422e+00 1.997306686652243757e+00
3.295102104173678992e+00 4.372379542475088310e-02 4.070652081286231905e+00 5.462045638340748965e+00
4.739353955592202627e-01 5.979936122685560740e+00 1.034023065746473291e+00 1.777663688437536083e+00
3.135753650304705431e+00 5.215007285515055102e+00 1.479839519368914669e+00 5.444034708025026204e-01
5.702282353629327005e+00 1.021572450419855116e+00 2.931263578461150043e+00 6.027893720470084205e+00
1.008833142982786146e+00 1.463297536913211516e+00 8.479073362427964611e-01 4.334951552933384633e+00
6.176580182414073583e+00 4.777539231877748982e+00 4.923773405570043060e+00 2.845072129712136189e+00
4.143878716529363793e+00 2.786707043170841280e-01 6.046717584035976145e+00 2.563470974118300383e+00
5.870177511295832318e+00 1.528348984340791139e+00 1.458502402056211844e+00 8.243730456084195080e-01
3.531650802790414989e+00 2.685002098423667771e+00 1.690053953604116588e+00 3.796399302876680260e+00
3.901439331282369416e+00 5.024203273878983245e-01 4.070870497191106274e+00 1.145957662810479061e+00
3.247903100719085057e+00 5.775929223744981300e+00 2.988550225973360508e+00 6.018129462417847186e+00
5.739460747659594908e+00 5.842814113910121954e+00 4.144655357549730468e+00 2.016668922545665321e+00
1.875507690734625754e-01 4.251446734131849148e+00 5.208663573482947839e+00 8.724891136361629940e-01
9.447458008694059606e-01 4.968105706224965168e+00 1.068562283464661311e+00 4.433428438492684975e+00
3.380093324518161246e+00 2.317794727712926495e+00 2.089203236412844777e+00 4.638119212635209543e+00
4.343133213297696749e+00 4.820500360590392219e+00 4.175273807023018868e+00 7.925068152503380592e-01
4.062522322761715210e-01 1.644764720321581164e+00 1.991484514380001292e+00 6.122771260306875796e+00
4.291276931458243848e-01 4.718609817618075297e+00 5.978785115382881266e+00 4.790875211036874859e+00
6.272769006095185951e+00 6.074406648706569101e+00 1.122331935210093279e-01 1.018466782927268000e+00
5.759913618351360398e+00 6.195180215152853442e+00 1.903384934489542324e-01 1.909066529877438967e+00
4.488716373621762123e+00 2.146884262312164893e+00 6.151386452370066316e+00 4.205420486321941986e+00
3.263330708436095406e+00 4.085435041536970679e+00 1.547522159840986289e+00 2.971268963575564470e+00
2.141894646079260056e+00 3.056289284290058639e+00 4.572375144576913186e+00 2.460957665010686579e+00
6.330359571849075717e-01 6.474218513090902460e-01 6.278620842272370162e+00 3.664312263191340957e+00
4.634126283702818760e+00 5.421299268302053775e+00 4.810301196464376261e+00 3.377316807462270809e+00
2.106538868693065558e-01 6.725481267511863592e-01 2.607899570408130252e+00 5.857191069032705144e+00
4.342975581959323428e+00 2.038946131038159137e+00 2.608558583377261098e+00 4.022540641474626533e+00
6.101105171606301170e+00 6.097754051895516447e+00 6.250302330180468324e+00 2.949173418229493748e+00
9.185498154666589254e-01 3.054962899463377624e-01 3.794656761969732450e+00 4.517723286878226219e+00
4.151231978098030240e+00 3.180247849379982839e+00 6.330090336377278692e-01 6.919720542024806464e-01
5.748527299209715835e+00 5.481691631677155563e+00 5.708507526906803076e-01 5.372422158886006827e+00
3.340367992160476529e+00 5.807351560741756957e-01 4.452197552594253649e-01 6.867716219281921886e-01
3.156425349976875516e+00 2.971724782720941871e+00 4.746033363656386506e+00 5.143040048846115653e+00
3.895578271396625603e+00 4.952948318733611521e-01 3.191209340249450133e+00 5.007587813747896632e+00
2.652897645796192361e+00 5.053739852395454868e+00 4.913309627807094238e+00 3.733948680947294818e+00
2.255267477476140314e+00 2.789827176064867853e+00 4.951805556327960822e+00 3.655753511282231472e+00
4.611340033137887318e-01 1.737766988823392200e+00 5.683582521741321614e+00 3.057334972920165317e+00
4.299249509402210734e+00 1.949964502892979290e+00 1.827816477862116207e+00 3.387115622849687036e+00
2.149215036234195964e+00 3.105285521915344571e+00 2.556267519109097996e+00 4.266695416362361826e+00
3.264092011746500877e+00 3.980954936124799559e+00 1.133218945653076348e+00 5.647209292981321127e+00
3.821667013908298216e+00 5.064506035738970624e+00 2.387674233545376445e+00 4.683176432624803986e+00
3.605902368103768296e+00 2.243943233154767736e+00 6.876039521073505911e-01 3.005042753448650128e+00
5.498556460246369681e+00 2.217381292038428153e+00 2.809687747014030901e+00 5.536210973367007959e+00
3.434897272180833738e+00 3.786083913445168925e+00 2.152458799859293670e+00 6.012334200473214985e+00
9.687758146444006568e-01 3.027079239819908896e+00 3.852982635325276739e+00 6.334502702295337073e-01
1.764832237187440533e+00 6.004718055350163342e-01 3.657990669001029427e-02 6.172036467871071075e+00
6.233711840963063189e+00 1.802541187600539940e+00 3.223877114983255687e+00 9.653345470904221015e-01
1.215131345158707576e+00 1.315339836524632489e+00 4.522794071754995038e+00 1.149018149722232485e+00
3.585650939366980872e+00 5.704808516927239559e+00 1.690883546522682801e+00 4.582669920525411555e+00
1.861503501401499117e+00 1.184071772774095477e+00 1.505930304715300316e+00 4.445811810306386391e+00
3.073539658061669400e+00 2.465181414483645916e+00 5.502664457525666464e+00 1.404238326830340888e+00
1.953426528033354703e+00 1.904206052589167752e+00 5.710048726645141626e-01 2.383060398626756893e+00
1.268454887162040690e+00 1.425746430426720057e-01 8.978646098805711517e-01 2.485940042518216320e+00
5.474103687456961964e+00 2.342411122334932649e+00 2.494164408390507348e-01 2.544060250109281274e+00
9.101165168114782045e-01 2.330436641737941184e+00 2.451740736876846682e+00 2.064537131267463632e+00
4.616072017924941484e-01 6.474547471373595098e-01 3.402861952764489217e+00 2.811418765648328488e+00
1.466043666652543376e+00 4.075205350300818985e+00 1.020327246643421421e-01 4.841050248512917875e+00
4.516407298651328617e+00 6.201609529645461194e+00 3.254211420607812100e-01 3.429941635087359941e+00
4.582831502470337881e+00 3.555172073539538236e+00 1.804784653873314992e+00 5.551484805997028427e-02
2.533160933521245717e+00 5.033661209765470268e+00 3.284483231823980276e+00 3.440498716416021896e+00
1.237408818804138555e+00 4.606155789225719888e-01 1.433428264993327206e+00 1.381308275668197139e+00
1.778646037862478213e+00 1.639399088563525897e+00 5.178383290192226873e+00 2.172335912041798434e+00
3.704956483860537997e+00 2.699249219315795756e+00 2.031448827173396143e+00 3.286592795104563702e+00
2.709114242439889519e+00 4.728391325950998869e+00 5.928188168974689809e+00 5.453791800806005341e+00
2.325430067784045818e+00 2.095858322886943625e+00 5.288529654589720685e+00 3.465644889110913951e+00
9.997203173164798118e-01 3.598635093012947372e+00 5.116176256982525317e+00 2.513352478735893403e+00
2.474145005096291261e-01 6.083917097073674896e+00 4.672364908642295589e+00 3.722520375531447545e+00
4.598748347319557617e+00 2.580504203796331275e+00 5.314818195217987373e+00 3.585519630258309220e+00
5.174032358736821102e+00 3.827062559406710029e+00 3.516429885822892204e-02 6.708517799396507275e-01
2.760675321650355674e+00 6.091311780659735220e+00 3.832278986365741935e-01 3.550315411967278845e+00
5.248657140013821693e-02 3.745467978922397911e+00 1.440363940787116714e+00 1.207426046636548733e+00
4.366956750060984049e+00 3.180256741033555379e+00 3.667845630987235150e+00 3.324146117678441925e+00
3.835926517835570149e+00 3.996608388261228217e+00 4.660731240356533078e+00 7.124457956068415421e-02
3.372509901062545890e+00 9.084989981273364767e-01 4.465154600146882480e+00 3.392591675004704932e+00
7.914079184593577621e-01 5.304122670669577655e-01 2.778110956787652519e+00 2.505777959966979385e+00
5.194402504526759223e+00 5.741461012599083702e+00 3.473134566992146066e+00 1.148243769326848129e+00
2.503207530450336504e-01 4.695146838285183755e+00 5.050478379959153052e+00 4.902853266546853384e+00
5.867155893235244335e+00 4.213382115579974219e+00 3.777318791355797511e+00 8.233532532419726158e-01
2.956521363441812600e+00 6.148600488853911195e+00 1.486840698746129563e+00 2.846564428125656132e+00
5.846025429887257374e+00 1.159481353244356194e+00 1.896959682739619790e+00 3.276543276724932952e+00
5.407494039022092025e+00 6.159402892606872015e+00 5.127692570543002759e+00 1.017628097105792273e+00
2.902806236656116923e-01 4.272355040391026648e+00 1.222152931535005621e-01 3.813167884236611016e+00
4.890248469451347724e+00 4.028048719609460093e+00 3.523563275012794982e+00 4.901949956262353636e-01
4.597897026066013026e+00 3.009830463975460280e+00 3.584886081872458163e+00 1.852911467560036662e+00
3.676328301763993611e+00 4.870852084466772425e+00 2.512165264470109793e+00 5.275116864649693760e+00
1.645194265746544593e+00 2.058900244406165925e+00 2.578358284465554373e+00 4.193992903087044866e+00
6.080995612824908747e+00 3.751373167746748116e+00 4.906602412060440344e+00 6.166992336845032341e+00
6.141471980819450671e+00 2.640946401609442162e+00 2.004270644925648881e+00 4.197213534165058491e+00
4.322632587111503888e+00 2.797959348348711739e+00 2.010248765876328392e+00 4.127971044113085242e+00
7.349366568626797269e-01 4.577426967299347282e+00 5.404629930435815410e+00 6.267744069965612841e-01
4.767547296121895428e+00 2.783817322708563413e+00 5.147489311262789080e+00 2.403240410721053877e+00
6.132557589164341572e+00 1.787891426539998774e+00 4.569617266670073619e+00 2.031894139256225973e+00
1.902376369765053310e+00 4.711002244182423304e+00 5.830858532118039506e+00 5.608000513033656098e+00
3.811027535954090162e+00 4.836981142466767913e+00 2.310381518037420090e+00 5.724039081085442460e-01
6.099306136974210979e+00 3.576854033239423192e+00 1.817158211665388157e+00 6.708481921449339636e-01
6.277034245083632058e+00 6.059672270160588070e+00 3.028603204629971568e+00 1.028803377225867566e+00
4.766578449202802048e+00 3.073861597067407025e+00 9.705575647928160743e-01 2.351293256060442705e+00
3.564272464543392971e+00 1.328722471223052315e+00 5.118716562324181929e+00 1.428934744128912637e+00
2.864553939337741717e+00 4.535883424377915141e+00 6.557089201096273634e-02 2.908313817656969391e+00
3.135317578360398816e+00 4.839175160908657958e+00 6.050276318921860685e+00 9.381402680122964410e-01
3.803026762888789269e-01 2.544685350871976670e+00 5.293061108090850730e+00 2.099848833077446297e+00
4.470207547639967416e+00 2.861092754536968208e+00 3.090912436435270028e+00 1.633889528889787834e-01
2.858597745136517876e+00 3.771730771804512328e-01 3.776482613616454209e+00 2.758594201820779190e+00
1.620972409305882378e+00 1.548730342653177550e+00 2.106856459156566164e+00 3.732830593980053013e+00
9.849417125180587318e-01 1.939537168608721274e+00 3.101181253471742560e-01 1.607623077184570315e+00
5.387064946148446332e+00 4.592155186351296159e+00 3.734881969254576717e+00 3.179827534545052181e+00
2.224556823491095070e+00 1.387717172284860023e+00 3.507682322967089927e+00 2.716186048467030822e-01
3.984080311189583501e+00 4.978417912258667144e+00 1.518178943707324979e+00 1.321989703738611244e+00
5.489670800381498239e+00 4.884939102616040252e+00 5.646327052954864811e+00 5.640124439034489789e+00
2.889604022484117962e+00 1.113000869624568123e+00 2.643705385240949224e-01 2.780928063091224756e-01
3.357470957800336109e+00 2.038162146945841524e+00 2.975669484378346552e-01 4.102014456875863746e-01
5.636042177354123162e+00 2.308569435969374528e-01 3.112933357683208779e+00 4.380283167523630006e+00
1.782291219248523628e+00 4.182174657772129933e+00 5.248842400384432061e+00 1.039682856059844118e+00
8.703700732147409136e-01 2.803657064330816961e+00 4.149862974773133040e-01 3.010662626291698452e+00
5.437147857563767062e+00 3.516555906827823104e-03 5.076243704259244538e+00 1.346346512396700834e-01
6.049536451692140382e+00 2.760879431991844157e+00 2.380977177383079013e+00 5.781239293982240110e-03
5.877854562444441378e+00 6.862109471570553287e-01 1.995254822014284946e+00 5.072770112204756821e+00
1.090003528867176552e+00 1.438424393566936743e+00 2.197895939796327358e+00 1.958168645334210645e+00
6.129157864835455882e+00 9.804639601288203110e-01 1.291932755491130846e+00 7.671795933923936106e-01
5.208241365188299277e+00 2.622697754286858474e-01 2.516102176788966638e+00 5.991977292727286297e-01
3.619216414788249736e+00 1.349144051487380702e+00 4.846594819930032827e+00 3.361952192347222201e+00
1.498249981189973212e+00 6.228702832747345042e+00 2.513644841782936457e+00 1.054590256827859562e+00
4.118719023253659017e+00 3.405711307354842621e+00 6.220865730071760247e+00 1.586705087422941807e+00
9.160347931769318164e-01 3.882099739413888972e+00 2.363189577436545008e+00 2.134963074673089434e+00
4.540056462871826959e+00 2.774736386398427790e+00 5.367627192878914322e+00 1.695144513775360906e+00
4.060770481131633858e+00 1.511447580891776221e+00 4.449174004386043713e+00 9.494384343422915817e-01
6.849022020668736888e-01 5.746017196342839917e+00 9.402212208577703789e-01 2.447710714135708232e-01
2.021393762422964091e+00 5.551619571464101455e-01 4.217650350941902104e+00 1.760799012584410406e+00
4.011747787508386232e+00 2.572618049719955557e+00 3.930651103583815420e+00 5.335187336257252610e+00
9.066486531513788805e-01 2.237687037166963488e+00 3.222826187187554758e+00 2.419782007985030514e+00
4.371109250015536851e+00 3.686950660636632016e+00 8.280264511220148949e-01 5.837136469232645730e+00
1.680033213085600607e+00 3.783566793737723088e+00 2.109958724914749340e+00 7.150224204610727829e-01
1.653774538655728543e+00 4.919716590322001259e+00 4.093977991029831287e+00 4.217769847474368561e+00
2.890108718008198796e+00 6.043505993438680335e+00 1.667653199219053528e+00 6.077892076476594241e-01
8.638211032404637946e-01 4.407522148547741381e+00 1.363531967327365590e+00 8.886474004120006320e-01
2.687425073598723735e+00 2.088381375065309076e+00 5.350051928828916559e+00 3.827703266506480961e+00
1.126022467641972780e+00 2.687769752240599441e+00 5.883506510269199019e+00 5.164326791257285443e+00
2.769071590325368870e+00 1.152470811992384103e+00 3.325137485353803157e+00 5.253896553752404941e+00
5.666288803747736580e+00 3.545336860051670591e+00 4.151880225920862033e-01 6.133704606447022201e+00
8.477150236232963154e-01 3.618445624571344776e+00 6.266049390848023926e+00 2.311546121018720257e+00
8.527899929101087073e-01 6.048888823197973608e+00 4.242349076515767869e+00 1.523418202306952240e+00
4.323803515245375095e+00 5.352297570602569721e+00 8.007956506004614283e-01 7.509878220332164567e-01
2.281009124908545349e+00 2.252025132578042488e+00 5.911696380552960761e+00 1.543097382835183717e+00
4.849227406265735674e+00 6.001141616878039819e+00 1.999059320214449986e+00 2.834993083697385785e-01
1.634171823493576481e+00 2.065556668607105573e-01 4.393846661782451868e+00 2.922428950125774083e+00
8.517339988803809270e-01 5.299662814762220897e+00 3.858205143560491823e+00 5.473916404032366678e+00
1.626228143777098956e-01 2.329689849450966577e+00 3.889962999643297170e-01 9.012702029337101017e-02
2.287774369118550588e+00 4.957605619605544689e+00 3.675226558572690205e+00 3.896195759174319484e+00
3.266035333014443709e-01 3.689926322872798092e+00 6.063132876350413314e-01 3.476463964544174168e+00
6.380856693451817385e-01 1.229048471389975195e+00 2.502648485058573513e+00 4.364170199151995888e+00
3.026071721254687041e+00 1.160923906621746271e+00 3.993544365057769330e+00 3.089665538279122159e-01
4.373946607409862075e+00 4.508946641477508344e+00 4.337831201085465160e+00 5.134971857221944269e+00
2.248362135060866684e+00 2.643633662743922308e+00 1.141404820283912880e+00 4.558897178638121161e+00
3.063707114417562050e+00 1.501790645801959423e+00 3.280202008326103424e+00 4.572395300897221126e+00
1.271660702581680624e+00 5.771246036177343441e+00 6.790282403023184532e-01 4.264105838119307545e-01
2.567122789740096334e+00 3.097392100017658301e+00 8.292568326166340764e-01 6.090052251307360720e+00
5.239260236700491902e+00 3.102146323657123617e+00 3.760384471364353942e+00 5.863195605329602600e+00
1.964832176189752699e+00 3.588540739109407074e-01 5.955287349398136421e+00 2.129332392628247916e+00
2.532199664401581618e+00 1.546755220562704425e+00 3.670343962858491516e+00 8.635116754360437907e-01
2.714431763829054045e+00 2.497488258966002572e+00 4.173424124535916491e+00 1.953078687645281697e+00
1.294537642764728602e+00 2.343646821655424262e+00 1.581313811294824623e+00 3.918177287205479864e-01
1.326058402458183405e+00 5.427719899624780631e+00 1.978146617026565579e+00 3.026793907348441781e+00
1.155749133347928836e+00 1.611286055185421340e+00 3.042408472041202128e+00 2.318137166266174276e+00
2.135963043000165928e+00 4.959475676553611656e+00 4.058773425144553748e+00 7.234819773194521852e-01
2.780569959544131331e-01 5.637646852536692954e+00 4.800408314511468433e+00 2.200468174719155456e+00
1.602778593948429808e+00 4.920807346504199487e+00 1.487335486419063990e+00 5.280636890314473142e+00
2.117749891165656706e+00 4.693898395373703458e+00 1.502085576207990769e+00 2.225085087652298732e+00
4.460493889473137408e+00 1.519600074304792825e+00 4.188349428564130505e+00 4.841380575857345825e+00
5.180610020032914598e+00 5.863563938484285920e+00 5.147717036543115743e-01 4.408088791978243548e-01
6.090825350654201387e+00 3.344071526548757056e+00 5.647988445318602224e+00 4.628152417483769376e+00
2.125808542053176264e+00 1.851241670937194828e+00 4.331297295717346230e-01 5.575489943309483998e+00
3.238575677493026106e+00 4.144539507360711639e+00 3.572217618870169975e+00 2.095780784136888730e+00
1.278823296356104589e+00 5.639920243830726321e+00 2.968981403147251452e+00 3.026467263972838051e+00
3.825193134403131801e+00 2.158519840926167443e+00 5.842901704573791655e+00 3.272067230547003547e+00
1.128968245839046869e+00 3.893600842184433475e+00 4.888335449565513358e+00 4.802866326151501219e+00
3.441101191952462113e+00 1.782114884194493154e+00 2.575533398658775841e+00 5.325912952269018064e+00
4.336988541427453825e+00 3.672536931004289684e+00 2.036390526693156566e+00 2.910236023137376393e-01
2.279443590312916879e+00 2.175416121093852517e+00 5.757192376990015958e+00 6.165711504853211622e+00
2.576655025791750209e+00 4.615433335825693817e+00 6.187347971105521260e-01 5.611968240123186291e+00
1.366302881677077474e+00 2.272765539032203463e+00 7.762910245823351207e-01 1.153941383025833600e+00
4.730235199154567027e+00 3.012682327719057085e+00 5.974866956791395012e+00 5.943605368389386356e+00
4.076306241066371072e+00 4.719827905952317937e-01 1.172852875938144024e+00 3.594432573881905402e+00
2.670603520424811972e+00 4.517476238402038824e+00 5.157557835359205534e+00 4.254211444677492793e+00
6.079151985011834292e+00 3.052173867978840160e+00 9.935615934274062422e-01 4.299559476208180797e+00
5.563176113228031738e+00 1.539998036699190553e+00 2.256334554884133148e+00 2.386622408637508297e+00
5.545803741743946524e+00 5.769895184242512798e+00 3.558941299341539022e+00 9.244677599847461735e-01
4.893836243252149276e-01 6.002280458809580388e+00 8.411300308280909022e-01 4.771355352781648129e+00
1.620105989496305465e+00 3.203621242745157804e+00 1.042032929187018814e-01 3.494163753929201643e+00
1.211405456727244312e+00 4.679520612908869559e+00 3.046586285315133313e+00 3.259139519408631003e+00
3.318768897509682514e+00 5.987507802446438099e+00 1.332761981579600796e+00 4.262847908951682641e+00
4.461451593558975581e+00 1.304778539427493333e+00 7.967186027460404496e-02 3.063237611699207275e+00
4.123086714374991857e+00 4.479410963026399628e+00 4.805476200249413132e+00 5.355685853509494443e+00
9.221467226741790757e-01 4.234172989064922454e+00 3.398620767147420452e+00 1.912991859819389573e+00
4.742834539442374542e+00 3.113561094246933614e+00 5.134602707360413021e+00 4.907065763515522150e+00
4.952909210611009527e+00 1.520164418523976435e+00 1.958014440256829802e+00 3.385266752767738918e+00
1.034674042714689213e+00 1.165778020704490853e-02 5.379097771745792178e-01 2.188789562602564853e+00
4.818280650213417893e+00 3.777289834091441367e+00 4.149297931403002515e+00 3.626887795408508808e+00
6.247143597208705934e+00 1.923264997075438520e+00 3.358524928757444794e+00 7.713364454216686816e-01
4.656013771560131964e+00 2.511400499852501689e+00 1.901903413626724104e+00 3.380000214867873720e-01
1.781034398076417391e+00 5.599055826692238114e+00 4.862968186162666129e+00 1.545525628599545120e+00
1.026821438732151703e+00 9.938331397954448809e-02 6.073034002457670333e+00 2.716838445953320580e+00
2.013272477233862823e+00 5.836666081328981015e+00 6.064292910921583596e-02 2.158908934853252415e+00
5.564595562492132830e-01 5.680239974229252198e+00 6.016533652861545178e+00 5.201524955687625962e+00
2.665523771000624098e+00 2.087913143417547523e+00 2.431421805360084676e+00 2.189827097536462652e+00
5.143108870279485600e+00 3.018427343500904581e+00 4.372804114221310101e+00 5.577039374368499836e+00
3.052139439049219583e+00 3.559566395447727238e+00 5.065251304135228949e+00 2.281294762134828513e+00
4.720252032638176054e+00 3.646684816633450676e+00 1.805587308441200411e+00 1.438843485101074071e+00
6.630969504691395233e-01 3.467632930534396696e+00 1.107423568470299768e+00 2.331040605468114535e+00
2.233236487288829064e+00 5.305237318533685409e-01 6.272469634562412466e+00 3.731638634126064336e+00
3.853745736507596664e+00 5.333904126890415931e+00 4.298124361916968894e+00 4.525783367673501978e+00
2.063456534133282894e+00 9.523071748643316958e-01 5.759177071280274340e+00 4.810504807608623423e+00
1.804487359184763662e+00 1.869899460501031063e+00 5.723874486309572518e+00 1.686896731829278462e+00
1.510308072232362298e+00 1.507501859183167481e+00 7.502451245485564080e-01 2.415556620885434658e+00
6.759527782289233011e-01 2.422800951502478650e+00 6.102143337626896313e-01 2.699270680159391311e+00
2.763114830781888909e+00 3.034766654100951921e+00 1.036242364695229012e+00 2.636413322194221642e+00
1.309795080025744296e+00 2.091279418142081070e+00 5.903531754148251265e-01 4.881337505252091091e+00
4.265018095994919101e+00 2.022103606680823784e+00 3.259622379656823998e+00 4.178099292746391136e+00
4.843925374391798933e+00 4.395186585866461826e+00 1.771005225369642666e+00 6.124264263168044842e+00
5.385019791037647385e-01 2.207291546245978342e+00 3.688880701042378973e+00 3.018596722346730488e+00
5.232257304349277938e+00 3.737908618591211596e+00 2.461747431160977939e+00 1.999773372007709993e+00
6.268462669699420786e+00 5.863169404001969731e+00 9.623201663582846566e-01 3.241837479044503922e+00
5.101676955540332514e+00 2.497488297942884294e+00 5.188547147668399973e+00 2.275781734108235366e+00
1.907933578545262687e+00 1.925010032192591813e+00 3.555123629529561402e+00 6.079249483449545188e+00
7.256082990990855297e-01 3.179343377302091156e+00 4.043337041336585003e+00 3.362567785612193383e+00
5.837841192150500014e+00 1.529861910413299775e+00 6.198252660800716463e+00 5.926104972570675145e+00
1.128873843311165803e+00 5.250478006286523502e+00 5.964171712601460840e+00 1.755301943541926368e+00
4.618453172026264930e+00 2.974288063065305465e+00 2.538410367449949856e+00 4.274976706084462563e+00
1.956454370089100836e+00 4.050561408474443681e+00 5.510258199187743067e+00 4.105451701645699281e+00
3.399301771502629244e+00 2.060206751766556543e+00 4.567025264006788987e+00 2.525152403666671486e+00
5.323517958302725894e+00 2.609274660342443264e-01 5.437089510804357095e-01 4.044580471773045360e+00
3.207114126527165876e+00 5.753560228420563361e-01 2.881906073630324805e+00 5.352900587775247132e+00
1.211306060414923502e+00 5.444548600489275358e+00 5.099469193801906997e+00 1.423523669500805111e+00
5.453541556047216687e+00 5.136529604260613446e+00 2.187417103657518958e+00 2.225271290112735556e-01
4.114032153990257790e+00 5.566703498476281986e+00 5.646154111096480577e+00 2.200571912123364449e+00
2.695686479514558087e+00 3.464849437100137486e+00 1.309579768113476206e+00 2.350168785172548347e+00
4.154925594904436359e+00 4.378287074565982095e+00 6.141890173877701642e+00 3.845665586505094602e+00
4.744910326744206652e-01 4.003421044639052795e+00 5.990946073088848856e+00 8.087810123301757415e-01
6.027252073567990642e+00 5.557883002109441861e+00 5.766119055718827546e+00 4.764917437073298956e+00
4.798742783783320753e+00 3.758068380876482983e+00 2.105318721555591299e+00 3.896682018520152724e+00
1.730088840092910418e+00 8.965134997174001308e-01 7.093806069604466913e-01 3.746570434762880542e+00
2.653802259943613073e+00 1.256250394335327591e+00 2.898929405136771553e+00 4.358948594428715850e+00
1.789133399048827400e+00 1.571448199925440381e+00 1.233695523315312848e+00 4.064023968859254765e+00
3.943744850342326913e+00 1.131729516485191711e+00 3.040894128010197317e+00 3.542233981303121393e+00
5.818959889592561829e+00 2.998709107104961635e+00 1.693026770668163650e+00 5.174220672444800329e+00
2.918460311994891754e+00 1.685831253059669965e+00 3.412744792399844851e+00 7.732133414994059040e-01
3.223305578281756567e+00 4.546642865128740496e+00 9.664224305845106056e-01 3.745917239115323372e-01
2.284398196548615534e+00 1.050337135030612323e+00 5.832221324040025578e+00 5.350093009653734022e+00
2.977355932394269100e+00 2.234729811417240253e+00 5.439529621360383871e+00 4.709536697892978019e+00
3.425873249307826107e+00 2.868415874697797241e-01 1.423816843497197393e+00 1.681846631252720714e+00
9.572164388920851863e-01 3.869772250253284085e+00 5.599402392836071662e+00 3.061938940306035306e+00
3.528274491426575565e+00 5.581390469279737587e+00 4.392758658105822001e+00 7.907215460391021633e-01
2.560907657177587726e+00 2.313106926410934072e+00 1.258505952482500412e+00 7.578503779877613367e-01
6.111524984840668751e+00 1.855482863774377877e+00 2.544714529268315317e+00 5.948113654598036426e+00
1.235649080368481645e+00 1.583446293332560595e+00 6.238387867276038001e+00 3.083268451071848215e+00
3.435212930571367451e-01 3.338693889916197755e+00 5.845900870994532816e+00 2.412575811481125765e+00
9.816347618937966146e-01 4.424148699457984280e-01 2.321896760389190018e+00 3.092132402060958629e+00
4.346349099932181659e+00 3.493484160387839488e+00 1.969539436855735903e-01 4.660976601290810706e+00
4.211770216149680834e+00 9.359620814256157384e-02 2.782920356999518674e+00 5.420813518767450212e+00
6.057790397501866764e+00 2.108140100114386239e+00 3.748429382351435191e+00 2.226452463591202857e+00
3.405316096599566578e+00 2.090705714989119279e+00 3.764392747019934315e+00 2.277938334563031630e-01
1.364379092925849690e+00 1.956016119939735676e+00 5.316491542056597908e+00 4.916067217797389866e+00
6.055712515610087721e+00 3.572682760643144828e+00 2.071410311681435523e+00 6.985764495269276564e-01
4.588369071438073377e+00 1.427556467044896138e+00 4.759063128660883990e+00 3.371781910950522043e+00
2.493552270636228751e+00 1.962395299943872518e+00 2.241796957543951585e+00 2.167732067650300909e+00
5.545909275013422679e+00 5.493898623356916033e+00 5.498892038930540682e-01 3.990594695882657694e-01
3.798208104853768141e+00 4.237069609804973602e+00 3.890940585550625830e+00 7.816168411362933721e-01
1.846291874474831785e+00 1.342379706368017178e+00 1.501014449986430632e+00 3.508927406885066436e+00
1.604752512710854173e+00 5.720624854719903674e+00 3.993969318994480933e+00 1.204430562092389634e+00
1.945744198289053095e+00 6.162143053467938003e+00 5.782520890985809459e+00 4.634518787719124511e+00
9.268987866039364310e-01 5.081939796765007067e+00 1.793904785319416328e+00 4.364593520139874450e+00
3.744912002387726702e+00 2.988944804675079947e+00 9.403621964751611717e-01 3.918701073311444905e+00
4.876252729083989657e+00 5.223399494947660315e+00 4.721932150305655718e+00 3.589609518705747959e+00
4.760326949934704288e+00 1.194377034766087142e+00 4.924125302796501735e+00 3.941699974823325903e+00
4.132664021979750579e+00 5.579608447408605620e+00 5.570008869009523522e+00 4.353573905479240835e+00
5.699747475860079682e+00 4.358749785190369153e+00 3.068457015529850729e+00 5.995582363458503927e+00
3.379420934509077767e+00 5.432178554211912758e-01 2.862359886411136145e+00 5.141270303437597278e+00
2.039671594767160201e+00 1.371755416606163624e+00 5.269368836298468750e+00 5.959483739140561731e+00
5.564438225615896405e-01 3.866887053581736372e-02 4.759552287648224578e+00 1.048720215379683879e-01
6.174542575402018230e+00 4.298469575593363956e+00 4.455413434476582779e+00 1.938958306162857470e+00
1.725572057992587505e+00 1.979607844296681574e+00 1.911536158264736773e+00 6.081748191845227858e+00
4.261349635477409414e+00 4.512443364133066126e+00 9.691031951987550963e-01 1.733346254792564434e+00
4.083737019136251867e+00 6.226094579977829113e+00 6.414313986906351461e-01 3.444382255685274341e+00
2.015717401984313817e+00 3.308147826806953518e+00 3.111427376951569901e+00 4.938203967320355936e+00
3.308394907978530863e+00 5.342780580565906767e+00 7.567239667935889980e-01 1.628357250931449896e+00
2.701621865056802463e+00 6.058960181021713076e+00 1.828811851403619737e-01 5.387283822581844461e+00
5.697398348899834986e+00 5.932823313503947205e+00 5.570076752203034776e-01 3.167490762512970459e+00
4.575130755281639594e+00 6.163097513669963057e+00 3.151540846151669739e-01 9.948872721676821351e-02
1.766582361447659899e+00 1.390550186133975852e-01 4.417333471013801471e+00 3.144149474394014820e+00
3.730097210556061693e+00 5.016333881598541211e+00 3.481074674833896765e+00 4.796230440197693845e+00
3.655240951297913932e-01 2.911315916409347171e+00 2.790725500997062181e+00 3.002904161013916884e+00
4.614418992873533298e+00 5.325661653854594668e+00 5.802511900134715184e+00 5.636759748830646899e+00
4.825609349606322596e+00 2.225243055873442177e+00 7.472891821260088108e-01 1.240377913487137329e+00
1.584757424776777945e+00 1.659605460870467120e+00 1.012203395535455019e+00 3.040167339370603461e+00
1.676691506946499377e+00 3.034553120340589327e+00 3.109465568537454150e+00 1.559055008482484572e+00
2.535191609869507978e+00 5.427722729477519437e+00 3.143431302080354595e+00 5.003513432874510336e+00
6.984970376916199708e-01 3.152176631500637871e+00 3.711653302844841296e+00 2.364029365226392176e+00
3.384685203364371509e-01 4.918668596456779341e+00 2.667595144157382414e+00 5.062413655706910376e+00
3.209204029917625545e-01 2.460939737310487541e+00 6.504497449804965692e-01 4.484174879960864502e+00
5.047230045572699275e+00 1.893420493581119413e-01 3.391953600079661069e+00 4.189570558644590825e+00
2.411186249716672503e+00 9.092979529721438858e-01 1.574961040940964230e+00 3.332423474909837147e+00
5.977162704660753612e+00 5.816431701556948219e+00 2.009557405886286674e-01 3.985170557275999670e+00
3.456927549863785032e+00 5.118664392054680157e+00 2.177134889657979411e+00 4.651226925708253468e+00
2.824039462215396590e+00 2.651608785249782496e+00 1.769110834743127247e+00 2.174607110892479600e+00
5.351312850929237364e+00 1.161018653375313958e+00 1.352493653685226116e+00 2.340832476142493235e+00
5.693523937092749954e+00 5.588204258943871849e+00 5.820430990724118736e+00 3.870953181370006657e+00
3.958255566870729325e+00 1.969992236338507174e+00 2.761332507108826828e+00 3.268703140744208202e+00
4.480427967290476765e+00 5.840704513867265746e+00 5.366861795169058702e+00 4.945504351506793128e+00
5.943895430288795190e+00 5.557364371872977493e+00 2.318730091732411847e+00 1.337092417567696145e+00
3.283904640540015407e+00 5.573192121961219492e+00 3.837778001883245249e+00 4.324590446441726854e+00
4.503565311277224481e+00 2.785253763210150169e+00 4.452599253318366479e+00 1.825638312248483386e+00
1.224250309861941499e+00 4.092092720703957021e+00 4.163898511459760421e+00 8.062592046783816357e-01
4.528857166161128767e-01 2.079362499443072387e+00 3.604777838549165558e+00 4.594048235646146949e+00
5.111317759991520049e+00 1.220097384868952473e+00 2.209153241988150551e+00 2.207303481485380026e+00
4.914927427080304945e+00 5.183025202072087723e+00 1.174964409698402656e+00 5.411345592491447754e+00
6.109036822971057212e+00 4.845585031273612842e+00 3.428304495659954654e+00 5.912275076246969796e+00
3.405830434923577510e+00 1.547775299514925207e+00 4.659469421152794055e+00 2.294038477694662626e-01
6.070481743523196805e+00 3.795464905540204992e+00 6.039455991211934993e+00 5.478547249043981271e-01
4.695617718251320127e+00 4.415282800852949663e+00 1.239683093253145740e+00 1.686045692200037527e+00
3.237845917711708044e+00 2.511864972046032207e+00 1.583481511006701314e+00 1.776702888180970774e+00
4.313331763195051849e+00 4.870119976152817109e+00 4.445937296849145071e+00 3.416938618580447895e-01
3.067081107529397332e+00 5.976145487057594075e+00 4.485490466258507780e+00 4.602794421743547026e+00
2.305010161310448780e+00 5.594953156989893372e+00 4.775950869004036647e+00 4.921560198221523130e+00
1.219520227211058627e-01 3.193996337483954395e+00 1.390134349674442715e+00 1.150292871022720043e+00
2.749784372477348970e+00 1.851490341958920149e+00 5.289749745578546047e+00 1.929812594487747335e+00
2.597862248849502009e+00 4.686172684147061673e+00 7.052936799560435288e-01 1.484535761179353708e+00
1.068454435165646865e+00 2.133000205949262984e+00 3.878022506857390805e+00 1.729254585864030469e+00
5.910960295750919968e-01 3.466722047028474751e+00 4.742340418336723928e+00 1.265555211179158368e+00
4.734588365780447283e+00 4.622149114160085670e-01 2.140284611709437623e+00 4.738322466595698224e+00
5.293077550276260590e-01 4.176269291335087175e+00 6.108646325614978778e+00 1.770562128798414347e+00
4.068757709903320086e-01 1.964233819849283136e-01 1.015746931186536806e+00 6.073347384562367779e+00
3.350882437923288215e+00 4.908394139691926839e+00 2.074796275471157081e+00 3.762486137554158727e+00
3.212154441652774750e-01 5.927598469269232062e+00 1.972332450901919110e+00 2.921348410740511437e+00
4.624088061274089334e+00 2.829595461808093182e-01 3.432007125978129736e+00 5.124310633739612708e-01
1.494427755156051418e+00 3.755776863157948231e+00 6.791938235862777784e-01 4.969148421338510424e+00
3.223786440672121500e+00 2.981733127733932509e+00 3.516751872983304938e+00 4.801413455142678366e+00
2.475882703050236611e+00 3.237515470086129277e+00 5.519889958208647585e+00 6.187780686032112953e+00
4.648991759630307641e+00 5.870711092537765907e+00 5.168524789179254952e+00 2.204598187220813355e+00
3.053719297745370653e+00 1.708486610000328865e+00 4.838432928493279661e+00 1.798123753036403816e+00
3.644466255800764110e+00 2.128260604226543951e+00 5.948536464538813462e+00 1.895186256561322558e-01
4.838770964732495905e+00 6.097497317542094342e-01 6.558788194363044388e-01 3.932218666054006828e+00
5.841872628382463795e+00 1.403156083683786859e+00 5.193612292698643884e+00 1.806137026141530599e+00
4.186277036394271178e+00 1.516259094734321744e+00 4.390472273600298792e+00 5.965707419409891799e+00
1.117743882466892158e+00 4.806591764239038334e+00 2.879018918291287310e+00 1.555745812510803239e+00
1.992372498176286921e+00 5.401924486480746523e+00 2.819810618159005244e+00 5.676846820082267264e+00
1.861185016604105291e+00 2.870921897124799393e+00 4.809232209874909181e+00 3.710318130228535516e+00
3.083269101878352916e-02 5.167873934757294840e+00 6.032810009811696794e+00 4.132462174714834013e+00
5.512915485286911554e+00 2.283155216290935208e+00 4.296946120329676183e-02 3.567601845053686827e+00
1.725116207483339048e+00 5.672691519408807892e+00 1.773247834505571996e+00 3.220422719263684286e+00
4.657740547544741538e+00 3.913082980084984452e+00 1.780966925681390034e+00 2.797325825440251101e+00
5.106990640363427758e+00 3.231125866771649591e+00 3.141711885755094635e-01 6.272971544350019357e+00
8.829135455299690349e-01 3.716185765038111377e+00 6.185407500018197169e+00 4.722586054407958756e+00
5.517785520972313229e+00 2.215504503868846342e+00 2.284999346562258449e+00 5.493820648050845579e-01
5.614892579109508119e+00 1.637921746668730583e+00 1.252926710355196427e+00 2.148678400806852018e+00
1.075334812144205898e+00 5.255268297835800517e+00 2.726648243597983079e+00 1.898403343734481608e+00
5.803192370565768421e+00 3.920848535865125051e+00 4.162172172106274992e+00 4.041740827518614410e+00
4.109999030788642926e+00 6.134515219039403000e+00 6.660529525613726465e-01 1.969233826375761387e+00
5.481113297838563270e+00 2.739476232495122954e+00 1.580570796794948496e+00 4.904991734450527274e-01
5.056832173180787926e+00 3.411232579646505059e+00 3.659056220275476168e+00 5.390123696281162724e-01
9.080957890903478269e-01 4.909673909749937337e+00 5.833251920457850126e+00 4.107940292974276986e+00
1.493663607678316074e-01 8.988051616853457437e-01 8.059191612097531543e-01 4.601670526627731128e+00
1.526858314321249299e+00 1.704463756101979088e+00 3.354306112448679489e+00 2.021292986817246451e+00
3.893665172538236963e+00 3.864430561774991890e+00 5.835179883323211136e+00 5.855390260588458240e+00
5.820797189705234409e+00 1.346537879271889393e+00 5.315256610324593289e+00 5.248756221538914968e-01
2.255516496210530519e+00 8.855828681859233553e-01 3.936326734469654198e+00 3.546440453724571285e+00
2.365960696524548990e+00 5.360128743020775133e+00 6.010933549851659841e+00 3.277290331854659566e+00
2.663997465169841039e+00 4.204814334916548546e+00 5.233059537600227573e-01 4.266808402823769164e+00
1.217972391066603377e+00 1.532310483133476842e+00 5.267429519347457401e-01 4.368577674272276390e+00
1.327879885950159267e+00 2.607228370932313410e+00 3.999394902541666408e+00 3.287679600637322785e+00
5.262754312620891106e+00 2.350605620702375109e+00 5.169399020055089444e+00 2.782463506426603672e+00
3.311555008748065188e+00 5.574811915024136866e+00 2.311608380054791301e+00 5.772801901102208255e+00
1.075186200954842075e+00 6.809944736071886773e-01 4.817336618620523758e+00 5.470311188861719742e+00
6.129724004900534595e+00 3.293112693805238411e+00 5.721762797832928626e+00 3.906924395603316835e+00
1.837207457458505333e+00 4.782275763140900082e+00 1.055157020653315847e+00 2.639675491767023541e+00
5.106146104146825238e+00 5.302416640491697919e+00 4.685839251897339963e+00 5.538940595607282802e+00
6.148609731647058041e+00 2.657744597880592696e+00 3.921013423009954035e+00 4.409444537500105454e+00
5.945309167715881138e+00 4.813075601034174866e+00 9.724354351493718074e-01 9.277487724878044073e-01
4.071443224030606989e-01 4.846476835097302427e+00 1.241347008147864805e+00 4.620316903481824333e+00
2.124169295586023853e+00 4.931197661445588132e+00 2.718512971281334956e+00 1.071048452282327368e+00
3.218278325065863310e+00 6.185640268149016130e+00 5.236365535284889461e+00 4.591346979420751317e+00
2.041970774008406764e+00 3.740571201942799906e+00 6.190921872311741403e+00 2.591016435300452780e+00
4.228598232676954893e+00 5.211253133609070609e+00 3.968588499680412163e+00 1.080227678923580736e+00
2.651737896380063075e-01 9.715085517390621428e-01 4.991243802958268638e+00 3.045581245528687031e+00
8.556320621413499028e-01 9.251929780423824301e-01 5.057939922059460969e+00 3.727183306861503009e+00
2.295186124021440843e+00 3.930928072686374009e+00 4.994292460108153975e+00 2.923572044286991467e+00
3.560888861178687748e+00 5.732193078504068673e+00 5.435855787270448047e+00 4.882766946145029152e+00
2.041236920388222187e-01 6.009770379230581661e+00 3.270805190978427923e+00 1.709195879854093603e+00
4.214125880254474765e+00 4.472392173613312316e+00 2.793019715806575043e+00 1.893427238912973820e+00
5.213586708256277014e+00 1.230201101062391444e+00 9.625846606660776184e-01 4.073270043482810077e-01
2.292691820298263239e-01 6.077459505292801545e+00 2.484605137820459220e+00 4.487573056711460673e+00
2.131606637863849851e+00 2.028625275922261384e+00 2.274208875191102930e+00 1.718851605918773062e+00
1.144193956616647995e-01 8.575787665811274163e-01 3.880990107497840569e+00 5.604191174257823427e+00
2.158365387814402681e+00 3.281459337520793884e+00 5.442358067759786699e+00 2.699068720000501465e+00
4.682237674761538848e+00 3.283859119650822667e+00 3.306331449428158820e+00 4.213172586906774875e+00
2.041357862264416845e+00 4.559804831246187184e+00 6.228183528549551262e+00 2.897832733911403835e+00
3.189752348573652529e+00 1.177371788216190929e+00 3.572067481912311937e+00 1.894706864589991158e+00
3.437377907193014615e+00 3.270340544149117790e+00 5.212515333983396282e+00 1.428089331848488852e+00
1.068730956859716086e+00 1.716058946249801265e+00 2.028426872751903698e+00 3.311606892544578074e+00
2.916163975554766807e+00 4.564367117739154267e+00 2.582043935301230775e+00 5.280162139468094207e-01
3.318527101116646172e+00 5.438724993193896573e+00 2.413491886188294799e+00 4.747790779949920825e+00
9.476844630214285026e-01 1.572690770063599031e+00 1.507018349316811001e+00 3.841958622376704380e+00
5.872515809512090179e+00 4.808503404082300037e+00 4.659427470920865844e+00 4.161712328304454367e+00
2.411216285666981207e+00 4.641009257636219409e+00 3.837623943637652246e+00 4.849998428668875761e+00
4.945994332720730635e-01 2.948936635820455621e+00 1.222240973822735333e+00 3.653346249442312454e-01
3.748355623568666584e+00 9.119785446518474670e-01 1.027857963329581015e+00 4.337961049247868850e+00
5.930886273258044739e+00 3.765419067088771055e+00 2.717343566125173027e+00 3.691902641716837241e+00
5.638618679869365380e+00 2.222200201314922935e-02 4.039680620479559003e+00 3.589259316219720830e+00
5.571390496666972503e+00 2.957335930791211709e+00 4.598278527508169233e+00 3.410796449406975572e+00
2.282675040622061058e+00 2.154002410286152358e+00 4.162340090110480340e+00 4.679013376266177637e+00
1.815299479370314106e+00 2.738147253134734616e+00 4.262868213735471201e+00 5.734291157552063645e+00
1.914968470742698381e+00 4.496253173174343587e+00 2.258672880395798277e+00 1.232834545460336440e+00
1.781369387706130514e+00 2.441974915655839240e+00 3.447453826282386391e+00 4.183344180301689086e+00
3.787964286149047677e+00 3.062680735278046740e+00 5.919482205779690531e+00 7.089744520643748160e-01
5.348422461697135866e+00 1.785000784018280662e+00 3.059322484988292179e-01 9.238163315493300720e-01
8.396192532801731723e-01 3.696437912941050730e+00 1.904649401922807961e+00 1.898211763204398883e+00
1.000754248641933186e+00 4.411114040002453329e+00 5.719413232876152442e+00 1.147797065848839004e+00
9.632883069836533085e-01 1.610009068915612351e+00 3.392351101405128855e+00 5.802102235912977690e+00
5.495221363844940976e-01 4.920976957747808633e+00 1.924019183643055353e+00 3.446085172185032963e+00
3.992078992475192933e+00 1.902611947434897921e+00 5.854654238124101795e+00 2.048205890766853887e+00
5.433217096589792128e+00 5.964920407256182777e+00 3.272447984440379987e+00 4.367892353899552660e+00
7.843884072344665670e-01 5.680695739327199512e+00 3.993996118786152127e+00 5.352180519748884535e+00
3.842411867101746203e+00 6.024512283757855968e+00 3.232150179791741351e+00 2.424679656818117035e+00
1.476595974257699229e-01 4.196659645454404064e+00 2.556019203689349428e+00 2.920200589238525879e+00
3.659770983389711851e+00 1.181317204653624886e+00 1.922833877987528250e+00 4.783930267236078393e+00
1.891988040013212524e+00 2.112698198314632680e+00 2.287063701091332391e+00 4.323600002818666077e+00
2.447515336140279718e+00 3.137291608072230176e+00 7.856019909367717435e-01 4.106957173497832514e+00
5.414175748518523790e+00 3.057154527162798896e+00 3.348061667137766761e+00 5.556358376748755212e+00
3.461070481279295841e+00 3.622126435196511895e+00 5.314742659479121833e+00 3.745086523788630495e-01
1.180661696735253008e+00 1.804374453814995949e+00 3.302143307227216606e+00 3.044571172787651658e+00
6.204639917325392773e+00 4.300606002960440044e+00 5.864161731616436946e+00 3.505644951795659825e+00
2.882565417425098087e+00 2.533849756451008073e+00 1.907788962648145459e+00 4.244213284001704167e+00
3.343060996793235429e+00 4.098941188178209516e-01 5.348233572248733303e+00 4.352738630364162198e+00
4.806735819976222679e+00 3.297223202452483903e-01 5.240971935926942216e+00 1.292572380916840125e+00
5.930403554285703649e+00 1.599010796358920850e+00 2.060238013600458551e+00 1.939061021868009105e+00
2.060289700253146172e+00 1.693398768966998480e+00 4.194471959826362450e+00 4.771008325972533548e+00
1.890639063888080340e+00 4.108530513186022581e+00 2.313517725876207187e+00 3.876988229817567078e+00
5.143044454907576224e+00 6.080274990689376047e+00 5.472044535989278202e+00 3.063008954522688398e+00
4.401478019688311427e+00 3.544030499034462878e+00 3.765560792512745891e+00 5.426303888622681093e+00
1.500931371155003857e+00 2.139814251737247375e+00 5.201156668680642525e+00 4.164315509107951563e+00
3.602391551071046472e+00 1.258567006473154004e+00 5.570849014794560183e+00 2.579708243035105486e+00
1.209056261524859233e+00 6.075849249542214281e+00 4.392223027867665053e+00 5.970805051747349879e+00
2.117577529302274719e+00 1.589360191045608994e+00 5.131985581187722190e+00 5.092059646165609799e+00
2.140266258102763441e-01 5.095746954512675453e-01 4.323044631178083463e+00 5.409521665103647514e+00
4.666554946206119325e+00 3.117231348690367554e+00 4.941568538745483963e+00 5.468534916821313985e+00
5.369580366590520626e-01 5.212348150434999106e+00 1.561717274933798416e+00 2.952076266864837706e+00
2.225724898438287802e+00 2.381120142331773160e+00 4.064679085467835407e+00 5.984139810034355023e+00
3.770335574874656537e+00 5.080168115015340824e+00 8.856816546612020780e-01 8.664164926143029799e-01
1.464138037199549380e+00 3.384689053669228898e+00 4.633611939808060853e+00 6.063067532900376477e+00
3.424958956037190472e+00 3.408998049209150505e+00 5.326998667210568250e+00 9.890939964002154472e-01
3.045531466263923015e+00 1.068814274342389625e+00 7.167219487843017323e-01 1.140668041086622786e+00
3.508627521973738173e+00 3.565433254671012797e+00 4.818932088236316247e+00 6.173187507172225530e+00
3.870446242615360077e+00 1.378792677875766204e+00 3.165467777374955993e+00 3.453194749136417663e+00
3.202613514123694660e+00 2.201881840062363871e+00 3.150649574403576736e-01 3.168911793924403808e-01
1.342485538811627022e+00 6.175539042370501441e+00 5.686785189115822980e+00 5.820452531917329253e+00
2.242045037247922590e+00 6.209395156474839084e+00 4.018148176548777428e+00 3.712275865271190689e+00
5.889405210288402692e+00 2.416534449834976339e+00 4.950800379864021217e+00 5.829620923509446939e+00
2.068244972677320270e-01 3.480364909809788632e+00 8.688657836984701177e-01 5.671950023485638148e+00
2.293206914282492015e+00 1.325881980686587913e-01 5.065299463958633730e+00 9.477993709009083778e-01
2.608744927747754794e-01 4.625362891718097558e+00 4.476094874856386130e-01 5.796916410157924027e+00
7.917218792465490207e-01 5.315055351372466319e+00 1.630855065143440807e+00 2.691736865810316903e+00
1.148250782803425518e-01 2.826015082501476261e-01 3.391806009399383814e+00 6.093400224479761818e+00
5.632787060606212926e+00 3.711777631749626494e+00 1.269106871724228647e+00 7.358118636574048077e-01
5.945585661223561080e-02 2.717722995716864265e+00 4.797477477459257678e+00 4.481929883379655033e-01
2.959048388042177180e+00 3.777969468550018695e-02 4.038519807987477783e+00 2.965603663101375354e+00
4.790123471469057037e+00 2.127787585825196004e+00 1.375216058709988642e+00 1.471987561172325876e+00
3.561785809808683201e+00 6.516312338087422162e-01 5.513575750496389816e+00 3.240504891004410304e+00
8.885786482170496825e-01 3.318519029953389543e-01 4.682447014653137174e+00 3.664690114141463173e+00
3.000056472543869646e+00 2.964288164191100527e+00 5.906656045232945296e+00 5.988059722146544139e+00
3.030796377698576460e+00 1.327992051687251207e+00 6.056583377728649076e+00 5.740915278204574257e+00
5.482923578153733324e+00 2.776145196854905794e+00 3.361927775678485553e+00 2.140396392111562740e+00
1.062237572805465380e+00 3.110143457615778040e+00 3.114354719122357285e+00 3.978372078726573058e+00
4.333163398679467093e+00 3.527244084549943981e+00 1.150333859641897938e+00 6.274334724754070614e+00
3.679166790813301890e+00 1.927388144265881342e+00 4.927233067895023133e+00 7.218965970145442557e-02
5.649003277225785880e+00 4.697191432418944324e+00 2.054326186882517113e+00 3.217151918726132154e-01
3.622864386270393755e+00 1.463842671652315852e+00 2.575070075927428093e-01 1.316577893004205801e+00
5.464835951840798067e+00 1.893222542896148830e-01 2.236997873263387504e+00 2.383254225419486172e+00
2.074786734503250685e+00 4.806118383595309851e+00 1.212110506161868217e+00 3.523896335392631585e+00
1.734917103376766745e+00 5.122109161265591126e+00 2.381678693950696424e+00 6.108486815788972457e+00
6.090416337462365881e+00 2.090459510674658183e+00 2.521596773799011260e+00 3.894057383595697086e+00
2.889035022878049919e+00 1.259085547081646661e+00 2.454155124671556720e+00 5.953205383479605040e-01
6.172006872597934901e+00 3.654794076008831105e+00 1.723790853292833214e+00 5.707331842589539406e+00
3.097180705812426105e+00 3.219072605357883088e+00 4.798224826290021561e+00 2.108852621242643721e+00
3.561638548802958049e+00 3.339018188319479830e+00 3.085637203551338636e+00 4.727278914970385326e-01
4.844437274534964644e+00 9.451745878540279699e-01 2.887398148639552353e+00 2.224990745367176004e+00
3.314814647374411560e+00 5.079375928311132604e+00 3.565569929633676693e+00 2.621540148357248690e+00
2.602159957141042756e+00 3.989096619549108436e+00 2.992929049817967257e+00 5.667024967427886750e+00
1.665900457118450806e+00 1.196920263038428606e-01 7.409939751822700593e-01 3.922643279946655070e+00
5.646931349973141501e+00 2.839678884348117105e+00 3.968990300917002223e+00 1.160087144754350597e+00
4.215494209641642342e+00 5.732593726860105932e+00 1.349446476801486661e+00 5.977225284210929246e+00
5.677670347424803587e+00 5.674459224503128674e+00 2.819787187337336576e+00 6.781977642847573096e-01
1.555831719533106172e+00 3.929937534301190194e+00 1.788029221201318464e+00 4.720171842078451085e+00
2.624488757627558400e+00 1.622183166983210745e+00 3.531927788312461125e+00 4.770211034588879961e+00
3.203216447938168621e+00 5.205271256509075073e+00 2.193437833007717774e+00 3.813788119095445239e+00
6.220521615424714490e+00 8.999820841790918680e-01 2.266420562986617870e+00 2.310438472904452034e+00
2.689016112824505367e+00 1.757866715915803235e+00 2.287470236308423832e+00 6.180150906470490035e+00
1.473275545916223450e+00 1.826157757300488349e+00 3.698153671338577642e+00 5.443485114316452211e+00
1.111048314541936310e+00 2.003528072069955090e+00 2.415115845825455132e+00 2.128030386703174681e+00
1.318038311884604852e+00 3.051865510144161853e+00 3.010017603083166460e+00 2.247077851942280269e+00
1.094652032440508238e+00 1.082961676523457317e+00 1.495968379677735660e+00 5.634344224785206023e+00
3.083925698519017100e+00 4.667200687443482821e+00 3.699791957030812650e+00 5.223270567553455201e+00
5.362015857104453609e+00 3.940826855066044132e+00 4.447431154936323239e+00 1.268337123716425374e+00
3.404216832800335713e+00 1.110989182907688166e-01 4.121489055362985710e+00 2.153661126718834140e+00
6.277615573560130890e+00 3.125570868543887215e+00 5.972726045383915938e-01 3.206558268842222503e+00
1.440912471869600253e+00 4.419820446880051712e+00 1.294875459218580716e-01 3.333728084209930831e+00
4.158459307091195711e-01 7.295897560479223110e-01 6.173753370436919852e+00 3.428073076752164550e+00
5.833956394016929003e+00 3.130815502045083965e-02 4.872744838675092893e+00 1.711900330478311361e+00
2.113661704709395739e+00 1.683835956148455715e+00 2.806513996351630791e+00 5.829389568798622356e+00
