-1.868564820289611816e+01
-1.866886271536350250e+01
-1.867956247925758362e+01
-1.132364147529006004e+01
-1.868383808434009552e+01
-1.867847280204296112e+01
-1.875031466782093048e+01
-1.868699403107166290e+01
-1.868649771809577942e+01
-1.873508022725582123e+01
-1.875949031114578247e+01
-1.875805528461933136e+01
-1.876800882816314697e+01
-1.870408944785594940e+01
-1.870141147077083588e+01
-1.872310848534107208e+01
-1.870089145004749298e+01
-1.871836628019809723e+01
-1.865736971795558929e+01
-1.871465842425823212e+01
-1.868432410061359406e+01
-1.866965091228485107e+01
-1.866424445807933807e+01
-1.872759398818016052e+01
-1.877571816742420197e+01
-1.877126666903495789e+01
-1.876084645092487335e+01
-1.100623528473079205e+00
-1.877156515419483185e+01
-1.877102777361869812e+01
-1.866716477274894714e+01
-1.870060802996158600e+01
-1.871232415735721588e+01
-1.874579720199108124e+01
-1.868751192092895508e+01
-1.871073786914348602e+01
-1.876599517464637756e+01
-1.871373924612998962e+01
-1.878917287290096283e+01
-1.875218787789344788e+01
-1.878979378938674927e+01
-1.871277379989624023e+01
-1.876821683347225189e+01
-1.877028366923332214e+01
-1.872516475617885590e+01
-1.877136716246604919e+01
-1.875634311139583588e+01
-1.875342591106891632e+01
-1.875835672020912170e+01
-1.875503222644329071e+01
-1.870026130974292755e+01
-1.868002267181873322e+01
-1.875484155118465424e+01
-1.874422146379947662e+01
-1.877245719730854034e+01
-1.876197272539138794e+01
-1.870024150609970093e+01
-1.873001421988010406e+01
-1.877591317892074585e+01
-1.874982714653015137e+01
-1.868597070872783661e+01
-1.871972425282001495e+01
-1.870766066014766693e+01
-1.872654594480991364e+01
-1.874891069531440735e+01
-1.880069363117218018e+01
-1.878218552470207214e+01
-1.234042842872440815e+00
-1.877490563690662384e+01
-1.868418389558792114e+01
-1.870787017047405243e+01
-1.870693749189376831e+01
-1.876779866218566895e+01
-1.878037372231483459e+01
-1.868605631589889526e+01
-1.873217488825321198e+01
-1.879314796626567841e+01
-1.871982407569885254e+01
-1.868964564800262451e+01
-1.875537507236003876e+01
-1.869639472663402557e+01
-1.872958000004291534e+01
-1.880471402406692505e+01
-1.869496390223503113e+01
-1.869399043917655945e+01
-1.876275551319122314e+01
-1.871038740873336792e+01
-1.869664819538593292e+01
-1.871603721380233765e+01
-1.877388584613800049e+01
-1.871425062417984009e+01
-1.879811701178550720e+01
-1.868905343115329742e+01
-1.868678680062294006e+01
-1.870183701813220978e+01
-1.873344214260578156e+01
-1.871425645053386688e+01
-1.874133896827697754e+01
-1.870209537446498871e+01
-1.877859915792942047e+01
-1.873617200553417206e+01
-1.870577290654182434e+01
-1.880217868089675903e+01
-1.866132831573486328e+01
-1.874308122694492340e+01
-1.870431300997734070e+01
-1.866468788683414459e+01
-1.863680143654346466e+01
-1.873250563442707062e+01
-1.873885512351989746e+01
-1.873997893929481506e+01
-1.872417744994163513e+01
-1.871976102888584137e+01
-1.870578239858150482e+01
-1.866371989250183105e+01
-1.872683690488338470e+01
-1.876806262135505676e+01
-1.872156679630279541e+01
-1.871793895959854126e+01
-1.517651093006134033e+01
-1.872464385628700256e+01
-1.873709912598133087e+01
-1.877429933845996857e+01
-1.872854441404342651e+01
-1.873330606520175934e+01
-1.875000767409801483e+01
-1.878194090723991394e+01
-1.875036415457725525e+01
-1.872651849687099457e+01
-1.874604409933090210e+01
-1.874201053380966187e+01
-1.875104232132434845e+01
-1.869011409580707550e+01
-1.874343815445899963e+01
-1.870000761747360229e+01
-1.871846020221710205e+01
-1.876915857195854187e+01
-1.148579469695687294e+01
-1.875863197445869446e+01
-1.868723969161510468e+01
-1.872440074384212494e+01
-1.868866977095603943e+01
-1.869978462159633636e+01
-1.873376256227493286e+01
-1.870223239064216614e+01
-1.872063243389129639e+01
-1.878952956199645996e+01
-1.871488557755947113e+01
-1.873292519152164459e+01
-1.873613381385803223e+01
-1.872666466236114502e+01
-1.869342072308063507e+01
-1.872406136989593506e+01
-1.878142359852790833e+01
-1.872049030661582947e+01
-1.871607585251331329e+01
-1.866756023466587067e+01
-1.863442236185073853e+01
-1.870693629980087280e+01
-1.871470554172992706e+01
-1.876476408541202545e+01
-1.876197350025177002e+01
-1.876149128377437592e+01
-1.876384682953357697e+01
-1.872044964134693146e+01
-1.871765586733818054e+01
-1.875675314664840698e+01
-1.869906882941722870e+01
-1.870985616743564606e+01
-1.877155536413192749e+01
-1.869450059533119202e+01
-1.874087740480899811e+01
-1.875567856431007385e+01
-1.870258788764476776e+01
-1.870247210562229156e+01
-1.877142751216888428e+01
-1.867556612193584442e+01
-1.877700348198413849e+01
-1.878707870841026306e+01
-1.873779457807540894e+01
-1.874673266708850861e+01
-1.876065392792224884e+01
-1.870852428674697876e+01
-1.868562147021293640e+01
-1.869342517852783203e+01
-1.871073400974273682e+01
-1.875404891371726990e+01
-1.866201347112655640e+01
-1.868301816284656525e+01
-1.873930214345455170e+01
-1.869080290198326111e+01
-1.873496879637241364e+01
-1.877758570015430450e+01
-1.870719063282012939e+01
-1.867466737329959869e+01
-1.869196777045726776e+01
-1.870986993610858917e+01
-1.867816820740699768e+01
-1.873628439009189606e+01
-1.872456641495227814e+01
-1.866643594205379486e+01
-1.871127989888191223e+01
-1.871568164229393005e+01
-1.870550428330898285e+01
-1.869990020990371704e+01
-1.869611623883247375e+01
-1.875273679196834564e+01
-1.869247281551361084e+01
-1.871752333641052246e+01
-1.870589175820350647e+01
-1.878014048933982849e+01
-1.872380903363227844e+01
-1.867494481801986694e+01
-1.877302740514278412e+01
-1.874503937363624573e+01
-1.875935751199722290e+01
-1.869741758704185486e+01
-1.320220434665679932e+01
-1.866021887958049774e+01
-1.871453703939914703e+01
-1.875486807525157928e+01
-1.870316554605960846e+01
-1.872708539664745331e+01
-1.874724474549293518e+01
-1.874535998702049255e+01
-1.873391045629978180e+01
-1.872218842804431915e+01
-1.870267501473426819e+01
-1.877026776969432831e+01
-1.869855262339115143e+01
-1.870052345097064972e+01
-1.876075424253940582e+01
-1.863891592621803284e+01
-1.873763924837112427e+01
-1.876928846538066864e+01
-1.871750196814537048e+01
-1.878649039566516876e+01
-1.871085171401500702e+01
-1.870522400736808777e+01
-1.872009429335594177e+01
-1.871647626161575317e+01
-1.870162448287010193e+01
-1.873934704065322876e+01
-1.873831449449062347e+01
-1.875810469686985016e+01
-1.873875108361244202e+01
-1.877638998627662659e+01
-1.871574348211288452e+01
-1.876890388131141663e+01
-1.871976846456527710e+01
-1.870751076936721802e+01
-1.872736917436122894e+01
-1.870091198384761810e+01
-1.878394983708858490e+01
-1.869743001461029053e+01
-1.876724864542484283e+01
-1.870401534438133240e+01
-1.868326057493686676e+01
-1.880112968385219574e+01
-1.880353660881519318e+01
-1.863757392764091492e+01
-1.875915133953094482e+01
-1.868999309837818146e+01
-1.872290320694446564e+01
-1.870834203064441681e+01
-1.868152533471584320e+01
-1.873831945657730103e+01
-1.869535952806472778e+01
-1.869286715984344482e+01
-1.868577510118484497e+01
-1.872825828194618225e+01
-1.867309054732322693e+01
-1.869638219475746155e+01
-1.875405189394950867e+01
-1.871271859109401703e+01
-1.865545283257961273e+01
-1.875897732377052307e+01
-1.871682891249656677e+01
-1.867752803862094879e+01
-1.875250566005706787e+01
-1.869451029598712921e+01
-1.871788571774959564e+01
-1.868539460003376007e+01
-1.874895019829273224e+01
-1.869872097671031952e+01
-1.869216157495975494e+01
-1.878643487393856049e+01
-1.879249662160873413e+01
-1.872992321848869324e+01
-1.869290205836296082e+01
-1.879223679006099701e+01
-1.869717644155025482e+01
-1.870798406004905701e+01
-1.318898960947990417e+01
-1.877543810009956360e+01
-1.876064881682395935e+01
-1.870929600298404694e+01
-1.874427756667137146e+01
-1.875413055717945099e+01
-1.871017584204673767e+01
-1.874238529801368713e+01
-1.870326158404350281e+01
-1.873738919198513031e+01
-1.868765304982662201e+01
-1.870082111656665802e+01
-1.877026133239269257e+01
-1.873952254652976990e+01
-1.872291834652423859e+01
-1.872022309899330139e+01
-1.874183449149131775e+01
-1.870821952819824219e+01
-1.869666679203510284e+01
-1.871296668052673340e+01
-1.872756399214267731e+01
-1.870075385272502899e+01
-1.870325714349746704e+01
-1.874779325723648071e+01
-1.876446661353111267e+01
-1.876943287253379822e+01
-1.875399644672870636e+01
-1.871589767932891846e+01
-1.869938865303993225e+01
-1.875655809044837952e+01
-1.867198690772056580e+01
-1.879730410873889923e+01
-1.869968211650848389e+01
-1.869541454315185547e+01
-1.876722177863121033e+01
-1.865542007982730865e+01
-1.871668417751789093e+01
-1.872154076397418976e+01
-1.869578851759433746e+01
-1.873780897259712219e+01
-1.870807087421417236e+01
-1.869334663450717926e+01
-1.869900360703468323e+01
-1.870172843337059021e+01
-1.869617934525012970e+01
-1.876267224550247192e+01
-1.867001903057098389e+01
-1.869831234216690063e+01
-1.873056353628635406e+01
-1.870076432824134827e+01
-1.877540746331214905e+01
-1.864629103243350983e+01
-1.866665066778659821e+01
-1.865818203985691071e+01
-1.873214149475097656e+01
-1.877102296054363251e+01
-1.871952684223651886e+01
-1.877563625574111938e+01
-1.873645524680614471e+01
-1.874690489470958710e+01
-1.876146706938743591e+01
-1.873194697499275208e+01
-1.867960990965366364e+01
-1.873810166120529175e+01
-1.874141563475131989e+01
-1.871246770024299622e+01
-1.878468033671379089e+01
-1.869732627272605896e+01
-1.874197269976139069e+01
-1.875344212353229523e+01
-1.872258906066417694e+01
-1.868959863483905792e+01
-1.866460186243057251e+01
-1.874229149520397186e+01
-1.871255715191364288e+01
-1.870916323363780975e+01
-1.873907744884490967e+01
-1.864380104839801788e+01
-1.871034272015094757e+01
-1.874329511821269989e+01
-1.872402484714984894e+01
-1.868406620621681213e+01
-1.876779651641845703e+01
-1.871983231604099274e+01
-1.875101807713508606e+01
-1.875656695663928986e+01
-1.867623493075370789e+01
-1.862983413040637970e+01
-1.867716257274150848e+01
-1.870265159010887146e+01
-1.877305047214031219e+01
-1.877199618518352509e+01
-1.874692723155021667e+01
-1.872103895246982574e+01
-1.876972478628158569e+01
-1.874983820319175720e+01
-1.869083952903747559e+01
-1.869670712947845459e+01
-1.868957412242889404e+01
-1.869477464258670807e+01
-1.872058714926242828e+01
-1.942289827391505241e+00
-1.877780517935752869e+01
-1.875794637203216553e+01
-1.879852806031703949e+01
-1.873907013237476349e+01
-1.876238059997558594e+01
-1.876446829736232758e+01
-1.872862333059310913e+01
-1.868224895000457764e+01
-1.864241461455821991e+01
-1.875859969854354858e+01
-1.875030313432216644e+01
-1.872435352206230164e+01
-1.875662314891815186e+01
-1.870578607916831970e+01
-1.869293732941150665e+01
-1.871884021162986755e+01
-1.875429256260395050e+01
-1.872521166503429413e+01
-1.869701141119003296e+01
-1.876239146292209625e+01
-1.869448658823966980e+01
-1.866926355659961700e+01
-1.869233049452304840e+01
-1.870582614839076996e+01
-1.864920474588871002e+01
-1.867861887812614441e+01
-1.872881264984607697e+01
-1.869549217820167542e+01
-1.870515742897987366e+01
-1.872906993329524994e+01
-1.872075237333774567e+01
-1.866795265674591064e+01
-1.869306898117065430e+01
-1.869763439893722534e+01
-1.869567596912384033e+01
-1.873980543017387390e+01
-1.876967374980449677e+01
-1.872679057717323303e+01
-1.869897899031639099e+01
-1.868406400084495544e+01
-1.865216583013534546e+01
-1.872186335921287537e+01
-1.875177013874053955e+01
-1.880556041002273560e+01
-1.879942467808723450e+01
-1.870835255086421967e+01
-1.875754915177822113e+01
-1.876909500360488892e+01
-1.870813022553920746e+01
-1.871316285431385040e+01
-1.872474826872348785e+01
-1.873226453363895416e+01
-1.880964910984039307e+01
-1.875184884667396545e+01
-1.872221402823925018e+01
-1.870251047611236572e+01
-1.870182955265045166e+01
-1.870499885082244873e+01
-1.877161796391010284e+01
-1.870063395798206329e+01
-1.875089660286903381e+01
-1.867513881623744965e+01
-1.868300628662109375e+01
-1.871553610265254974e+01
-1.870903743803501129e+01
-1.873185884952545166e+01
-1.867966383695602417e+01
-1.877467870712280273e+01
-1.877271229028701782e+01
-9.804070048034191132e+00
-1.877877558767795563e+01
-1.871815666556358337e+01
-1.870974168181419373e+01
-1.876375912129878998e+01
-1.875552050769329071e+01
-1.873257648944854736e+01
-1.867014139890670776e+01
-1.873357549309730530e+01
-1.875127315521240234e+01
-1.873457056283950806e+01
-1.869520795345306396e+01
-1.877089662849903107e+01
-1.873275695741176605e+01
-1.870091928541660309e+01
-1.873030550777912140e+01
-1.489461508579552174e+00
-1.870330800116062164e+01
-1.876105059683322906e+01
-1.868635682761669159e+01
-1.874606561660766602e+01
-1.876758457720279694e+01
-1.869971852004528046e+01
-1.873592801392078400e+01
-1.873594263195991516e+01
-1.868137452006340027e+01
-1.874817608296871185e+01
-1.874489492177963257e+01
-1.870039898157119751e+01
-1.875099691748619080e+01
-1.871314948797225952e+01
-1.876606929302215576e+01
-1.874682807922363281e+01
-1.866846346855163574e+01
-1.876935514807701111e+01
-1.872242550551891327e+01
-1.875816212594509125e+01
-1.882183091342449188e+01
-1.870776739716529846e+01
-1.862759636342525482e+01
-1.866692391037940979e+01
-1.871976849436759949e+01
-1.873280754685401917e+01
-1.878369875252246857e+01
-1.870778018236160278e+01
-1.876797692477703094e+01
-1.875456906855106354e+01
-1.868708476424217224e+01
-1.875823390483856201e+01
-1.871755565702915192e+01
-1.874823719263076782e+01
-1.873166421055793762e+01
-1.873619514703750610e+01
-1.875613972544670105e+01
-1.874430601298809052e+01
-1.870548009872436523e+01
-1.877107460796833038e+01
-1.873976968228816986e+01
-1.875201509892940521e+01
-1.873038570582866669e+01
-1.869030237197875977e+01
-1.873866935074329376e+01
-1.869483108818531036e+01
-1.868786238133907318e+01
-1.873300711810588837e+01
-1.869390687346458435e+01
-1.871465158462524414e+01
-1.877263540029525757e+01
-1.867715403437614441e+01
-1.863329175114631653e+01
-1.872705949842929840e+01
-1.869266411662101746e+01
-1.877228353917598724e+01
-1.868519458174705505e+01
-1.872355677187442780e+01
-1.870769208669662476e+01
-1.876172000169754028e+01
-1.871665425598621368e+01
-1.873274718225002289e+01
-1.872208061814308167e+01
-1.876933543384075165e+01
-1.867906512320041656e+01
-1.871604813635349274e+01
-1.875999033451080322e+01
-1.871889781951904297e+01
-1.871212919056415558e+01
-1.876727211475372314e+01
-1.875453406572341919e+01
-1.876538769900798798e+01
-1.864691926538944244e+01
-1.871959128975868225e+01
-1.870381098985671997e+01
-1.875388677418231964e+01
-1.865681990981101990e+01
-1.869351540505886078e+01
-1.866645736992359161e+01
-1.857689189910888672e+01
-1.873709267377853394e+01
-1.874983718991279602e+01
-1.877342762053012848e+01
-1.877489738166332245e+01
-1.872929094731807709e+01
-1.872037732601165771e+01
-1.863303096592426300e+01
-1.874609479308128357e+01
-1.863090664148330688e+01
-1.869050033390522003e+01
-1.870471422374248505e+01
-1.869704125821590424e+01
-1.862442965805530548e+01
-1.876504606008529663e+01
-1.873986606299877167e+01
-1.871986818313598633e+01
-1.868711557984352112e+01
-1.868002694845199585e+01
-1.871166037023067474e+01
-1.876270146667957306e+01
-1.872811238467693329e+01
-1.873929105699062347e+01
-1.860235939919948578e+01
-1.875165432691574097e+01
-1.871164022386074066e+01
-1.870273953676223755e+01
-1.872894370555877686e+01
-1.870254249870777130e+01
-1.870590968430042267e+01
-1.870207542181015015e+01
-1.875895932316780090e+01
-1.869980004429817200e+01
-1.875908656418323517e+01
-1.874478460848331451e+01
-1.873016577959060669e+01
-1.873569475114345551e+01
-1.866802179813385010e+01
-1.876455251872539520e+01
-1.868806943297386169e+01
-1.875849564373493195e+01
-1.870354291796684265e+01
-1.877301567792892456e+01
-1.874130946397781372e+01
-1.879007740318775177e+01
-1.869564864039421082e+01
-1.877979668974876404e+01
-1.871781912446022034e+01
-1.874336999654769897e+01
-1.870432734489440918e+01
-1.177356096915900707e+00
-1.870529025793075562e+01
-1.876882623136043549e+01
-1.640233393013477325e+01
-1.868206469714641571e+01
-1.874881006777286530e+01
-1.874693863093852997e+01
-1.875482732057571411e+01
-1.869181895256042480e+01
-1.872796989977359772e+01
-1.871559411287307739e+01
-1.876348185539245605e+01
-1.869087733328342438e+01
-1.867426405847072601e+01
-1.868926726281642914e+01
-1.865599237382411957e+01
-1.875749507546424866e+01
-1.873395881056785583e+01
-1.872725971043109894e+01
-1.872851152718067169e+01
-1.875172534584999084e+01
-1.870507897436618805e+01
-1.875478936731815338e+01
-1.877065195143222809e+01
-1.876235367357730865e+01
-1.869777636229991913e+01
-1.870781604945659637e+01
-1.871391779184341431e+01
-1.870062008500099182e+01
-1.878050324320793152e+01
-1.869463381171226501e+01
-1.873051299154758453e+01
-1.869161704182624817e+01
-1.875672101974487305e+01
-1.878037674725055695e+01
-1.869022810459136963e+01
-1.875205810368061066e+01
-1.868289382755756378e+01
-1.869869594275951385e+01
-1.875391303002834320e+01
-1.871144331991672516e+01
-1.876581691205501556e+01
-1.872304788231849670e+01
-1.870255632698535919e+01
-1.875822094082832336e+01
-1.874000397324562073e+01
-1.876571911573410034e+01
-1.870120903849601746e+01
-1.439912445843219757e+01
-1.870462433993816376e+01
-1.875104071199893951e+01
-1.871126189827919006e+01
-1.870290511846542358e+01
-1.870684163272380829e+01
-1.873573811352252960e+01
-1.874594408273696899e+01
-1.873477490246295929e+01
-1.880199524760246277e+01
-1.869780395925045013e+01
-1.874213674664497375e+01
-1.868893560767173767e+01
-1.875278334319591522e+01
-1.872077660262584686e+01
-1.871200616657733917e+01
-1.871453917026519775e+01
-1.871133686602115631e+01
-1.869355227053165436e+01
-1.872008919715881348e+01
-1.868898612260818481e+01
-1.870333090424537659e+01
-1.873805810511112213e+01
-1.868914373219013214e+01
-1.873200987279415131e+01
-1.867217934131622314e+01
-1.870836211740970612e+01
-1.869393141567707062e+01
-1.873175545036792755e+01
-1.874832387268543243e+01
-1.878812284767627716e+01
-1.867604514956474304e+01
-1.868212136626243591e+01
-1.870014126598834991e+01
-1.871014130115509033e+01
-1.869739985466003418e+01
-1.874602757394313812e+01
-1.873661096394062042e+01
-1.866834402084350586e+01
-1.876878179609775543e+01
-1.860314089059829712e+01
-1.876966950297355652e+01
-1.873251144587993622e+01
-1.869511900842189789e+01
-1.877897976338863373e+01
-1.872867956757545471e+01
-1.878701905906200409e+01
-1.873562932014465332e+01
-1.871542085707187653e+01
-1.874272193014621735e+01
-1.877036373317241669e+01
-1.869534286856651306e+01
-1.876359793543815613e+01
-1.867304776608943939e+01
-1.869699245691299438e+01
-1.874807155132293701e+01
-1.874299636483192444e+01
-1.874952499568462372e+01
-1.875555452704429626e+01
-1.874662952125072479e+01
-1.880555301904678345e+01
-1.868640810251235962e+01
-1.878445029258728027e+01
-1.869098201394081116e+01
-1.870329011976718903e+01
-1.878609381616115570e+01
-1.872506389021873474e+01
-1.875362096726894379e+01
-1.872259633243083954e+01
-1.877104258537292480e+01
-1.871559745073318481e+01
-1.875582632422447205e+01
-1.875136122107505798e+01
-1.870956437289714813e+01
-1.501722725108265877e+00
-1.872540862858295441e+01
-1.873366576433181763e+01
-1.876474295556545258e+01
-1.875516235828399658e+01
-1.855660052597522736e+01
-1.871862329542636871e+01
-1.878261370956897736e+01
-1.874248473346233368e+01
-1.873809532821178436e+01
-1.876172642409801483e+01
-1.878163689374923706e+01
-1.871650126576423645e+01
-1.875274939835071564e+01
-1.871830089390277863e+01
-1.879828736186027527e+01
-1.869293694198131561e+01
-1.868675337731838226e+01
-1.873176333308219910e+01
-1.874491786956787109e+01
-1.868562072515487671e+01
-1.870584015548229218e+01
-1.870842249691486359e+01
-1.869124503433704376e+01
-1.871325379610061646e+01
-1.868611456453800201e+01
-1.871727013587951660e+01
-1.871900144219398499e+01
-1.869688218832015991e+01
-1.866045717895030975e+01
-1.870175074040889740e+01
-1.879299603402614594e+01
-1.872288803756237030e+01
-1.873030632734298706e+01
-1.871954822540283203e+01
-1.877117636799812317e+01
-1.877339626848697662e+01
-1.873896822333335876e+01
-1.869168810546398163e+01
-1.871048569679260254e+01
-1.871082693338394165e+01
-1.872528877854347229e+01
-1.866921259462833405e+01
-1.878131152689456940e+01
-1.878700420260429382e+01
-1.871101373434066772e+01
-1.872401487827301025e+01
-1.877870608866214752e+01
-1.870653460919857025e+01
-1.868360753357410431e+01
-1.873367249965667725e+01
-1.877686625719070435e+01
-1.872233295440673828e+01
-1.877883845567703247e+01
-1.866847859323024750e+01
-1.865257306396961212e+01
-1.876769886910915375e+01
-1.879797919094562531e+01
-1.872672182321548462e+01
-1.305388573091477156e+00
-1.869691453874111176e+01
-1.873812569677829742e+01
-1.876999416947364807e+01
-1.878447879850864410e+01
-1.875286665558815002e+01
-1.875243179500102997e+01
-1.871151328086853027e+01
-1.870280802249908447e+01
