-1.887049819529056549e+01
-1.888490736484527588e+01
-1.886801245808601379e+01
-1.889626638591289520e+01
-1.886770312488079071e+01
-1.883357244729995728e+01
-1.885285846889019012e+01
-1.890348392724990845e+01
-1.883700120449066162e+01
-1.890615551173686981e+01
-1.886521798372268677e+01
-1.885831569135189056e+01
-1.885485002398490906e+01
-1.885131041705608368e+01
-1.887760666012763977e+01
-1.885325056314468384e+01
-1.597342276573181152e+01
-1.134242875501513481e+00
-1.886631305515766144e+01
-1.883879779279232025e+01
-1.883387036621570587e+01
-1.887040226161479950e+01
-1.862256543338298798e+01
-1.888695153594017029e+01
-1.891704855859279633e+01
-1.889033006131649017e+01
-1.887736874818801880e+01
-1.880526286363601685e+01
-1.886749728024005890e+01
-1.885365903377532959e+01
-1.886896133422851562e+01
-1.888075236976146698e+01
-1.886085113883018494e+01
-1.887523734569549561e+01
-1.888205911219120026e+01
-1.887497434020042419e+01
-1.566998337209224701e+01
-1.887769259512424469e+01
-1.890012578666210175e+01
-1.880907335877418518e+01
-1.887628538906574249e+01
-1.888225536048412323e+01
-1.881245113909244537e+01
-1.886412598192691803e+01
-1.889313986897468567e+01
-1.887811329960823059e+01
-1.886662654578685760e+01
-1.885354779660701752e+01
-1.881811612844467163e+01
-1.156447727233171463e+00
-1.887856106460094452e+01
-1.891294276714324951e+01
-1.886250096559524536e+01
-1.885653187334537506e+01
-1.880916459858417511e+01
-1.887382298707962036e+01
-1.884966279566287994e+01
-1.887913048267364502e+01
-1.885948707163333893e+01
-1.885567669570446014e+01
-1.886484518647193909e+01
-1.883278551697731018e+01
-1.886719180643558502e+01
-1.883538629114627838e+01
-1.885770840942859650e+01
-1.887596864998340607e+01
-1.887314571440219879e+01
-1.890293616056442261e+01
-1.886492289602756500e+01
-1.888270610570907593e+01
-1.888564305007457733e+01
-1.884300769865512848e+01
-1.887304328382015228e+01
-1.885530674457550049e+01
-1.892518597841262817e+01
-1.887621779739856720e+01
-1.888201232254505157e+01
-1.887231793999671936e+01
-1.886989359557628632e+01
-1.886101099848747253e+01
-1.885717943310737610e+01
-1.885908779501914978e+01
-1.889690414071083069e+01
-1.891998374462127686e+01
-1.886741499602794647e+01
-1.886377905309200287e+01
-1.883181351423263550e+01
-1.885677281022071838e+01
-1.889192365109920502e+01
-1.887695570290088654e+01
-1.889858430624008179e+01
-1.885570406913757324e+01
-1.885776536166667938e+01
-1.889300145208835602e+01
-1.888146965205669403e+01
-1.890125845372676849e+01
-1.884309419989585876e+01
-1.885783919692039490e+01
-1.886585265398025513e+01
-1.885049076378345490e+01
-1.888545478880405426e+01
-1.888176992535591125e+01
-1.886764036118984222e+01
-1.888074922561645508e+01
-1.881103987991809845e+01
-1.882771596312522888e+01
-1.886538934707641602e+01
-1.888794770836830139e+01
-1.884013642370700836e+01
-1.884801222383975983e+01
-1.882456359267234802e+01
-1.886860032379627228e+01
-1.884384271502494812e+01
-1.888975618779659271e+01
-1.886873362958431244e+01
-1.888631306588649750e+01
-1.887080560624599457e+01
-1.885917156934738159e+01
-1.887782090902328491e+01
-1.887798810005187988e+01
-1.887417110800743103e+01
-1.885678541660308838e+01
-1.887579749524593353e+01
-1.889903368055820465e+01
-1.888075144588947296e+01
-1.887675976753234863e+01
-1.887392708659172058e+01
-1.888265603780746460e+01
-1.885389849543571472e+01
-1.888693284988403320e+01
-1.889698417484760284e+01
-1.887217131257057190e+01
-1.886146281659603119e+01
-1.885576608777046204e+01
-1.887438966333866119e+01
-1.887102386355400085e+01
-1.888181523978710175e+01
-1.890302646160125732e+01
-1.885291095077991486e+01
-1.887655863165855408e+01
-1.887072515487670898e+01
-1.884522281587123871e+01
-1.887645055353641510e+01
-1.887355296313762665e+01
-1.884136238694190979e+01
-1.887716777622699738e+01
-1.885579660534858704e+01
-1.889196105301380157e+01
-1.892074944078922272e+01
-1.885140986740589142e+01
-1.886869151890277863e+01
-1.890643382072448730e+01
-1.883473269641399384e+01
-1.886055137217044830e+01
-1.890212430059909821e+01
-1.887714569270610809e+01
-1.887090592086315155e+01
-1.885752838850021362e+01
-1.885784348845481873e+01
-1.892741873860359192e+01
-1.885295844078063965e+01
-1.883334235846996307e+01
-1.884491635859012604e+01
-1.884615722298622131e+01
-1.885934528708457947e+01
-1.885771943628787994e+01
-1.889576992392539978e+01
-1.889749504625797272e+01
-1.885582065582275391e+01
-1.888240778446197510e+01
-1.887014411389827728e+01
-1.883306150138378143e+01
-1.885297495126724243e+01
-1.886585949361324310e+01
-1.883342902362346649e+01
-1.886108584702014923e+01
-1.887527929246425629e+01
-1.885522508621215820e+01
-1.889208939671516418e+01
-1.885951180756092072e+01
-1.887790904939174652e+01
-1.884752598404884338e+01
-1.886120676994323730e+01
-1.884725984930992126e+01
-1.888659951090812683e+01
-1.883163885772228241e+01
-1.887361374497413635e+01
-1.890256735682487488e+01
-1.887585100531578064e+01
-1.885377475619316101e+01
-1.886640988290309906e+01
-1.887907719612121582e+01
-1.886668530106544495e+01
-1.885681024193763733e+01
-1.888679845631122589e+01
-1.885826200246810913e+01
-1.885493949055671692e+01
-1.889733202755451202e+01
-1.886060324311256409e+01
-1.886134885251522064e+01
-1.886445109546184540e+01
-1.888008992373943329e+01
-1.887886007130146027e+01
-1.885636146366596222e+01
-1.889506736397743225e+01
-1.885959956049919128e+01
-1.889296218752861023e+01
-1.887645721435546875e+01
-1.889793215692043304e+01
-1.887371285259723663e+01
-1.879505960643291473e+01
-1.881567533314228058e+01
-1.887328080832958221e+01
-1.887096087634563446e+01
-1.890925662219524384e+01
-1.888572713732719421e+01
-1.889216405153274536e+01
-1.889105646312236786e+01
-1.887562462687492371e+01
-1.888991887867450714e+01
-1.885586018860340118e+01
-1.568176314234733582e+01
-1.890431834757328033e+01
-1.884930248558521271e+01
-1.886695171892642975e+01
-1.885440689325332642e+01
-1.885392941534519196e+01
-1.887234802544116974e+01
-1.886017592251300812e+01
-1.889138869941234589e+01
-1.889122956991195679e+01
-1.890235216915607452e+01
-1.884879766404628754e+01
-1.885388387739658356e+01
-1.885943607985973358e+01
-1.862998154759407043e+01
-1.885769176483154297e+01
-1.885448370873928070e+01
-1.885830591619014740e+01
-1.889000084996223450e+01
-1.893087799847126007e+01
-1.889344355463981628e+01
-1.885436539351940155e+01
-1.889664471149444580e+01
-1.883167351782321930e+01
-1.886321751773357391e+01
-1.888194756209850311e+01
-1.888796147704124451e+01
-1.881790298223495483e+01
-1.892161187529563904e+01
-1.885157050192356110e+01
-1.888758292794227600e+01
-1.892590045928955078e+01
-1.888395212590694427e+01
-1.884640730917453766e+01
-1.888969974219799042e+01
-1.891316628456115723e+01
-1.884788981080055237e+01
-1.886964946985244751e+01
-1.879365012049674988e+01
-1.886333706974983215e+01
-1.888912498950958252e+01
-1.885505209863185883e+01
-1.886383077502250671e+01
-1.884769813716411591e+01
-7.940237194299697876e+00
-1.886812496185302734e+01
-1.889362500607967377e+01
-1.888143704831600189e+01
-1.885280799865722656e+01
-1.886892591416835785e+01
-1.884295301139354706e+01
-1.892309144139289856e+01
-1.888710062205791473e+01
-1.888295498490333557e+01
-1.882246510684490204e+01
-1.887873263657093048e+01
-1.885497872531414032e+01
-1.888736234605312347e+01
-1.883440782129764557e+01
-1.886966505646705627e+01
-1.886586825549602509e+01
-1.887422415614128113e+01
-1.882968935370445251e+01
-1.883481498062610626e+01
-1.889730243384838104e+01
-1.886349955201148987e+01
-1.885101459920406342e+01
-1.886394135653972626e+01
-1.884555044770240784e+01
-1.887249071896076202e+01
-1.885969258844852448e+01
-1.886235728859901428e+01
-1.887779253721237183e+01
-1.885166323184967041e+01
-1.888023751974105835e+01
-1.886873112618923187e+01
-1.886711940169334412e+01
-1.887543354928493500e+01
-1.887160420417785645e+01
-1.890444085001945496e+01
-1.887624654173851013e+01
-1.889957359433174133e+01
-1.886101695895195007e+01
-1.885685467720031738e+01
-1.887417760491371155e+01
-1.885509212315082550e+01
-1.880672851204872131e+01
-1.887244385480880737e+01
-1.886887288093566895e+01
-1.885697838664054871e+01
-1.886401392519474030e+01
-1.886137428879737854e+01
-1.887325294315814972e+01
-1.886316318809986115e+01
-1.885649853944778442e+01
-1.883127272129058838e+01
-1.884910745918750763e+01
-1.885065369307994843e+01
-1.886526562273502350e+01
-1.886403676867485046e+01
-1.888501338660717010e+01
-1.885513578355312347e+01
-1.891432228684425354e+01
-1.883432738482952118e+01
-1.885850554704666138e+01
-1.886366501450538635e+01
-1.891040605306625366e+01
-1.886473077535629272e+01
-1.888549971580505371e+01
-1.866806703805923462e+01
-1.471473454497754574e+00
-1.883446228504180908e+01
-1.882836729288101196e+01
-1.884636990725994110e+01
-1.886549614369869232e+01
-1.887200447916984558e+01
-1.888645894825458527e+01
-1.887930850684642792e+01
-1.887319694459438324e+01
-1.884831348061561584e+01
-1.888869521021842957e+01
-1.887123408913612366e+01
-1.885212132334709167e+01
-1.889789976179599762e+01
-1.885303534567356110e+01
-1.888458247482776642e+01
-1.885192121565341949e+01
-1.882875943183898926e+01
-1.883398064970970154e+01
-1.885668291151523590e+01
-1.885286481678485870e+01
-1.894763037562370300e+01
-1.889542683959007263e+01
-1.884560827910900116e+01
-1.885150668025016785e+01
-1.888681195676326752e+01
-1.886428129673004150e+01
-1.886367566883563995e+01
-1.887388862669467926e+01
-1.884813417494297028e+01
-1.887868286669254303e+01
-1.889690259099006653e+01
-1.886993803083896637e+01
-1.890325637161731720e+01
-1.884680655598640442e+01
-1.886533652245998383e+01
-1.882771724462509155e+01
-1.885694260895252228e+01
-1.884119790792465210e+01
-1.887872081995010376e+01
-1.885090988874435425e+01
-1.889269402623176575e+01
-1.886421227455139160e+01
-1.889594961702823639e+01
-1.885791930556297302e+01
-1.885732367634773254e+01
-1.892899261415004730e+01
-1.891781124472618103e+01
-1.884105202555656433e+01
-1.886929176747798920e+01
-1.889772261679172516e+01
-1.334802426397800446e+00
-1.888777592778205872e+01
-1.879120044410228729e+01
-1.885635197162628174e+01
-1.887033016979694366e+01
-1.884710159897804260e+01
-1.889657002687454224e+01
-1.886466296017169952e+01
-1.888131336867809296e+01
-1.888058602809906006e+01
-1.887494546175003052e+01
-1.887996944785118103e+01
-1.883904664218425751e+01
-1.881368467211723328e+01
-1.880115269124507904e+01
-1.605976255238056183e+01
-1.885428994894027710e+01
-1.883110406994819641e+01
-1.887657669186592102e+01
-1.887711223959922791e+01
-1.889025446772575378e+01
-1.862681223452091217e+01
-1.888899405300617218e+01
-1.886835244297981262e+01
-1.882485441863536835e+01
-1.887168452143669128e+01
-1.884106551110744476e+01
-1.885774737596511841e+01
-1.888646392524242401e+01
-1.891739849746227264e+01
-1.888963051140308380e+01
-1.886086030304431915e+01
-1.891950745880603790e+01
-1.886506627500057220e+01
-1.885237482190132141e+01
-1.887100191414356232e+01
-1.889137139916419983e+01
-1.887866067886352539e+01
-1.891451542079448700e+01
-1.890794500708580017e+01
-1.887711507081985474e+01
-1.885946056246757507e+01
-1.887969118356704712e+01
-1.892022779583930969e+01
-1.882453018426895142e+01
-1.886332505941390991e+01
-1.885310305655002594e+01
-1.886678124964237213e+01
-1.886364687979221344e+01
-1.890387597680091858e+01
-1.890641579031944275e+01
-1.889100740849971771e+01
-1.887067146599292755e+01
-1.888627602159976959e+01
-1.885434626042842865e+01
-1.889011512696743011e+01
-1.885399971902370453e+01
-1.885198466479778290e+01
-1.887295302748680115e+01
-1.886317099630832672e+01
-1.885195602476596832e+01
-1.885516294836997986e+01
-1.886100403964519501e+01
-1.884425225853919983e+01
-1.889409385621547699e+01
-1.887564188241958618e+01
-1.890515527129173279e+01
-1.884998556971549988e+01
-1.886395066976547241e+01
-1.887475569546222687e+01
-1.883922600746154785e+01
-1.884975054860115051e+01
-1.887025333940982819e+01
-1.889041274785995483e+01
-1.886025004088878632e+01
-1.892363661527633667e+01
-1.885634338855743408e+01
-1.886377002298831940e+01
-1.888191421329975128e+01
-1.891012077033519745e+01
-1.888044127821922302e+01
-1.886010359227657318e+01
-1.883965744078159332e+01
-1.891005374491214752e+01
-1.886798553168773651e+01
-1.890296687185764313e+01
-1.887058116495609283e+01
-1.885282212495803833e+01
-1.888157047331333160e+01
-1.889296561479568481e+01
-1.883673813939094543e+01
-1.882214061915874481e+01
-1.881271989643573761e+01
-1.888482825458049774e+01
-1.884695923328399658e+01
-1.888593930006027222e+01
-1.886254161596298218e+01
-1.883564716577529907e+01
-1.884664665162563324e+01
-1.891131374239921570e+01
-1.882882687449455261e+01
-1.888401970267295837e+01
-1.888522011041641235e+01
-1.887954197824001312e+01
-1.891828030347824097e+01
-1.553439153730869293e+01
-1.888172760605812073e+01
-1.889463534951210022e+01
-1.889421896636486053e+01
-1.887393388152122498e+01
-1.886415795981884003e+01
-1.889458496868610382e+01
-1.887780536711215973e+01
-1.578450994193553925e+01
-1.884705656766891479e+01
-1.885464754700660706e+01
-1.890106979012489319e+01
-1.888268037140369415e+01
-1.888011728227138519e+01
-1.886572214961051941e+01
-1.888824652135372162e+01
-1.885808306932449341e+01
-1.886740060150623322e+01
-1.888294689357280731e+01
-1.885376200079917908e+01
-1.884625716507434845e+01
-1.885055129230022430e+01
-1.892454716563224792e+01
-1.885994432866573334e+01
-1.888391841948032379e+01
-1.889348682761192322e+01
-1.888393205404281616e+01
-1.887600600719451904e+01
-1.885032942891120911e+01
-1.889443644881248474e+01
-1.885011494159698486e+01
-1.885293908417224884e+01
-1.886295530200004578e+01
-1.886600252985954285e+01
-1.886509564518928528e+01
-1.887004721164703369e+01
-1.884627930819988251e+01
-1.889077365398406982e+01
-1.882315671443939209e+01
-1.887312917411327362e+01
-1.887585273385047913e+01
-1.884758146107196808e+01
-1.885148815810680389e+01
-1.892399345338344574e+01
-1.887276890873908997e+01
-1.886555811762809753e+01
-1.889778837561607361e+01
-1.886728896200656891e+01
-1.887064838409423828e+01
-1.886343996226787567e+01
-1.888565419614315033e+01
-1.886262105405330658e+01
-1.890633958578109741e+01
-1.888305909931659698e+01
-1.880182096362113953e+01
-1.878137394785881042e+01
-1.889180780947208405e+01
-1.882811316847801208e+01
-1.884129026532173157e+01
-1.887370967864990234e+01
-1.887531425058841705e+01
-1.885355222225189209e+01
-1.889304986596107483e+01
-1.887835446000099182e+01
-1.885972283780574799e+01
-1.893391261994838715e+01
-1.883478140830993652e+01
-1.881365433335304260e+01
-1.887931063771247864e+01
-1.886853833496570587e+01
-1.891682308912277222e+01
-1.889049760997295380e+01
-1.887805846333503723e+01
-1.889471688866615295e+01
-1.887351216375827789e+01
-1.892525635659694672e+01
-1.889910025894641876e+01
-1.892018140852451324e+01
-1.889801862835884094e+01
-1.889521202445030212e+01
-1.887609943747520447e+01
-1.885587012767791748e+01
-1.887728376686573029e+01
-1.888594737648963928e+01
-1.888893814384937286e+01
-1.887455269694328308e+01
-1.887022149562835693e+01
-1.887531535327434540e+01
-1.889709013700485229e+01
-1.886309674382209778e+01
-1.889654341340065002e+01
-1.886336380243301392e+01
-1.888512772321701050e+01
-1.882639729976654053e+01
-1.884844155609607697e+01
-1.885141913592815399e+01
-1.887565051019191742e+01
-1.887159085273742676e+01
-1.885562764108181000e+01
-1.888854245841503143e+01
-1.881737518310546875e+01
-1.886907535791397095e+01
-1.888032843172550201e+01
-1.887134253978729248e+01
-1.887402094900608063e+01
-1.886105144023895264e+01
-1.885293789207935333e+01
-1.888227905333042145e+01
-1.884204427897930145e+01
-1.887012271583080292e+01
-1.886910228431224823e+01
-1.887452152371406555e+01
-1.889629614353179932e+01
-1.886206406354904175e+01
-1.884558168053627014e+01
-1.886505462229251862e+01
-1.885276941955089569e+01
-1.879053562879562378e+01
-1.886722266674041748e+01
-1.887789446115493774e+01
-1.889684964716434479e+01
-1.888171845674514771e+01
-1.885731369256973267e+01
-1.890246343612670898e+01
-1.886678196489810944e+01
-1.888406646251678467e+01
-1.881693173944950104e+01
-1.886855117976665497e+01
-1.885419718921184540e+01
-1.888719637691974640e+01
-1.888207079470157623e+01
-1.884550762176513672e+01
-1.887799561023712158e+01
-1.885580475628376007e+01
-1.888670915365219116e+01
-1.884750351309776306e+01
-1.887946514785289764e+01
-1.886359575390815735e+01
-1.884778073430061340e+01
-1.886280415952205658e+01
-1.887577757239341736e+01
-1.890501667559146881e+01
-1.888341192901134491e+01
-1.890899452567100525e+01
-1.885708904266357422e+01
-1.887144064903259277e+01
-1.889017111063003540e+01
-1.885608731210231781e+01
-1.884747527539730072e+01
-1.887331405282020569e+01
-1.886323232948780060e+01
-1.884043443202972412e+01
-1.892796282470226288e+01
-1.886736391484737396e+01
-1.887752400338649750e+01
-1.893118381500244141e+01
-1.887864667177200317e+01
-1.888862662017345428e+01
-1.889115042984485626e+01
-1.887974996864795685e+01
-1.888440802693367004e+01
-1.886384789645671844e+01
-1.883944469690322876e+01
-1.885916599631309509e+01
-1.886693058907985687e+01
-1.886048223078250885e+01
-1.886988520622253418e+01
-1.885150134563446045e+01
-1.887955661118030548e+01
-1.885407584905624390e+01
-1.884978233277797699e+01
-1.886681960523128510e+01
-1.885939325392246246e+01
-1.888609760999679565e+01
-1.886426849663257599e+01
-1.884833492338657379e+01
-1.888799352943897247e+01
-1.887241762876510620e+01
-1.892130179703235626e+01
-1.891892394423484802e+01
-1.887493865191936493e+01
-1.888784466683864594e+01
-1.887598286569118500e+01
-1.885185343027114868e+01
-1.879705730080604553e+01
-1.887976773083209991e+01
-1.888645692169666290e+01
-1.886017782986164093e+01
-1.886696384847164154e+01
-1.887407346069812775e+01
-1.883289313316345215e+01
-1.893009059131145477e+01
-1.887571863830089569e+01
-1.880526888370513916e+01
-1.888604122400283813e+01
-1.888202956318855286e+01
-1.889564517140388489e+01
-1.886918377876281738e+01
-1.887898923456668854e+01
-1.884393833577632904e+01
-1.887933601438999176e+01
-1.882723565399646759e+01
-1.889199066162109375e+01
-1.887415035068988800e+01
-1.882192298769950867e+01
-1.885500410199165344e+01
-1.890621826052665710e+01
-3.930722631514072418e+00
-1.885318954288959503e+01
-1.881149898469448090e+01
-1.885637983679771423e+01
-1.889527326822280884e+01
-1.888121068477630615e+01
-1.876490567624568939e+01
-1.888982142508029938e+01
-1.887745849788188934e+01
-1.888122802972793579e+01
-1.885262873768806458e+01
-1.886837333440780640e+01
-1.884592297673225403e+01
-1.886837528645992279e+01
-1.888105875253677368e+01
-1.887059958279132843e+01
-1.884851680696010590e+01
-1.888555832207202911e+01
-1.887204647064208984e+01
-1.887541562318801880e+01
-1.885015255212783813e+01
-1.887115044891834259e+01
-1.887229007482528687e+01
-1.889756239950656891e+01
-1.888442522287368774e+01
-1.885651269555091858e+01
-1.625054508447647095e+01
-1.886888656020164490e+01
-1.889248505234718323e+01
-1.885292778909206390e+01
-1.884831988811492920e+01
-1.886545583605766296e+01
-1.886078971624374390e+01
-1.890661557018756866e+01
-1.885994024574756622e+01
-1.887514926493167877e+01
-1.886048203706741333e+01
-1.892393159866333008e+01
-1.887903706729412079e+01
-1.888174358010292053e+01
-1.885345253348350525e+01
-1.886877134442329407e+01
-1.883568170666694641e+01
-1.886471006274223328e+01
-1.887887173891067505e+01
-1.885173350572586060e+01
-1.885830481350421906e+01
-1.889921584725379944e+01
-1.884497073292732239e+01
-1.889765629172325134e+01
-1.887545664608478546e+01
-1.885146278142929077e+01
-1.884013888239860535e+01
-1.888103923201560974e+01
-1.886484867334365845e+01
-1.889152200520038605e+01
-1.885703539848327637e+01
-1.890367950499057770e+01
-1.888330206274986267e+01
-1.887567290663719177e+01
-1.885763813555240631e+01
-1.888316893577575684e+01
-1.887183195352554321e+01
-1.891165417432785034e+01
-1.887654344737529755e+01
-1.885183955729007721e+01
-1.888558076322078705e+01
-1.889775051176548004e+01
-1.884856531023979187e+01
-1.886268080770969391e+01
-1.881793132424354553e+01
-1.887978115677833557e+01
-1.886239856481552124e+01
-1.886034609377384186e+01
-1.884424194693565369e+01
-1.888361802697181702e+01
-1.886722587049007416e+01
-1.888109938800334930e+01
-1.885804490745067596e+01
-1.887115308642387390e+01
-1.887316322326660156e+01
-1.886227540671825409e+01
-1.890263006091117859e+01
-1.885126985609531403e+01
-1.888932842016220093e+01
-1.890895809233188629e+01
-1.884050516784191132e+01
-1.887733644247055054e+01
-1.888360249996185303e+01
-1.887267380952835083e+01
-1.889536562561988831e+01
-1.886517444252967834e+01
-1.885241848230361938e+01
-1.885437072813510895e+01
-1.886990946531295776e+01
-1.889499950408935547e+01
-1.888244292140007019e+01
-1.882677429914474487e+01
-1.883880919218063354e+01
-1.889389447867870331e+01
-1.890949247777462006e+01
-1.885599780082702637e+01
-1.889834149181842804e+01
-1.893072707951068878e+01
-1.886393815279006958e+01
-1.878241343796253204e+01
