-6.130115052732435288e+00
-6.130120092977449531e+00
-6.130072786860182532e+00
-6.130118084012792679e+00
-6.130116895817991463e+00
-6.130115339794429019e+00
-6.130118537574162474e+00
-6.130126654208652326e+00
-6.130122714157550945e+00
-6.130104839612613432e+00
-6.130120721598359523e+00
-6.130106916481963708e+00
-6.130117408649311983e+00
-6.130121030339068966e+00
-6.130118156666867435e+00
-6.130111880545882741e+00
-6.130124594548760797e+00
-6.130117805096233496e+00
-6.130115666597703239e+00
-6.130124246839841362e+00
-6.130114846335345646e+00
-6.130114318517371430e+00
-6.130119711160659790e+00
-6.130115852622111561e+00
-6.130124253277244861e+00
-6.130123987739352742e+00
-6.130121646252518985e+00
-6.130114795148983831e+00
-6.130127600225023343e+00
-6.130113386519951746e+00
-6.130105058948174701e+00
-6.130125212122948142e+00
-6.130126265205035452e+00
-6.130119905275932979e+00
-6.130126193822434288e+00
-6.130097628723888192e+00
-6.130121684498590184e+00
-6.130110488273203373e+00
-6.130113313738547731e+00
-6.130099151678223279e+00
-6.130124630681166309e+00
-6.130120147519846796e+00
-6.130120161775266752e+00
-6.130122884158481611e+00
-6.130115362171636662e+00
-6.130117454125866061e+00
-6.130127900927618612e+00
-6.130128249773406424e+00
-6.130118300114190788e+00
-6.130122879672853742e+00
-6.130117783312016400e+00
-6.130127175587404054e+00
-6.130115204901812831e+00
-6.130101807433675276e+00
-6.130120760535646696e+00
-6.130111687609314686e+00
-6.130114788205901277e+00
-6.130122316410052008e+00
-6.130115716403452097e+00
-6.130113548761073616e+00
-6.130119238039696938e+00
-6.130127550071847509e+00
-6.129878469340837910e+00
-6.130121624864841579e+00
-6.130121919894008897e+00
-6.130117020826219232e+00
-6.130103003284602892e+00
-6.130119159039168153e+00
-6.130116077385537210e+00
-6.130118884620969766e+00
-6.130107667320771725e+00
-6.130118099134051590e+00
-6.130093776189823984e+00
-6.130118489905726165e+00
-6.130126470383402193e+00
-6.130123648834342021e+00
-6.130121351541674812e+00
-6.130116454380186042e+00
-6.130114003852213500e+00
-6.130116428490509861e+00
-6.130099078502098564e+00
-6.130116514970723074e+00
-6.130106122449433315e+00
-6.130119644803926349e+00
-6.130116920989166829e+00
-6.130122800517710857e+00
-6.130120923799040611e+00
-6.130122080046930932e+00
-6.130116675270983251e+00
-6.130119860397826415e+00
-6.130121545522342785e+00
-6.130124673554746551e+00
-6.130124824027006980e+00
-6.130112369912239956e+00
-6.130120602494571358e+00
-6.130112456279675825e+00
-6.130123072844071430e+00
-6.130113869701744989e+00
-6.130122183853018214e+00
-6.130123293625729275e+00
-6.130112841859954642e+00
-6.130127559157699579e+00
-6.130119151301187230e+00
-6.130129209752340103e+00
-6.130105512838781578e+00
-6.130081965395220323e+00
-6.130119115159686771e+00
-6.130119605038998998e+00
-6.130115875424962724e+00
-6.130117279528349172e+00
-6.130123036469740327e+00
-6.130105164995256928e+00
-6.130120702820931911e+00
-6.130123674802234746e+00
-6.130121084881466231e+00
-6.130121931513713207e+00
-6.130115684669362963e+00
-6.130114628096634988e+00
-6.130118906754432828e+00
-6.130102137660287553e+00
-6.130124187282490311e+00
-6.130115747600939358e+00
-6.130124125857037143e+00
-6.130116957054269733e+00
-6.130108157323775231e+00
-6.130121774951476255e+00
-6.130115582804137375e+00
-6.130116018530316069e+00
-6.130122737111378228e+00
-6.130114024284921470e+00
-6.130089420137665002e+00
-6.130102145089040278e+00
-6.130123567434566212e+00
-6.130127489717779099e+00
-6.130124896935740253e+00
-6.130127575575897936e+00
-6.130118690547533333e+00
-6.130121116742884624e+00
-6.130119115134220920e+00
-6.130125196341396077e+00
-6.130117281214552349e+00
-6.130121939817399834e+00
-6.130119225799717242e+00
-6.130123622499013436e+00
-6.130126875483256299e+00
-6.130119797364386613e+00
-6.130126749036207912e+00
-6.130116445146995829e+00
-6.130119796758663142e+00
-6.130126025484059937e+00
-6.130120017207445926e+00
-6.130118921633766149e+00
-6.130116471074870788e+00
-6.130079784299596213e+00
-6.130124710098243668e+00
-6.130089086815132760e+00
-6.130123782048030989e+00
-6.130115497466249508e+00
-6.130124209852510830e+00
-6.130104668389321887e+00
-6.130119305662447005e+00
-6.130125505422256538e+00
-6.130120928297401406e+00
-6.130119159519381355e+00
-6.130126540318087791e+00
-6.130110164323923527e+00
-6.130122113187098876e+00
-6.130128873708599713e+00
-6.130127706856001168e+00
-6.130112669532536529e+00
-6.130094989121062099e+00
-6.130115644262332353e+00
-6.130124837500261492e+00
-6.130120540408825036e+00
-6.130124834404341527e+00
-6.130120464576975792e+00
-6.130123898168676533e+00
-6.130112862108944682e+00
-6.130120731775605236e+00
-6.130120235897265957e+00
-6.130116101818202878e+00
-6.130122743590618484e+00
-6.130105919819470728e+00
-6.130115356480018818e+00
-6.130123356382682687e+00
-6.130107489303554757e+00
-6.130030932461522752e+00
-6.130125152309119585e+00
-6.130114638679515338e+00
-6.130109404508402804e+00
-6.130116258378620842e+00
-6.130122104383190162e+00
-6.130103434918055427e+00
-6.130117510649142787e+00
-6.130114384302942199e+00
-6.130124335650180001e+00
-6.130104070010929718e+00
-6.130122726708577829e+00
-6.130119986499266815e+00
-6.130121163931107731e+00
-6.130112860755616566e+00
-6.130116716503835050e+00
-6.130085083636004128e+00
-6.130117933365909266e+00
-6.130119396442751167e+00
-6.130121286658322788e+00
-6.130117289001645986e+00
-6.130106237435029470e+00
-6.130124727656948380e+00
-6.130074944263469661e+00
-6.130117028615131858e+00
-6.130114830766615341e+00
-6.130103031568069127e+00
-6.130088897780296975e+00
-6.130124458597492776e+00
-6.130128056756802835e+00
-6.130127239270223072e+00
-6.130123869113958790e+00
-6.130121209736898891e+00
-6.130118498933370574e+00
-6.130123289791299612e+00
-6.130119455558087793e+00
-6.130098573412396945e+00
-6.130108710596687160e+00
-6.130118292678162106e+00
-6.130120930800330825e+00
-6.130117680926559842e+00
-6.130104180325361085e+00
-6.130116185328006395e+00
-6.130128089738718700e+00
-6.130121940264871228e+00
-6.130120416681165807e+00
-6.130116621745401062e+00
-6.130124014674947830e+00
-6.130127764230564935e+00
-6.130122625685544335e+00
-6.130120061752677429e+00
-6.130117238262755563e+00
-6.130119816409205669e+00
-6.130124942119437037e+00
-6.130107327053337940e+00
-6.130112807155455812e+00
-6.130120276460729656e+00
-6.130122736034536501e+00
-6.130121545958900242e+00
-6.130085290711576818e+00
-6.130117939426781959e+00
-6.130119585604916210e+00
-6.130117154450999806e+00
-6.130120552226799191e+00
-6.130121400223288219e+00
-6.130126006093632895e+00
-6.130117348284329637e+00
-6.130128485458044452e+00
-6.130117806009366177e+00
-6.130128686325406306e+00
-6.130119587480294285e+00
-6.130111887399834814e+00
-6.130130271763846395e+00
-6.130119495292092324e+00
-6.130124711882672273e+00
-6.130118433715324500e+00
-6.130123190461745253e+00
-6.130125260140630417e+00
-6.130120925568917301e+00
-6.130121536220030976e+00
-6.130127797401655698e+00
-6.130122755490447162e+00
-6.130118295739521272e+00
-6.130123235740029486e+00
-6.130120536990943947e+00
-6.130112546647069394e+00
-6.130124471781527973e+00
-6.130123890885442961e+00
-6.130127455637193634e+00
-6.130054914730862947e+00
-6.130115526892041089e+00
-6.130117457258165814e+00
-6.130104095425849664e+00
-6.130120415258716093e+00
-6.130119154173371498e+00
-6.130116212654684205e+00
-6.130123412496686797e+00
-6.130124975257785991e+00
-6.130126475467477576e+00
-6.130114171068271389e+00
-6.130097380104416516e+00
-6.130116421894854284e+00
-6.130121723092088359e+00
-6.130123272088894737e+00
-6.130122888098412659e+00
-6.130110814285217202e+00
-6.130116588006785605e+00
-6.130125769175720052e+00
-6.130123738719703397e+00
-6.130104374356960761e+00
-6.130109518791869050e+00
-6.130123066697706236e+00
-6.130123336501128506e+00
-6.130127744067067397e+00
-6.130128601742399042e+00
-6.130115532727359096e+00
-6.130122430580740911e+00
-6.130118723189298180e+00
-6.130119332641697838e+00
-6.130119658175317454e+00
-6.130118655681144446e+00
-6.130113998437082046e+00
-6.130124397463077912e+00
-6.130104825120724854e+00
-6.130119812396515044e+00
-6.130120749174238881e+00
-6.130115343143188511e+00
-6.130054665192801622e+00
-6.130117595044794143e+00
-6.130120284680742770e+00
-6.130092775389130111e+00
-6.130103996760226437e+00
-6.130116914393511252e+00
-6.130117935839734855e+00
-6.130119135585118784e+00
-6.130112392242153874e+00
-6.130056892003267421e+00
-6.130115375268360367e+00
-6.130120058360262192e+00
-6.130110597792736371e+00
-6.130104866841065814e+00
-6.130119265579196508e+00
-6.130122757735080086e+00
-6.130121356591189397e+00
-6.130125622657942586e+00
-6.130118722590850666e+00
-6.130086943763672025e+00
-6.130123851895405096e+00
-6.130126786516484572e+00
-6.130126374304381898e+00
-6.130121099718962796e+00
-6.130121519967360655e+00
-6.130097195777125307e+00
-6.130121838259583456e+00
-6.130125340876475093e+00
-6.130109754880322726e+00
-6.130097985665997840e+00
-6.130116457958138199e+00
-6.130120008518133545e+00
-6.130110174084620667e+00
-6.130125303565364447e+00
-6.130113649049235391e+00
-6.130108483024741872e+00
-6.130126038500748109e+00
-6.130123989167259424e+00
-6.130123163567986921e+00
-6.130109352461659000e+00
-6.130121414367749821e+00
-6.130122116584971081e+00
-6.130111344671604456e+00
-6.130119207260577241e+00
-6.130124276967762853e+00
-6.130122947028212366e+00
-6.130124277533468558e+00
-6.130126238867887878e+00
-6.130119851319250301e+00
-6.130123956818351871e+00
-6.130122753644172917e+00
-6.130110132433401304e+00
-6.130123045388245373e+00
-6.130122077658597846e+00
-6.130124220346260699e+00
-6.130129478597154957e+00
-6.130116924457979621e+00
-6.130122166470755474e+00
-6.130129307119204896e+00
-6.130124524155689869e+00
-6.130116678128615604e+00
-6.130117272570714704e+00
-6.130129146069521084e+00
-6.130122937578562414e+00
-6.130115940128234797e+00
-6.130123021659528604e+00
-6.130117216702274163e+00
-6.130120764022649382e+00
-6.130119115894558490e+00
-6.130119678327901056e+00
-6.130109743422508473e+00
-6.130118813909575692e+00
-6.130116884583912906e+00
-6.130123448081576498e+00
-6.130109797903060098e+00
-6.130114058360049967e+00
-6.130130250743604847e+00
-6.130110513042382081e+00
-6.130117851173054078e+00
-6.130123305476445239e+00
-6.130121298972881050e+00
-6.130118835675602895e+00
-6.130119185863804887e+00
-6.130121115395013476e+00
-6.130121340231198701e+00
-6.130117565617183573e+00
-6.130117357099152287e+00
-6.130104404226585757e+00
-6.130114014258651878e+00
-6.130122969139847555e+00
-6.130117035512739676e+00
-6.130102673854707973e+00
-6.130114042831337429e+00
-6.130122418455357547e+00
-6.130126556548930239e+00
-6.130127089436427923e+00
-6.130122210097397328e+00
-6.130110813463033992e+00
-6.130114647459777188e+00
-6.130122414811921772e+00
-6.130117082395372563e+00
-6.130104368703541695e+00
-6.130115406829645508e+00
-6.130122914160892833e+00
-6.130116998769153724e+00
-6.130113404689836898e+00
-6.130119022251165006e+00
-6.130108437972012325e+00
-6.130113580187753541e+00
-6.130128005488586496e+00
-6.130127160031406675e+00
-6.130120170437294291e+00
-6.130049966046499321e+00
-6.130121203124872409e+00
-6.130118024273542687e+00
-6.130106714299472515e+00
-6.130122514025060809e+00
-6.130127389362314716e+00
-6.130122848564496962e+00
-6.130116976102726767e+00
-6.130122264363308204e+00
-6.130122097818457405e+00
-6.130118687769936514e+00
-6.130118864792166278e+00
-6.130118825059980736e+00
-6.130111407559525105e+00
-6.130103321193018928e+00
-6.130126187774294522e+00
-6.130122593087435234e+00
-6.130121035072079394e+00
-6.130125877190948813e+00
-6.130115113493957324e+00
-6.130131045872985851e+00
-6.130110921081723063e+00
-6.130122323105752002e+00
-6.130099690710267168e+00
-6.130120601641465328e+00
-6.130112570646815584e+00
-6.130111558655698900e+00
-6.130111066066092462e+00
-6.130124100347529748e+00
-6.130125791891259723e+00
-6.130123788927448913e+00
-6.130120139290738734e+00
-6.130123748027472175e+00
-6.130123543940499076e+00
-6.130116333331898204e+00
-6.130087599365651840e+00
-6.130118886252603261e+00
-6.130119303388710250e+00
-6.130117652006447315e+00
-6.130122826634760713e+00
-6.130120370118675055e+00
-6.130123071679918212e+00
-6.130120702147905831e+00
-6.130118687693538959e+00
-6.130127559736138210e+00
-6.130126244683197001e+00
-6.130111206854053307e+00
-6.130122785200001090e+00
-6.130121163057992817e+00
-6.130116533015097957e+00
-6.130112606881084503e+00
-6.130119873552757781e+00
-6.130115921716424054e+00
-6.130122613079947769e+00
-6.130119569073940511e+00
-6.130112696782816784e+00
-6.130111333088279935e+00
-6.130121683709148783e+00
-6.130115656800626311e+00
-6.130118651108205086e+00
-6.130115556603414007e+00
-6.130121190495628980e+00
-6.130116881386129535e+00
-6.130120008408994181e+00
-6.130119242483488051e+00
-6.130105375576022197e+00
-6.130118688393849880e+00
-6.130121285399582121e+00
-6.130115976524393773e+00
-6.130122679036503541e+00
-6.130121729971506284e+00
-6.130113707815326052e+00
-6.130100867465444026e+00
-6.130120701835039654e+00
-6.130101548329548677e+00
-6.130123437720612856e+00
-6.130127510454258299e+00
-6.130102326891574194e+00
-6.130124046469063614e+00
-6.130093541811220348e+00
-6.130126756443132763e+00
-6.130123492477650871e+00
-6.130120401105159544e+00
-6.130118651426528231e+00
-6.130119534436744289e+00
-6.130121081207107636e+00
-6.130114676578159560e+00
-6.130121416237670928e+00
-6.130115073092383682e+00
-6.130116215867019491e+00
-6.130121093428897439e+00
-6.130123344675666885e+00
-6.130128963632159866e+00
-6.130101904178445693e+00
-6.130126311521962634e+00
-6.130100442678667605e+00
-6.130112327102324343e+00
-6.130108451847263495e+00
-6.130121818892803276e+00
-6.130124150326082599e+00
-6.130111723145091673e+00
-6.130121237876664964e+00
-6.130092367067845771e+00
-6.130112283866765210e+00
-6.130112205537443515e+00
-6.130117409828017117e+00
-6.130128057939145947e+00
-6.130126138250489021e+00
-6.130121004345710389e+00
-6.130111314556415891e+00
-6.130126181151354103e+00
-6.130123278018800193e+00
-6.130117736525789951e+00
-6.130119450317579322e+00
-6.130113327481012675e+00
-6.130118245158882928e+00
-6.130117208394949557e+00
-6.130120996393088717e+00
-6.130103455203425256e+00
-6.130116566700962721e+00
-6.130129475408466533e+00
-6.130126694006321486e+00
-6.130110497559144278e+00
-6.130118550192491966e+00
-6.130114001023684978e+00
-6.130107018578200950e+00
-6.130083149848360335e+00
-6.130116432768772938e+00
-6.130122701255459106e+00
-6.130122008164107683e+00
-6.130118221324664773e+00
-6.130123455950524658e+00
-6.130108163115437492e+00
-6.130119295998156304e+00
-6.130125128212966956e+00
-6.130112915636345861e+00
-6.130125281337313936e+00
-6.130119018085679272e+00
-6.130123320743223303e+00
-6.130115690268212347e+00
-6.130123864812048851e+00
-6.130126496806042269e+00
-6.130122331176607986e+00
-6.130104148454847746e+00
-6.130101837048641755e+00
-6.130127506963617634e+00
-6.130123853603436146e+00
-6.130120942783833016e+00
-6.130118862625749898e+00
-6.130112164135425701e+00
-6.130124281698954292e+00
-6.130120269228427787e+00
-6.130121552047057776e+00
-6.130126110223500291e+00
-6.130114170196975465e+00
-6.130124561634147540e+00
-6.130116818736496498e+00
-6.130125519497596542e+00
-6.130122210648551118e+00
-6.130114757295814343e+00
-6.130121797721585608e+00
-6.130115919853778905e+00
-6.130126109852426453e+00
-6.130112970242407755e+00
-6.130118313913044403e+00
-6.130127046983034234e+00
-6.130115708305311273e+00
-6.130123658844240708e+00
-6.130116655363963218e+00
-6.130110398167744279e+00
-6.130121732114275801e+00
-6.130123315560922492e+00
-6.130111275388117065e+00
-6.130124332388732000e+00
-6.130118469225635636e+00
-6.130121451205923222e+00
-6.130119598856254015e+00
-6.130114245641379966e+00
-6.130084079835796729e+00
-6.130127366746819462e+00
-6.130122016777022509e+00
-6.130119041357829701e+00
-6.130121547048474895e+00
-6.130121240399603266e+00
-6.130114136736665387e+00
-6.130123564449604601e+00
-6.130120788509884733e+00
-6.130123325710883364e+00
-6.130117379041621462e+00
-6.130115950849358342e+00
-6.130120047448144760e+00
-6.130115057318107574e+00
-6.130123245600771043e+00
-6.130112806973556872e+00
-6.130122132344695274e+00
-6.130123035027281730e+00
-6.130127045271365205e+00
-6.130122295484397910e+00
-6.130124188299305388e+00
-6.130126512174683739e+00
-6.130116869462653995e+00
-6.130121268555740244e+00
-6.130119688248669263e+00
-6.130121638392665773e+00
-6.130126044894495863e+00
-6.130117280454214779e+00
-6.130119001743878471e+00
-6.130128459277329966e+00
-6.130113015547976829e+00
-6.130127253789396491e+00
-6.130118513921843260e+00
-6.130117579987199861e+00
-6.130124160843479331e+00
-6.130098690153317875e+00
-6.130111704240334802e+00
-6.130127444994286634e+00
-6.130115306337756920e+00
-6.130123211469253874e+00
-6.130117819087899989e+00
-6.130116351027027122e+00
-6.130119973824548651e+00
-6.130123555632962962e+00
-6.130129987081090803e+00
-6.130115834535899921e+00
-6.130116646692840732e+00
-6.130082971865704167e+00
-6.130124024854012532e+00
-6.130090108432341367e+00
-6.130130745219503297e+00
-6.130123972900037188e+00
-6.130116503614772228e+00
-6.130123685996295535e+00
-6.130079569746158086e+00
-6.130129677772856667e+00
-6.130118611634316039e+00
-6.130117421867907979e+00
-6.130123134063978796e+00
-6.130118894041515887e+00
-6.130117653199704364e+00
-6.130116828644531779e+00
-6.130115323419886408e+00
-6.130119720710354159e+00
-6.130124280494783306e+00
-6.130122712298543775e+00
-6.130116914515383542e+00
-6.130123915259900969e+00
-6.130124129254909349e+00
-6.130121089721797034e+00
-6.130123598781210603e+00
-6.130125691932335030e+00
-6.130100007303553866e+00
-6.130128254886585637e+00
-6.130120799840369727e+00
-6.130110203828735393e+00
-6.130117106882607914e+00
-6.130104084595586755e+00
-6.130123517854372039e+00
-6.130118988665344659e+00
-6.130126267007653951e+00
-6.130119374305650126e+00
-6.130116578768138424e+00
-6.130119995188579196e+00
-6.130122048001794610e+00
-6.130118743252751301e+00
-6.130116111562529113e+00
-6.130120083580550272e+00
-6.130124571945998468e+00
-6.130123751510836883e+00
-6.130121580472405185e+00
-6.130120866862853291e+00
-6.130121363572470727e+00
-6.130116522328535211e+00
-6.130121856049299822e+00
-6.130124914312546025e+00
-6.130102985478515620e+00
-6.130121932495967485e+00
-6.130125802510519861e+00
-6.130122721515363082e+00
-6.130122839847899741e+00
-6.130118133844007389e+00
-6.130121484256960684e+00
-6.130117122120282147e+00
-6.130119332859976566e+00
-6.130098001784062944e+00
-6.130124815223098267e+00
-6.130115738831591443e+00
-6.130126383255628753e+00
-6.130094069700135151e+00
-6.130113440845889272e+00
-6.130093011715871398e+00
-6.130098737359730876e+00
-6.130117428912853939e+00
-6.130110033333039610e+00
-6.130119875459058676e+00
-6.130119851284689503e+00
-6.130125902422150830e+00
-6.130125005052832421e+00
-6.130112864813781925e+00
-6.130109898091177456e+00
-6.130099908363263239e+00
-6.130117860873724567e+00
-6.130127325344801648e+00
-6.130124101588080521e+00
-6.130124763472849736e+00
-6.130116249683851493e+00
-6.130108414128699224e+00
-6.130112150704007945e+00
-6.130123016053403262e+00
-6.130124691504533985e+00
-6.130113875551614910e+00
-6.130122308381032781e+00
-6.130117241154948715e+00
-6.130119506615301361e+00
-6.130127726975842961e+00
-6.130106538032123353e+00
-6.130120023028212017e+00
-6.130111694952574908e+00
-6.130112022130560945e+00
-6.130119985697092488e+00
-6.130114119772770209e+00
-6.130115291414767853e+00
-6.130111033471621340e+00
-6.130105837310111383e+00
-6.130125162582771736e+00
-6.130123167156853015e+00
-6.130117333255839185e+00
-6.130111673264764249e+00
-6.130125716887050658e+00
-6.130121246500493726e+00
-6.130119820463733049e+00
-6.130118713814226794e+00
-6.130124605322635034e+00
-6.130118898234286462e+00
-6.130116100825034664e+00
-6.130119914456372499e+00
-6.130120930505654542e+00
-6.130096972858154913e+00
-6.130125694113303325e+00
-6.130088783565952326e+00
-6.130118199820572045e+00
-6.130115908621519338e+00
-6.130121654992763069e+00
-6.130121998845424969e+00
-6.130111424283313681e+00
-6.130122512182424543e+00
-6.130113260236612405e+00
-6.130112869021104416e+00
-6.130125890682393219e+00
-6.130115528560054372e+00
-6.130116988128065714e+00
-6.130126074876898201e+00
-6.130116259702845127e+00
-6.130116853391882614e+00
-6.130119980900417431e+00
-6.130112548809847794e+00
-6.130093141468023532e+00
-6.130118198288982967e+00
-6.130121129661347368e+00
-6.130122221684359829e+00
-6.130111771975862212e+00
-6.130118536357258563e+00
-6.130116164222272346e+00
-6.130120065181472455e+00
-6.130114438554301159e+00
-6.130119485718751093e+00
-6.130116926431583124e+00
-6.130120776058902266e+00
-6.130093025245514582e+00
-6.130124145784066059e+00
-6.130113976763823302e+00
-6.130110418924232363e+00
-6.130123178692883812e+00
-6.130122529664731701e+00
-6.130123897168232361e+00
-6.130126101908899727e+00
