-5.861495738759913365e+00
-5.722691765957279131e+00
-5.812903677763642918e+00
-5.826989774493995355e+00
-5.775516734473058023e+00
-5.859053516486710578e+00
-5.805899162568948668e+00
-5.814972546439946655e+00
-5.811104816886654589e+00
-5.736022634053369984e+00
-5.811538783843388956e+00
-5.857996178297526058e+00
-5.608887808863073587e+00
-5.803939669724059058e+00
-5.805242388989427127e+00
-5.804001739098538337e+00
-5.811518384886767308e+00
-5.805494347698299862e+00
-5.768359202658757567e+00
-5.847442557036629296e+00
-5.804134141128997726e+00
-5.811584643775745462e+00
-5.832699123369820882e+00
-5.804734371393806214e+00
-5.805677512016018227e+00
-5.811380890529790122e+00
-5.857587022663210519e+00
-5.724124030050006695e+00
-5.791029090916708810e+00
-5.826763948309235275e+00
-5.852603489139255544e+00
-5.815669538991969034e+00
-5.801497078904048976e+00
-5.751415908816852607e+00
-5.805496205093220397e+00
-5.845391372151425458e+00
-5.818369405703606390e+00
-5.830046052826219238e+00
-5.788499643504110281e+00
-5.817525260807087761e+00
-5.848316065916151274e+00
-5.806117953234206652e+00
-5.833594327501486987e+00
-5.836900272410275647e+00
-5.825639794129529037e+00
-5.356078003998845816e+00
-5.802914388818866342e+00
-5.826897116727195680e+00
-5.821836319588328479e+00
-5.366994655574671924e+00
-5.863363115681181625e+00
-5.859088911797016408e+00
-5.801724066868132468e+00
-5.783208911423571408e+00
-5.802211172818715568e+00
-5.747343948474735953e+00
-5.814796641193424875e+00
-5.800324270068131227e+00
-5.856502727163388045e+00
-5.819334609353973065e+00
-5.806025714168185914e+00
-5.805369108656634580e+00
-5.717696251755114645e+00
-5.731347769846422580e+00
-5.813228174274627236e+00
-5.803375100978705348e+00
-5.805253294240628748e+00
-5.813906226322160364e+00
-5.852767716124617436e+00
-5.835474317358148255e+00
-5.726000049394553315e+00
-5.802271425804065075e+00
-5.712795966917497026e+00
-5.844327920976866153e+00
-5.766486528467794415e+00
-5.597444468992762268e+00
-5.806131538265425718e+00
-5.801705224948431550e+00
-5.803076620009505859e+00
-5.797312866423453670e+00
-5.802550827128015953e+00
-5.842695811439625686e+00
-5.796805238930303972e+00
-5.859154495676648366e+00
-5.845082765765255317e+00
-5.800128905410211644e+00
-5.848360303996742005e+00
-5.810130428319098428e+00
-5.855597063775348943e+00
-5.806887797218223568e+00
-5.805519400897338755e+00
-5.805209374055834814e+00
-5.787709286894823890e+00
-5.848906933324542479e+00
-5.795738636017631507e+00
-5.597366281261201948e+00
-5.857137762940510584e+00
-5.732323711299613933e+00
-5.788418529438786209e+00
-5.357987451250664890e+00
-5.731227546415539109e+00
-5.783166944431286538e+00
-5.804987749168390998e+00
-5.848882916698130430e+00
-5.863125455469059943e+00
-5.815767473701271228e+00
-5.863627189388779470e+00
-5.807513548503016487e+00
-5.198724288959056139e+00
-5.805067723899810517e+00
-5.857616826107459929e+00
-5.808306370819934727e+00
-5.673417303594760597e+00
-5.761179622691997793e+00
-5.842419781167336623e+00
-5.798861807589219097e+00
-5.804624145181268347e+00
-5.720632025680970401e+00
-5.847215811832484178e+00
-5.810956604192597297e+00
-5.820253911539111868e+00
-5.805771291170913173e+00
-5.844212338879515301e+00
-5.848899032982444623e+00
-5.857158481100668723e+00
-5.792437319505900462e+00
-5.729986060702685791e+00
-5.802282667809048888e+00
-5.806018764855252812e+00
-5.857519651640359371e+00
-5.816491612319623528e+00
-5.730057905282592401e+00
-5.801090036367000380e+00
-5.773213166488858406e+00
-5.805422700411781989e+00
-5.807635294129315007e+00
-5.812296392145981372e+00
-5.826291855388262775e+00
-5.813970579032684327e+00
-5.803922434912266226e+00
-5.831377943722145574e+00
-5.745412494346965104e+00
-5.755918034089518187e+00
-5.827561952792166267e+00
-5.720176348084351048e+00
-5.808285035178414546e+00
-5.861718263419334107e+00
-5.806238297262098058e+00
-5.774838997014740016e+00
-5.844870388506933523e+00
-5.786038014950463548e+00
-5.845883320576831466e+00
-5.832878220175189199e+00
-5.837278824288659962e+00
-5.802621678594675814e+00
-5.732221334084897535e+00
-5.800109530493500642e+00
-5.863304803407402233e+00
-5.844931903331598733e+00
-5.538395374693209305e+00
-5.802317473917355528e+00
-5.802643642025316240e+00
-5.725599782299468643e+00
-5.829042612451303285e+00
-5.844329373830987606e+00
-5.805468438245441121e+00
-5.809704932586328141e+00
-5.772310922031465452e+00
-5.831917122975937673e+00
-5.833484789639442170e+00
-5.837372210353350965e+00
-5.825239835983666126e+00
-5.851708338223943429e+00
-5.832468792881627451e+00
-5.801308401900541867e+00
-5.803063690269794961e+00
-5.812128471135110885e+00
-5.847744528584371437e+00
-5.836015803888585651e+00
-5.808770023711986141e+00
-5.832438618275773479e+00
-5.807503053634718526e+00
-5.810667112091323361e+00
-5.798404549263068475e+00
-5.843730361322741373e+00
-5.499779180332552642e+00
-5.811702506754613751e+00
-5.824183501645165961e+00
-5.825249075120154885e+00
-5.800814257036151389e+00
-5.807577927057153033e+00
-5.810568199283807189e+00
-5.798657573621539996e+00
-5.803854310983297182e+00
-5.813724006730240035e+00
-5.609225037798751146e+00
-5.673870791652007028e+00
-5.717961973481578752e+00
-5.805431430560929584e+00
-5.726211251899034238e+00
-5.781561148760374635e+00
-5.857282246179693175e+00
-5.809469043947046885e+00
-5.823305248976112125e+00
-5.817908960130807827e+00
-5.786006258458655793e+00
-5.854146334479082725e+00
-5.830531809810054256e+00
-5.804768592147866002e+00
-5.760612382364342920e+00
-5.810563305120012956e+00
-5.366441919759381562e+00
-5.740680342656560242e+00
-5.287726013048086315e+00
-5.811607751365045260e+00
-5.816873181342998578e+00
-5.795048006054784651e+00
-5.809383140649515553e+00
-5.863223996534657090e+00
-5.183121424750424922e+00
-5.354912136686834856e+00
-5.848419736172218109e+00
-5.775068855102290399e+00
-5.843192474603711162e+00
-5.795780287982779555e+00
-5.806315349514932223e+00
-5.859595995879317343e+00
-5.813522339512928738e+00
-5.858847132866117136e+00
-5.817125616785688180e+00
-5.848925081511879398e+00
-5.788317756002470560e+00
-5.736627073405543342e+00
-5.826768079645262333e+00
-5.856148825683249015e+00
-5.751225222338689491e+00
-5.838050267895596335e+00
-5.802695830946390743e+00
-5.609077779226936400e+00
-5.854062824346328853e+00
-5.811349877803877462e+00
-5.826428519745604717e+00
-5.808496280852978089e+00
-5.558887032384518534e+00
-5.728988613933324814e+00
-5.811280800930688883e+00
-5.803519279196052594e+00
-5.816162201255792752e+00
-5.735293608435313217e+00
-5.855097149345965590e+00
-5.829574829927878454e+00
-5.863400075690918811e+00
-5.295813160395482555e+00
-5.726175586402043827e+00
-5.561150151770561934e+00
-5.857844444836246112e+00
-5.802012974066087736e+00
-5.804132580570239952e+00
-5.820745951808930840e+00
-5.804098763091133151e+00
-5.628795235883444548e+00
-5.835107969627642888e+00
-4.845545390387997031e+00
-5.811060342758082697e+00
-5.597348891489673406e+00
-5.358017087855841964e+00
-5.862933080475045244e+00
-5.814730332192880269e+00
-5.609239491575863212e+00
-5.760412850373541005e+00
-5.848895684171111498e+00
-5.801291617443894211e+00
-5.842361578634154284e+00
-5.770544644194160355e+00
-5.824705060826090630e+00
-5.811489321010412823e+00
-5.726135214881081126e+00
-5.737228318874258548e+00
-5.851858088290100568e+00
-5.840066342156205792e+00
-5.801067308721030713e+00
-5.824371531285578385e+00
-5.862046593367267633e+00
-5.842406985451816581e+00
-5.792870496787145385e+00
-5.355013095657341182e+00
-5.802779747227653218e+00
-5.800438349089532153e+00
-5.806879718245909316e+00
-5.850493606719282980e+00
-5.725857705126895070e+00
-5.426427550206426531e+00
-5.726048900745809078e+00
-5.804432390404826947e+00
-5.860982102836715057e+00
-5.804790484776688686e+00
-5.837690682034008205e+00
-5.813445949981542071e+00
-5.803875726986916561e+00
-5.806535803549195407e+00
-5.807908923688614777e+00
-5.811267196613698616e+00
-5.804042059836110212e+00
-5.782095561713504139e+00
-5.832498009124435612e+00
-5.184969071313389577e+00
-5.810017108706233557e+00
-5.857267170554223412e+00
-5.837665308499708772e+00
-5.807497479556332109e+00
-5.807555666586267762e+00
-5.799591567698371364e+00
-5.785247810214059427e+00
-5.609144339105114341e+00
-5.806338564471843711e+00
-5.846634834637370659e+00
-5.824456855418247869e+00
-5.810915902700799052e+00
-5.847181809953326592e+00
-5.807104978794995986e+00
-5.826107773122203071e+00
-5.720663380008772947e+00
-5.806005317857852788e+00
-5.846890292714306270e+00
-5.722769078088958850e+00
-5.843435933034925256e+00
-5.827936846504599089e+00
-5.799466767770354636e+00
-5.725704961462120934e+00
-5.807670563539772957e+00
-5.732146757669397630e+00
-5.803955155078710959e+00
-5.718452002067351714e+00
-5.847521448049519677e+00
-5.607766759552760050e+00
-5.811299461631278973e+00
-5.807452374499234793e+00
-5.768156557576730847e+00
-5.732557825720505207e+00
-5.794228827515325975e+00
-5.805419338717911160e+00
-5.806372282390697137e+00
-5.168196160695515573e+00
-5.808556219299134682e+00
-5.726159788409187712e+00
-5.836809030341100879e+00
-5.786318884092906956e+00
-5.725963319522477946e+00
-5.808743428304296685e+00
-5.810380313095095062e+00
-5.828576798787253210e+00
-5.804774217382941970e+00
-5.803759406907374796e+00
-5.804779391105512332e+00
-5.837455130701528105e+00
-5.810610610918047314e+00
-5.838007836882752599e+00
-5.823598606923042098e+00
-5.775192748944391496e+00
-5.847394108699518256e+00
-5.803904114326087438e+00
-5.808122952082701573e+00
-5.793845079197126324e+00
-5.786247747506422456e+00
-5.801990887825070331e+00
-5.804671254715913165e+00
-5.810220284496608656e+00
-5.803588930491969222e+00
-5.802825896475383161e+00
-5.804241453893610014e+00
-5.726010825640514668e+00
-5.811007536780493865e+00
-5.809315978559425275e+00
-5.677136000420432538e+00
-5.861610912922742500e+00
-5.814993237079761457e+00
-5.808323790415499843e+00
-5.629572647740133107e+00
-5.553855290112551302e+00
-5.805482691238125881e+00
-5.805201798349571618e+00
-5.717642139992676675e+00
-5.800659940492408850e+00
-5.829537951260135742e+00
-5.821400518934751744e+00
-5.854796166354162779e+00
-5.803078448545420542e+00
-5.804973139810980065e+00
-5.267215290048625320e+00
-5.563604574446799234e+00
-5.804493602503612237e+00
-5.853067809397543897e+00
-5.521562951151281595e+00
-5.804504848645592574e+00
-5.808983534803019211e+00
-5.563376567675732076e+00
-5.718400245226803236e+00
-5.863385517577171413e+00
-5.800928080221865457e+00
-5.801111845400328093e+00
-5.776337989937019302e+00
-5.802068716051671515e+00
-5.804541278074523802e+00
-5.807636202465744191e+00
-5.823720485614103382e+00
-5.810207702211471315e+00
-5.851263194224884501e+00
-5.799146280063723680e+00
-5.806308077789253730e+00
-5.806072558908908832e+00
-5.811937103240325087e+00
-5.807360581098690133e+00
-5.804069493824044912e+00
-5.857658581865507585e+00
-5.775532069295877591e+00
-5.804932463909864282e+00
-5.798757802935142536e+00
-5.805658547762406307e+00
-5.805230818391464709e+00
-5.806912649227342627e+00
-5.815009105061108130e+00
-5.805133923560333642e+00
-5.807497657078613429e+00
-5.835038991986948531e+00
-5.815435589756816626e+00
-5.853512655074155191e+00
-5.806198628035815545e+00
-5.767139324460003991e+00
-5.824646292934630765e+00
-5.805113433874339535e+00
-5.819432799742344287e+00
-5.818079936792855733e+00
-5.671773231093538925e+00
-5.816634739670007548e+00
-5.500076133816037327e+00
-5.855112898985680658e+00
-5.766898880144253781e+00
-5.805157983348067319e+00
-5.804347907434419085e+00
-5.849534077611679095e+00
-5.736723756097489968e+00
-5.845329586036314140e+00
-5.607466776855289936e+00
-5.794522042065523237e+00
-5.802126465925539378e+00
-4.688809805898927152e+00
-5.810197951787813508e+00
-5.828567686905444134e+00
-5.827266325564778526e+00
-5.800540249760160805e+00
-5.800782906502490732e+00
-5.790912045442382805e+00
-5.784168588812462986e+00
-5.807263770230633781e+00
-5.786202620609401492e+00
-5.808984068941754231e+00
-5.800878713984275237e+00
-5.837400545678974595e+00
-5.808493547913318622e+00
-5.726117663695582394e+00
-5.841165695352174225e+00
-5.811728055438834417e+00
-5.809312040950317169e+00
-5.776887190917477710e+00
-5.807170536243575043e+00
-5.809074793090985622e+00
-5.809490273904202695e+00
-5.673974703211570159e+00
-5.823877175833331421e+00
-5.787365162272180896e+00
-5.357493679301114753e+00
-5.816751694830600172e+00
-5.787864210375119001e+00
-5.830085208276614139e+00
-5.863103029494823204e+00
-5.800097813026098947e+00
-5.736706858646357432e+00
-5.726174768686606242e+00
-5.806588280387131817e+00
-5.804486768876927272e+00
-5.821418536830606172e+00
-5.849460695757443318e+00
-5.752187373938795645e+00
-5.807376347485842416e+00
-5.165568689350038767e+00
-5.863312547097820016e+00
-5.811172604834176525e+00
-5.767939071096407133e+00
-5.800839847863244358e+00
-5.727936083501504072e+00
-5.724477488925913349e+00
-5.804489501502530402e+00
-5.634984172473195940e+00
-5.726857364688157759e+00
-5.804369152223330275e+00
-5.813999509025961743e+00
-5.764765351297683083e+00
-5.806530479764681729e+00
-5.848111989300377900e+00
-5.811523401084173202e+00
-5.838375631516100839e+00
-5.822056159435305744e+00
-4.862437221105210483e+00
-5.791904655401594937e+00
-5.812385609715420287e+00
-5.831655324265739182e+00
-5.810908214465598576e+00
-5.807719582744539366e+00
-5.827712657726806356e+00
-5.832370854011969641e+00
-5.669050628872355446e+00
-5.855500009141451301e+00
-5.725365068573381677e+00
-5.840984909990766027e+00
-5.818937380525312619e+00
-5.800954216490936233e+00
-5.832457162508944748e+00
-5.819096757615625393e+00
-5.674092415836639702e+00
-5.811409552639815956e+00
-5.629504994838498533e+00
-5.862736314074481925e+00
-5.806636129338471619e+00
-5.824888536255457439e+00
-5.808087486559088575e+00
-5.848617692421612446e+00
-5.197734303656034172e+00
-5.798924608709228323e+00
-5.805492407018618906e+00
-5.726195171923940563e+00
-5.720706417361725471e+00
-5.809594137612748455e+00
-5.720688739267643541e+00
-5.858918579400778981e+00
-5.811178248153282766e+00
-5.788051242037909105e+00
-5.607869198283879086e+00
-5.839618138472360442e+00
-5.843080452679714654e+00
-5.824895059159644006e+00
-5.798313285593394539e+00
-5.801421094856777927e+00
-5.751092269651053357e+00
-5.839365121843002271e+00
-5.834207332724872686e+00
-5.813703272132443090e+00
-5.826174268258910161e+00
-5.806737195086611791e+00
-5.862554122350275065e+00
-5.672180820751236752e+00
-5.812019442844643891e+00
-5.805359867051720357e+00
-5.775387746616615914e+00
-5.813179341229442798e+00
-5.814342738973209634e+00
-5.807130136292016687e+00
-5.629559753288049251e+00
-5.787662735731828434e+00
-5.803721634896874093e+00
-5.811339851621141861e+00
-5.799675905453113955e+00
-5.857747558042774472e+00
-5.809977492388952669e+00
-5.828031701632426120e+00
-5.717420846631284803e+00
-5.563334610080346465e+00
-5.799657706829748349e+00
-5.170923432800918818e+00
-5.807861533068262361e+00
-5.835626510248403065e+00
-5.861694427558177267e+00
-5.811918897167913656e+00
-5.810391028924641432e+00
-5.849715929127341951e+00
-5.810579426336062170e+00
-5.787281189666828141e+00
-5.815329825476510450e+00
-5.805144634573480289e+00
-5.810676652172389822e+00
-5.755137185952662549e+00
-5.725584476565956038e+00
-5.804242000616056885e+00
-5.807212624953535851e+00
-5.815475046856590779e+00
-5.720363985470612533e+00
-5.756080418019337230e+00
-5.805175665511171701e+00
-5.803001762606612601e+00
-5.802696550337714143e+00
-5.799544259546564717e+00
-5.726094891010269805e+00
-5.760259307120577432e+00
-5.725372610569365861e+00
-5.805193023376773453e+00
-5.845729655133254710e+00
-5.813791839201257972e+00
-5.817717709768430723e+00
-5.775393342337338254e+00
-5.118536762893199921e+00
-5.804354275492642046e+00
-5.797473445737551856e+00
-5.724371094482989974e+00
-5.798694894352593110e+00
-5.825669800113246311e+00
-5.835128798251389526e+00
-5.636067584739066660e+00
-5.736861464887624606e+00
-5.804914510709338060e+00
-5.846752559691594797e+00
-5.832853057436295785e+00
-5.803071677469205270e+00
-5.810365531961906527e+00
-5.186190779459138867e+00
-5.758100364277197514e+00
-5.788927253728616051e+00
-5.805260072580793462e+00
-5.717346249060938135e+00
-5.814153350847846013e+00
-5.794039751348464051e+00
-5.806679921127454236e+00
-5.818205679048332968e+00
-5.793020891739615763e+00
-5.814856674350266985e+00
-5.805709822393964714e+00
-5.808468186017591961e+00
-5.823762297914072406e+00
-5.770802570088562788e+00
-5.725697640685041279e+00
-5.860796664307599713e+00
-5.808312443713305129e+00
-5.563574140949640423e+00
-5.860277617344763712e+00
-4.845695171388797462e+00
-5.791709075769176707e+00
-5.829217575756047154e+00
-5.814450080899405293e+00
-5.798246042484606733e+00
-5.832563360501808347e+00
-5.832430522859795019e+00
-5.814332300821661192e+00
-5.794670976134511875e+00
-5.809530529940161614e+00
-5.726190426692407520e+00
-5.822721883912890917e+00
-5.835852548208094959e+00
-5.809523652712162090e+00
-5.824837962354649790e+00
-5.847291957901688875e+00
-5.804669078113647629e+00
-5.718055370613001287e+00
-5.807006302431148015e+00
-5.805608400742060304e+00
-5.814177975792063080e+00
-5.726165983693945805e+00
-5.804915846251788025e+00
-5.819895033080683788e+00
-5.835896695956762414e+00
-5.787882627180806594e+00
-5.723746676754672080e+00
-5.805979440526300550e+00
-5.801720522289144810e+00
-5.812002323032857021e+00
-5.805874929046325406e+00
-5.838970702916412847e+00
-5.142493762308731675e+00
-5.835933178945197142e+00
-5.851904962722983328e+00
-5.795542184253747564e+00
-5.856622747340225033e+00
-5.804585092073466512e+00
-5.756974973308388144e+00
-5.809164570312404408e+00
-5.821261731387721738e+00
-5.287717106926720589e+00
-5.800491063222580124e+00
-5.628589635191019624e+00
-5.803737119397283095e+00
-5.804588460673077321e+00
-5.848601828399296210e+00
-5.804743395895968661e+00
-5.675436604709830135e+00
-5.395913098327582702e+00
-5.493600536719895899e+00
-5.726184929755747888e+00
-5.861541987294231149e+00
-5.673568931495537981e+00
-5.809332436218937801e+00
-3.770596443209797144e+00
-5.728673894805069722e+00
-5.720018599473405629e+00
-5.800065939924024860e+00
-5.798746096515969839e+00
-5.807431928049027192e+00
-5.810470256976259407e+00
-5.850170553285352071e+00
-5.711360534201958217e+00
-5.787591965324168086e+00
-5.809603122205317050e+00
-5.863208102480825801e+00
-5.806713596941579070e+00
-5.844958597575896420e+00
-5.805615019114895858e+00
-5.849582161057696794e+00
-5.808571520508849062e+00
-5.358530759403947741e+00
-5.806145085077401902e+00
-5.837077503081673058e+00
-5.724761167074461810e+00
-5.726355173814113186e+00
-5.856401885855120781e+00
-5.725661427206432563e+00
-5.763333568764210213e+00
-5.805226692821293000e+00
-5.824292725643317681e+00
-5.804961479410849279e+00
-5.849480359949666308e+00
-5.787805971460329602e+00
-4.845708879642188549e+00
-5.806508551407205232e+00
-5.796646728569612605e+00
-5.804608301601376752e+00
-5.857112745621634531e+00
-5.855630375688633649e+00
-5.807785020261576392e+00
-5.860998351963644382e+00
-5.807772008879965142e+00
-5.857215859263305902e+00
-5.750144756607824092e+00
-5.754343059583334252e+00
-5.794547863921252429e+00
-5.726106208850929136e+00
-5.860508858999310178e+00
-5.834840532002999680e+00
-5.861972315694856661e+00
-5.808140965045822668e+00
-5.835249958781787427e+00
-5.855654740165846306e+00
-5.811853913264712901e+00
-5.736870215700037079e+00
-5.815549312455004838e+00
-5.801542610438616521e+00
-5.808668490331754697e+00
-5.814080283245914416e+00
-5.719400910973490681e+00
-5.853024245144297311e+00
-5.793413299216808809e+00
-5.832325559083983535e+00
-5.800933181026096008e+00
-5.806631007047144521e+00
-5.807751549509703182e+00
-5.608789120073197410e+00
-5.492866869069985114e+00
-5.807988941156054352e+00
-5.787280934706359403e+00
-5.792488456983846845e+00
-5.826982087966825929e+00
-5.852374245739156322e+00
-5.829701056198246079e+00
-5.809550987796683330e+00
-5.839156742171326187e+00
-5.804480867006077460e+00
-5.724546700497739948e+00
-5.844343038719671313e+00
-5.806546432940182356e+00
-5.803954665403125546e+00
-5.726278385719069774e+00
-5.787602282527586794e+00
-5.727656889746299385e+00
-5.856129788680846104e+00
-5.807501331553680757e+00
-5.725758203529622392e+00
-5.834754012137636892e+00
-5.801331497144019522e+00
-5.808289399386438845e+00
-5.789123359150835313e+00
-5.828835080684257264e+00
-5.863379452642647038e+00
-5.832062413941457635e+00
-5.778899514069053112e+00
-5.793159587005888511e+00
-5.799700400612920248e+00
-5.806450395139108878e+00
-5.798234161937216413e+00
-5.806153761637233401e+00
-5.828732762826803082e+00
-5.812163902244094515e+00
-5.806018051273895253e+00
-5.772750519518012879e+00
-5.775317293227999471e+00
-5.818310248285797570e+00
-5.816838844551966758e+00
-5.670352240180363879e+00
-5.796337698162176366e+00
-5.845209440843973425e+00
-5.860767889431599542e+00
-5.775439890960115008e+00
-5.811835486221127667e+00
-5.812602411027910421e+00
-5.358475386688951403e+00
-5.723137700443203357e+00
