4.604382166612178473e+00 3.096276621902056991e+00 3.030511332443909467e+00
1.083288964815799088e-01 3.187696361076158169e+00 1.681970540350108845e+00
1.462593718042990210e+00 4.666537400276685510e+00 4.601592525352393714e+00
4.819758796956254976e+00 1.615430392853436592e+00 1.095888273399498875e-01
6.388178193556147022e+00 1.616161806559785363e+00 1.678267874715783314e+00
1.462335832226169474e+00 4.667355750034323236e+00 -1.108979443807703025e-01
1.463048299389367868e+00 6.237833269230941724e+00 3.031015156781736053e+00
4.819654708248070740e+00 3.187157943667311422e+00 6.393411729362753704e+00
3.035032738525923701e+00 3.096619577507508492e+00 4.603236105955637036e+00
4.819753602451643637e+00 3.186750160071502247e+00 3.251419169571733825e+00
6.174606333689425242e+00 3.095859671022191950e+00 1.459646694391410371e+00
3.251422848632639973e+00 6.329446624161561452e+00 3.254983828380606070e+00
3.034568415140264541e+00 6.238144241102027365e+00 4.602754002087861451e+00
4.604483297463232816e+00 4.666918135823319602e+00 4.601798139528558984e+00
4.817362543356714433e+00 4.756424683134595988e+00 4.819245339731922151e+00
4.604351464402128613e+00 4.667318002277379030e+00 4.602236306967370183e+00
6.174804954625443543e+00 4.667303795294959201e+00 -1.111808697782069588e-01
4.602953198801486678e+00 3.095833229857456015e+00 4.600294871722245382e+00
3.034011668972289133e+00 3.096249565410619020e+00 3.030987446402205521e+00
6.391962721140169279e+00 4.639279081702010754e-02 4.824093260627790869e+00
4.603819110755046573e+00 1.525884579120244666e+00 4.601704720524878667e+00
6.391401637316053375e+00 4.759364549378201303e+00 1.114995815461828355e-01
1.082751005653813103e-01 3.187202211744519786e+00 1.116788160882671438e-01
1.072698927415059594e-01 4.757514045011088655e+00 3.251657748492797317e+00
6.391255501005258743e+00 4.757385960706369765e+00 3.251916736132431929e+00
1.462915932851317047e+00 4.666836298951133166e+00 6.172709288312278275e+00
1.678802280727450524e+00 3.186882151210465697e+00 1.681488260739150364e+00
6.388662950826625497e+00 4.466135397162854237e-02 3.250593499323975788e+00
4.819348341668091784e+00 3.186650077672959380e+00 3.250141198253998720e+00
3.033568628209688978e+00 3.096288975732521376e+00 6.172419249534006447e+00
1.097698905003159642e-01 4.758218616031208548e+00 6.395867259162021590e+00
-1.073325485820755543e-01 4.666447270804349401e+00 4.601764913611543051e+00
4.605362594534242682e+00 1.525899170069779265e+00 1.461943467974625932e+00
3.250511145143675673e+00 1.617669837280425238e+00 1.682652371702390459e+00
1.679012063493312779e+00 4.757380761728949636e+00 4.822859316579921618e+00
4.604218072553181607e+00 1.525459490374869498e+00 4.602254688774730873e+00
3.035095600765567170e+00 -4.570201342477632489e-02 4.602203066462220882e+00
4.604866985799332291e+00 -4.609603823563010461e-02 4.602162910968035980e+00
1.463688102679051806e+00 3.095762592597638196e+00 1.461660467719818612e+00
3.249320036466511130e+00 1.615827894573726997e+00 1.681329489535308586e+00
1.463636840358921276e+00 3.096452029148321294e+00 4.602382030749415875e+00
4.604749382088288989e+00 4.667138719330433894e+00 3.030903745722228315e+00
1.065276825472241534e-01 3.186797972125982703e+00 1.679961593566527078e+00
3.249232439954214069e+00 1.615920909296950203e+00 4.822673453603498750e+00
1.085717484006335359e-01 4.489964897992655690e-02 1.681916028625924264e+00
3.244330939517443557e+00 4.756112523253186453e+00 4.818066348036179392e+00
1.084306521479008051e-01 3.186828031408029727e+00 3.252037827692024763e+00
4.605620340631816134e+00 -4.530555539032958545e-02 4.603679851682553448e+00
3.250554195752989095e+00 4.758020457107139833e+00 6.395402533344564766e+00
1.678864801150424801e+00 4.757281496011171562e+00 3.252835627482679293e+00
6.175435157006266884e+00 3.096191259329382106e+00 4.601918528939592967e+00
4.819692562275768921e+00 4.514211561142916773e-02 1.101412601965354454e-01
4.605388663827278961e+00 1.525629907279811626e+00 1.461354496798544789e+00
1.063878598044075002e-01 4.757682338784849918e+00 1.091320073310586419e-01
4.820341059119683358e+00 6.328851334200907175e+00 4.822841678440888735e+00
1.678701206161458570e+00 1.616411347306125679e+00 1.682067142230175838e+00
3.249721369663795212e+00 1.616242261869133667e+00 1.681329548249310246e+00
3.033412486720240331e+00 4.667063572383534975e+00 3.031118633929911876e+00
3.033810565913523050e+00 3.096064274706331165e+00 6.172259992062795853e+00
1.678417296489746802e+00 4.757616150947201916e+00 3.252410707658714095e+00
6.175147978055741227e+00 3.096246838638850640e+00 4.601519948452955866e+00
1.463200169310804322e+00 6.238191108209418800e+00 4.602064406988119138e+00
4.603806953275693559e+00 1.525723055523039440e+00 3.029820795711410941e+00
3.032384212438797189e+00 1.525550020284466513e+00 1.459401171523155405e+00
4.821856946847549175e+00 3.187884592158333419e+00 1.683581350152050460e+00
3.031866194804665682e+00 6.237266843951753792e+00 6.170251211020737259e+00
4.604029021494611129e+00 3.095855286027620501e+00 4.601190127666606067e+00
3.249131541040357618e+00 4.550389852539184210e-02 3.252386109879224385e+00
1.085734503574935922e-01 6.329514940936488365e+00 3.252689126176230516e+00
1.677828541905650672e+00 4.757847858982234612e+00 1.096052800203344696e-01
4.818277281696179415e+00 6.328818510869082203e+00 6.391999676173096390e+00
3.034368774267726998e+00 1.525338626916938445e+00 3.032080207801161276e+00
4.820034180587576600e+00 4.579937975499574071e-02 3.252046823377082951e+00
4.820981525708987192e+00 6.329368215694200828e+00 4.823654675960296068e+00
3.035909240088404015e+00 4.668122290061452517e+00 -1.081107451048982371e-01
4.819769080086641289e+00 1.615858979844056131e+00 3.251304571332119142e+00
1.078466276568555426e-01 4.562276472682598449e-02 3.251756443628746052e+00
3.034358708923409864e+00 1.525046355629142036e+00 6.173411279818503239e+00
4.603764462450496531e+00 4.666643349401943475e+00 6.172206340837147920e+00
4.821686821570978942e+00 3.190284365852194881e+00 1.683064695772054309e+00
1.062674741494255976e-01 3.186434891168246963e+00 3.249904556712792658e+00
1.677710808028077150e+00 3.186412117624234597e+00 4.822329342618444592e+00
1.074069811190826312e-01 6.328357850882204261e+00 3.252637303211366682e+00
6.173156173457389428e+00 6.237590918537583740e+00 4.599924074618062519e+00
4.820481562982916302e+00 4.758328960253169981e+00 4.823250051353039858e+00
1.093052527612796004e-01 6.329281621715533213e+00 1.115359486980892628e-01
4.603420357485731529e+00 4.666116137305126976e+00 6.172322790524956027e+00
3.034311519748388086e+00 4.666868060557642472e+00 6.172309275366428594e+00
4.605079515474735707e+00 -4.485673536267799355e-02 1.461661152134908548e+00
4.820883488396342287e+00 3.187327420647801723e+00 1.112174612348164615e-01
6.178744972648116729e+00 3.096920943875371091e+00 3.034579310889640613e+00
1.461202460030580852e+00 3.095414099764336235e+00 6.170702453869608917e+00
6.174046129130302596e+00 3.096359283312319022e+00 3.030137182563102272e+00
3.033599962997986843e+00 3.095931792741471344e+00 3.030930184651380088e+00
1.678974346945054652e+00 1.616767178701036922e+00 4.823877823506840912e+00
1.678473877997090913e+00 4.757653074786008851e+00 3.251859742668659958e+00
3.033100120826985435e+00 4.666145724240765347e+00 3.030547794884363544e+00
1.680077486916128571e+00 4.758187812000960193e+00 3.252740290121981293e+00
1.462803182137188740e+00 3.096726375236498185e+00 6.172668674927061616e+00
1.677792236276268278e+00 6.327731784994504061e+00 3.251424383251895200e+00
1.082291252373743379e-01 3.187386401517717793e+00 4.823855635388428986e+00
4.604866889320190282e+00 3.096015755942080894e+00 4.602642440862703133e+00
3.032308410106571817e+00 3.095027466037120423e+00 3.029274847566748807e+00
4.817538820151841428e+00 3.186642692565003987e+00 4.820463206447232807e+00
1.679719122860463765e+00 6.328725010788167182e+00 4.823591864970197207e+00
1.462273778235298805e+00 1.525082055257551028e+00 6.171387926661619616e+00
6.176090622821171827e+00 3.096301144919997750e+00 3.031950171246712511e+00
4.605056647513037227e+00 4.667171617397040784e+00 1.460561951585238383e+00
1.463210925434238474e+00 -4.531475722174430759e-02 4.602458752125581753e+00
1.678834277205743630e+00 1.616595104724657617e+00 4.823410190963054234e+00
1.461455604838805211e+00 4.665939004715385252e+00 1.458211835976900295e+00
1.677799518143795687e+00 6.328552595074595999e+00 1.088415051310265558e-01
4.604183763456427769e+00 4.666611396832420766e+00 4.602313512489265790e+00
1.096386418035393828e-01 3.187645427661704112e+00 6.395756236909075021e+00
1.680017526741331313e+00 1.616790894305523141e+00 4.823033948407566385e+00
1.678769023038344743e+00 3.187025792529127433e+00 4.822800235330953811e+00
3.032568893145430433e+00 1.524823392122792276e+00 1.458931328653791271e+00
6.388559040204935258e+00 6.327338048928788261e+00 1.678579735899878855e+00
3.248933146618668832e+00 1.615959361332369282e+00 3.251129204802600814e+00
6.171830216026187976e+00 3.094833959683604085e+00 6.168215137197416098e+00
1.678855619022032952e+00 4.524606075895951096e-02 1.102167618326714282e-01
1.678492577155842103e+00 3.187605613015934036e+00 4.822205516728390151e+00
4.602966120864761201e+00 3.096025705059178179e+00 6.171010678520580939e+00
4.818761584112825069e+00 3.187140650783975016e+00 1.679668507773197650e+00
4.819447388331506765e+00 4.757884504435620165e+00 1.680691208120378421e+00
6.175479097362218006e+00 6.237410942008539294e+00 4.601614249196225970e+00
3.034144170091271242e+00 -4.529353042884948222e-02 4.603128068063467637e+00
3.249234530234005547e+00 4.535624341493320333e-02 4.822687807282743933e+00
4.604758577095336314e+00 3.096241170894445283e+00 3.030869410690306243e+00
1.462932156571145503e+00 4.666765983696075537e+00 6.173175488144023504e+00
6.175797989563564627e+00 4.666799450736161425e+00 4.602475729789340164e+00
4.821389291499851737e+00 4.758202104468518989e+00 3.253261856445285538e+00
1.678467964992305550e+00 1.615996194131636976e+00 4.822805728207002929e+00
1.679512317501260066e+00 4.501611803074693358e-02 1.681088804060550279e+00
3.033950653638524120e+00 1.525839940103337566e+00 1.460758603575623926e+00
3.249786004035080555e+00 1.616520557359856669e+00 4.823573304291418395e+00
1.677260482075357828e+00 6.328289618101929470e+00 1.091314409827969789e-01
6.176320873087469465e+00 6.238051256675369416e+00 1.461654508221605031e+00
3.249404993480412340e+00 3.187304383836575550e+00 3.252195899830825354e+00
3.246242236694433902e+00 3.185284190878800548e+00 3.248424933923576230e+00
4.820938088228695406e+00 4.534901013970878830e-02 1.682009545862317879e+00
6.176191310207622465e+00 3.096793115971612220e+00 -1.092211669428409387e-01
4.599963947662000230e+00 3.094802145018063833e+00 3.026480148957201077e+00
-1.092567647048781204e-01 1.524878929513698855e+00 -1.119979399233086148e-01
1.681430931501269210e+00 3.188219001552245135e+00 3.254244738428060835e+00
1.069538333178089995e-01 4.530423410982755555e-02 1.680129932681810212e+00
3.028176424318768767e+00 4.664362918677318781e+00 -1.150130486800401974e-01
6.393128944356851306e+00 1.616496612006388389e+00 4.823787619586743070e+00
1.067919012505585408e-01 1.615470892925453539e+00 1.096697134575107674e-01
6.173069400428171427e+00 3.095785097331356983e+00 4.598818031027582798e+00
4.604272415918799766e+00 6.237021698131976599e+00 1.460969931921286324e+00
4.819363860026819602e+00 1.616862798674684187e+00 1.679461959154224138e+00
1.679664067448557896e+00 4.620217966083472322e-02 3.252277179463759715e+00
1.070031174765932597e-01 1.615066666810824225e+00 4.822287731981647063e+00
6.174249551550291315e+00 3.095831576513726535e+00 1.459152256624599131e+00
1.082367940615705793e-01 4.757813839420311552e+00 1.111733535174461301e-01
1.678417267775843769e+00 4.604227142261321098e-02 6.393913783496415704e+00
6.174027586798819023e+00 3.095593776591120783e+00 1.457745759952535636e+00
3.033686342015115667e+00 6.237474964163776114e+00 -1.105554664458615055e-01
3.249870518008461051e+00 4.758524924062815131e+00 1.112794486620224399e-01
4.819249873639935622e+00 1.616145527076969790e+00 1.092922287151599087e-01
-1.086514239483745009e-01 -4.611693522490292740e-02 4.600500978693055742e+00
3.032428986965648221e+00 6.237315065320893304e+00 4.601034135308458950e+00
4.603415765299769369e+00 1.524400951059639464e+00 6.171301905306090241e+00
3.034153951204694444e+00 4.667270744341744049e+00 4.602345335257608916e+00
4.604169182063325927e+00 1.525155368167422143e+00 6.171964602184834447e+00
3.249693146900917817e+00 4.757722955618018723e+00 1.106903431959377210e-01
1.462204212903257083e+00 -4.532365010353232165e-02 6.171662995083294412e+00
6.175732538281516248e+00 1.524944740237326180e+00 1.460374923133505920e+00
3.252654662125628260e+00 4.759641806061260638e+00 -1.457282022210996342e+00
4.604551733066973185e+00 1.525417341693010576e+00 3.030876447822663522e+00
7.749181612002955966e+00 -4.397354920575967385e-02 3.034240770882777216e+00
1.677696712427926951e+00 4.757515914931750522e+00 1.680483193617375859e+00
4.604400998135633749e+00 -4.467072176421461177e-02 4.601277440213656256e+00
1.103761416534341649e-01 3.189220838073580033e+00 4.827092410412079815e+00
1.462600634115201359e+00 6.237275241922824343e+00 1.459635440975495246e+00
1.463119032801382557e+00 1.525662186088608152e+00 4.602564743120014512e+00
4.604457759946167350e+00 3.095304655237468339e+00 1.460508050674947045e+00
4.604624488278708405e+00 4.666160004418140161e+00 4.602024883985404102e+00
4.823587876891977544e+00 1.617481071676238003e+00 3.254308752889643053e+00
6.176244702165423206e+00 6.237948307819970672e+00 3.032007976079448497e+00
6.390327140543100803e+00 1.616223884396641886e+00 1.098041579289101843e-01
1.463952880296006898e+00 6.237097431278476378e+00 4.602503484052277827e+00
3.249555343366167470e+00 3.187154732389321232e+00 1.681872833779946452e+00
6.176181821876855160e+00 6.238372915708679578e+00 6.173269633377439725e+00
1.678244042741225961e+00 4.525906882831019773e-02 1.108004536014202679e-01
3.034234969341726984e+00 -4.632848797988591005e-02 1.461030766725567087e+00
4.604378625031422700e+00 -4.519492726620783635e-02 6.172682702603162319e+00
4.820644681972312107e+00 4.638741479277107976e-02 4.823840216647652390e+00
3.035128230810105077e+00 1.525997846464293595e+00 4.604297507980690263e+00
4.605024067978999547e+00 4.666844179413164539e+00 3.031528789860316486e+00
4.603785139546765492e+00 6.236780841552634236e+00 1.459450045437790333e+00
3.032187025192697671e+00 1.525447957235571472e+00 1.458890911232574084e+00
1.679259008320373114e+00 3.187526875427921347e+00 1.681750115596963635e+00
1.068915380919882724e-01 4.757853272370736519e+00 3.251317887532834572e+00
1.678460183948680795e+00 1.615774595295490279e+00 6.393430541400410227e+00
1.678883272448082220e+00 3.187644046810708343e+00 3.252125911803307901e+00
1.678114986711613188e+00 3.186579692000403696e+00 1.096435052696313195e-01
1.065949299942698797e-01 3.187391616805669070e+00 4.821924683344680496e+00
3.248215472504289103e+00 3.186594160772920237e+00 6.391629413319255271e+00
4.603583017969770985e+00 3.096245964485068836e+00 3.029934075812932726e+00
4.604543260563000118e+00 4.666468324407580859e+00 3.030423986149544113e+00
1.463334480283150940e+00 1.525339186083058518e+00 -1.094619887631910621e-01
1.678623073894216722e+00 4.758360179453092087e+00 1.681379248348175537e+00
6.176203390992687225e+00 1.526314634287415206e+00 3.031890729572109144e+00
1.462326337028895695e+00 6.237700720039454083e+00 1.460015831858179514e+00
1.089002651155388246e-01 4.757810125567697668e+00 1.119708224080271791e-01
6.176509877372638790e+00 -4.623266506894504330e-02 3.031760496642458946e+00
4.602936253711627401e+00 1.525633256615360756e+00 3.028331266127151089e+00
3.247319974213277671e+00 4.756692388929317339e+00 1.679141249993420182e+00
1.679484992849400005e+00 1.616622088968376225e+00 1.682204064277574407e+00
3.249631329878970298e+00 4.757875245137075382e+00 1.100246748558821874e-01
3.034932466113554828e+00 1.526073117522277034e+00 7.744077734976705152e+00
-1.053327365076165145e-01 1.524896298660525673e+00 3.033631477916717056e+00
4.819772051243928601e+00 4.479948002508208488e-02 4.822410176495234957e+00
3.249725674326042757e+00 1.616074122300763749e+00 6.394238219724886818e+00
4.604193372828350839e+00 -4.545646122110288262e-02 6.171784253436738865e+00
4.820192607919635108e+00 3.187481019148570294e+00 1.104576207158280698e-01
4.605045132456765167e+00 -4.579126359739111446e-02 6.172990291888692305e+00
3.032941841056365995e+00 6.237368152654636511e+00 6.171820672106052896e+00
6.174040569754377650e+00 -4.636877099268184310e-02 4.600566032422558571e+00
4.605758821452226037e+00 1.525161622292113162e+00 4.602731206165445954e+00
6.175549377326001732e+00 3.095891897756897215e+00 3.031088770090320850e+00
6.172004582743395140e+00 4.665838532876240841e+00 4.597886621770593152e+00
4.604001774085705989e+00 4.667010430538802268e+00 3.030233197226788633e+00
3.033602623313286450e+00 4.667542308863822598e+00 4.602427387680111615e+00
6.171805856594931861e+00 1.524105272144491430e+00 4.598853725511923507e+00
1.067422485199682330e-01 6.327882920300416991e+00 1.680196632552354075e+00
6.175180425477707402e+00 3.096448116188542876e+00 1.459655765990268916e+00
1.092083136498952639e-01 3.187554079544062891e+00 6.395511134691576061e+00
3.034300303456086034e+00 4.667149197768276636e+00 6.173312570490926632e+00
1.679276118075359037e+00 4.758805532085906620e+00 1.682305305162872688e+00
-1.067913017660230973e-01 6.237860107880984550e+00 6.173661737229257263e+00
1.462687619667244254e+00 1.525823990342874970e+00 6.173080214450319403e+00
1.677974636466163849e+00 4.757919928377176255e+00 1.101506229907878859e-01
6.390588148009671343e+00 3.186618729181355469e+00 4.822712365137071799e+00
4.820926869895514777e+00 6.329264117503809572e+00 3.253257515134442279e+00
6.391642054083618518e+00 1.616782439146480899e+00 1.681363425351667829e+00
1.461430848329954069e+00 -4.611376109969237552e-02 3.029178057213775421e+00
4.819405880307758849e+00 4.533419455531572523e-02 1.680782265444341395e+00
3.034962203209896625e+00 3.096478801781244350e+00 1.461395958863130007e+00
4.605435497126055822e+00 4.667014556893977151e+00 6.173642886380744876e+00
1.679664016186079856e+00 1.616234438656086958e+00 3.254632361915153815e+00
3.247441035040261159e+00 4.514586839371269311e-02 1.678834780473292376e+00
3.033195535812677424e+00 1.524514309392372757e+00 1.459437516286184344e+00
1.679279201862302173e+00 1.617196800270566559e+00 4.822980553230350687e+00
1.678473834960177324e+00 1.616088991994809376e+00 4.822398688024065017e+00
6.174059163035803266e+00 4.666558742869681531e+00 1.458842373304365836e+00
6.176263818858265253e+00 4.667633306384932901e+00 1.461157602545247958e+00
1.087002941246967003e-01 1.616795343980518496e+00 6.393792582151021087e+00
7.745563308887453147e+00 3.095970072933251327e+00 6.171160412013043661e+00
6.176361237265749260e+00 1.525440004877554490e+00 3.032399901294189348e+00
4.603828929448403606e+00 1.524115718712495626e+00 3.030146172546470673e+00
1.464726257745114779e+00 -4.520936916394097810e-02 1.462211379182838833e+00
-1.088370215197375784e-01 4.666295247174631733e+00 1.458606010074992243e+00
3.033579925212841921e+00 1.524841645380711430e+00 4.602204425539576427e+00
3.033586127969943647e+00 -4.585941015381991143e-02 4.601366144897023780e+00
6.390409036698338596e+00 6.328500479194293149e+00 1.106513482892202138e-01
-1.077587408761665755e-01 4.667031624400111767e+00 1.460107075657278042e+00
3.249214894637538542e+00 4.757569383463557067e+00 1.681196963628726060e+00
1.090496614226246080e-01 4.757713406253337496e+00 4.823912595536939740e+00
1.466274520603848108e+00 6.238723889818627910e+00 1.463684286311041749e+00
3.248429720098408691e+00 6.328298844146122981e+00 1.679796781300285646e+00
3.034121514183727442e+00 4.666819531402993881e+00 4.601980469036822896e+00
3.249075205864296212e+00 4.757809815133562381e+00 6.393359802979301953e+00
1.462744430033852350e+00 1.525202586756605694e+00 3.030715045604990276e+00
-1.084549435482662222e-01 1.524792113430115004e+00 1.458778351905828385e+00
1.680015638345092377e+00 1.616941594975300767e+00 6.395006462479444487e+00
1.680232188392547732e+00 4.758947638899778454e+00 3.253276801951847208e+00
1.679492355393599645e+00 1.616216139728177348e+00 1.682930641379625669e+00
1.080158209763490418e-01 1.616196605837602274e+00 6.393239645464696252e+00
4.819903177993563048e+00 4.757552740740602637e+00 3.251948243027352081e+00
6.175958580297488787e+00 3.096317750625745990e+00 4.602525017566661880e+00
3.248302517571379333e+00 6.328528270538585687e+00 4.822291503875802299e+00
6.176090607110519493e+00 -4.570772724906146250e-02 3.031369629568016144e+00
1.082556198031085493e-01 1.616788912105324716e+00 1.104662961571776791e-01
3.248204350746168867e+00 4.756970548389689135e+00 1.100844687042538822e-01
4.821110741860718640e+00 1.615995638420889557e+00 3.252569400091798180e+00
1.461795536414232544e+00 1.524818408308961537e+00 6.171030455552191540e+00
4.820638901271630417e+00 4.757889384875841010e+00 3.252207269462784378e+00
6.174764131877162221e+00 6.238447095276211662e+00 1.459393348258704703e+00
4.605317325689534336e+00 4.666709961809500484e+00 1.460654329395257633e+00
1.067276238366774432e-01 6.328338651301386619e+00 4.822085777649298244e+00
1.463503299203917196e+00 6.238034058785785874e+00 1.460764604066891126e+00
1.462850036838404311e+00 6.237556194266602461e+00 6.171818902805485507e+00
1.087404088077928016e-01 4.758953183086292782e+00 1.683052102690705265e+00
4.603566181627136267e+00 4.666226373523276294e+00 4.600522494279038810e+00
1.081327406958745435e-01 3.187387592110390688e+00 6.394217508295604091e+00
1.072205997844662001e-01 6.328053490454396801e+00 3.251712401762350879e+00
4.820151827241557108e+00 6.329572425906087929e+00 1.112082558489107809e-01
4.820372289114476239e+00 1.615656921875374685e+00 1.682144595028797651e+00
4.820426358807720746e+00 4.757529319562496362e+00 4.823045922289793452e+00
3.247517293660780791e+00 4.756504708953697147e+00 6.391453802633449754e+00
1.076910964519833813e-01 1.616048353184803998e+00 1.098933268138558572e-01
4.605456431563064612e+00 4.666598409119982804e+00 -1.097741316515470356e-01
6.175410801004642458e+00 4.666381555651149426e+00 1.460316706508545392e+00
1.680655174130691876e+00 4.636066067632381438e-02 3.253992776241939833e+00
4.605450405926895918e+00 4.667492039135024307e+00 3.031121312648774158e+00
1.462923383432330304e+00 6.237508419991452335e+00 -1.099170948284788896e-01
1.462644802450777881e+00 3.095961652889442473e+00 3.031191848861913840e+00
1.678221408921174218e+00 3.186661556310697474e+00 1.680882858787804635e+00
1.076683810043269213e-01 3.187368237725571429e+00 1.104596405924201108e-01
4.819933799236665983e+00 4.758032735635665311e+00 3.251401681507870567e+00
3.249392462660939618e+00 3.187057816012382805e+00 1.109200460205709143e-01
1.462519951173514965e+00 4.666526219880491766e+00 4.600951444721799177e+00
4.603398967775152784e+00 1.525247079624263646e+00 3.028792516091752152e+00
1.462969113604796645e+00 6.237691086200229051e+00 1.460847559122805173e+00
4.819814414529457913e+00 4.757235101460594251e+00 4.823264860588294844e+00
6.171918839673184998e+00 1.524163750628557024e+00 3.026798468904780215e+00
4.603145624765795141e+00 1.525018628715042235e+00 6.171226154443473000e+00
1.462985665282256598e+00 1.525352976504481983e+00 3.030992914870414001e+00
3.249078792667483562e+00 4.545985728136753279e-02 1.099894669033766037e-01
4.821473027911094000e+00 3.187826470456617489e+00 1.682775791453003711e+00
3.245941119271493314e+00 4.483409293415508562e-02 1.676482731292508133e+00
4.820593655319940218e+00 1.616762581288590184e+00 1.105673178756828162e-01
1.463981354465492934e+00 6.237557736524485641e+00 -1.101603758391010573e-01
3.250434308214855239e+00 4.758752754258470219e+00 4.824168309712185021e+00
4.819254264691211098e+00 1.615780852367522780e+00 4.821696482574541420e+00
6.174437236225330139e+00 3.095559176937840107e+00 -1.110319326756568775e-01
3.248955467119726936e+00 4.757757446694771630e+00 3.251763492396014144e+00
6.390764194444384927e+00 3.187288874434703878e+00 1.681819699740047191e+00
1.678126697499292552e+00 4.757289332832826290e+00 3.251445021872732433e+00
4.822804694871388520e+00 1.617033076934833113e+00 4.825416253999231131e+00
3.249452088953961759e+00 1.615906033490085658e+00 1.681136964312273330e+00
6.175676356580365400e+00 3.096644471277150590e+00 4.602529040807795013e+00
1.678819797636139199e+00 4.758238858802463334e+00 3.252286109466878017e+00
3.034673139914917606e+00 3.096583540963830483e+00 -1.088997106560674194e-01
-1.073181610188954777e-01 3.095856149609402586e+00 6.172633584112599436e+00
1.466718070268650420e+00 1.527196854086788846e+00 6.176655084936668594e+00
3.249571092982339149e+00 6.328762412268072346e+00 4.822903751518280657e+00
3.249608720550237084e+00 3.187282594760993515e+00 3.251889532196948096e+00
1.677771081837626799e+00 1.615833846148272634e+00 4.823024808418060694e+00
1.677250794218949626e+00 1.615137379044983001e+00 6.392393761522686013e+00
1.076681281311938215e-01 4.610866203914863043e-02 3.251998961029122892e+00
4.604205303114861536e+00 3.096309567623409809e+00 1.459778403884063769e+00
1.676954530394150877e+00 6.327513805026713456e+00 1.091000389946757132e-01
4.820168906477361404e+00 4.757100332142827348e+00 1.681666696665929717e+00
6.175441204866164213e+00 1.525326818439258103e+00 3.031022054035463320e+00
1.678012886158861461e+00 4.757054971866375048e+00 6.392649476672449538e+00
1.678272287127960283e+00 3.186552829106823026e+00 4.822529116932715354e+00
1.679600668675108821e+00 4.648699708320553486e-02 1.122403844715530036e-01
1.464024016505321102e+00 3.096868728425418382e+00 1.461761792197008081e+00
1.080245488382755581e-01 4.595140277774381610e-02 1.681804423368632673e+00
4.820024798878209005e+00 6.328320826768147889e+00 1.681303581760740240e+00
-1.084058569229140734e-01 1.524195220831906949e+00 1.459569833705400388e+00
3.032475435060379088e+00 4.665711436929353972e+00 3.030963076012315405e+00
4.821656640985053421e+00 4.636008613458447725e-02 1.122869433905336334e-01
6.390641242230423735e+00 4.757256997361271722e+00 4.821940931477858072e+00
4.605606940275458250e+00 1.525345579314930644e+00 4.602881876155570318e+00
1.679012455354803812e+00 1.615814891748988291e+00 6.393888350709247881e+00
1.462054091937805556e+00 1.524873829278967641e+00 1.458826300049852476e+00
1.677792254244405701e+00 1.616124519601649379e+00 6.393214003658092892e+00
1.462416253563668000e+00 -4.588598300709954142e-02 3.030190440131766305e+00
6.175482709827546657e+00 6.237333176984146021e+00 3.031514553699270476e+00
3.033808589998017169e+00 3.096745073650996272e+00 1.459885233819222083e+00
-1.074140787855440010e-01 -4.579876072443198054e-02 3.032094492098401872e+00
-1.465688406122233944e+00 4.756760473163916814e+00 6.391275515444038824e+00
1.081446846918287796e-01 4.757119223258710505e+00 1.112781142929897132e-01
1.678659306460231093e+00 1.616305333397967781e+00 1.108796815529912716e-01
1.678437918428026476e+00 4.757804783494390399e+00 1.098747973410488521e-01
1.678755737965198280e+00 4.758104434107672809e+00 1.102546362614689746e-01
4.604015406373199504e+00 6.237333094576588799e+00 -1.100437568037188618e-01
4.821557631034185221e+00 4.758510621535176455e+00 1.110624205734604408e-01
4.604696234582573489e+00 4.666889745633794107e+00 6.172891483726763440e+00
3.249567090396657587e+00 4.520661078457822307e-02 1.681162353778970164e+00
3.032575216856653544e+00 4.666754285534322477e+00 3.029963177428873333e+00
1.678955607592144350e+00 3.187274865682940828e+00 4.823111944465096279e+00
3.249109105635929584e+00 3.187034672091543452e+00 1.105466207458290079e-01
3.250282543761908727e+00 4.543280775185489645e-02 1.682297469009913726e+00
3.031382459133081131e+00 3.094621298642623142e+00 6.170624062614417760e+00
3.033812507097463751e+00 3.096036490071725655e+00 3.030898781422148858e+00
4.603871662966299461e+00 4.666598234275601165e+00 1.460483674065807591e+00
3.249419920441449339e+00 3.186935718507390547e+00 1.681431270606476902e+00
1.076171886696049018e-01 3.187665896518620201e+00 3.252925178916174609e+00
4.820276352171097400e+00 4.758005289951599437e+00 3.251741550008648840e+00
6.391724964197967651e+00 3.187083192243826968e+00 3.253112212916013490e+00
1.677858619832024001e+00 1.616433591558790850e+00 6.392743642355069866e+00
-1.068948386415364271e-01 1.525589694701210197e+00 4.602416412716133998e+00
6.175737224231323985e+00 1.525993914247331329e+00 4.601884796427119895e+00
6.176407517725618135e+00 1.525061207502434124e+00 6.172902641005195257e+00
3.033667019653777608e+00 -4.531345872942024733e-02 1.460127793140698627e+00
-1.092082331549868862e-01 4.666705145011126987e+00 3.029702181347343704e+00
4.603191513259880630e+00 1.524375321804280370e+00 3.029037931045237109e+00
6.390701431771814711e+00 4.757960878195483190e+00 3.251502050533029209e+00
3.249847888241714333e+00 3.186980765961271889e+00 6.393985396751885375e+00
-1.108537257939454512e-01 6.237719380660577073e+00 6.169649911434611056e+00
4.819747733361399611e+00 6.328474521167212430e+00 3.251031282826708058e+00
4.604410827715278209e+00 1.524893547204598576e+00 3.030903769277641047e+00
1.074015360910434563e-01 1.616431020564318199e+00 1.681532520813998177e+00
1.463581292387642785e+00 -4.627180835438571976e-02 6.173675548517405076e+00
3.250244351419889099e+00 3.187307004703270774e+00 1.681122870895249477e+00
4.820482641606792740e+00 4.758775326540152228e+00 1.682171366599682027e+00
4.819513329929176138e+00 6.329948403091082199e+00 4.823164140389158305e+00
3.034216592869140250e+00 3.096240246195241408e+00 1.461784084092142777e+00
3.032741322262507477e+00 4.666886678327611726e+00 6.171438238667132481e+00
4.818979654237954158e+00 4.448054220272248255e-02 1.081727827615281412e-01
1.465322915014056981e+00 1.525237385298481518e+00 4.603376405611660616e+00
3.035946214044196623e+00 4.667900930322069541e+00 -1.080656547197481610e-01
1.079879545840510269e-01 3.186913722198078780e+00 1.681530364197497907e+00
4.820642838528791607e+00 4.501910011719545412e-02 4.823144777978915165e+00
3.248685677462638921e+00 6.328867475879905058e+00 1.680974790757555404e+00
-1.079722603545598264e-01 3.095237061603354434e+00 3.030417021126118549e+00
3.033504955469243924e+00 3.096126317505004444e+00 1.460063758114408694e+00
6.173269084162197551e+00 6.237079642771743870e+00 -1.130271103691025264e-01
1.676736503622028973e+00 1.615833731866988865e+00 4.821509999448453598e+00
4.819580493352952466e+00 3.187921971435569102e+00 4.822364228747312964e+00
6.174378501544003583e+00 1.524235869647436736e+00 3.029918992250368426e+00
1.678647848871959170e+00 4.757799562249819481e+00 3.251519589431333124e+00
4.821202413748860494e+00 4.612726369698152973e-02 4.822960522102611058e+00
1.462413182044803417e+00 4.667214288966847313e+00 1.459961138439151540e+00
6.176059659242795874e+00 3.096253343968054406e+00 1.460843874610002091e+00
1.679026893780674268e+00 6.328651877064458198e+00 1.681799225522079944e+00
4.604616576558507646e+00 3.095830524242566550e+00 4.602323268819423774e+00
1.678079805790573920e+00 4.757772842231564603e+00 1.680103088690781066e+00
3.248861807384305855e+00 3.186926216865797912e+00 3.251843260384204459e+00
6.175895775162850931e+00 1.524946561843661286e+00 6.173516958849732283e+00
4.602996072463954036e+00 1.524568199056718587e+00 6.170766193723318693e+00
6.392043334322550230e+00 4.758196680391423961e+00 4.824189461235374843e+00
1.082548794525780567e-01 3.187369965836679420e+00 1.681839374320654779e+00
3.248752673133560087e+00 1.615850217341815220e+00 6.392918663763809128e+00
1.462067435197565324e+00 1.524563173509139613e+00 6.171702047359710619e+00
1.071956649024053826e-01 4.498458138747509633e-02 1.095753018422576525e-01
3.249869017800776305e+00 6.329405535607310007e+00 1.681408788221208983e+00
1.070320390967659102e-01 3.187195164103258982e+00 1.680319137214384639e+00
3.033382529033955333e+00 3.096043097850945447e+00 -1.111641213747285861e-01
6.391192970458152267e+00 1.617571044131748348e+00 1.682224203784568051e+00
6.390578211189220426e+00 3.186783241705398950e+00 4.821747907746268602e+00
6.176238809291021425e+00 6.237256527899272207e+00 6.173265742796384181e+00
4.819209286880800747e+00 3.187092357868857917e+00 1.680762821358875003e+00
4.605024655391486199e+00 4.666186140156048268e+00 1.460357187764219411e+00
6.175842945396757599e+00 6.237863008089988170e+00 4.602065257485987715e+00
4.603804049200317827e+00 6.237380436739958789e+00 3.030181015572162018e+00
4.604097480653050134e+00 4.666808100736226095e+00 6.171818780406180593e+00
1.677785992594977849e+00 1.615989968352234962e+00 1.680133054357861422e+00
6.174276160911544409e+00 -4.581199052987149772e-02 6.171641036930857638e+00
3.032910122969319833e+00 6.237653917488537481e+00 1.459278067018755953e+00
6.174032430684599504e+00 3.095376356080539626e+00 3.029937821115963548e+00
3.250319144353471579e+00 1.616260454802212587e+00 4.824729995931289928e+00
1.462031639194481869e+00 4.666539463281130118e+00 3.029928167524123861e+00
4.821586140790341091e+00 1.617178237048991996e+00 1.122959816258651961e-01
4.604843908430999555e+00 3.095647901659897006e+00 6.172028365200205258e+00
4.604787535875514592e+00 1.525501387793297914e+00 3.031343384915779815e+00
3.250034903622858629e+00 6.328746724961010095e+00 3.252721876032593773e+00
3.248385803810425188e+00 3.185974053112587967e+00 1.680448444309186939e+00
1.463439305541174518e+00 3.095654878741951777e+00 4.602459936247504046e+00
3.248628370273616728e+00 1.615798077098895114e+00 3.251818584620862485e+00
4.819630950324665264e+00 6.328145355647879278e+00 6.393663597587266878e+00
3.034948301172729845e+00 -4.471079003299806981e-02 1.461647382157425179e+00
1.463059939422441280e+00 -4.551823086184205586e-02 4.601785332146356211e+00
4.820042018040778586e+00 4.528454020152911097e-02 1.103229247242105970e-01
4.819816212740373196e+00 1.615629460662212802e+00 1.680672820875560136e+00
4.605745460296047256e+00 4.667252653904768067e+00 3.032859598989786853e+00
4.819180398348638761e+00 4.757248453786476539e+00 4.821837482426087895e+00
6.175223910524448634e+00 3.096421499006544842e+00 -1.099133336510570713e-01
-1.083794830962817868e-01 4.667287603585186240e+00 3.030742961748279285e+00
6.174861435466483250e+00 6.237766209815730711e+00 3.031157350853132648e+00
4.820732654366954861e+00 3.186729341480925015e+00 3.251690427752856216e+00
3.250953948631679413e+00 3.188737285431703317e+00 1.684682836599846523e+00
3.033938170560120273e+00 1.525180003551150909e+00 1.460450150274002823e+00
3.250057111575022084e+00 3.187418886660239981e+00 1.680481484543355775e+00
6.175361979246799748e+00 4.667652516829567055e+00 6.172459812382585120e+00
3.251164028668906525e+00 4.757931626338774755e+00 3.253278551574792399e+00
3.249617266666093851e+00 4.757509731981504508e+00 4.823628629129050438e+00
-1.075350669565335593e-01 3.096097783286889005e+00 4.602167414277904101e+00
6.175270983794042934e+00 4.666915594847461435e+00 6.172183994151886566e+00
1.462615742161862853e+00 1.524953117474501019e+00 6.173201764474216091e+00
3.251177158530504929e+00 4.758112310767026898e+00 4.822778674489351047e+00
3.034490022959459576e+00 3.095988385349046634e+00 4.602445545970676122e+00
4.820111457870059901e+00 4.569739760278869467e-02 4.822636283747537611e+00
1.080352751164229824e-01 1.616167437526605521e+00 3.251862126346101167e+00
4.820774186611516576e+00 4.758082264672805373e+00 1.681914732093106268e+00
4.605870473220131878e+00 1.526040609070797416e+00 3.032394536133785401e+00
6.175506196506979073e+00 1.525523799702547922e+00 6.172248611663158968e+00
1.461211653129925070e+00 1.526103544721851835e+00 4.600993639901139076e+00
1.678276537575474459e+00 3.186742610917725926e+00 1.680713424909134446e+00
6.172428594775607458e+00 1.523126022221891418e+00 6.169501150265094047e+00
1.677725834437981733e+00 1.616090816782819628e+00 1.096217911143242962e-01
3.034564135299249177e+00 -4.510113631704066456e-02 -1.092882493494405083e-01
6.176406975687635637e+00 -4.517890563173646012e-02 1.461964480680514766e+00
1.678428371936123931e+00 6.328849919824389936e+00 4.822780497262204591e+00
1.462780405368919068e+00 4.666808204823887252e+00 1.460282508029932202e+00
6.174253370727117662e+00 3.094824630903953988e+00 4.600381018337374783e+00
6.174020379866466790e+00 6.237694831514764005e+00 6.171083452492655219e+00
4.820219741681063041e+00 4.758209998969578081e+00 1.681057526729854645e+00
1.071214111622581927e-01 1.615384044400700381e+00 3.250149673168921449e+00
1.462945052096999321e+00 6.237342229949074834e+00 3.031561909711077973e+00
4.819120766585183624e+00 6.328319841800292167e+00 4.822268881839506527e+00
-1.113221245283579075e-01 4.665583391339108488e+00 3.027884779018149342e+00
1.678483127185518731e+00 6.328653714543759357e+00 4.822763275158383323e+00
1.082395555470463261e-01 4.758205844801953077e+00 1.681624280993496034e+00
6.176929556269906918e+00 6.238188628436553529e+00 3.032232258880312337e+00
4.820240289725822080e+00 3.186764759136018643e+00 1.681120763637456106e+00
4.820041803320934015e+00 3.187062389719530042e+00 6.393957743374656388e+00
3.032664939459649212e+00 4.666605623333804687e+00 6.172092584727564279e+00
6.391356357372262487e+00 4.758613338716846997e+00 1.111954036121028111e-01
1.463024514611250382e+00 1.525486820335499427e+00 -1.109377046552015300e-01
4.603637254791731692e+00 3.095332993151346024e+00 3.029620632794211676e+00
4.820795407774057573e+00 4.637450765662119723e-02 6.394242883062879912e+00
1.677812809902766933e+00 4.757442003974028388e+00 1.680341291150880378e+00
1.462496309174214693e+00 1.524506835166723029e+00 1.459626281114186686e+00
1.071125840763247627e-01 6.328761259572077691e+00 1.680004811330191083e+00
1.677725139976478319e+00 3.185393198428581041e+00 1.100359450032530606e-01
4.818577184675223890e+00 1.616879429642902322e+00 1.680771102930509464e+00
1.462863466387305911e+00 3.096207362215411152e+00 4.601933486916236937e+00
3.035172232660567460e+00 3.096831114463557633e+00 4.603235999763271025e+00
3.248662569274922696e+00 1.615724810606385287e+00 4.822561252976688806e+00
6.391875436971862001e+00 4.758631666140071381e+00 3.253719839573475436e+00
4.603938111574989556e+00 6.237664763326034922e+00 1.460406898621977811e+00
4.823132329837609866e+00 3.187798248202403872e+00 3.256200708929966492e+00
3.247623342015129477e+00 4.757217680932058101e+00 4.820042166782961601e+00
3.247050774943981200e+00 4.757244585995742625e+00 4.820531084894379426e+00
3.032126953570383421e+00 -4.593611447548140436e-02 4.600610369348604678e+00
4.604647222193386291e+00 6.237886229088493550e+00 6.172008475773378855e+00
1.462804814438495082e+00 4.666726789361626437e+00 -1.107066322705155120e-01
3.033414543438270883e+00 6.237416492627539277e+00 4.601654753478930715e+00
3.247767813918756463e+00 4.564519589806266542e-02 3.251205013288492651e+00
1.463093408303769882e+00 -4.534636905495854214e-02 6.172950985034933780e+00
4.604648760170533706e+00 6.237897572245372224e+00 1.460865725270162674e+00
4.603098209889970427e+00 3.096086024234824485e+00 3.029321786048797982e+00
3.250310621767831698e+00 4.581612155949994075e-02 3.252560098786852372e+00
3.033587785767852818e+00 -4.550730537333010778e-02 3.031337696081275457e+00
4.820515725708930610e+00 1.615987639168519063e+00 1.681937351915466561e+00
1.462682095277831440e+00 4.667324817326186093e+00 6.172805018286100065e+00
4.819417061474164043e+00 4.757552521617077090e+00 3.252363672898471059e+00
4.605185186740632375e+00 6.237673308259214622e+00 4.602444915567724948e+00
4.604664467441211606e+00 1.525489455696670493e+00 6.172871512766890945e+00
1.463669312175519988e+00 4.666926554457801579e+00 6.173470330401543471e+00
4.603785767064024981e+00 1.524349249360252179e+00 3.029263555482559322e+00
4.820247159596307895e+00 1.616623634844425839e+00 1.681561954545179427e+00
1.070354733235473477e-01 4.757208698655371215e+00 3.251510515195648487e+00
3.033935692282783148e+00 1.526007508196345785e+00 3.031710145086083052e+00
1.678058693182732597e+00 4.459284137826320660e-02 4.822365503010618504e+00
-1.080144005958498798e-01 6.237724143233417173e+00 4.601588338548945778e+00
6.175494091686373643e+00 4.666924345949774455e+00 6.173030651126464541e+00
4.604611189913866198e+00 6.237580802317575390e+00 4.601833547804921487e+00
4.820145795771752617e+00 1.616041080582173217e+00 1.104819831269755054e-01
1.462525967135102078e+00 -4.498687246339724832e-02 -1.109426350662440774e-01
1.462803078432393100e+00 4.667250953387499735e+00 1.460960542896895697e+00
1.463913775045404320e+00 6.237061614830268219e+00 6.173802053443786519e+00
4.821226193088469003e+00 4.757820501676448544e+00 4.824149665957124355e+00
3.033480146590734172e+00 4.667264072271222197e+00 6.172066166392739639e+00
6.391837399239321371e+00 3.186829000969021664e+00 1.681444073700166353e+00
1.080385223836024394e-01 3.187151584365257584e+00 6.393874360918314181e+00
1.077684566479299166e-01 4.758299010467704981e+00 3.252956067877003754e+00
4.606513781145991082e+00 4.667757222730073430e+00 4.603507560089859396e+00
1.679048473552143594e+00 6.328921262891975097e+00 1.106143205993195544e-01
1.677735154247281146e+00 4.530812260610909969e-02 1.095901485914189261e-01
6.174698175505526798e+00 6.237376183099862637e+00 -1.116723906970540359e-01
6.176056366040441503e+00 1.525610784202940495e+00 6.172782548945492387e+00
6.175311727938485262e+00 4.666679341099409406e+00 3.031651135245814199e+00
3.035279570189071574e+00 4.666942035802990496e+00 1.461332922504244847e+00
1.462763231098192840e+00 6.237531463478653393e+00 6.172397896897011016e+00
3.249059367677387566e+00 1.615693768707677114e+00 1.107222241895437914e-01
1.678248947296805405e+00 4.758691836106038409e+00 1.681036205081920087e+00
4.819922383672964550e+00 4.757403652427671048e+00 4.822140468548704817e+00
6.175111959712062948e+00 1.525452486292165233e+00 4.601788511775779966e+00
6.174969334209985838e+00 4.666874903716190737e+00 1.459679082868326372e+00
4.604877560883281262e+00 4.666719678134616522e+00 3.031137821508475660e+00
4.820059363798339547e+00 6.327838065985980975e+00 4.822357993973929169e+00
1.458838017957441835e+00 1.523978209083596269e+00 4.597732193379788335e+00
3.033956236490317870e+00 1.524421482675102357e+00 3.031136585405274975e+00
3.034332441778960110e+00 4.666898782208789065e+00 6.173451384259016628e+00
1.063806941129876171e-01 6.328389071366285812e+00 3.251684013183635980e+00
1.089784752501798126e-01 3.186884787842706679e+00 3.252313984211704145e+00
4.818795783563675883e+00 4.757266106382530779e+00 4.821423608347872758e+00
3.248473818665869484e+00 4.495409099790526053e-02 4.821653030887971703e+00
-1.084422447258249766e-01 4.666732095677180503e+00 4.601406380349402525e+00
6.292818219040315242e+00 5.017532186753020929e-03 9.625869573624445258e-03
4.604307072115910948e+00 -4.544946365428133295e-02 1.460730433238507375e+00
-1.106178161145297545e-01 3.094652499328362172e+00 -1.127131908304343094e-01
3.249224569898211623e+00 1.616319702014175297e+00 1.105608481514675778e-01
4.818295052818152513e+00 3.186151827779515777e+00 4.821064012220347195e+00
3.035222048888582602e+00 1.525480490011314805e+00 1.460902908437689440e+00
1.082291347715016311e-01 6.329485311802287129e+00 4.823341275260031757e+00
4.603820467511698489e+00 -4.588058581273692094e-02 4.601088900610432297e+00
4.604491912839013601e+00 1.524867308380296604e+00 3.031268175199512527e+00
3.033051589880972898e+00 4.666772796321066785e+00 1.459842295471946771e+00
4.819657003657931149e+00 3.186718326011163782e+00 1.680555725429443203e+00
3.250303489228395293e+00 6.328204370383372357e+00 3.252047614705242395e+00
1.464427217663374581e+00 1.525345209507850353e+00 3.031921792250446668e+00
4.821523908475527698e+00 4.759006997385724524e+00 1.682366641620758108e+00
1.079970188358291006e-01 3.186271222707224737e+00 3.251284893837612877e+00
-1.086916791471195798e-01 6.237626255500183348e+00 3.029997797130745685e+00
4.820618167721353764e+00 4.559643022687053654e-02 1.681978818401041353e+00
3.252593234905240660e+00 3.188441438453336829e+00 1.683930603026212225e+00
1.678322794628000603e+00 3.187141944614160671e+00 6.394052259696060503e+00
4.819251984505880770e+00 4.562285560783201771e-02 1.680555643583711456e+00
3.249428136664400668e+00 4.757737331291260752e+00 4.822100558434289752e+00
6.176374749032743416e+00 6.238525851640210007e+00 1.461183840754174401e+00
3.248631884050558138e+00 4.757781367494850144e+00 1.101726830605659069e-01
1.086898686999255986e-01 4.757306942007875072e+00 1.681911321923185154e+00
3.033733324408300458e+00 1.525390804233353936e+00 1.459930108394680293e+00
1.072914446338165267e-01 1.616009664118473799e+00 4.821360737922633533e+00
3.248460017593475246e+00 4.757597942027313564e+00 3.250935208465940640e+00
6.176246260283758005e+00 4.667398969115939877e+00 6.173312303678462953e+00
4.602360371616851964e+00 4.666643808276512040e+00 4.599433481245420730e+00
3.249114903411177924e+00 1.616165875783084571e+00 6.393339833507522663e+00
4.823110024669168716e+00 6.330474771714784232e+00 3.255663234214777546e+00
3.249684343888313620e+00 6.328644553934015704e+00 4.823522253788647518e+00
3.247905973278817360e+00 4.579204205159215224e-02 1.680520283573885054e+00
6.176322381012097296e+00 3.096613240062340733e+00 3.032598090439982297e+00
1.083723701627427177e-01 3.186734710788482250e+00 3.252951648769213833e+00
1.677885466690886007e+00 1.615662599925110632e+00 3.250988678331772963e+00
4.608286686444094116e+00 3.097387296613952845e+00 4.606487335974623676e+00
6.391305698360683074e+00 4.757449094750512586e+00 3.251637937008365675e+00
3.033017865640669886e+00 6.237891732414609258e+00 6.172428262233589535e+00
1.461836995775502190e+00 -4.607273304883532233e-02 1.459380353994891744e+00
3.249398661991747872e+00 1.616118969568646424e+00 1.681372221664311217e+00
1.462651193062292743e+00 4.666364294837310744e+00 4.601574033893863103e+00
1.077744697890662684e-01 4.497894638215858831e-02 4.823264899370997227e+00
4.820070682391428996e+00 4.758162596222802243e+00 1.681067064349467843e+00
1.460566453910489004e+00 4.666292728804933176e+00 -1.136731308141074731e-01
3.034109812727695310e+00 -4.582492935199092288e-02 1.459971607264716642e+00
4.603630900351936894e+00 3.095240041328293223e+00 1.458324262542318062e+00
3.033982486436821890e+00 1.525449258413774656e+00 1.460483691863416977e+00
-1.083405048653664771e-01 1.524966617575128192e+00 4.600951267627613639e+00
3.034349876733520190e+00 1.525431089749766489e+00 6.172690342106440298e+00
1.679858014625461360e+00 3.188049204589322283e+00 6.394171113112746774e+00
3.033440897558147498e+00 1.525727061598486589e+00 6.172675718664321742e+00
6.175335227703742547e+00 3.096164193367022754e+00 4.601905400194189255e+00
1.678069618038290800e+00 1.616060494157452565e+00 1.101636531546668074e-01
1.678443927335845576e+00 3.187250555235925376e+00 4.822578367310870640e+00
3.250306668767012130e+00 4.758150401317188027e+00 1.113096980487885274e-01
-1.075581790261279924e-01 3.096465016202533338e+00 -1.095752440167623576e-01
1.463117278532805043e+00 3.096213759265716181e+00 3.031467575110460277e+00
3.033126671858016987e+00 4.666258890798068215e+00 3.030053069153563872e+00
1.089319588887586732e-01 4.758215595515270735e+00 1.116970780773487715e-01
6.177267541533717932e+00 1.526061489497794632e+00 6.174826057984152961e+00
3.034419417936073060e+00 1.525485142500777380e+00 6.173494219848782549e+00
1.678438784396738770e+00 6.328634463102758900e+00 1.681265286231010458e+00
-1.071666183476581158e-01 3.096947369526463767e+00 4.602756840145950434e+00
1.063709685431609708e-01 4.756895940156542935e+00 1.679495058074170322e+00
3.032520801304388502e+00 4.666912025484913684e+00 1.458398378129206252e+00
4.819335212375379207e+00 6.328807999999498612e+00 6.392760627418820896e+00
3.033489242164002953e+00 1.525659692948636570e+00 1.459538459667951926e+00
-1.087460363034873506e-01 4.666615941438474913e+00 4.601035906310460888e+00
1.677627881948405175e+00 4.586152833272987006e-02 4.822445084349114452e+00
1.071733562916538929e-01 1.615970148288832675e+00 1.680445923946615627e+00
4.820354359524253951e+00 3.187241009399484515e+00 3.251839748421001541e+00
1.462031347223941902e+00 3.096614970271488243e+00 -1.111679833185932886e-01
3.248754072654474800e+00 3.186723954406978976e+00 4.822578321829921855e+00
1.679511085391837355e+00 4.758796275361143024e+00 6.394762278414512835e+00
6.173749283553501499e+00 3.095447684915412445e+00 3.028600993810364628e+00
3.032749153856283186e+00 3.096276417920690971e+00 1.458899617625507794e+00
3.034791173825411636e+00 3.096482838900375789e+00 1.461855476667699216e+00
6.175942271166958264e+00 3.096423340598265295e+00 6.173116343549917673e+00
3.249038953559814757e+00 6.328867141732084534e+00 1.100651542177801812e-01
1.680101396351204590e+00 1.616608828425165623e+00 1.110779486907100960e-01
4.821203821009344637e+00 4.758241001007817772e+00 1.117005149516333007e-01
1.076970108233309409e-01 4.534747799256871881e-02 1.681078157784431371e+00
4.820106407978907548e+00 3.186710193452081619e+00 1.680612195922881247e+00
1.678002330618113769e+00 1.616295172236317468e+00 4.822282655192768885e+00
3.033865243319714189e+00 -4.496867817547827578e-02 1.461030736447305634e+00
1.075903092485047258e-01 1.615563834523933595e+00 4.822091118709341373e+00
6.174230333085978906e+00 6.237420073904205609e+00 4.599593081702083808e+00
1.461434877519587783e+00 3.096057498975308686e+00 3.030118815010347078e+00
4.820087619768485432e+00 4.482645420499595940e-02 1.108537808579265621e-01
1.463634124292042538e+00 3.095891328942379506e+00 4.601923459978126907e+00
3.033290143877470868e+00 4.666686815382036890e+00 6.172555700241572296e+00
1.462965422023544626e+00 3.095651974987524202e+00 3.030670805381937782e+00
3.250062353160936279e+00 4.758073085595808216e+00 6.394077445706804141e+00
4.608087432663973360e+00 6.238861840977083517e+00 4.604843937175158608e+00
3.251857288308376948e+00 4.759223125555775979e+00 3.254002929798135213e+00
-1.077764080629558113e-01 4.666927022723244889e+00 4.602206633789328372e+00
1.074613965130161164e-01 4.564254328381490977e-02 3.251652256413342545e+00
1.678644892595055227e+00 3.186918550011497153e+00 1.681173851241629658e+00
-1.094076896230773283e-01 4.666087374624105166e+00 3.029817018102682447e+00
4.605900908385955006e+00 6.237483786672347819e+00 3.033810196052166841e+00
4.821769623664306614e+00 3.187360449614032198e+00 1.111297857188127403e-01
3.249188610464460059e+00 1.615782639298893653e+00 1.101196598976444674e-01
4.817499088708748545e+00 4.756916409991885253e+00 6.390817041121995778e+00
3.249169404818366580e+00 1.615815047998175658e+00 4.822812286441608087e+00
3.250058459227445518e+00 1.616572972536907793e+00 4.824553752045533273e+00
6.389913223298993472e+00 3.186994721745092907e+00 4.821879144380320170e+00
4.821013035791459345e+00 4.757513771826317850e+00 3.252282753092297973e+00
1.089369053256331044e-01 1.617778782537221405e+00 1.682644858328869564e+00
3.249202110098361906e+00 1.616162440229502728e+00 3.251887481007789571e+00
4.819535403636609594e+00 4.521715132412466170e-02 1.680961983224032341e+00
-1.073248018266961534e-01 3.096252039254426158e+00 4.602825314868617568e+00
6.392445330168254891e+00 4.758374327483358535e+00 1.110747417632027695e-01
4.819850531085461576e+00 4.757915774717606183e+00 1.103229097157555488e-01
3.035072355368324537e+00 6.238140553633044760e+00 4.603373077353182019e+00
3.033538650942737114e+00 3.096402467523887037e+00 -1.115054111355987254e-01
1.678740837884230785e+00 3.186805393993897173e+00 1.105668085020157926e-01
1.463890160712430166e+00 1.526879888373756211e+00 1.462986286377701450e+00
3.033389870247234388e+00 4.666553410329274065e+00 1.459401386088865271e+00
6.175012821576761901e+00 4.667583585250297595e+00 1.459734986370083920e+00
6.393667104037509041e+00 3.187722407549441694e+00 4.825563782382336520e+00
3.034379605256075418e+00 -4.478005398096616962e-02 1.460991657898503160e+00
1.463255452644428578e+00 3.095873109087026620e+00 6.172223063247905372e+00
3.033376706431771375e+00 3.096763195535388924e+00 4.602173528497664812e+00
1.679506874531475402e+00 3.187143552331695773e+00 3.253081035694448175e+00
3.248664594020177265e+00 3.186345719180079250e+00 1.102085547541614974e-01
3.033984926823560802e+00 1.525191930775999127e+00 6.172432255140014590e+00
3.032624953760408193e+00 1.524759794521068690e+00 6.171617595064156525e+00
3.033828124054214204e+00 4.667536181865009404e+00 4.602526112097109490e+00
3.248485141513852259e+00 4.757452606721102484e+00 6.393236790556048987e+00
6.176238895207253776e+00 4.666497803462742233e+00 4.602266255253376848e+00
4.603615407261258952e+00 1.524879314015310294e+00 4.600649502641677380e+00
1.462472454831192481e+00 -4.589782721078709826e-02 4.600655555214055781e+00
3.033550194993587468e+00 4.667080855436547715e+00 6.172973650232027154e+00
3.249681117974037470e+00 1.616977238103850745e+00 3.252128143083678147e+00
4.817928460124417001e+00 4.525643799314527094e-02 6.392484957635576670e+00
6.175681995953875791e+00 3.096167711904251885e+00 6.173405305888131522e+00
4.604862307944924460e+00 4.667533195423600567e+00 3.031375476789462731e+00
1.086651780591987582e-01 1.616699340567677279e+00 4.823871594134859997e+00
4.820640438324794275e+00 1.616500154858825145e+00 1.682097945132807304e+00
3.033757379579401281e+00 4.666879335081904223e+00 4.602547951828617201e+00
4.820591766686232127e+00 4.758337750521815401e+00 1.110981687798826695e-01
1.083140943915889415e-01 3.187853690540380480e+00 6.394319927011710369e+00
6.175572093709988053e+00 4.667184809500394493e+00 4.600729824342186802e+00
1.677799607694358652e+00 4.757365038104436117e+00 1.680281051905039069e+00
1.462658111420970686e+00 3.096225044292300499e+00 1.460330654630660918e+00
3.249657415990402587e+00 4.758326778473134233e+00 1.119101846112003917e-01
1.461721215176261301e+00 1.525275410558958100e+00 3.029518547910851289e+00
3.248998728861097973e+00 3.186840865572688308e+00 3.253431734919184137e+00
1.087652237891950924e-01 4.615029414028280069e-02 4.824171297476824272e+00
1.075204338845852231e-01 4.758246150291481236e+00 3.252392879991490293e+00
-1.086525553090600532e-01 6.236964780381043738e+00 3.030389702742058322e+00
6.173304578467706527e+00 1.523954580501140743e+00 3.028801865315027708e+00
3.034798863978175998e+00 3.096430136846409109e+00 6.173846461706992805e+00
6.174929913746903587e+00 -4.549149471331267319e-02 6.171695961077163339e+00
6.392910034873787062e+00 1.617051329918057778e+00 1.683023559308479689e+00
1.676092576891599961e+00 3.186361551152384397e+00 4.820391763837602817e+00
4.820513981112635626e+00 6.329178721905678096e+00 1.681569789462480147e+00
4.821207875556604350e+00 3.186558228950387317e+00 4.823463241316709116e+00
4.820555835626413987e+00 4.523528369331685645e-02 4.822735838061383618e+00
1.465517710102567150e+00 1.525813197044387559e+00 4.604384068021272647e+00
1.678610806440977488e+00 4.552479029553734013e-02 3.252624179844188390e+00
3.033233621714647832e+00 4.666873180479012895e+00 4.601599829078129922e+00
3.250178962364909996e+00 1.616013496797218396e+00 4.823818512834536776e+00
6.175402764670434586e+00 4.666745355513286952e+00 1.460656463511792902e+00
3.249989440471037661e+00 4.757660743218916188e+00 1.113950617903932544e-01
3.249054573490515185e+00 4.757850550643204279e+00 3.252683244358725467e+00
3.248100447705929650e+00 3.186735723129525688e+00 1.107324574084588287e-01
4.820155454909196280e+00 1.616756122699778642e+00 3.251686961302107992e+00
4.819780470266868733e+00 4.757606981696037352e+00 1.103323985211195207e-01
1.067958958399562452e-01 4.757207707788549733e+00 1.680466384594990537e+00
3.249774812649264710e+00 3.186877562018913590e+00 1.682065165683277463e+00
1.072190626856826118e-01 3.186821523032408621e+00 1.680386715012199828e+00
1.680165198189381259e+00 3.187283099890308780e+00 1.682632102535617458e+00
4.604556341448392764e+00 1.525449873911295384e+00 -1.100690971288587755e-01
4.605745713835426081e+00 4.667271267209081032e+00 1.461388319444998585e+00
1.460687931342167234e+00 4.666417656646035361e+00 3.029269434634063174e+00
-1.073167829382341842e-01 6.237796037402789651e+00 3.031880989469457610e+00
4.820642203906440493e+00 1.616609180925207001e+00 4.822646958722581090e+00
3.249562016481460258e+00 4.508558026036955241e-02 1.681251957522036378e+00
1.462948225785861034e+00 6.237474931553791180e+00 4.602208651621519486e+00
3.250569875088591409e+00 4.757573086416471142e+00 3.252569579752488949e+00
4.605657150822560553e+00 4.666478264235823126e+00 6.173528309789414692e+00
1.462936868601486307e+00 4.666842156045333034e+00 4.601744658127963739e+00
1.075789078023693668e-01 6.328573655520195018e+00 1.680802611827778570e+00
1.462484397893864196e+00 -4.597317436936920049e-02 1.460226578467803016e+00
6.175355962343542338e+00 4.666852758732735751e+00 4.602627348555236253e+00
6.390641023968881562e+00 6.328380083808449186e+00 1.681102088677810080e+00
4.820531253169085595e+00 1.616314095984660693e+00 3.252481837805860643e+00
3.033751970707109447e+00 4.666942335284607779e+00 3.031234561897232282e+00
1.678560240186450558e+00 4.757254000551507822e+00 3.251635881896462354e+00
1.460554072765291256e+00 6.238036168067922382e+00 1.458328718531133328e+00
3.033992115248542731e+00 1.525001426890211231e+00 1.460257245059482623e+00
6.175856253288674935e+00 1.525358319641570093e+00 1.461237805045888960e+00
1.680184079134240172e+00 4.528675461884961589e-02 6.395178294819017673e+00
4.820784129584473554e+00 4.757908218147962387e+00 4.823523968117275906e+00
1.462153607094364816e+00 4.667225812090447512e+00 3.030681766631362795e+00
1.091761179272398435e-01 4.757960011796529720e+00 4.823538712243601090e+00
1.076640099014042062e-01 4.527521224345529283e-02 4.822109621234205612e+00
1.678801434044946417e+00 3.187472143398007773e+00 4.822768991712956144e+00
3.249500912392150109e+00 1.616715753855761717e+00 3.251147525816302952e+00
1.069210184606900899e-01 3.186510684013650341e+00 1.680454415942288948e+00
6.175812535794615421e+00 4.666673708354224459e+00 -1.097667356057177163e-01
3.033686509116674923e+00 1.525453351544987290e+00 -1.106882944196914270e-01
1.462226553306994692e+00 3.095922917327019963e+00 3.030637259575549969e+00
1.678558894134880131e+00 3.187239495095146591e+00 6.393379041277247765e+00
1.077689802936631080e-01 1.616450530470374236e+00 4.822657007392157524e+00
3.248147656434571484e+00 6.327854573938978433e+00 1.679411345676368628e+00
3.032264961682430648e+00 6.236262114754653751e+00 1.458992893351948483e+00
3.249311418517402572e+00 4.588481039643694387e-02 4.822822798993557925e+00
1.076173305702480404e-01 3.186661791407859212e+00 1.107105758218108055e-01
1.463285309464351203e+00 4.666353767408477182e+00 4.602045507226911525e+00
4.819245452095794136e+00 3.187512253593996814e+00 3.251961186315844632e+00
1.463122235707695173e+00 3.096043110241630814e+00 6.172903626588014170e+00
3.249847272135341303e+00 4.758339173601231487e+00 3.252766278402563938e+00
6.390817048419419777e+00 6.329031135133257102e+00 1.108543266162135971e-01
1.071326967244806416e-01 3.186621838318342004e+00 1.680494344319736877e+00
6.389796749929725017e+00 4.409272907634026462e-02 4.821378399649994151e+00
4.604012830793564603e+00 4.666794514676694483e+00 6.172412030309024189e+00
1.678506693996203003e+00 3.186905416037765448e+00 1.681423275891287483e+00
1.676955193245577957e+00 4.757026020949751022e+00 4.820550155196596798e+00
6.390669787448350903e+00 4.560329814894217848e-02 1.681067693701715715e+00
1.678348872120501545e+00 4.514079163888457674e-02 6.393674675516664685e+00
4.604172718807392428e+00 6.237582813613249400e+00 3.031094394581979490e+00
1.677786300744967596e+00 3.186524683369460931e+00 3.252103316068303496e+00
3.249495516023252595e+00 1.616926576403725280e+00 3.251612158607058767e+00
1.680678513212012115e+00 6.329571276214650766e+00 4.823507621246072574e+00
4.605548447772929599e+00 -4.539367249461866843e-02 1.460936082984364059e+00
3.249379980580898497e+00 4.567451294996443395e-02 1.682123568556747939e+00
4.605084197936117008e+00 3.096289141131669975e+00 1.459700943958422537e+00
6.390747043809309247e+00 4.561219323497927441e-02 1.680611648269922709e+00
3.033814284313297360e+00 4.666834289668587488e+00 3.031327017092648290e+00
1.462333269481529641e+00 4.666612785667529018e+00 3.030179963624348716e+00
