-1.855889822542667389e+01
-1.855892884731292725e+01
-1.855893626809120178e+01
-1.855887530744075775e+01
-1.855864848196506500e+01
-1.855891753733158112e+01
-1.855893093347549438e+01
-1.855890114605426788e+01
-1.855889150500297546e+01
-1.855894073843955994e+01
-1.855891533195972443e+01
-1.855869598686695099e+01
-1.855891777575016022e+01
-1.855890515446662903e+01
-1.855858853459358215e+01
-1.855889441072940826e+01
-1.855889567732810974e+01
-1.855879765748977661e+01
-1.855895230174064636e+01
-1.855883914232254028e+01
-1.855889998376369476e+01
-1.855877800285816193e+01
-1.855888459086418152e+01
-1.855890609323978424e+01
-1.855888004601001740e+01
-1.855893971025943756e+01
-1.855891646444797516e+01
-1.855876895785331726e+01
-1.855877214670181274e+01
-1.855890823900699615e+01
-1.855873854458332062e+01
-1.855890569090843201e+01
-1.855888049304485321e+01
-1.855878619849681854e+01
-1.855888828635215759e+01
-1.855890484154224396e+01
-1.855884969234466553e+01
-1.855891133844852448e+01
-1.855887342989444733e+01
-1.855895207822322845e+01
-1.855900104343891144e+01
-1.855892951786518097e+01
-1.855888931453227997e+01
-1.855890302360057831e+01
-1.855884331464767456e+01
-1.855809253454208374e+01
-1.855888657271862030e+01
-1.855884712934494019e+01
-1.855883701145648956e+01
-1.855885085463523865e+01
-1.855894301831722260e+01
-1.855895982682704926e+01
-1.855890634655952454e+01
-1.855893595516681671e+01
-1.855892670154571533e+01
-1.855891957879066467e+01
-1.855893667042255402e+01
-1.855891753733158112e+01
-1.855888763070106506e+01
-1.855889956653118134e+01
-1.855893060564994812e+01
-1.855892281234264374e+01
-1.855880805850028992e+01
-1.855889239907264709e+01
-1.855872645974159241e+01
-1.855875141918659210e+01
-1.855891434848308563e+01
-1.855890329182147980e+01
-1.855891458690166473e+01
-1.855888281762599945e+01
-1.855877545475959778e+01
-1.855894148349761963e+01
-1.855891704559326172e+01
-1.855887682735919952e+01
-1.855874046683311462e+01
-1.855889293551445007e+01
-1.855895264446735382e+01
-1.855891375243663788e+01
-1.855889599025249481e+01
-1.855812855064868927e+01
-1.855882672965526581e+01
-1.855892270803451538e+01
-1.855889599025249481e+01
-1.855878762900829315e+01
-1.855891667306423187e+01
-1.855887360870838165e+01
-1.855883292853832245e+01
-1.855891136825084686e+01
-1.855889108777046204e+01
-1.855891455709934235e+01
-1.855857051908969879e+01
-1.855876260995864868e+01
-1.855883850157260895e+01
-1.855893969535827637e+01
-1.855887082219123840e+01
-1.855891431868076324e+01
-1.855888181924819946e+01
-1.855884729325771332e+01
-1.855891975760459900e+01
-1.855889751017093658e+01
-1.855893409252166748e+01
-1.855894479155540466e+01
-1.855879387259483337e+01
-1.855870386958122253e+01
-1.855887596309185028e+01
-1.855885998904705048e+01
-1.855893874168395996e+01
-1.855894009768962860e+01
-1.855894713103771210e+01
-1.855891810357570648e+01
-1.855875141918659210e+01
-1.855887784063816071e+01
-1.855891475081443787e+01
-1.855874282121658325e+01
-1.855879439413547516e+01
-1.855893605947494507e+01
-1.855888332426548004e+01
-1.855865405499935150e+01
-1.855893035233020782e+01
-1.855828957259654999e+01
-1.855888181924819946e+01
-1.855889944732189178e+01
-1.855883367359638214e+01
-1.855883401632308960e+01
-1.855895818769931793e+01
-1.855889639258384705e+01
-1.855891741812229156e+01
-1.855894106626510620e+01
-1.855890847742557526e+01
-1.855892544984817505e+01
-1.855890116095542908e+01
-1.855885455012321472e+01
-1.855894832313060760e+01
-1.855880200862884521e+01
-1.855893214046955109e+01
-1.855892233550548553e+01
-1.855888283252716064e+01
-1.855892167985439301e+01
-1.855890542268753052e+01
-1.855849783122539520e+01
-1.855893281102180481e+01
-1.855889360606670380e+01
-1.855810943245887756e+01
-1.855884738266468048e+01
-1.855859732627868652e+01
-1.855892710387706757e+01
-1.855768872797489166e+01
-1.855872669816017151e+01
-1.855890055000782013e+01
-1.855860315263271332e+01
-1.855882669985294342e+01
-1.855877141654491425e+01
-1.855882002413272858e+01
-1.855883127450942993e+01
-1.855886359512805939e+01
-1.855893255770206451e+01
-1.855888731777667999e+01
-1.855868980288505554e+01
-1.855895864963531494e+01
-1.855889436602592468e+01
-1.855885869264602661e+01
-1.855884498357772827e+01
-1.855884455144405365e+01
-1.855884027481079102e+01
-1.855898948013782501e+01
-1.855890190601348877e+01
-1.855894950032234192e+01
-1.855889441072940826e+01
-1.855894556641578674e+01
-1.855849424004554749e+01
-1.855893056094646454e+01
-1.855859747529029846e+01
-1.855892513692378998e+01
-1.855882327258586884e+01
-1.855818979442119598e+01
-1.855889821052551270e+01
-1.855888105928897858e+01
-1.855887828767299652e+01
-1.855890391767024994e+01
-1.855850838124752045e+01
-1.855887514352798462e+01
-1.855893096327781677e+01
-1.855887158215045929e+01
-1.855894383788108826e+01
-1.855893705785274506e+01
-1.855889149010181427e+01
-1.855882520973682404e+01
-1.855893251299858093e+01
-1.855887407064437866e+01
-1.855877836048603058e+01
-1.855890604853630066e+01
-1.855885861814022064e+01
-1.855881878733634949e+01
-1.855891489982604980e+01
-1.855886766314506531e+01
-1.855893366038799286e+01
-1.855887289345264435e+01
-1.855890569090843201e+01
-1.855889023840427399e+01
-1.855878727138042450e+01
-1.855886308848857880e+01
-1.855886965990066528e+01
-1.855892133712768555e+01
-1.855891199409961700e+01
-1.855886277556419373e+01
-1.855890414118766785e+01
-1.855882552266120911e+01
-1.855881384015083313e+01
-1.855865015089511871e+01
-1.855879759788513184e+01
-1.855890189111232758e+01
-1.855894269049167633e+01
-1.855886206030845642e+01
-1.855862395465373993e+01
-1.855890084803104401e+01
-1.855891895294189453e+01
-1.855891217291355133e+01
-1.855891641974449158e+01
-1.855891941487789154e+01
-1.855889274179935455e+01
-1.855885107815265656e+01
-1.855892805755138397e+01
-1.855891120433807373e+01
-1.855840831995010376e+01
-1.855888667702674866e+01
-1.855888912081718445e+01
-1.855850292742252350e+01
-1.855889576673507690e+01
-1.855890220403671265e+01
-1.855881775915622711e+01
-1.855896347761154175e+01
-1.855891472101211548e+01
-1.855894824862480164e+01
-1.855887359380722046e+01
-1.855896764993667603e+01
-1.855890543758869171e+01
-1.855892583727836609e+01
-1.855892223119735718e+01
-1.855880659818649292e+01
-1.855892291665077209e+01
-1.855893109738826752e+01
-1.855891385674476624e+01
-1.855864362418651581e+01
-1.855879795551300049e+01
-1.855889253318309784e+01
-1.855885206162929535e+01
-1.855892977118492126e+01
-1.855888667702674866e+01
-1.855893582105636597e+01
-1.855886858701705933e+01
-1.855886112153530121e+01
-1.855887448787689209e+01
-1.855884590744972229e+01
-1.855885073542594910e+01
-1.855886775255203247e+01
-1.855889715254306793e+01
-1.855890437960624695e+01
-1.855890338122844696e+01
-1.855892579257488251e+01
-1.855892784893512726e+01
-1.855888740718364716e+01
-1.855856069922447205e+01
-1.855887915194034576e+01
-1.855888535082340240e+01
-1.855892816185951233e+01
-1.855894111096858978e+01
-1.855886524915695190e+01
-1.855885165929794312e+01
-1.855880947411060333e+01
-1.855882930755615234e+01
-1.855890418589115143e+01
-1.855893497169017792e+01
-1.855888944864273071e+01
-1.855888873338699341e+01
-1.855890105664730072e+01
-1.855887480080127716e+01
-1.855883154273033142e+01
-1.855889217555522919e+01
-1.855885484814643860e+01
-1.855894197523593903e+01
-1.855883075296878815e+01
-1.855888977646827698e+01
-1.855889981985092163e+01
-1.855895704030990601e+01
-1.855891467630863190e+01
-1.855876207351684570e+01
-1.855887542665004730e+01
-1.855890755355358124e+01
-1.855898356437683105e+01
-1.855887798964977264e+01
-1.855886323750019073e+01
-1.855898305773735046e+01
-1.855875211954116821e+01
-1.855891069769859314e+01
-1.855891367793083191e+01
-1.855890080332756042e+01
-1.855880044400691986e+01
-1.855886542797088623e+01
-1.855891297757625580e+01
-1.855892698466777802e+01
-1.855893214046955109e+01
-1.855892956256866455e+01
-1.855890077352523804e+01
-1.855892404913902283e+01
-1.855889335274696350e+01
-1.855874615907669067e+01
-1.855892796814441681e+01
-1.855888515710830688e+01
-1.855833126604557037e+01
-1.855889420211315155e+01
-1.855898110568523407e+01
-1.855896843969821930e+01
-1.855881743133068085e+01
-1.855833780765533447e+01
-1.855891525745391846e+01
-1.855893811583518982e+01
-1.855885145068168640e+01
-1.855886174738407135e+01
-1.855890183150768280e+01
-1.855892653763294220e+01
-1.855886419117450714e+01
-1.855888764560222626e+01
-1.855871726572513580e+01
-1.855890780687332153e+01
-1.855889841914176941e+01
-1.855892752110958099e+01
-1.855890195071697235e+01
-1.855894958972930908e+01
-1.855840286612510681e+01
-1.855892442166805267e+01
-1.855890844762325287e+01
-1.855889478325843811e+01
-1.855883777141571045e+01
-1.855893048644065857e+01
-1.855890098214149475e+01
-1.855882331728935242e+01
-1.855886036157608032e+01
-1.855894751846790314e+01
-1.855887007713317871e+01
-1.855894885957241058e+01
-1.855877926945686340e+01
-1.855889961123466492e+01
-1.855891042947769165e+01
-1.855894690752029419e+01
-1.855884680151939392e+01
-1.855872279405593872e+01
-1.855877767503261566e+01
-1.855890820920467377e+01
-1.855891530215740204e+01
-1.855891564488410950e+01
-1.855885660648345947e+01
-1.855890254676342010e+01
-1.855888605117797852e+01
-1.855891346931457520e+01
-1.855892348289489746e+01
-1.855885228514671326e+01
-1.855865702033042908e+01
-1.855886046588420868e+01
-1.855896492302417755e+01
-1.855892869830131531e+01
-1.855891042947769165e+01
-1.855884745717048645e+01
-1.855885271728038788e+01
-1.855890908837318420e+01
-1.855890542268753052e+01
-1.855889400839805603e+01
-1.855891163647174835e+01
-1.855895102024078369e+01
-1.855887340009212494e+01
-1.855865347385406494e+01
-1.855893518030643463e+01
-1.855890451371669769e+01
-1.855894054472446442e+01
-1.855886356532573700e+01
-1.855894719064235687e+01
-1.855888593196868896e+01
-1.855892089009284973e+01
-1.855887979269027710e+01
-1.855890241265296936e+01
-1.855887505412101746e+01
-1.855894862115383148e+01
-1.855886955559253693e+01
-1.855877576768398285e+01
-1.855890361964702606e+01
-1.855894204974174500e+01
-1.855851131677627563e+01
-1.855889835953712463e+01
-1.855895103514194489e+01
-1.855894231796264648e+01
-1.855878864228725433e+01
-1.855888955295085907e+01
-1.855886138975620270e+01
-1.855872617661952972e+01
-1.855888448655605316e+01
-1.855888167023658752e+01
-1.855876682698726654e+01
-1.855878055095672607e+01
-1.855875650048255920e+01
-1.855893963575363159e+01
-1.855890813469886780e+01
-1.855892239511013031e+01
-1.855885237455368042e+01
-1.855890443921089172e+01
-1.855876040458679199e+01
-1.855883479118347168e+01
-1.855885684490203857e+01
-1.855887554585933685e+01
-1.855893972516059875e+01
-1.855883453786373138e+01
-1.855890437960624695e+01
-1.855892959237098694e+01
-1.855890977382659912e+01
-1.855894666910171509e+01
-1.855890803039073944e+01
-1.855893236398696899e+01
-1.855886770784854889e+01
-1.855881375074386597e+01
-1.855886907875537872e+01
-1.855889165401458740e+01
-1.855894920229911804e+01
-1.855890963971614838e+01
-1.855896627902984619e+01
-1.855887997150421143e+01
-1.855889885127544403e+01
-1.855892017483711243e+01
-1.855874335765838623e+01
-1.855889858305454254e+01
-1.855889095366001129e+01
-1.855889961123466492e+01
-1.855883254110813141e+01
-1.855897253751754761e+01
-1.855887861549854279e+01
-1.855891022086143494e+01
-1.855891072750091553e+01
-1.855891853570938110e+01
-1.855886706709861755e+01
-1.855888356268405914e+01
-1.855879597365856171e+01
-1.855887636542320251e+01
-1.855883511900901794e+01
-1.855887210369110107e+01
-1.855889555811882019e+01
-1.855894334614276886e+01
-1.855885359644889832e+01
-1.855894674360752106e+01
-1.855891475081443787e+01
-1.855891852080821991e+01
-1.855889694392681122e+01
-1.855896791815757751e+01
-1.855895113945007324e+01
-1.855893577635288239e+01
-1.855890035629272461e+01
-1.855888998508453369e+01
-1.855891458690166473e+01
-1.855892613530158997e+01
-1.855889579653739929e+01
-1.855888612568378448e+01
-1.855847053229808807e+01
-1.855895304679870605e+01
-1.855881395936012268e+01
-1.855889420211315155e+01
-1.855882127583026886e+01
-1.855890829861164093e+01
-1.855894196033477783e+01
-1.855890934169292450e+01
-1.855889414250850677e+01
-1.855872109532356262e+01
-1.855891117453575134e+01
-1.855892819166183472e+01
-1.855895550549030304e+01
-1.855890348553657532e+01
-1.855885751545429230e+01
-1.855891954898834229e+01
-1.855869822204113007e+01
-1.855895367264747620e+01
-1.855840505659580231e+01
-1.855894027650356293e+01
-1.855892668664455414e+01
-1.855889488756656647e+01
-1.855896477401256561e+01
-1.855896767973899841e+01
-1.855879573523998260e+01
-1.855881516635417938e+01
-1.855892434716224670e+01
-1.855883386731147766e+01
-1.855890725553035736e+01
-1.855888262391090393e+01
-1.855850543081760406e+01
-1.855891214311122894e+01
-1.855894902348518372e+01
-1.855890505015850067e+01
-1.855898249149322510e+01
-1.855894461274147034e+01
-1.855886527895927429e+01
-1.855893713235855103e+01
-1.855889868736267090e+01
-1.855884341895580292e+01
-1.855886760354042053e+01
-1.855889169871807098e+01
-1.855885311961174011e+01
-1.855892409384250641e+01
-1.855874213576316833e+01
-1.855878144502639771e+01
-1.855890154838562012e+01
-1.855890429019927979e+01
-1.855886703729629517e+01
-1.855884259939193726e+01
-1.855886586010456085e+01
-1.855835932493209839e+01
-1.855872514843940735e+01
-1.855878077447414398e+01
-1.855882167816162109e+01
-1.855891513824462891e+01
-1.855896329879760742e+01
-1.855893757939338684e+01
-1.855884486436843872e+01
-1.855896121263504028e+01
-1.855889971554279327e+01
-1.855885739624500275e+01
-1.855887857079505920e+01
-1.855893492698669434e+01
-1.855890688300132751e+01
-1.855891849100589752e+01
-1.855884940922260284e+01
-1.855888853967189789e+01
-1.855892230570316315e+01
-1.855894079804420471e+01
-1.855871909856796265e+01
-1.855894356966018677e+01
-1.855892048776149750e+01
-1.855888834595680237e+01
-1.855887690186500549e+01
-1.855893874168395996e+01
-1.855897505581378937e+01
-1.855897749960422516e+01
-1.855893664062023163e+01
-1.855895456671714783e+01
-1.855893138051033020e+01
-1.855883450806140900e+01
-1.855886131525039673e+01
-1.855890274047851562e+01
-1.855887690186500549e+01
-1.855894766747951508e+01
-1.855887585878372192e+01
-1.855880579352378845e+01
-1.855897192656993866e+01
-1.855897547304630280e+01
-1.855890828371047974e+01
-1.855891416966915131e+01
-1.855884186923503876e+01
-1.855882965028285980e+01
-1.855895914137363434e+01
-1.855885998904705048e+01
-1.855884826183319092e+01
-1.855890849232673645e+01
-1.855891518294811249e+01
-1.855893844366073608e+01
-1.855893218517303467e+01
-1.855889084935188293e+01
-1.855824911594390869e+01
-1.855888839066028595e+01
-1.855891196429729462e+01
-1.855889278650283813e+01
-1.855886305868625641e+01
-1.855889138579368591e+01
-1.855886708199977875e+01
-1.855893817543983459e+01
-1.844295363128185272e+01
-1.855892942845821381e+01
-1.855860288441181183e+01
-1.855895820260047913e+01
-1.855883133411407471e+01
-1.855888094007968903e+01
-1.855888262391090393e+01
-1.855888730287551880e+01
-1.855895349383354187e+01
-1.855890750885009766e+01
-1.855892428755760193e+01
-1.855890776216983795e+01
-1.855889771878719330e+01
-1.855881972610950470e+01
-1.855887934565544128e+01
-1.855891287326812744e+01
-1.855891841650009155e+01
-1.855855405330657959e+01
-1.855896650254726410e+01
-1.855893431603908539e+01
-1.855890527367591858e+01
-1.855889877676963806e+01
-1.855890862643718719e+01
-1.855880957841873169e+01
-1.855891108512878418e+01
-1.855885545909404755e+01
-1.855887578427791595e+01
-1.855888707935810089e+01
-1.855872787535190582e+01
-1.855895912647247314e+01
-1.855847795307636261e+01
-1.855890153348445892e+01
-1.855884717404842377e+01
-1.855889800190925598e+01
-1.855891586840152740e+01
-1.855893959105014801e+01
-1.855833831429481506e+01
-1.855887691676616669e+01
-1.855895134806632996e+01
-1.855888232588768005e+01
-1.855895076692104340e+01
-1.855889153480529785e+01
-1.855892816185951233e+01
-1.855894362926483154e+01
-1.855858346819877625e+01
-1.855890463292598724e+01
-1.855878491699695587e+01
-1.855893625319004059e+01
-1.855891060829162598e+01
-1.855892303586006165e+01
-1.855878072977066040e+01
-1.855893041193485260e+01
-1.855891795456409454e+01
-1.855893136560916901e+01
-1.855896665155887604e+01
-1.855890257656574249e+01
-1.855893795192241669e+01
-1.855891270935535431e+01
-1.855889122188091278e+01
-1.855888530611991882e+01
-1.855885693430900574e+01
-1.855891692638397217e+01
-1.855893181264400482e+01
-1.855889537930488586e+01
-1.855884599685668945e+01
-1.855883519351482391e+01
-1.855893698334693909e+01
-1.855888226628303528e+01
-1.855892604589462280e+01
-1.855889911949634552e+01
-1.855891449749469757e+01
-1.855895589292049408e+01
-1.855886898934841156e+01
-1.855893455445766449e+01
-1.855886566638946533e+01
-1.855872628092765808e+01
-1.855886882543563843e+01
-1.855888654291629791e+01
-1.855894315242767334e+01
-1.855890901386737823e+01
-1.855883741378784180e+01
-1.855890782177448273e+01
-1.855894404649734497e+01
-1.855891272425651550e+01
-1.855893518030643463e+01
-1.855891054868698120e+01
-1.855889391899108887e+01
-1.855873845517635345e+01
-1.855884076654911041e+01
-1.855889375507831573e+01
-1.855892908573150635e+01
-1.855893413722515106e+01
-1.855890770256519318e+01
-1.855892261862754822e+01
-1.855861407518386841e+01
-1.855865386128425598e+01
-1.855892905592918396e+01
-1.855894564092159271e+01
-1.855893544852733612e+01
-1.855881030857563019e+01
-1.855864922702312469e+01
-1.855880242586135864e+01
-1.855897423624992371e+01
-1.855871465802192688e+01
-1.855895861983299255e+01
-1.855886390805244446e+01
-1.855888894200325012e+01
-1.855888447165489197e+01
-1.855874140560626984e+01
-1.855897542834281921e+01
-1.855892795324325562e+01
-1.855895122885704041e+01
-1.855883623659610748e+01
-1.855895669758319855e+01
-1.855886436998844147e+01
-1.855887395143508911e+01
-1.855892181396484375e+01
-1.855862028896808624e+01
-1.855892291665077209e+01
-1.855883432924747467e+01
-1.855865935981273651e+01
-1.855893668532371521e+01
-1.855891452729701996e+01
-1.855889526009559631e+01
-1.855888389050960541e+01
-1.855889572203159332e+01
-1.855892777442932129e+01
-1.855887249112129211e+01
-1.855888174474239349e+01
-1.855892743170261383e+01
-1.855886116623878479e+01
-1.855888059735298157e+01
-1.855891261994838715e+01
-1.855893145501613617e+01
-1.855885055661201477e+01
-1.855875588953495026e+01
-1.855889654159545898e+01
-1.855890424549579620e+01
-1.855889852344989777e+01
-1.855892591178417206e+01
-1.855888980627059937e+01
-1.855893738567829132e+01
-1.855890731513500214e+01
-1.855881342291831970e+01
-1.855892704427242279e+01
-1.855892735719680786e+01
-1.855885845422744751e+01
-1.855879184603691101e+01
-1.855872812867164612e+01
-1.855887660384178162e+01
-1.855892090499401093e+01
-1.855890840291976929e+01
-1.855870094895362854e+01
-1.855890746414661407e+01
-1.855888415873050690e+01
-1.855882740020751953e+01
-1.855877265334129333e+01
-1.855892731249332428e+01
-1.855889032781124115e+01
-1.855892288684844971e+01
-1.855874337255954742e+01
-1.855894356966018677e+01
-1.855891686677932739e+01
-1.855889388918876648e+01
-1.855891039967536926e+01
-1.855892851948738098e+01
-1.855890220403671265e+01
-1.855877882242202759e+01
-1.855885815620422363e+01
-1.855894887447357178e+01
-1.855888590216636658e+01
-1.855891107022762299e+01
-1.855896650254726410e+01
-1.855885139107704163e+01
-1.855892123281955719e+01
-1.855892013013362885e+01
-1.855874383449554443e+01
-1.855889751017093658e+01
-1.855888101458549500e+01
-1.855890147387981415e+01
-1.855891516804695129e+01
-1.855883672833442688e+01
-1.855886662006378174e+01
-1.855895683169364929e+01
-1.855893921852111816e+01
-1.855888950824737549e+01
-1.855887092649936676e+01
-1.855894279479980469e+01
-1.855898530781269073e+01
-1.855894950032234192e+01
-1.855891323089599609e+01
-1.855863614380359650e+01
-1.855888882279396057e+01
-1.855894760787487030e+01
-1.855881389975547791e+01
-1.855891467630863190e+01
-1.855893330276012421e+01
-1.855886746942996979e+01
-1.855888862907886505e+01
-1.855888891220092773e+01
-1.855885040760040283e+01
-1.855890436470508575e+01
-1.855889146029949188e+01
-1.855893534421920776e+01
-1.855893330276012421e+01
-1.855893470346927643e+01
-1.855892539024353027e+01
-1.855891102552413940e+01
-1.855877090990543365e+01
-1.855892167985439301e+01
-1.855893725156784058e+01
-1.855889728665351868e+01
-1.855889526009559631e+01
-1.855891209840774536e+01
-1.855890108644962311e+01
-1.855894136428833008e+01
-1.855895115435123444e+01
-1.855880804359912872e+01
-1.855890282988548279e+01
-1.855894999206066132e+01
-1.855881330370903015e+01
-1.855895768105983734e+01
-1.855898517370223999e+01
-1.855894555151462555e+01
-1.855886453390121460e+01
-1.855890528857707977e+01
-1.855873008072376251e+01
-1.855891916155815125e+01
-1.855890291929244995e+01
-1.855888770520687103e+01
-1.855890505015850067e+01
-1.855894687771797180e+01
-1.855890117585659027e+01
