-5.478192541003227056e+00
-5.312837305665016885e+00
-5.473544162511825739e+00
-5.478178682923317666e+00
-5.392020675539971108e+00
-4.868253692984581882e+00
-5.475196906924247209e+00
-5.361974361538886846e+00
-5.474637433886528015e+00
-5.475104421377182007e+00
-4.672918100655079954e+00
-5.035803654789924089e+00
-4.990611720085145642e+00
-4.288958095014095306e+00
-5.475315406918525696e+00
-5.474475216865539728e+00
-5.266076341271401340e+00
-5.393885344266893256e+00
-5.309366965293884633e+00
-5.239275649189949924e+00
-5.474781340360641124e+00
-5.147759823501111498e+00
-5.477923306822775729e+00
-5.473909226059912925e+00
-5.473878452181815568e+00
-4.966490569710732217e+00
-4.822045548260213366e+00
-5.469639903306961592e+00
-5.471713814139365972e+00
-5.474074310064315441e+00
-4.949916598200797324e+00
-5.381020498275758790e+00
-5.473893013596536683e+00
-5.468931841850280584e+00
-5.410597082972527616e+00
-5.477701187133789951e+00
-5.292650648951530812e+00
-4.979741753637789259e+00
-5.474650532007217407e+00
-5.474946135282516835e+00
-5.475353902578352638e+00
-5.474006786942483771e+00
-5.469211652874946594e+00
-5.382135090231894736e+00
-5.474812978506088612e+00
-5.472890537977219694e+00
-5.050928871333599801e+00
-5.474863854050637357e+00
-5.250249230861663285e+00
-5.109495583176612676e+00
-5.474531748890877125e+00
-5.436483940482139232e+00
-4.859218239784241611e+00
-5.170603650808334173e+00
-5.478059613704680864e+00
-5.472495844960211464e+00
-4.964210554957389832e+00
-5.463142681121826882e+00
-5.474992305040359497e+00
-5.336135250329971491e+00
-5.429197350144385759e+00
-3.969008447602390799e+00
-4.795161940157414371e+00
-5.444006082415580927e+00
-5.473511451482772294e+00
-5.312605276703834534e+00
-5.302217265963554915e+00
-5.474440965056420083e+00
-5.411997783184052224e+00
-5.473454350233077470e+00
-5.292327958345413919e+00
-5.475079426169395802e+00
-5.313860380649565229e+00
-5.474843478202819469e+00
-5.479340004920960183e+00
-5.480137652158736827e+00
-5.475496989488600974e+00
-5.360778871178627725e+00
-5.265626165270806069e+00
-5.475110074877738597e+00
-5.474694657325745339e+00
-5.290129393339156216e+00
-5.475189584493636907e+00
-4.325785598158836898e+00
-5.393928852677344565e+00
-5.474093210697173362e+00
-5.474572789669037043e+00
-4.980344787240028381e+00
-5.472543105483056891e+00
-5.149265959858894348e+00
-5.460482263565062944e+00
-5.474770134687422463e+00
-5.459332278370855995e+00
-4.864639499783515397e+00
-5.474388906359672013e+00
-5.425887092947959012e+00
-5.322710686922073720e+00
-5.473795643448828407e+00
-5.473878020048141835e+00
-4.694972059130669173e+00
-5.413163605332375283e+00
-4.838538238406180803e+00
-5.427127310633658830e+00
-4.363416194915772373e+00
-5.475127345323564043e+00
-5.230262809991836015e+00
-5.372028005123139494e+00
-4.989500579237938993e+00
-4.848973074555397389e+00
-5.474084630608558655e+00
-4.967365044355392278e+00
-5.478621482849121094e+00
-5.340961772203446145e+00
-5.025832208991050543e+00
-4.720698270201683755e+00
-5.479409766197203879e+00
-5.004855072498320290e+00
-5.351073309779168063e+00
-5.446647492051124750e+00
-5.475391995906830012e+00
-5.473547977209092252e+00
-5.474393567442892738e+00
-5.477658692002297158e+00
-5.472221210598945618e+00
-5.392564746737480874e+00
-4.629640582203864874e+00
-5.427583903074264526e+00
-5.479386082291602733e+00
-5.477824744582175498e+00
-4.964448893070219526e+00
-5.120213887095451888e+00
-5.475675407052039922e+00
-5.109677532315254567e+00
-5.479588630795479531e+00
-5.400667360424995067e+00
-5.403403577208520936e+00
-5.408606615662574946e+00
-5.354747083783149897e+00
-5.475734952092170538e+00
-5.474894058704376398e+00
-5.358789172768593012e+00
-5.464789369702339528e+00
-4.721902626752854104e+00
-5.472945398092270430e+00
-5.475555041432381920e+00
-5.327765411138535079e+00
-5.467463460564612632e+00
-5.473451334238052191e+00
-4.546121844649315236e+00
-5.348064112663267977e+00
-4.506052726507187245e+00
-5.481472313404083252e+00
-4.846321077644825337e+00
-5.474845448136330006e+00
-5.475181391835213240e+00
-4.824845558404922130e+00
-5.482991051673889338e+00
-5.405675911903380815e+00
-5.474739772081375300e+00
-5.474297693371772411e+00
-5.454901182651520131e+00
-5.290529236197472507e+00
-5.327324721217155279e+00
-5.179089763760566179e+00
-5.111505374312400818e+00
-5.221702995896339239e+00
-5.030949404835702410e+00
-4.845407745242118480e+00
-5.113847288489341558e+00
-5.474457484483718162e+00
-4.943542647361756082e+00
-5.474932086467743986e+00
-5.475439396500587641e+00
-5.088542683422565993e+00
-5.275573348999023082e+00
-5.257734581828117371e+00
-5.358766078948974609e+00
-5.132507020235061113e+00
-5.478220009803772328e+00
-5.475457203388214289e+00
-5.482644993066788430e+00
-5.340570732951164246e+00
-4.407981229573488591e+00
-5.474829626083374201e+00
-5.474277025461197432e+00
-5.251738631725311635e+00
-4.447032444179057187e+00
-5.279848372936249312e+00
-5.426874491572380776e+00
-4.674048218131065191e+00
-5.474910932779311956e+00
-5.475526189804077681e+00
-5.473586988449097746e+00
-5.481730568408965887e+00
-5.473284733295440851e+00
-5.477416276931761807e+00
-5.473952096700668513e+00
-4.465123228728771210e+00
-5.334480792284012729e+00
-5.475327381491661427e+00
-5.426071488857268754e+00
-4.489086888730525970e+00
-5.475521025061607538e+00
-4.821994888782501931e+00
-5.399942493438721236e+00
-5.475068411231040599e+00
-4.684176808595656105e+00
-5.473648390173912581e+00
-5.095227742195128862e+00
-5.309583351016045505e+00
-5.355395337939262923e+00
-4.248031380772592236e+00
-5.477194640040399243e+00
-5.474753943085669761e+00
-5.350336587429045387e+00
-4.686732649803161621e+00
-5.143975979089736583e+00
-5.464992532134056447e+00
-5.377714222669601085e+00
-4.723470336198805519e+00
-5.082619780302048085e+00
-5.189632436633109691e+00
-5.474165558815003330e+00
-5.223664334416389998e+00
-5.475924217700958607e+00
-5.470097380876540960e+00
-5.132959201931952542e+00
-4.866584464907645291e+00
-5.427242791652679088e+00
-5.412173753976821544e+00
-5.030549600720406467e+00
-4.072430178523063660e+00
-5.476790696382523471e+00
-5.473859772086144382e+00
-5.389544907212257208e+00
-5.476209869980810829e+00
-5.373667517304419938e+00
-5.475370278954505565e+00
-5.476674506068230031e+00
-5.396319696307183555e+00
-4.882938811182977012e+00
-5.171620818972587408e+00
-5.196261918544768044e+00
-5.475923570990561373e+00
-5.406370598077772982e+00
-4.867267295718193054e+00
-5.474859103560448581e+00
-5.342566114664077936e+00
-5.475714340806007385e+00
-5.474427977204322282e+00
-5.474440062046051381e+00
-5.481208792328834178e+00
-5.474724653363229443e+00
-5.413130220770836054e+00
-5.474830994009971974e+00
-5.418233737349510193e+00
-5.471411931514738924e+00
-5.091613432765007552e+00
-5.472003889083862482e+00
-5.326346892118454690e+00
-4.801778635382652816e+00
-5.475192826986313044e+00
-4.838922983407973000e+00
-5.472788208723068593e+00
-5.462795034050941467e+00
-5.474454793334007974e+00
-5.474248009920121838e+00
-5.466692566871643955e+00
-5.124647058546544010e+00
-5.224543398618697765e+00
-5.474350333213806152e+00
-5.474344536662100857e+00
-5.440720435976981406e+00
-5.282073441147804083e+00
-5.473792964220047352e+00
-5.425060546398163375e+00
-4.463127426803112918e+00
-5.324072954058647333e+00
-5.110553885996340640e+00
-5.469992345571517589e+00
-5.315594375133513516e+00
-5.288305580615996426e+00
-5.303508985042572732e+00
-5.476668030023575717e+00
-5.145407742261887130e+00
-5.474316745996474332e+00
-5.474671721458435059e+00
-5.450029957294463046e+00
-4.860603883862494534e+00
-5.475390934944151411e+00
-5.474782085418701705e+00
-5.441031482815741782e+00
-5.147675183415411304e+00
-5.474107226729393538e+00
-5.473431879281997148e+00
-4.346312154829501395e+00
-5.012281340360641657e+00
-5.473469120264053522e+00
-4.970972576737404225e+00
-4.767857676744461592e+00
-5.474737617373466314e+00
-5.230030661821365889e+00
-4.846082693338394698e+00
-5.471399739384652072e+00
-5.475961768627165327e+00
-5.474420493841170909e+00
-5.473754721879959817e+00
-5.481009599566459833e+00
-5.476645591855048956e+00
-5.280493849515914384e+00
-5.469157525897027305e+00
-5.299560886621473621e+00
-4.248029442131519673e+00
-5.475117209553720166e+00
-5.474663457274438372e+00
-5.474956956505775629e+00
-5.227432632446288530e+00
-5.473985531926156334e+00
-5.474971389770508345e+00
-5.150045153498649775e+00
-5.163345378637313132e+00
-5.163698345422743863e+00
-5.364767929911613109e+00
-5.311170643568037697e+00
-5.249384257197380776e+00
-4.330766269564628956e+00
-5.475572940707206016e+00
-5.108314746618270341e+00
-4.341615289449690884e+00
-5.484622934460639421e+00
-5.360303369164466147e+00
-5.293716004490853777e+00
-5.480642670392990468e+00
-5.328485912084578224e+00
-5.474513164162636336e+00
-5.472210413217543312e+00
-5.404353260993957520e+00
-5.477022707462311679e+00
-4.414350432157517545e+00
-5.478290355205536422e+00
-5.484747156500816345e+00
-5.474138903617858709e+00
-5.477471879124642840e+00
-5.343153962492943165e+00
-5.351478168368339894e+00
-5.434504231810569408e+00
-5.475313201546669006e+00
-5.178771938383579965e+00
-5.364392453432083485e+00
-5.474065792560577570e+00
-5.477561882138252791e+00
-5.471603739261627020e+00
-5.313722854852677813e+00
-5.023880380392075296e+00
-5.479597234725952504e+00
-5.369036990404128851e+00
-5.445357444882393594e+00
-5.472361579537391663e+00
-5.481337833404540838e+00
-5.461576372385025024e+00
-5.474283203482626980e+00
-5.456960913538932090e+00
-5.474576696753501892e+00
-5.475575825572014388e+00
-4.828471164405344851e+00
-5.475871986150742998e+00
-5.299098345637322183e+00
-5.473509916663168440e+00
-5.469479745626450118e+00
-5.474488684535026906e+00
-5.149806669354438426e+00
-5.279256656765936917e+00
-5.470030987262726185e+00
-5.474587875604628451e+00
-5.360222771763803351e+00
-4.985339596867561340e+00
-5.474890884757041221e+00
-5.457636028528213501e+00
-5.197194036841393583e+00
-5.474705156683921103e+00
-5.322686803340912043e+00
-5.092401766777038041e+00
-4.532255041599274392e+00
-5.333052188158035278e+00
-5.474617916345597024e+00
-5.474575322866440885e+00
-5.484855216741561179e+00
-5.476305299997328291e+00
-5.478825896978379184e+00
-5.158848753571510848e+00
-5.474815115332604343e+00
-4.839172260463239006e+00
-5.141415750980376842e+00
-5.317842173576354803e+00
-5.023756390810011574e+00
-5.333470109105110879e+00
-5.474066641926766508e+00
-5.426048213243483964e+00
-5.305343973636626131e+00
-5.474142545461654130e+00
-5.413201418519020258e+00
-5.473630070686340332e+00
-5.475170329213142395e+00
-5.477936640381813049e+00
-5.394582605361939009e+00
-5.478511884808540344e+00
-5.475334930419920809e+00
-5.131985479593277333e+00
-5.475070661306380870e+00
-5.309820994734764099e+00
-5.474673801660538075e+00
-5.413271427154541904e+00
-5.361177495121955516e+00
-5.304574370384216309e+00
-5.477345094084740573e+00
-5.475788411498069053e+00
-4.325396712310612735e+00
-5.474517813324928817e+00
-5.476535859704018350e+00
-5.461917680501938044e+00
-5.473144930601121061e+00
-5.475113201141357244e+00
-5.473572784662247059e+00
-4.744086664915085017e+00
-5.471652829647065452e+00
-5.128168983757496413e+00
-5.487062090635300038e+00
-5.473959979414939170e+00
-5.474282291531562983e+00
-5.467981392145156327e+00
-5.457622966170310619e+00
-5.475141745805741422e+00
-5.309226134419439802e+00
-5.182705613970755465e+00
-5.406705075502395985e+00
-4.571094274520874023e+00
-5.330525252223013766e+00
-4.766163670271634345e+00
-5.064675945043562777e+00
-5.474445775151252747e+00
-5.296318784356117249e+00
-4.735282257199286526e+00
-5.373860797286032387e+00
-5.474782013893126908e+00
-4.963858257234096349e+00
-4.797581568360330451e+00
-5.474630618095398304e+00
-5.222856166958807833e+00
-5.011503997445107217e+00
-5.448057556152344105e+00
-5.125759640336036149e+00
-5.237062424421311313e+00
-5.292780783772467856e+00
-5.371586611866951522e+00
-5.481011509895323819e+00
-5.473729288578033092e+00
-3.948916040360927582e+00
-5.344586381316186241e+00
-5.475069829821586964e+00
-5.471999138593671930e+00
-5.474513852596282426e+00
-5.474690356850624440e+00
-5.472363108396530507e+00
-5.475509366393088939e+00
-5.474639943242074480e+00
-5.469346138834952242e+00
-5.474055036902427673e+00
-5.461118140816688893e+00
-5.475557458400725608e+00
-5.122704175114631830e+00
-5.382207238674163285e+00
-5.085138148069382247e+00
-4.671375873684883828e+00
-5.170660370588303856e+00
-5.456584310531614967e+00
-5.473765975236892345e+00
-5.471362811326980768e+00
-5.162385001778603488e+00
-5.466227582097054061e+00
-5.476785555481909817e+00
-5.482999029755592169e+00
-4.438347689807415009e+00
-5.475123065710068460e+00
-5.474585586786271385e+00
-5.478617039322852378e+00
-5.475413706898690336e+00
-5.480890700221062062e+00
-4.395481741428375777e+00
-5.194025364518165766e+00
-5.473392486572266513e+00
-5.193637230992317555e+00
-5.475342124700546265e+00
-4.404024405032396672e+00
-5.474058169126509554e+00
-5.473870620131490838e+00
-5.333216208219528909e+00
-5.374423238635062994e+00
-5.224030199646949590e+00
-5.480043354630470986e+00
-5.472034859657287420e+00
-5.137396994233131231e+00
-5.473288762569428201e+00
-5.195584887266158525e+00
-5.471437472105026956e+00
-5.482161429524421870e+00
-5.474776187539101002e+00
-4.890486612915991849e+00
-5.432320874929426502e+00
-5.095282578468322221e+00
-5.474699494242668329e+00
-5.114494219422341281e+00
-4.840338963270186312e+00
-5.475153225660324807e+00
-5.295272302627563654e+00
-5.329943990707397106e+00
-5.475262966752051597e+00
-5.295914345979690907e+00
-5.406057983636856079e+00
-5.187342903017999163e+00
-5.474922636151315025e+00
-5.473527729511260098e+00
-4.549694199860095267e+00
-5.485972440242766091e+00
-5.426397576928137845e+00
-5.469114378094674045e+00
-5.477138242125510814e+00
-5.475345981121062522e+00
-5.236409226059913102e+00
-5.473351162672042136e+00
-5.475206407904624761e+00
-5.451662436127662659e+00
-5.297172653675080056e+00
-5.481827789545059559e+00
-5.482642054557801181e+00
-5.479561421275139566e+00
-5.333406010270118180e+00
-5.474285444617272844e+00
-5.365946751832962214e+00
-5.477507105469704207e+00
-5.016890931129454501e+00
-5.440473625063896534e+00
-5.119928002357483798e+00
-5.234422063827514293e+00
-5.442073550820351713e+00
-5.474372541904449108e+00
-5.475546044111252009e+00
-5.332589155435560890e+00
-4.259386226534842557e+00
-5.474580773711204884e+00
-5.094678014516830444e+00
-5.409498617053031921e+00
-5.475973895192147722e+00
-5.474028667807578685e+00
-5.168183350563049672e+00
-5.478164267539978205e+00
-5.475549548864364624e+00
-4.844911485910413873e+00
-5.236718842387198869e+00
-5.472556293010712558e+00
-5.308134037256241555e+00
-4.969656193256377641e+00
-5.225101685523987349e+00
-5.481331819295881758e+00
-5.487226852774620411e+00
-5.474789884686469321e+00
-5.482368502020837475e+00
-5.188263836503028692e+00
-5.472329717874526267e+00
-5.073294425010681508e+00
-5.272352543473244779e+00
-5.455504211783408053e+00
-5.468897172808647511e+00
-5.474758729338646823e+00
-4.839874723553657887e+00
-5.289481878280640537e+00
-5.470580953359604592e+00
-5.474754101037979659e+00
-5.434668216109275640e+00
-5.024140250682830988e+00
-5.264580851793288829e+00
-5.472855159640311662e+00
-5.255978488922119496e+00
-5.474944221973419900e+00
-5.475575286149979348e+00
-4.777168720960616177e+00
-5.418604707717896041e+00
-5.476002806425094072e+00
-4.663659487664697956e+00
-5.297426694631575117e+00
-5.122587940096855696e+00
-5.418072143197059987e+00
-5.440707173943520658e+00
-5.473532792925833945e+00
-5.474769285321237078e+00
-5.482056081295013428e+00
-5.474057459831239036e+00
-5.277072125673294423e+00
-4.986144781112670898e+00
-5.474354121088981451e+00
-5.402669337391852622e+00
-5.274281296133993990e+00
-5.367318001389502768e+00
-5.472677308320998968e+00
-5.289361348748205849e+00
-5.283616998791694996e+00
-5.474886330962181802e+00
-4.836921551823617271e+00
-5.366720664501190008e+00
-4.880329862236976624e+00
-5.474870231747626548e+00
-4.283691844344139632e+00
-4.681164014339446844e+00
-5.475420150160789312e+00
-5.475232541561126709e+00
-4.423462618887426423e+00
-5.475987210869789124e+00
-5.108758240938185757e+00
-5.349222555756568021e+00
-5.471983954310418063e+00
-5.126550237834453405e+00
-5.475483801960944419e+00
-5.474166387319565175e+00
-5.396164318919182357e+00
-5.402791869640349631e+00
-5.477066764235495988e+00
-5.378028079867362976e+00
-5.343452796339989597e+00
-5.454451811313628440e+00
-5.291903725266458025e+00
-5.473976966738700156e+00
-5.470289155840872830e+00
-5.472017300128936945e+00
-5.474357566237450179e+00
-5.363220813870429815e+00
-5.457175198197363741e+00
-5.473274940252305321e+00
-5.371764105558396452e+00
-5.341683298349379605e+00
-5.470892575383186518e+00
-5.474698394536972934e+00
-5.475361701846122919e+00
-5.474470272660254544e+00
-5.219985565543174388e+00
-5.324693998694420394e+00
-4.532281756401062012e+00
-5.473732379078866117e+00
-5.475773012638092574e+00
-5.474448087811468078e+00
-5.475034081935883812e+00
-5.070393273234365950e+00
-4.960987046360968655e+00
-5.480627337098121110e+00
-4.957634203135967255e+00
-5.474783003330231601e+00
-5.439051693677901866e+00
-5.475250220298766735e+00
-5.476768472790718434e+00
-5.423178869485855813e+00
-5.333851125836374329e+00
-5.067327569425105871e+00
-4.326095582358540526e+00
-5.449606090784072876e+00
-5.259346520900725075e+00
-5.366512322425841752e+00
-5.477653035521507618e+00
-5.275618132948875605e+00
-5.051508444547653021e+00
-5.139221344888209586e+00
-5.197955444455147678e+00
-5.469361874461173834e+00
-5.475228825211525319e+00
-5.365846553444862721e+00
-4.855414611101148914e+00
-5.475090309977531433e+00
-5.051390761137008134e+00
-5.475681594014167430e+00
-4.886131596565246760e+00
-5.481437030434607394e+00
-5.468436270952224731e+00
-5.473123279213906400e+00
-5.453358447551727828e+00
-5.013006123900414224e+00
-5.284473338723183033e+00
-5.468927463889122542e+00
-5.457830131053924561e+00
-5.475094592571259078e+00
-5.028829470276832581e+00
-5.275550919771195169e+00
-5.344018250703811646e+00
-5.010800008475781553e+00
-5.176535364985464405e+00
-5.472883072495460688e+00
-5.473359945416451211e+00
-4.825359678268432262e+00
-5.294518485665322238e+00
-4.536974553763867490e+00
-5.350097578763962858e+00
-5.166473236680031000e+00
-5.475096994638442460e+00
-5.481671160459518077e+00
-5.478595647215843023e+00
-5.475231677293777466e+00
-5.434682509303092601e+00
-5.235166892409325534e+00
-5.364849463105200833e+00
-5.478720697760583569e+00
-5.478529343008993635e+00
-5.311041235923767978e+00
-5.477294594049454624e+00
-5.122001197934150873e+00
-5.474481660127639593e+00
-5.468778073787690097e+00
-5.474590748548508579e+00
-5.178452441096305314e+00
-5.474773696064949569e+00
-5.328485983610153909e+00
-5.470766934752465893e+00
-5.472787255048752186e+00
-4.523625937104225336e+00
-5.475332114100456060e+00
-5.476603829860687611e+00
-5.470225390791892295e+00
-5.474193558096884793e+00
-5.426516464352609148e+00
-4.670900215208531492e+00
-5.476246693730353776e+00
-4.839267942309380288e+00
-5.438269609212877498e+00
-5.043975049257277909e+00
-4.700734847784041825e+00
-5.464016160368918129e+00
-5.125554102659225286e+00
-5.331935140490532632e+00
-4.928387084603309987e+00
-5.478995478153228404e+00
-5.365738490223884938e+00
-5.200326219201087952e+00
-5.228694218397139437e+00
-5.305319094657898304e+00
-5.456459662318229320e+00
-5.478584671020506391e+00
-5.473257899284363681e+00
-5.089313066005707320e+00
-5.438545998930931269e+00
-5.404555094242095237e+00
-5.471662625670432156e+00
-5.473933902382850825e+00
-4.804818166792393264e+00
-5.442850366234781134e+00
-4.408927708864211148e+00
-5.474927234649658025e+00
-5.473978233337404298e+00
-4.828991886973380332e+00
-5.069457972049713490e+00
-5.468806448578836132e+00
-5.474892562627791115e+00
-5.474691304564474947e+00
-5.339770996570586625e+00
-5.296666312217712225e+00
-5.475097885727882030e+00
-5.477635067701340787e+00
-5.474979025125503718e+00
-4.763711264729498573e+00
-5.475202262401581699e+00
-5.475402453541756032e+00
-5.482619270682334012e+00
-4.397486051917075756e+00
-5.440666288137435025e+00
-5.474143448472023721e+00
-5.277326029539108454e+00
-4.783893257379532749e+00
-5.033106882870196586e+00
-5.474984732270240073e+00
-4.980067056417464499e+00
-5.448713740706444320e+00
-5.235184428095817744e+00
-5.475139728188515242e+00
-5.125260040163992947e+00
-5.466514953970907698e+00
-5.324301934242248180e+00
-4.498837926983832780e+00
-4.767038482427598645e+00
-5.241039717197418568e+00
-5.472092425823210426e+00
-5.474358806014059553e+00
-5.427507492899895425e+00
-5.484123477339744923e+00
-5.483752152323722484e+00
-5.302331838011741461e+00
-5.276798704266546736e+00
-5.422816610336304244e+00
-5.099648413062095820e+00
-5.474166715145110551e+00
-4.950198407471180673e+00
-5.382412981986999689e+00
-5.472932833433151067e+00
-5.482316491007805048e+00
-4.823933601379394531e+00
-5.475168627500533347e+00
-5.293120017647743758e+00
