-2.072578266561031057e+01
-2.071948076784610748e+01
-2.072510051131248332e+01
-2.071903397738934061e+01
-2.072000987231730562e+01
-2.072410981953143860e+01
-2.072543839216231731e+01
-2.071913652122020366e+01
-2.072151559591294401e+01
-6.306239298591389542e+00
-2.072320228219032145e+01
-2.072491525113581901e+01
-2.072356539368629313e+01
-2.072561036944389912e+01
-2.072305797636507663e+01
-2.072516763210296631e+01
-2.072340756356717506e+01
-2.071429842412471700e+01
-2.072538320124150246e+01
-2.071959630846976808e+01
-2.072075836658478565e+01
-2.072393764555453544e+01
-2.072140333950517999e+01
-2.072612128257750896e+01
-2.071231277287006023e+01
-2.071951780021190004e+01
-2.072096612453459485e+01
-2.072264629304407890e+01
-2.071929283142089773e+01
-2.072313267886638144e+01
-2.071931289136409404e+01
-2.072487451434135863e+01
-2.071940453052520326e+01
-2.072504143714904856e+01
-2.072461818456650562e+01
-2.072446620762347891e+01
-2.072461007833479130e+01
-2.072535769641399739e+01
-2.072436569631100411e+01
-2.072562804520129376e+01
-2.072071978747844767e+01
-2.072259058356285877e+01
-2.072541039586068123e+01
-2.072460707128048796e+01
-2.071322380006314035e+01
-2.072484845221043415e+01
-2.072417921721936551e+01
-2.072490577101706322e+01
-2.072003047168254497e+01
-2.072563282847404054e+01
-1.493813854008912934e+01
-2.072375581562517510e+01
-2.071412517130375264e+01
-2.072021822631357679e+01
-2.072235469818115661e+01
-2.072362843453884906e+01
-2.072355189025403632e+01
-2.072536783218384215e+01
-2.072569581866263633e+01
-2.071860758662223034e+01
-2.072462771534920023e+01
-2.072360556125641295e+01
-1.493808056265115525e+01
-2.070913617908954407e+01
-2.072290275096892742e+01
-2.072412410378457182e+01
-2.072555994093418619e+01
-2.071982134580611401e+01
-7.445735238492489749e+00
-2.072203786671160586e+01
-2.072420442402363605e+01
-2.072277388274668297e+01
-2.072552425861358216e+01
-2.072481232583522726e+01
-2.072153176367281802e+01
-2.072138523459435078e+01
-2.072565531730651855e+01
-2.072066057026386332e+01
-2.072564563155173190e+01
-5.594976172409951154e+00
-2.072429778575897785e+01
-2.071523751914500266e+01
-2.072374047338962910e+01
-2.072480292618275755e+01
-2.072445273399351962e+01
-1.863578502833842165e+01
-2.072319703698158833e+01
-2.072522930800915475e+01
-2.071030257344246905e+01
-2.072477617263793803e+01
-2.072233332991599397e+01
-1.493741515427827871e+01
-2.071570022404193168e+01
-2.072323259711265919e+01
-2.072201722860334883e+01
-2.072543412148952413e+01
-2.071577151119708304e+01
-2.072581715881824138e+01
-2.071819379329680544e+01
-2.072415719628334685e+01
-2.072579413354398170e+01
-2.072262115478515909e+01
-2.072454681396485299e+01
-2.072370006740094794e+01
-2.072585274279119005e+01
-2.072329703867434958e+01
-2.072146699428558847e+01
-2.072169941067695476e+01
-2.072578561604021985e+01
-2.072021802067757079e+01
-2.072217007577420134e+01
-2.072332588136196918e+01
-2.071330935060978007e+01
-2.072209075689316649e+01
-2.072127703428268219e+01
-2.072331407368183065e+01
-2.072548949122428752e+01
-2.072265289425848778e+01
-2.072523236572742178e+01
-2.072340262830257274e+01
-2.071835712194442181e+01
-2.072171637415885570e+01
-2.072292532026767020e+01
-2.071043722629547190e+01
-2.071805511713028380e+01
-2.072275781333446076e+01
-2.072492154240609352e+01
-2.072574081718921235e+01
-2.072125685811042928e+01
-2.072392143011093424e+01
-2.072319238483905579e+01
-2.072328515350817923e+01
-2.071921080648900215e+01
-2.072589326500892426e+01
-1.493803209960460343e+01
-2.072469031214712842e+01
-2.072398445904254416e+01
-2.072143313884734184e+01
-2.072560923695564128e+01
-2.071661489903927134e+01
-2.072212543785573047e+01
-2.072005723416804557e+01
-2.071669031083582624e+01
-2.072282386124133780e+01
-2.072448310554026918e+01
-2.072092768251895123e+01
-2.072495646774768829e+01
-2.072188303768634299e+01
-2.072558062672615264e+01
-2.072501818835734966e+01
-2.071923902928828909e+01
-2.072585172057151581e+01
-2.072107845544816485e+01
-1.863168727159499483e+01
-2.072492962479591228e+01
-2.072352289855481189e+01
-2.072530096471309591e+01
-2.072554035484790091e+01
-2.072284356653690551e+01
-2.072277747988700725e+01
-2.072412877082823357e+01
-2.072392910718916781e+01
-2.072413711249827628e+01
-2.072265386581420543e+01
-2.072205583751201630e+01
-2.072496005296707366e+01
-2.072179011106490520e+01
-2.072440143525599510e+01
-2.072287933826446249e+01
-1.918388590812683958e+01
-2.071860446929931143e+01
-5.585940318740902910e+00
-2.072498705387114981e+01
-6.411413862090555860e+00
-2.072197834253311655e+01
-2.072202781736850596e+01
-2.071769222021102053e+01
-2.072453491985798379e+01
-2.072473853230476237e+01
-2.072159879207611866e+01
-2.072082755565643808e+01
-2.071707424521448004e+01
-2.071598789393902607e+01
-2.072382681667804860e+01
-2.072483849227426944e+01
-2.072581055462361732e+01
-2.072334298193453961e+01
-2.072389601171017048e+01
-2.071591674387453708e+01
-2.072385745346547026e+01
-2.072388844788075346e+01
-1.859441670775412803e+01
-2.072494539022446247e+01
-2.072348589301109456e+01
-1.493808198124169984e+01
-2.072493886053561241e+01
-2.072597627937794940e+01
-2.072496231198310213e+01
-1.493778409510850658e+01
-2.072473162710666728e+01
-2.072403291165828421e+01
-2.072560355663298992e+01
-2.072608673572541704e+01
-6.411597081273794352e+00
-2.071923046708106853e+01
-1.863602416217327473e+01
-1.493796950578689575e+01
-2.072515639066696735e+01
-2.072463948726653626e+01
-2.072527770996094176e+01
-2.072511209845542268e+01
-2.072507250308990834e+01
-2.072445489466191759e+01
-2.072524969279767149e+01
-2.071792565584183876e+01
-2.072008883357048603e+01
-6.411591728869826312e+00
-6.091523970337585858e+00
-2.072409645318984772e+01
-2.071964569985867044e+01
-2.072489436566829113e+01
-2.072446389794349031e+01
-2.072517477869988056e+01
-2.072057664096354657e+01
-2.072096410095692320e+01
-2.072531647980213521e+01
-2.072330575883388448e+01
-2.072209815979005043e+01
-2.072573420107364228e+01
-2.072417349517347063e+01
-2.072517978549004525e+01
-2.072580422461033223e+01
-2.072226729393005229e+01
-2.072550512850283866e+01
-2.072525867819786782e+01
-2.072427079677581219e+01
-2.071953518390655447e+01
-2.072243551909923198e+01
-2.072464498281479450e+01
-2.072490750551223471e+01
-2.072063964307307060e+01
-2.072464579343794711e+01
-2.072302450835703880e+01
-2.072210121750831391e+01
-6.035593633539976466e+00
-6.305445668823086436e+00
-2.072478911280631309e+01
-2.072370034754275991e+01
-2.072523826062678154e+01
-2.071935253739356853e+01
-1.493803000450134277e+01
-2.072302834391594573e+01
-2.072226006984710267e+01
-2.072347308099270080e+01
-2.072431613206863332e+01
-6.035082421265543395e+00
-2.072262026965617565e+01
-1.493800579458475219e+01
-2.072484832704066093e+01
-2.072382898032665111e+01
-2.072576847374438458e+01
-2.072545643746853372e+01
-2.072405328452587625e+01
-2.072463593780995339e+01
-2.072081735432147198e+01
-2.072071963846682507e+01
-2.072563061714173216e+01
-2.071683158576487571e+01
-2.072479710280895659e+01
-2.072478773593902446e+01
-2.071653726994989952e+01
-1.493781733363867126e+01
-2.072003988623618653e+01
-2.072128707468509745e+01
-1.863671395778656859e+01
-2.072573668658733226e+01
-2.070533942282200002e+01
-2.072531133592130104e+01
-2.072491871416568543e+01
-2.072363483011722707e+01
-2.072267400622369138e+01
-2.072350760996342345e+01
-2.072555426061153483e+01
-2.072444354593753957e+01
-2.072151830494403413e+01
-2.072544638216495727e+01
-2.072147466838360685e+01
-2.072353782951833168e+01
-2.072218382954597615e+01
-2.072604900598526001e+01
-2.072522431910038065e+01
-2.072384190857409791e+01
-2.072272047102450898e+01
-2.071646376848220328e+01
-2.072562325000762939e+01
-2.072488395571708253e+01
-2.072268915474415962e+01
-2.072532682716845898e+01
-2.072486343681812926e+01
-2.072598693966864758e+01
-2.071603036522864727e+01
-2.072549938559532734e+01
-1.493749519437551143e+01
-2.072402449846266848e+01
-1.493808518499136362e+01
-2.072261116206646747e+01
-2.072350330352783487e+01
-2.072215548157692666e+01
-2.072355920076370595e+01
-2.072444888651370931e+01
-2.072527545690535433e+01
-2.072380617856979157e+01
-2.072342936992646045e+01
-2.072192372381686809e+01
-2.072363918423653928e+01
-2.071947704553605263e+01
-2.072558241784571109e+01
-2.072081197202205871e+01
-2.072167866528035418e+01
-2.072245526611805033e+01
-2.072545026540755586e+01
-2.072415401041506655e+01
-2.072261924743651207e+01
-2.072310324311257190e+01
-2.072045537829398398e+01
-2.072554967701434592e+01
-2.072210629582404096e+01
-1.863164276778697825e+01
-2.072398775219916800e+01
-2.072380606532097147e+01
-2.072428837716579508e+01
-2.072006053328515307e+01
-2.072124861478806324e+01
-2.072543624043463950e+01
-2.072203003466129090e+01
-2.072501232624053102e+01
-2.072463398575783344e+01
-2.072494994997978779e+01
-2.071458603441714530e+01
-2.072225848734379738e+01
-2.072458726763726489e+01
-2.072402036190032959e+01
-2.072134160101414579e+01
-2.071834691762923342e+01
-2.072195597290993874e+01
-2.072442946732045144e+01
-2.072523582279681875e+01
-2.072425230443478128e+01
-2.071888984441757131e+01
-2.072161196172237396e+01
-2.072407279610633424e+01
-2.072444183230398806e+01
-1.863629397749901173e+01
-2.071810460686684863e+01
-2.072248969972133281e+01
-2.072432370781899635e+01
-2.072399660348892070e+01
-2.072558175623417398e+01
-2.071951861679554341e+01
-2.072260086536407542e+01
-2.072594354748726531e+01
-2.072327878475188712e+01
-1.863368948101997447e+01
-2.072463671863079426e+01
-2.072203143537045023e+01
-1.790335181541740761e+00
-1.493760614544152965e+01
-2.072205985486506563e+01
-2.072478632032870749e+01
-2.071998155415059628e+01
-2.071882759630679871e+01
-2.072249070107937285e+01
-2.072528979480266642e+01
-2.071190914511680248e+01
-2.072508896291255098e+01
-2.072529860734940144e+01
-2.072300970256329578e+01
-2.071781825125217225e+01
-2.072248528897762299e+01
-1.863670108616351939e+01
-2.072319172322749381e+01
-2.072479771375655488e+01
-2.072395075857638957e+01
-2.072061371207237457e+01
-2.072581142783166186e+01
-2.072537356913090534e+01
-2.072520411908627480e+01
-2.072174473404884765e+01
-2.072249313890934630e+01
-2.072083308994769624e+01
-2.072336526215076091e+01
-2.072549527585506368e+01
-2.072427449822426482e+01
-2.072435962855815816e+01
-2.072550784051419370e+01
-2.072328917980193097e+01
-2.072082340419292734e+01
-2.072534139156342192e+01
-2.072567386925221555e+01
-6.035439630411565837e+00
-2.071825522184370882e+01
-2.072400593757629395e+01
-2.072277418375015046e+01
-2.072323988676072304e+01
-2.072435552477837817e+01
-2.072377934455872150e+01
-2.072397159337997152e+01
-2.072485445439815166e+01
-2.072138866782188771e+01
-2.072296892404557411e+01
-2.072287530601024486e+01
-2.072125830650330158e+01
-2.072180746197699008e+01
-2.071538022160529025e+01
-2.072593206167220004e+01
-2.072132014632225605e+01
-2.072373836934565716e+01
-2.072503719627857777e+01
-2.072551710307597617e+01
-2.072116191983223743e+01
-2.072530559003353900e+01
-2.072457872331142070e+01
-2.072541986107824741e+01
-2.072350766956805401e+01
-2.072523531913758177e+01
-2.072424613535404703e+01
-2.071876120269299193e+01
-2.072314407825470539e+01
-2.071584379374979434e+01
-2.072529240250586469e+01
-2.072368399202824207e+01
-2.072360072731972025e+01
-2.072392513155937621e+01
-2.072160460650919944e+01
-6.306198264984412383e+00
-2.072255843877793424e+01
-2.072434812486170230e+01
-2.072584233283997079e+01
-2.072181952595711607e+01
-2.071901719272137044e+01
-1.493641055226326131e+01
-2.072375745773316424e+01
-2.072494277358054049e+01
-5.593028664402663885e+00
-2.072518985867499097e+01
-2.072474545240402222e+01
-2.072577855288983173e+01
-5.594381128251551871e+00
-2.072176443040370231e+01
-2.072445532381535216e+01
-2.071379361748696368e+01
-2.072332204580307291e+01
-2.072060931921005889e+01
-2.072047731578350849e+01
-2.072335463166237446e+01
-2.072137880623341388e+01
-2.072570408582687662e+01
-2.072575535476208231e+01
-2.072472257912158966e+01
-2.072223590612410149e+01
-2.072174043059349913e+01
-2.072193429768084982e+01
-2.071925486028194641e+01
-2.072288384139537953e+01
-2.072506941854954121e+01
-2.071837527453900663e+01
-2.072376144528389119e+01
-2.071523467302321819e+01
-2.072471459507941560e+01
-2.072422342598438050e+01
-2.072551196515560079e+01
-1.493803327679633952e+01
-2.072281773686408002e+01
-2.072351487576960594e+01
-2.072295230031012281e+01
-2.072511583566665649e+01
-2.072507929801941984e+01
-2.072331075668335387e+01
-2.072177023887633496e+01
-1.864735509157180715e+01
-2.071279434263707131e+01
-2.072567690610885194e+01
-2.072394007742404298e+01
-2.072549847960473102e+01
-2.072041539549827149e+01
-2.072472644448280477e+01
-2.072387952506541353e+01
-2.071772384345531393e+01
-6.035277683101593738e+00
-1.863571448922157003e+01
-2.072262106537819548e+01
-2.072409281432627992e+01
-2.072220629751682353e+01
-2.072159257233141716e+01
-1.493816664367913738e+01
-2.071810415983199505e+01
-2.072209705710410432e+01
-2.072467991113662578e+01
-2.071817028522491455e+01
-2.072113112509249788e+01
-2.071745952367781740e+01
-2.072599468827247549e+01
-2.071930464208127276e+01
-2.072528900206088309e+01
-2.072069595456123281e+01
-2.072444017827510976e+01
-2.072509980499744131e+01
-2.072366027534009092e+01
-2.072256893515586995e+01
-2.072309899628162455e+01
-2.071967779397963838e+01
-2.072263159155846068e+01
-2.072496529519558450e+01
-1.493784963488578832e+01
-2.072355113029480833e+01
-2.072481015026569651e+01
-2.072380665838717917e+01
-2.072423747777939340e+01
-2.072323999702931019e+01
-2.072441353499889161e+01
-2.072316763103007631e+01
-2.072460289597511718e+01
-2.072058823704720254e+01
-2.071675250530242351e+01
-2.072380890846253010e+01
-2.072068781852722807e+01
-2.072582847177981691e+01
-2.072517512440680676e+01
-2.071965312957764027e+01
-2.072475974261761067e+01
-2.072437426745891287e+01
-2.072460541427136604e+01
-2.071993689537049477e+01
-2.072462894320488402e+01
-2.072243686616421243e+01
-2.072069413959979656e+01
-2.072531625032424429e+01
-2.072570123076439330e+01
-5.596202493645252574e+00
-2.072348374426364970e+01
-2.072203379869462125e+01
-2.071765013337135741e+01
-2.072594144940375926e+01
-2.072454715371132750e+01
-2.071895418465137340e+01
-2.072440764009953185e+01
-2.072523671090602804e+01
-2.071866253018379567e+01
-2.072358291447162415e+01
-2.072232655584812022e+01
-2.072308552563189465e+01
-2.072088011801242047e+01
-2.072236359119416704e+01
-2.072493772208689933e+01
-5.586698031984266066e+00
-2.072557062208652212e+01
-2.072214211821555452e+01
-2.071477404534816102e+01
-2.072042371332646127e+01
-1.493781561404466629e+01
-1.863477866351604106e+01
-2.072137990295886212e+01
-1.863598698377609253e+01
-1.493754306435585200e+01
-2.072436743974685669e+01
-2.071825598478315911e+01
-1.493792073130607889e+01
-2.072595080435275250e+01
-2.072341683804987866e+01
-2.072362546920776083e+01
-2.072502188384533639e+01
-2.071806638538838286e+01
-2.072273753583430889e+01
-2.072131661474705311e+01
-1.863574947118759439e+01
-2.072557209134100731e+01
-2.072575502097607725e+01
-2.072285876572131613e+01
-2.072024372220038657e+01
-2.071997136771679138e+01
-2.072425282299517946e+01
-5.576614739932121090e+00
-2.071210191845893789e+01
-2.072559765279293842e+01
-2.072487546801567504e+01
-2.072391107976437397e+01
-2.072258107066154409e+01
-2.072051717340945132e+01
-2.072255586683751005e+01
-2.072501785159111165e+01
-2.072208200991152083e+01
-2.072458755671978281e+01
-2.071893524825571475e+01
-2.072032481729984355e+01
-2.072159229815006043e+01
-2.072589052021502809e+01
-2.071082952022551993e+01
-2.072319857180118063e+01
-2.072509483098984617e+01
-2.072305510640144988e+01
-2.071511487066745261e+01
-1.493786303550005101e+01
-2.072532647848130694e+01
-2.072436845898628377e+01
-2.072326359152793529e+01
-2.072505980134011239e+01
-2.072243454754352499e+01
-2.072566418945789479e+01
-2.072359628975392454e+01
-2.072092460095882771e+01
-2.072530417740344078e+01
-2.072459509372710329e+01
-2.072467067837715504e+01
-2.072484173178673927e+01
-2.072274697721004344e+01
-2.072454488575458242e+01
-2.072411632835864026e+01
-2.072430690824985078e+01
-2.072379246056079083e+01
-6.306096439971587309e+00
-2.072387703359127542e+01
-2.072489620745182037e+01
-2.072510726153850058e+01
-2.071893258392811532e+01
-2.072372606992721700e+01
-2.072170343995093589e+01
-2.072412050664424754e+01
-2.072268318533896547e+01
-1.493815017044544113e+01
-2.071924759447574971e+01
-2.072490643262864296e+01
-2.072584991157053480e+01
-6.411164980195461993e+00
-2.072240893542766216e+01
-2.072538315057754232e+01
-2.072189403772354410e+01
-2.072285669744013603e+01
-2.072029072642326497e+01
-2.072266532778739645e+01
-2.072337998449801688e+01
-2.072224979102611186e+01
-2.071822424530983398e+01
-2.072435280680657144e+01
-2.072494540512561656e+01
-2.072267093360424539e+01
-2.071839782297612587e+01
-2.072161847054957207e+01
-2.072345866560936400e+01
-2.071792819797992280e+01
-2.072573423385620117e+01
-2.072587046921252707e+01
-2.072551239430904602e+01
-2.072454475760460113e+01
-2.072563979029656167e+01
-2.072461954653262595e+01
-2.072483920156955506e+01
-2.072315051257610818e+01
-2.072459448575973084e+01
-2.071463295221329659e+01
-2.071704482734203623e+01
-2.072428230345249034e+01
-2.072565418481826782e+01
-2.072329249382019611e+01
-2.072296505272389311e+01
-2.072217442095279694e+01
-2.072416611313820312e+01
-2.072107157707215208e+01
-1.863482692837715149e+01
-2.072491824626921897e+01
-2.071154961884021262e+01
-2.072510749101639149e+01
-2.072043893039226248e+01
-2.072460953593254374e+01
-2.072467739880085702e+01
-2.072591447532176900e+01
-7.445527630299331179e+00
-2.071722918450831941e+01
-2.072586943805217885e+01
-2.072574441432953307e+01
-2.072221649885176831e+01
-2.072535346746444418e+01
-6.601850274950265884e+00
-2.072587703466415121e+01
-2.072164753377438373e+01
-2.071693520545959544e+01
-2.072397250235081145e+01
-2.072389050126076526e+01
-2.072370240986346346e+01
-2.072457883656024435e+01
-2.072505715787409386e+01
-2.072352163791657276e+01
-2.072382384240626152e+01
-2.072113419771194387e+01
-2.072003879547120064e+01
-2.072454361915588095e+01
-2.071206909120083139e+01
-2.072575703561305360e+01
-2.071253488957881217e+01
-2.071540510058403939e+01
-2.072524525225161796e+01
-2.072361138463018904e+01
-2.071603227853773888e+01
-2.072117939591407065e+01
-2.071961928606034675e+01
-2.072431505024434273e+01
-2.070953375995160073e+01
-2.072418849170208688e+01
-2.072101931571961231e+01
-5.569960994087159278e+00
-2.071283653676509573e+01
-2.072520339190959504e+01
-2.072280752658845060e+01
-2.072491199672222351e+01
-2.072484645843506712e+01
-2.072207061946392770e+01
-2.072366468608378298e+01
-2.072338388562202383e+01
-2.072583006322383170e+01
-2.072358228564261751e+01
-1.493804270029067460e+01
-2.072396015524864410e+01
-2.072285830378532978e+01
-2.072248698770999198e+01
-2.072268438339234109e+01
-1.493818218559026967e+01
-2.072332234680652974e+01
-2.072115853130816632e+01
-2.071536046266556141e+01
-2.072143593430518749e+01
-2.072495180368423107e+01
-2.072386184036732715e+01
-2.072322145402432625e+01
-2.072512931823730753e+01
-2.072554775178432251e+01
-2.072230754792690988e+01
-2.071214856803416282e+01
-2.072474957108497762e+01
-2.072241314351557762e+01
-2.072506696879862531e+01
-2.071723307967186400e+01
-2.071562764942644463e+01
-2.072190472781658244e+01
-2.072415196597577136e+01
-2.072368138134479310e+01
-2.072279450595378947e+01
-2.072315782904625081e+01
-2.071917192637920380e+01
-2.072482877075673002e+01
-2.072299383282661012e+01
-2.072495413422585031e+01
-2.071666126549243003e+01
-2.072461433112621521e+01
-2.072432641088962058e+01
-2.072410448789596771e+01
-2.072519163191318725e+01
-1.493792798668146560e+01
-2.072571623921394490e+01
-2.072520980536938850e+01
-2.072518436014651755e+01
-1.863574224412441183e+01
-2.072516321539878703e+01
-2.072451899051665691e+01
-2.071673659980297799e+01
-2.071531562805176563e+01
-7.445598243176936748e+00
-2.072581468522548320e+01
-2.072422116398812264e+01
-2.072206592559814808e+01
-2.072307002842425305e+01
-2.072312656044959667e+01
-2.070223703086375266e+01
-2.072478510141372965e+01
-2.071536316871642569e+01
-2.072425119280815764e+01
-2.072247561514376812e+01
-2.072268982529640624e+01
-2.072295595109462596e+01
-2.072419788837432364e+01
-2.072530316710471965e+01
-2.071895533502102538e+01
-3.775226804241538670e+00
-2.072555159628392119e+01
-2.071822484731673342e+01
-2.072490509748460141e+01
-2.071593252718448142e+01
-2.072497295737266398e+01
-2.072355418503285307e+01
-2.072430134713649608e+01
-2.072225981056691069e+01
-2.072374387383460359e+01
-2.072343904972075279e+01
-2.072360078990460153e+01
-1.493733064532280075e+01
-2.072546693682669527e+01
-2.071950260698795887e+01
-2.072099151909351278e+01
-2.072192215323447329e+01
-2.072365059852599600e+01
-2.071722234189511269e+01
-2.072315619289874533e+01
