-8.424722439041943289e+00
-8.447841518662244198e+00
-8.430345073225907981e+00
-8.314601981859595980e+00
-8.385967562153382460e+00
-8.387225634578499012e+00
-8.405980496685515391e+00
-8.377071031078230590e+00
-8.327948282647412270e+00
-8.426778537846985273e+00
-8.413455447920568986e+00
-8.406460804442758672e+00
-8.446932410528461332e+00
-8.410732461482439248e+00
-8.424403754484956153e+00
-8.032322395127266645e+00
-8.424237949104281142e+00
-8.432109436966129579e+00
-6.542799217160791159e+00
-8.299046048952732235e+00
-7.902375169040169567e+00
-8.428602921863785014e+00
-8.413076880438893568e+00
-8.411569482388586039e+00
-8.423181269819906447e+00
-8.257944773504277691e+00
-8.355207089887699112e+00
-7.838352425838820636e+00
-7.871265750960446894e+00
-8.297741972899530083e+00
-8.399903712721425109e+00
-8.445304722932633013e+00
-8.422932883891917299e+00
-8.192479269811883569e+00
-8.208188468488515355e+00
-8.408603345233132131e+00
-8.410906269389670342e+00
-8.418077086942503229e+00
-8.432267419695563149e+00
-8.408808326275902800e+00
-8.410534620401449502e+00
-8.443787856045673834e+00
-8.322424188299919479e+00
-8.099815273424610496e+00
-7.859919790644198656e+00
-8.443789890582593216e+00
-7.657225055692833848e+00
-8.413775649769377196e+00
-8.371633336180821061e+00
-8.447092879335286852e+00
-8.409931408372358419e+00
-8.425835306545195635e+00
-8.229978178278543055e+00
-8.346611682543880306e+00
-8.439506854192586616e+00
-7.888851934985723346e+00
-8.414627341424420592e+00
-8.334599890105891973e+00
-8.447000669899352943e+00
-8.412054818880278617e+00
-8.209160293292370625e+00
-8.385600793741105008e+00
-8.288602252665441483e+00
-8.408931910227693152e+00
-8.410044966614805162e+00
-8.412914592961897142e+00
-7.290657196426764131e+00
-8.146750497806351632e+00
-8.369496400391653879e+00
-8.291877027222653851e+00
-8.430897443307912908e+00
-6.833988485159352422e+00
-8.296907567419111729e+00
-8.347427918604807928e+00
-8.434065102803288028e+00
-8.188100771949393675e+00
-8.420169515429734020e+00
-8.411122228106250986e+00
-8.399521264014765620e+00
-8.395270472581614740e+00
-8.389091829223616514e+00
-8.422004897114675259e+00
-8.418889362270419952e+00
-8.406586379904183559e+00
-8.438565010466845706e+00
-8.437688598889508285e+00
-7.936935786681715399e+00
-8.402170450921403244e+00
-8.402525917314051185e+00
-7.195867788628675044e+00
-8.414915220964758191e+00
-8.409890581305830892e+00
-8.405688025985000422e+00
-8.437599798140581697e+00
-8.436719458892184775e+00
-8.430629273389058653e+00
-8.328617540653795004e+00
-8.325807312066899613e+00
-8.427965023851356818e+00
-8.160154498240444809e+00
-8.440466020081657916e+00
-8.229792815836844966e+00
-8.428344976964581292e+00
-8.408967302868404659e+00
-8.053688709769630805e+00
-8.283963621302973479e+00
-8.432449349973467179e+00
-8.289915489905979484e+00
-7.066589864203706384e+00
-8.388578256810433231e+00
-8.407155661589058582e+00
-8.397947413432120811e+00
-8.412680002089473419e+00
-8.032824741734657437e+00
-7.838286873535253108e+00
-8.410842259443597868e+00
-8.129686325017246418e+00
-8.286492008293862455e+00
-8.395233961891790386e+00
-8.214221896138042212e+00
-8.304995564118144102e+00
-8.355131541451555677e+00
-8.258039991254918277e+00
-8.420123827661882387e+00
-7.065506636048667133e+00
-8.370930286400835030e+00
-8.332928490242920816e+00
-8.410649537636345485e+00
-8.436677317185967695e+00
-8.370813934376201360e+00
-8.430922731073223986e+00
-8.404833663560566492e+00
-8.190028820303268731e+00
-8.410866291003912920e+00
-8.263827891190885566e+00
-8.407203985465457663e+00
-8.172513794503174722e+00
-8.281201721940306015e+00
-8.413023834553314373e+00
-8.116791108848701697e+00
-8.375886503330548294e+00
-8.322516931017162278e+00
-8.409211926598800346e+00
-7.858300985826645046e+00
-8.393849409076210577e+00
-8.170640129770617932e+00
-8.439384419267298654e+00
-7.779451698123011738e+00
-8.247202216880396008e+00
-8.435798641476139892e+00
-8.352734933199826628e+00
-8.130440214386908337e+00
-8.018926645294413902e+00
-6.756807379657402635e+00
-7.657032727613113821e+00
-8.441791345456294948e+00
-8.018627416400704533e+00
-8.247242436831584200e+00
-8.109683994523948058e+00
-8.445844784623659507e+00
-8.443175315391272306e+00
-8.445363422360969707e+00
-8.259255811422917759e+00
-8.402990943577606231e+00
-8.431469252822353155e+00
-8.431610279556480236e+00
-8.335229167045326903e+00
-8.423000339927966706e+00
-8.309024911315646023e+00
-8.331487455792739638e+00
-8.444028583815452293e+00
-8.424739950147341006e+00
-8.056714821723289788e+00
-8.180948825727682561e+00
-8.410081799684121506e+00
-8.413249286088102963e+00
-8.335194239014526829e+00
-8.425926135911140591e+00
-8.436666578196309274e+00
-8.349709546891972423e+00
-8.326837055596115533e+00
-8.182107731976429932e+00
-8.405622154758020770e+00
-8.308175720303552225e+00
-8.423421735773445107e+00
-8.000943033897783607e+00
-8.316397869319189340e+00
-8.409844765861635096e+00
-8.410876768808520865e+00
-8.086669880445697345e+00
-8.407247469032881781e+00
-8.315204871119931340e+00
-8.347331476354156621e+00
-8.437022895872360095e+00
-8.092726949020288885e+00
-8.401890390676271636e+00
-8.404932959820143878e+00
-8.317089539239532314e+00
-8.419586507210624404e+00
-8.119946368489763699e+00
-8.055844918329967186e+00
-8.412090136993356282e+00
-8.429305407247738913e+00
-8.397674810112221166e+00
-8.388740500929998234e+00
-8.336056508240289986e+00
-8.344725696442765184e+00
-8.447603268097736873e+00
-8.409947629887938092e+00
-8.341144052625168115e+00
-8.339451571227982640e+00
-8.431231327122077346e+00
-8.407096818620630074e+00
-8.223527607071446255e+00
-8.409876601741416380e+00
-8.314285079191904515e+00
-8.321391401710570790e+00
-7.815676001337124035e+00
-8.114201192976906896e+00
-7.597447345033288002e+00
-8.342880975294974633e+00
-7.765764192503411323e+00
-8.384224723209626973e+00
-8.182633497461210936e+00
-8.401593946269713342e+00
-8.408309416990960017e+00
-7.820213544415310025e+00
-8.368302550563385012e+00
-8.375906953631783836e+00
-8.349988121990463696e+00
-8.407656654184393119e+00
-8.362430058128666133e+00
-8.419431707614421612e+00
-8.328170179302105680e+00
-8.426485378869983833e+00
-7.910824573889840394e+00
-8.221679748723545345e+00
-8.433553507897158852e+00
-8.100698705238755792e+00
-8.342860412871232256e+00
-8.260688413691241294e+00
-8.410078800334304105e+00
-7.824426022823899984e+00
-8.332857578920084052e+00
-7.617684306926093996e+00
-8.235425594015396200e+00
-8.425696985061222222e+00
-8.373926462969393469e+00
-8.246265756781212986e+00
-8.440075608086772263e+00
-8.414653546999034006e+00
-8.410732291129534133e+00
-8.261553661572179408e+00
-8.432296722472528927e+00
-8.367252932919654995e+00
-8.413095186959253624e+00
-8.412611715644743526e+00
-8.398452301364159212e+00
-8.443119560964987613e+00
-8.413098443590570241e+00
-7.836945557821309194e+00
-8.312427438009763137e+00
-6.072967746295034885e+00
-7.965034990455023944e+00
-8.379335074423579499e+00
-8.296053525991737843e+00
-8.410566396723879734e+00
-8.390558938437607139e+00
-8.441777972897398286e+00
-8.447077197553880978e+00
-8.359205063694389537e+00
-7.766562160861212760e+00
-8.370912244863575324e+00
-8.333266131608979777e+00
-8.371705551951890811e+00
-8.421461337959044613e+00
-8.410978850944957230e+00
-8.017447218822780997e+00
-8.429754970449721441e+00
-8.323442244756733999e+00
-8.386845235014334321e+00
-8.345396755743422545e+00
-8.090289728803327307e+00
-8.422953224973753095e+00
-8.405256048972660210e+00
-8.253176544560119510e+00
-8.411275706472224556e+00
-8.267952542432340124e+00
-8.221388011199451284e+00
-8.352711808722233400e+00
-8.356878205668181181e+00
-8.443940173269766092e+00
-8.414491758921940345e+00
-8.435936450172448531e+00
-8.448350394566659816e+00
-8.432940128055633977e+00
-8.401035813149064779e+00
-8.388416692097962368e+00
-8.374955994077026844e+00
-8.340983491973020136e+00
-8.308724961738334969e+00
-8.439249841365381144e+00
-8.233060861937701702e+00
-8.109174644312588498e+00
-8.434337601982406341e+00
-8.425952580699231476e+00
-8.403065141543265781e+00
-8.372553724417230114e+00
-8.423747922803158872e+00
-8.409532448122263304e+00
-8.410499748359143268e+00
-8.314433403254952282e+00
-8.409383335296297446e+00
-8.314258122147293761e+00
-7.935823708830866963e+00
-7.883780283096712083e+00
-8.351312646263977513e+00
-7.798907160526141524e+00
-8.325604342506267130e+00
-8.337041244420106523e+00
-8.352343517297413200e+00
-8.357989101263228804e+00
-8.440112420430523343e+00
-8.349053365513100289e+00
-8.410730168609006796e+00
-7.887262957287020981e+00
-8.413404953913413920e+00
-7.597749865846708417e+00
-8.444867213835095754e+00
-8.411614637661841698e+00
-8.403282648214371875e+00
-8.408310619593976298e+00
-8.425048412442265544e+00
-8.383915424812585115e+00
-8.411946924148651306e+00
-8.440844134180224501e+00
-8.421455127187073231e+00
-8.403990876140596811e+00
-8.211891850776737556e+00
-8.417192768498352962e+00
-8.106366206280654296e+00
-7.861224209191277623e+00
-8.357297359732910991e+00
-8.435443803369707894e+00
-8.407897058632897824e+00
-8.337928686058148742e+00
-8.276474740381672746e+00
-7.139973483077483252e+00
-8.065982465748675168e+00
-7.611839425633661449e+00
-8.238164770489674993e+00
-8.274499010367435403e+00
-8.408628441229666350e+00
-8.336639798610121943e+00
-8.385342189532821067e+00
-8.423153886404179502e+00
-8.426452339364914224e+00
-8.405261595587944612e+00
-8.378958954442168761e+00
-8.442837733127817046e+00
-8.394742790500458796e+00
-8.322050187503919005e+00
-8.406965904072421836e+00
-8.422201356748701073e+00
-7.894646268250653520e+00
-8.419092128504416905e+00
-8.443705857185705099e+00
-8.305076351454772521e+00
-8.368200361888739280e+00
-7.742536495323292911e+00
-8.423005200740590226e+00
-8.201103810570202768e+00
-8.419766118662664667e+00
-8.394753558925003745e+00
-8.307128356453176821e+00
-8.334482281294185668e+00
-8.412370001009549014e+00
-8.328188465675339103e+00
-8.105478761921403930e+00
-8.399386666002101265e+00
-8.411454486323236779e+00
-8.443280717525340151e+00
-7.947700110438745469e+00
-8.089197798370150849e+00
-8.436068564507877454e+00
-8.333792003162670881e+00
-8.408195417728165921e+00
-8.193822602072032169e+00
-8.421455697302008048e+00
-8.397554705981747247e+00
-8.430699452888802625e+00
-8.294457165233325213e+00
-8.376392296049743891e+00
-8.396969813256873749e+00
-8.403748100594384596e+00
-8.144541375921107829e+00
-8.410535138747945894e+00
-8.415386453945757239e+00
-8.250913008261704817e+00
-8.416888183597620809e+00
-8.416553720786396298e+00
-8.354882731306133792e+00
-8.337347155858878978e+00
-8.125198039066162892e+00
-8.413022569598979317e+00
-8.408240686156204902e+00
-8.412564431600912940e+00
-8.435070949468354229e+00
-8.425279580143978819e+00
-8.037041952018626034e+00
-8.378857491836242843e+00
-8.411251570782042108e+00
-8.214690039982087910e+00
-8.439019056897450355e+00
-8.283742577856173739e+00
-8.406366650146082975e+00
-8.336417890939628705e+00
-7.989048751580412500e+00
-8.399514701166481245e+00
-8.422507453171419911e+00
-8.408785269013606012e+00
-8.410284894045616966e+00
-8.105478651472367346e+00
-8.410817497624520911e+00
-8.444688372983364388e+00
-8.408907745957549196e+00
-8.435065658275561873e+00
-8.426662075729836943e+00
-8.446838372436104692e+00
-8.145211554656270891e+00
-8.410993946043163305e+00
-8.408617098248214461e+00
-8.383325606751895975e+00
-8.403295805241214111e+00
-7.758540313283447176e+00
-8.420025300169072580e+00
-8.348629539133980870e+00
-8.434290585848430055e+00
-8.440038961191021372e+00
-8.401252995565300807e+00
-8.364947981106524821e+00
-8.338818403950426728e+00
-8.422154230179330625e+00
-7.521887748094741255e+00
-8.301559242419898510e+00
-8.407886237830098253e+00
-7.825229077425319701e+00
-8.405071694010985084e+00
-8.418043444340582937e+00
-8.414943401659911615e+00
-8.307700878969626501e+00
-8.349164132589066867e+00
-8.437830226212099660e+00
-8.425291821797145531e+00
-8.152048757678130642e+00
-8.297949414372851606e+00
-8.439029777029645629e+00
-8.320395962960901670e+00
-8.407050782043370418e+00
-8.161916889745043591e+00
-8.443039074423722923e+00
-8.415096476237522438e+00
-8.438602672984416131e+00
-8.409498156099289190e+00
-8.407589864029432647e+00
-8.320798406202811748e+00
-8.430103614897234365e+00
-8.335421450901776552e+00
-8.336357703228713945e+00
-7.066260621766559780e+00
-8.412627065767082968e+00
-8.366393917065579444e+00
-8.378414963837713003e+00
-8.153804132321965881e+00
-8.397167195100337267e+00
-8.423173513037909288e+00
-8.434165372138522798e+00
-8.285035859298659489e+00
-8.419428908557165414e+00
-8.426359300909098238e+00
-8.095265631854999810e+00
-8.410214955537639980e+00
-8.151841091399546713e+00
-8.281408977418323047e+00
-8.227223987312754616e+00
-8.198158285988029093e+00
-8.009695181855931878e+00
-8.391313424581312574e+00
-8.447131050827010768e+00
-8.250530126708326861e+00
-8.332584801522898488e+00
-8.410406146576860920e+00
-8.407883350111205800e+00
-8.342337321217200952e+00
-8.368314857361838222e+00
-8.413126697734696791e+00
-8.438609648364945315e+00
-8.434800942570291227e+00
-8.396272788770147599e+00
-8.408155729411191714e+00
-8.417927423528453801e+00
-8.357610281200322788e+00
-8.287281221768353134e+00
-8.391236291150562465e+00
-8.336770788737339899e+00
-8.409364024817477912e+00
-8.398820441834686790e+00
-8.441294682448642561e+00
-7.275464988459134474e+00
-8.359933994623133913e+00
-8.411436364356632112e+00
-7.018550984677858651e+00
-8.409998883671505610e+00
-8.380666345488862135e+00
-8.260207800718490034e+00
-8.327457621219764405e+00
-8.361821912876621354e+00
-8.410732303207623772e+00
-8.446904756971889583e+00
-8.357590560204698704e+00
-8.416499589839077089e+00
-8.414053208442055620e+00
-8.328914524143328890e+00
-8.419233099222765304e+00
-7.963534906040877104e+00
-8.440774220354796853e+00
-8.427125564907328226e+00
-8.444262100913874747e+00
-8.340107804338913411e+00
-8.139309127029264346e+00
-8.336767017026431859e+00
-8.412554834358161315e+00
-7.861618565861135721e+00
-8.403615209288545884e+00
-8.409804718985469663e+00
-8.402696870150975883e+00
-8.429709244956029579e+00
-8.280463964940281585e+00
-8.393519755969464313e+00
-7.824555639526806772e+00
-8.370105588401202112e+00
-8.410266833296191180e+00
-8.341740143689094111e+00
-8.426192486065701814e+00
-8.304184255361178657e+00
-7.784513276419602334e+00
-8.403377911949064583e+00
-8.421299861831357703e+00
-8.419930217642104253e+00
-7.703119640005752444e+00
-8.411721040065458510e+00
-8.056500202743336558e+00
-8.340616441462771036e+00
-8.447620575975633983e+00
-8.293550957750994712e+00
-8.418565171348745935e+00
-8.433456164609197003e+00
-8.352129891485674307e+00
-7.949159618583507836e+00
-8.369543366647121729e+00
-8.321089828299591318e+00
-8.111673860461451113e+00
-8.432139482465572655e+00
-7.837679320655297488e+00
-8.056730751763097942e+00
-8.409009419672656804e+00
-8.403183361202536616e+00
-8.345925803383579478e+00
-8.435141531350382138e+00
-8.438097371763433330e+00
-8.416520496146404184e+00
-8.393094308150466532e+00
-8.343991431989707053e+00
-8.355277843365911394e+00
-8.285181938743335195e+00
-8.336842576958588324e+00
-8.424091545632109046e+00
-8.281802453129785135e+00
-8.425269575081983930e+00
-8.360482758333091624e+00
-8.240182462264783680e+00
-8.282951686618616804e+00
-8.028235417616087943e+00
-8.361524248452042229e+00
-8.438748159658643999e+00
-8.404207874506028020e+00
-8.342950128164375201e+00
-8.334678337909281254e+00
-8.401822027430171147e+00
-8.425414616656780709e+00
-8.411664103236034862e+00
-8.401148211218242068e+00
-8.422011523522087373e+00
-8.411499897936323578e+00
-8.413623236730927601e+00
-8.438519503579300363e+00
-8.347092934730426350e+00
-8.358113918540766463e+00
-8.253048380545806140e+00
-8.406758996614371426e+00
-8.411015984667756129e+00
-8.229112676752265543e+00
-8.410147161650456837e+00
-7.493306083255447447e+00
-8.408275931440584827e+00
-8.232689881813712418e+00
-8.391150294221006334e+00
-8.426938262891781051e+00
-8.342832890062709339e+00
-8.432961131984484382e+00
-8.414001138517051004e+00
-8.363625920254378343e+00
-8.398676049633650109e+00
-8.350088458799291402e+00
-8.431243557264679112e+00
-8.333975395449670032e+00
-8.257031370099866763e+00
-7.867898841970600188e+00
-8.425405698493705131e+00
-8.435317494819173589e+00
-8.326072712021414191e+00
-8.433279048054828309e+00
-8.388172189050237648e+00
-8.439381643474916928e+00
-8.417529069862212054e+00
-8.429742555646953406e+00
-8.378333333093905821e+00
-8.357717364240670577e+00
-8.430545772396726534e+00
-8.335797977837501094e+00
-8.356306627261801623e+00
-8.344024534337222576e+00
-8.186679950682446361e+00
-8.344507718851673417e+00
-8.361330595173058100e+00
-8.437630193591758143e+00
-8.409141907992307097e+00
-8.437948982340458315e+00
-8.416474306759482715e+00
-8.443157907102431636e+00
-8.016660734450852033e+00
-8.410563144243496936e+00
-8.418429123281384818e+00
-8.387583447678480297e+00
-8.409649811321287416e+00
-8.367045576480450109e+00
-8.201344635512214154e+00
-8.400297887084889226e+00
-8.356702515040524304e+00
-8.430463728876929963e+00
-8.411574655296135461e+00
-8.410807009924610611e+00
-8.420002226965152659e+00
-8.290819686535542132e+00
-8.441745323978466331e+00
-7.829065747471759096e+00
-8.437623855366837233e+00
-8.412715134392783511e+00
-8.426808716532832477e+00
-8.413600000079895835e+00
-8.432899057821487077e+00
-8.043179420521482825e+00
-8.405708507270901464e+00
-8.434471164131537080e+00
-8.369505106849828735e+00
-8.001413127931300551e+00
-8.431283563895703992e+00
-8.392180525144794956e+00
-8.397311052074655890e+00
-8.411637256052927114e+00
-8.442874952199417748e+00
-8.443856972648063675e+00
-8.296559757785871625e+00
-8.445922407954640221e+00
-8.410523603015462868e+00
-8.057328710900037549e+00
-8.406363315705675632e+00
-8.409575055444292957e+00
-8.249849018175154924e+00
-8.388485059374943376e+00
-8.142051889022695832e+00
-8.318354894552612677e+00
-8.383103604806819931e+00
-8.419580535191926174e+00
-8.404479749136953615e+00
-7.599633800215087831e+00
-8.425280693307286128e+00
-8.425385986993205734e+00
-8.018690352619159967e+00
-8.310685670730890706e+00
-7.836255647707730532e+00
-8.053768570534884930e+00
-8.415074386954074726e+00
-8.335644282095017843e+00
-8.313252587700844742e+00
-8.389734491756826174e+00
-8.423900140522164293e+00
-8.409303251231904142e+00
-8.315327342686941847e+00
-8.333505985297961161e+00
-8.436639575738809071e+00
-8.374709083989728242e+00
-8.420732989125099266e+00
-8.440939438700297615e+00
-8.424153101703268476e+00
-8.345811665865767282e+00
-8.057045493100304157e+00
-7.934045202680863440e+00
-8.314454637235030532e+00
-8.436876689964265097e+00
-8.341104768041986972e+00
-8.408760562590032350e+00
-8.440995017839668435e+00
-8.348725056566763669e+00
-8.342445883099571802e+00
-8.356812345271464437e+00
-8.045073160290485248e+00
-8.089386338018812239e+00
-8.436686062457738444e+00
-8.345253168343333527e+00
-8.415347421163460240e+00
-6.781004293123260140e+00
-8.433562106685712934e+00
-8.350677209324203432e+00
-8.269975284201791510e+00
-8.427274717379987123e+00
-8.314327965781558305e+00
-8.432359542210178915e+00
-7.890149738988839090e+00
-8.311126812477596104e+00
-8.408382501027517719e+00
-8.439666064830817049e+00
-8.444137500329816248e+00
-7.211364915594458580e+00
-7.973501280590426177e+00
-7.536566118127666414e+00
-8.419514304725453258e+00
-8.409343661856837571e+00
-8.264443495863815770e+00
-8.383582237489463296e+00
-8.302025379889528267e+00
-8.429845182271492376e+00
-8.411061389638234687e+00
-8.383104337895929348e+00
-8.408827462713816203e+00
-8.325987977703334764e+00
-8.260285773954819888e+00
-8.444640834945630559e+00
-8.307897843063983601e+00
-6.450815913267433643e+00
-8.338807231149985455e+00
-8.409849126361223171e+00
-7.976518399460474029e+00
-7.948665300791617483e+00
-8.342884178302483633e+00
-8.413329712253471371e+00
-8.268793424475006759e+00
-8.339770972961559892e+00
-8.383042232224397594e+00
-8.408667282506939955e+00
-8.377013082350686091e+00
-8.228607502649538219e+00
-8.415581794717581943e+00
-7.954202695866115391e+00
-8.392478089983342215e+00
-7.507009805267443880e+00
-8.396115795982041163e+00
-8.441037908811267698e+00
-8.045752257748972625e+00
-6.249574474757537246e+00
-8.424846085901663173e+00
-7.963748148613376543e+00
-8.113740752567537129e+00
-8.445691490714011707e+00
-8.398748826257360633e+00
-8.427802976570092142e+00
-8.232221084355842322e+00
-8.390498291999392677e+00
-8.445250399399810703e+00
-8.133904249407351017e+00
-8.367069481122598518e+00
-8.409885594221123029e+00
-8.408985418822339852e+00
-8.374888968974119052e+00
-8.366136085416655988e+00
-8.430734477071382571e+00
-8.429237127777014393e+00
-8.360757475880745915e+00
-8.329233417724026367e+00
-8.300321606031502597e+00
-8.423359004402300343e+00
-8.439731673272035550e+00
-8.332995248405495659e+00
-8.264605289863538928e+00
-8.408876153363962658e+00
-8.255269782122923061e+00
-7.329813768155872822e+00
-8.407214051447226666e+00
-8.362539903086144477e+00
-8.003833678929368034e+00
