5.433689086069236396e+00 4.299805089597185770e+00 3.011025740111735072e+00 6.237623817984704999e+00
6.226049366835892940e+00 1.398747384479485323e+00 7.149520864492687755e-01 6.867669771355668917e-01
4.390836494359536601e+00 2.674527559074225902e+00 6.034849950664200602e-01 5.893222841245923327e+00
3.645624470873001233e+00 1.630046635335968552e-01 5.112868242865533652e+00 2.299121707245301849e+00
1.341050667467226010e+00 5.296913574730433005e+00 2.134426096630086978e+00 3.223017642593100085e+00
3.122197937680522450e+00 1.356672308476406963e+00 2.733335562088965442e+00 5.774321834208303583e-01
4.697743733336993799e+00 5.120933299080650869e+00 6.276221915997417078e+00 5.517662613046523390e+00
5.693701702180033131e+00 9.281929167949832804e-01 3.343162019428992937e-01 5.593611331801122688e+00
3.181553317633392108e-01 5.904426675762505461e+00 2.517168489785108321e+00 5.656424420254913876e+00
5.605353098742921425e+00 5.115635439144718077e+00 3.778477897412810815e+00 5.300100520338140164e+00
3.134511841732456894e+00 1.317931031344274029e+00 5.328423973289718063e+00 3.044447490560970415e+00
3.519914219201142114e+00 5.829830484218532227e+00 4.538998547255499005e+00 4.564820810939137274e+00
6.782346776905427976e-01 1.621768552882098424e+00 8.669884357520077911e-01 4.305616858347313780e+00
3.265574454449470476e+00 1.270603301758249648e+00 3.675452091483844885e+00 3.848676018813675270e+00
6.265573478088176884e+00 2.162597258208705853e+00 4.598055086813590542e+00 2.699978180740715050e+00
3.213796160899096588e+00 1.043963892750308764e+00 2.416081210901408205e-01 5.032106302709250301e+00
3.096820902717706048e+00 9.821234878800648715e-01 1.219340393845129267e+00 2.772094555616603451e+00
6.047140749817313754e+00 6.353303040113610356e-01 5.368907639487699335e+00 2.993318504955331250e+00
1.010336232428347136e+00 4.368960690064557006e+00 5.701966267272984723e+00 1.322345069787999261e+00
2.555563262859162244e+00 5.856447499633896658e-01 1.475449057426245769e-01 2.319599823018523743e+00
1.104176570896421294e+00 2.036611525889020058e+00 7.616316105340631415e-01 4.662462499622422207e+00
5.260704228219396761e+00 4.965176110297367273e+00 4.238729526733262531e+00 2.780116232431373735e+00
2.474984083172361959e+00 3.326408647933510654e+00 2.982143358750817708e+00 5.407187935659099609e-02
1.923930635526692967e+00 1.183172006556793887e+00 3.015619097411320393e+00 5.212359262876846699e+00
2.120860527595323397e+00 4.008891450883481866e+00 1.138620433671286181e+00 2.816394419191674103e+00
5.064302249442306447e+00 2.936532727829860523e+00 4.076126059418526459e+00 3.376540913593272464e+00
4.715594471218698125e+00 3.215416456629372366e+00 3.326434258292311874e+00 7.767188736654393466e-01
3.178832520658845695e+00 5.295328613054124389e+00 5.343288548241392988e+00 2.106879142436371755e+00
2.620676344926646806e+00 5.052721131448669745e+00 5.025343395526915558e-01 5.286690212393071242e+00
5.511404861903730357e+00 4.166018360053139524e+00 4.680035175427311955e+00 4.018822637691409128e+00
2.966117448324140593e+00 4.874528847491689021e+00 3.292178533579172672e+00 4.609010646317419635e+00
3.542072504683159817e+00 3.287978409018690318e-01 2.546273696480737314e+00 1.083011821860525858e-01
3.146282840315643092e+00 4.440363022785363434e+00 1.390909145426253435e+00 3.849891814821944092e+00
1.375912736933377678e+00 2.760237218641380386e-01 4.194704230919230059e-01 2.008956651605456223e+00
3.863518452095195954e+00 6.344403488609279274e-02 5.687653172399476986e+00 8.252562148748302517e-01
3.068681862535401983e+00 2.802295128486719911e+00 3.700552402453382683e+00 9.449798709251348017e-01
1.887291537536216035e+00 7.338015950773769669e-01 9.634754808871522913e-01 6.271789480457319321e+00
1.924577343253451867e+00 1.106733366681636355e+00 1.948394813277759319e+00 4.437198051483732253e-01
6.000276233404570725e+00 4.440491991526621440e+00 5.340329492099078479e+00 2.644956643493419968e+00
4.459416926604313769e-01 2.213532306357596013e+00 2.567017697427779854e+00 8.112182009031182472e-01
5.987513053478508596e+00 2.681597064032265276e+00 3.203170261482002790e+00 4.075199555138811824e+00
1.298820434978163574e+00 3.783138705498360732e+00 4.826273109533308486e-02 5.668325267072360063e+00
1.569931146670934252e+00 7.304850082695980573e-01 4.326669233300558304e+00 4.289999969608444097e+00
6.170528682964201650e+00 2.690164435372687901e+00 4.430347579818595172e+00 2.470564831116237592e+00
4.984595813578327927e+00 4.507240208567435680e+00 4.019223356712524620e+00 2.664616134177583362e+00
7.904606925628283876e-03 3.816096058158471860e-01 4.315238749632746007e+00 3.790668676153645666e+00
5.976462831260986874e+00 4.345132354704751343e+00 4.736949606150785641e+00 3.776059260329751588e+00
4.085214772583371179e+00 4.172316264955513887e+00 3.416847342192439463e+00 4.864013821341929833e-01
2.935125436754091321e+00 4.872025221101064396e+00 2.228236914636485544e+00 4.919711398608372477e+00
1.953180541733093856e+00 3.763010515613307572e+00 3.203953128422803331e+00 3.760159236044184006e+00
6.145925837477332898e-01 4.378971873115599323e+00 3.057794102883184983e+00 5.865318463218073042e+00
6.174875077663612544e+00 3.431711245887029804e+00 4.507146905694640715e+00 5.835480330666785065e+00
4.036617349119558718e+00 3.811523960044953085e+00 1.381453301812215262e+00 2.626567830480023513e+00
3.263258935675632966e+00 8.088750336949169784e-01 2.629458775882278498e+00 2.576986973272319847e+00
3.466785186223531490e+00 1.133215216278586013e+00 6.040897024206560495e+00 3.309182286217994040e+00
2.895796831486693534e+00 2.698208786238670776e+00 1.437456343372527812e+00 6.864997702284467707e-01
7.356764521107531096e-02 4.301486202336308295e+00 3.999039600844401576e+00 2.983879308836379085e+00
2.018396014646396619e+00 2.510419552283052802e+00 6.167588409997295074e+00 5.868441758806103081e+00
1.580097904230203659e-03 1.020340491097936120e+00 3.387790530638522757e+00 2.450921380584561327e+00
6.009232830975316020e+00 9.219007845931492806e-01 4.760032654400718322e+00 1.977115989587863831e+00
3.387320104363647388e+00 5.324797151097763859e+00 2.474210851314095017e+00 2.536108890829888551e+00
3.035836736353597409e+00 3.510602149375360526e+00 2.571709139970632663e+00 5.608709238066436065e+00
2.558757168611729416e+00 2.011136255428989106e+00 2.138305966843827122e+00 4.409946343414786973e+00
6.451009247722926387e-01 8.726955434868749473e-01 3.367676097568152560e+00 1.280068131711740831e+00
3.517928932439060574e+00 2.712651140017041662e+00 2.577834694022957507e+00 1.593316271357181790e+00
4.141824289286474503e+00 2.374057799294194915e+00 3.516640719528343895e-01 3.673456435329981229e+00
3.230336972316142585e+00 6.136293253817167503e+00 2.908223215271779516e+00 1.367372956273842588e+00
3.622825194548183192e-01 3.670838999936281155e+00 2.191969447765910406e+00 5.692599424337766223e+00
4.471800573610924978e+00 5.871573538195039355e+00 4.660814382870838379e+00 5.103465304548396198e+00
5.543302168308755107e+00 5.024240528136279416e+00 3.980111206365877674e+00 1.790444843879914760e+00
6.054561480368522375e+00 3.574546167789271145e+00 6.331231740472562097e-02 4.846787695531264539e+00
1.299424713131286158e+00 8.699229300722139194e-03 1.760592690470216048e+00 3.512992199124102211e+00
7.790898421235638027e-01 1.884679898276541143e+00 2.256112891580456803e-01 3.319720128961421324e+00
3.151151624830536235e+00 3.795549558405805435e+00 6.066091450832080234e+00 2.308266109746190953e+00
2.425305901277678089e+00 5.181304512899069792e+00 3.859161368168833484e+00 3.766570043177336569e+00
9.697705145348326297e-03 2.653821148154464460e+00 5.071311606538123407e+00 1.629344505533598664e-01
6.046697800192506023e+00 4.684007842793850962e+00 4.171523592797996116e+00 3.578336702467753039e+00
9.521116140787929671e-01 4.671912923955601649e+00 5.370033592439991565e+00 2.490144621037803763e+00
2.074846727952243786e+00 6.239213461388269266e+00 7.660292502253890357e-01 4.934957284652659482e+00
6.000294022081604339e+00 5.319001297839716536e+00 1.458974022102671464e-01 4.413513595917609500e+00
5.128077273211671283e+00 4.544888527256094157e+00 2.201051664266250540e+00 1.842504973274317059e+00
8.026564430021737584e-01 2.693941225968505382e+00 5.850301699869264738e+00 4.299051264304907249e+00
9.591321094513358680e-01 4.198638770407796983e+00 4.457061810755989839e+00 5.957509266719251073e+00
3.299871311648471917e+00 3.717074640254673046e+00 1.516385292579868649e+00 3.207962623940947111e+00
4.260386939849180266e+00 1.295348031452077331e+00 2.437869406036982767e+00 1.491113199989048121e+00
7.704036703457256552e-01 4.725125787770863006e+00 1.563029141858986337e+00 1.187350300246107215e+00
7.292760807032528172e-03 3.685848570499567600e+00 2.951032827228000421e+00 5.202217357841178114e+00
4.185362038004535101e+00 2.409489210269792903e+00 3.548504662476082316e+00 9.543527833892623269e-01
4.562099425171671108e+00 5.101944128105007081e-01 6.000706015161616946e+00 1.165860238336444032e+00
5.630747605897924224e+00 1.020604656743350214e-01 5.697597430276502450e+00 4.474588364677583030e+00
7.033790250983559256e-01 3.552762867280961911e-01 5.990985872803511469e+00 5.923849613049656959e+00
2.803031367505005367e+00 2.243077963253757634e+00 3.411786671617852207e+00 5.298873452797525196e+00
2.103692950447243692e+00 5.674835412905578913e+00 4.110698774183223492e+00 9.673169442850277910e-01
2.686746738983812222e+00 1.884073809634154717e-01 4.407493547785958476e+00 4.199816348899729768e+00
4.404426489292791125e+00 5.850141424037216709e+00 9.524007107753969248e-02 5.006357596865005810e+00
5.864370914762448095e+00 6.117246149490397578e+00 5.163590148483909736e+00 3.510116985406577239e+00
2.453221243581748645e+00 1.363818442470192682e+00 3.801281948664338994e+00 2.661505218933715167e+00
4.491113097517605013e+00 3.058077092636761307e+00 1.401904706364662523e-01 3.037242762638574511e+00
1.850460373084977350e+00 4.332603897031988893e+00 1.118264605239476905e+00 4.231972917282876168e+00
5.530375976106269853e+00 2.938832171163392015e+00 1.610649515317401859e+00 4.884207337458428277e+00
5.522650677509488570e-01 2.610053321629779433e+00 2.311344935814739099e+00 2.077756151466344292e+00
4.371110411041111199e+00 3.934349817158705243e+00 1.712592682449153525e+00 7.894091330369673587e-01
3.764260877004260486e+00 5.789303086867537473e+00 5.491756707299010110e+00 9.399388998910492843e-01
6.085101245688805172e+00 1.059395895668377330e+00 2.111332732368909504e+00 4.195114449295950898e+00
7.884930821287740033e-01 6.271543362356082341e+00 5.616974669096712169e+00 8.723665278958460112e-01
3.435672100779380678e+00 2.861094743896305456e-02 3.916460388715773178e+00 5.201603249024701725e+00
4.778516910444574606e+00 1.808354572194867282e+00 1.224980410760958094e+00 2.348170397198141135e+00
2.006638660946492347e+00 4.580580240055444285e+00 3.252381751992230452e+00 2.842996484608434571e+00
3.432548387974088122e-02 8.003894802489927018e-01 1.984340564268038287e+00 1.117405987531667089e+00
6.250940793018486374e+00 8.581830043648513984e-02 4.188738857136607763e+00 4.241647178757380843e+00
3.429046092525709799e+00 6.878907723123570683e-01 5.629274305420231883e+00 6.584401208690128238e-01
3.558796977716166321e+00 6.194304681671567003e+00 3.050205856656219794e+00 3.879597891143991450e+00
2.719667097307165715e-01 1.088505795357341543e-01 3.643474142488663858e+00 9.467860580970355322e-01
1.201440194538135442e+00 3.179321442181663127e+00 1.656510556781478627e+00 1.419597059529675409e+00
1.998882169756825755e+00 2.248046694962055447e+00 2.901756648438450714e+00 2.310112512878385704e+00
2.794117461948780079e+00 4.865341896148427381e+00 6.099626572640501898e+00 1.382297209456641862e-01
3.813012806944515720e+00 4.232449705667619355e+00 3.809356104825726064e+00 5.932139098110373432e+00
2.238345465365887854e+00 3.335596440011019403e+00 1.087491179066006453e+00 5.759748500386101533e+00
3.157692507968787421e+00 2.602161071360293843e+00 8.733737036805284681e-01 3.245043762608758708e+00
1.216450916894009221e-01 4.663140645199233880e+00 1.821239589542783754e+00 5.107604287012430078e+00
2.393337001190733115e+00 1.307033756967324933e+00 4.259953069672126169e+00 3.033722778580707047e+00
8.399590811804069634e-01 4.476637428689375753e+00 5.100306448462003317e+00 4.195182621231275277e+00
5.789332203980274372e+00 4.299856884524969836e+00 3.260544037744407486e+00 2.574967495551766294e+00
5.099573498394637028e+00 5.251345338957984055e+00 1.268468834162255421e+00 5.524830097615788027e+00
4.466402669383882085e+00 5.005429003324597836e+00 5.354678228207021995e+00 4.621699322914524899e+00
4.053246159617614808e+00 1.596330751221672450e+00 3.759869664567986325e-01 8.011652985910491243e-01
5.306858448123040084e+00 8.478235670345950492e-01 2.517798724949662947e+00 5.708472479891314677e+00
2.502219867186550317e+00 4.455339516196172411e+00 2.390434300885353913e+00 6.744633895718988859e-01
5.562410578266443473e+00 5.317409721507075915e+00 2.821293816366587937e+00 2.498392746341051573e+00
1.057572483711392008e+00 2.690220061434495769e+00 3.053760896348807652e+00 9.441189368675646509e-01
5.986426330548982655e+00 1.520816139986889359e+00 6.117333682663120165e+00 5.365255780501474447e+00
6.203645164081253327e+00 5.739697429541658069e-01 1.014757134251090154e+00 1.437952808435925434e+00
4.931172348596716049e+00 5.277477208200902048e+00 2.702640758606425386e+00 4.291944963275736491e+00
5.849185542139517802e-01 6.267179763063293052e+00 4.830961365661703866e+00 4.789556246847002541e+00
4.610418808882774222e+00 6.055204643777548412e+00 9.332493739612265360e-01 5.288983311843723278e+00
3.663210662371726656e+00 4.180508591068520907e+00 1.333331559364559826e+00 2.016562569141179817e-01
6.044357957135453319e+00 2.510394797932746780e+00 3.565703447492348577e+00 2.192337996677462542e+00
2.407755045832758345e+00 2.980829546665155760e+00 1.495259040852424670e-01 5.272486294735255541e+00
3.506000804209594701e+00 4.850985374963807217e+00 5.323923424292798856e+00 3.269225120968960230e+00
1.262190599025446502e+00 5.462364108040310029e+00 3.900711797451999807e+00 1.620453527953830353e+00
4.619559263247186465e+00 2.048637979669962750e+00 5.851646981072097020e+00 9.785375279910061286e-01
3.287529944931506520e+00 4.501258440426434859e+00 6.869311992214874873e-01 3.575588007522541023e+00
1.179487682240910384e+00 1.855384224796512438e-01 3.379469933490345745e+00 4.112309504327184229e+00
6.055464227098469543e+00 5.324421656648673284e+00 1.665061772338010115e+00 5.837587680351966846e+00
3.324911412560989099e+00 2.763542274641264562e+00 5.978011315186591901e+00 1.531499634859790682e+00
1.981134325509829264e+00 4.802365966950274512e+00 4.615710059370019103e+00 5.969646632508764483e+00
9.341046351916677537e-01 1.903384730855811169e+00 5.356436730811552138e+00 1.940126430318915629e+00
1.599718098332072902e+00 1.873003739210845842e+00 3.530712626394336695e+00 4.361487307821228399e+00
5.397946760931878529e+00 1.229408215362907120e+00 1.347238983563858516e+00 1.239580190500587875e+00
4.232986557275620676e+00 8.131639642496579778e-01 4.104458901966198781e+00 6.952047151239539868e-01
1.559438616064288574e+00 3.872691723441269662e+00 5.995595162891751428e+00 3.736185907094179637e+00
5.532592311716792999e+00 3.328820908460714545e+00 1.528940943227850902e+00 5.672560475195800755e+00
1.207447424566765237e+00 2.677935819167036158e+00 1.727530477205149628e+00 4.895171361437742341e+00
1.650246207668874865e+00 1.027281135207609442e+00 5.427981960938322636e+00 4.519192783742715491e+00
2.625370792457774716e+00 1.224081560433305960e+00 3.103293209155321808e+00 2.439449297095756197e+00
4.906681032282988575e+00 4.332779841974403467e+00 3.407324373240526949e+00 1.108882454195222689e+00
3.083846625089661231e+00 4.544638747519839650e-01 2.704960497513447248e-01 4.279292498833138225e+00
4.535688971771368649e+00 5.620848800155228808e+00 5.320743225753858496e+00 2.332012770922236911e+00
5.597628116519184793e+00 3.909566574021546614e+00 5.594409843003969485e+00 1.272072092697026369e+00
3.901868401640787187e+00 3.066859845727123890e+00 4.245652770541880727e+00 1.599455644526837750e+00
6.210489078196836488e+00 5.955368749367964121e+00 5.917260334604942607e+00 1.425522069542789483e+00
2.651769324006421957e+00 6.180119551816679602e-01 4.674849592741230353e+00 6.122028319929311735e+00
1.209672475157421934e+00 2.318070058663677546e+00 2.034563458743801956e+00 5.531704370565308615e+00
1.347838662735592719e+00 1.143306713428964283e+00 5.091668461145633096e+00 2.828252361310669372e+00
1.812613038403497523e+00 5.970546193938782942e+00 8.084574992973146967e-01 4.438041391388018120e+00
5.307940515513235091e+00 6.921378725697100442e-01 1.990309147662248090e+00 2.545600444061041578e+00
4.383939146180225066e+00 4.538785113283493322e-01 5.914950231195519770e+00 1.445420981682040029e+00
2.966800601228140710e+00 5.586231896640023287e+00 5.786038724044341164e-01 1.500157901383113668e+00
2.732618702269322131e-01 3.317182010845829421e+00 4.726806413837463694e+00 5.599969110712052611e+00
2.055464189097034655e+00 4.671155496482297664e+00 2.531037140478264114e+00 3.101051667198909456e+00
4.826728925193323860e+00 5.819243216943681851e+00 1.846908131996966018e+00 2.946302123763890002e+00
8.247671738657594842e-01 1.165479962279980075e+00 6.056398572630156352e+00 1.895958942940738190e+00
2.634915767957869637e+00 2.725497595547217600e+00 4.944297461279946737e-01 5.383330937504135605e+00
5.369693066692204475e+00 4.116109317797727485e+00 4.624818563229927904e+00 1.634036756003198754e-01
3.211645537583380783e+00 4.499546341902829205e+00 3.159525430729030582e+00 1.007235280339027428e+00
3.568363349755196978e+00 3.452854564475124288e+00 5.548715218060094045e+00 2.599785763360923152e+00
3.925249518280636618e+00 1.242097459343777910e+00 3.657281408395933298e+00 4.265379627295380893e-01
5.796002765781275157e-01 4.056524397960379780e+00 5.261576960494242172e+00 4.980051040413499663e+00
4.778395788307827630e+00 5.116859468275578138e+00 3.181412414851653381e+00 1.641157702253819739e+00
3.066442088207846250e+00 4.256618277343850565e+00 2.714017853261500246e+00 2.824292027363018431e-01
4.838659395460353174e+00 2.452478312115975889e+00 1.304267044370529316e+00 3.774643877175157147e+00
1.564420262005741247e+00 1.169776602630337559e+00 1.088113856844552391e-01 4.230488213849839418e+00
9.524390871319828034e-02 1.437689279819421850e+00 1.148158032397030015e-01 5.580906448210710025e+00
3.048870765681450656e+00 3.597420276136615858e+00 4.068827418743776292e+00 1.405295895985366528e+00
2.622571146867727077e+00 3.000358523410793232e+00 1.564822693772103035e+00 5.779894708470240339e+00
2.217151058832010246e+00 2.697028974727397888e+00 4.380422505742977535e+00 6.253327502710858132e-01
3.407616379294983844e+00 2.635099444562254867e+00 3.774546100606473331e+00 5.686689348130571808e+00
1.323854924412589229e+00 3.559539249865401600e-01 3.753353010409802071e+00 3.688300727275866553e+00
5.979848841899882750e+00 5.196796349994412090e+00 5.588758241636782031e+00 1.518070113230703122e-01
4.440638253414775249e+00 4.923808679124694443e+00 3.234094455010665836e+00 5.376196553487925023e+00
3.036230111750977123e+00 4.306299059966979259e-01 3.565460412087811726e+00 1.988190697324945244e+00
2.047097411679651202e+00 4.178362222455255903e+00 2.125246146807462821e+00 3.564607651014807033e+00
6.017825693610561189e+00 4.168989825279709294e+00 4.262593698295461309e+00 4.401976123726949908e+00
4.991948760609711044e+00 3.165573957716065756e+00 6.247906495147296901e+00 2.412451281270362902e+00
2.421748728358171787e-01 4.071161534986888597e+00 5.426036776257221028e+00 6.084828705844827823e+00
9.586899397079038376e-01 5.154079576428678422e+00 3.020541989832185165e-02 2.976944910484219609e+00
5.684440899440683204e+00 3.469926918080037948e-01 5.976372002875512734e+00 1.877680230407767992e+00
3.844274659778130321e+00 3.191038350336190987e+00 7.506941352665407186e-01 1.058400143320899822e+00
2.672016066240672671e+00 2.078210844097138743e+00 2.086823682268039271e+00 5.986140620748655827e+00
4.120807917557153255e-01 3.589927995576342568e+00 7.998588365166373615e-01 5.904083298361672005e-01
1.565144806564975566e+00 2.592255123365079794e-01 5.689486260220294689e+00 5.233009517027006119e+00
1.912462846719513054e+00 5.477010981512468568e+00 3.781790813789038808e+00 5.569830099496459574e+00
5.671906837735896545e+00 4.700021026508892419e+00 6.266663426308645590e+00 2.804637385482529499e+00
4.282151496424743797e+00 4.462885846456205563e+00 1.137356805920991948e-01 9.005809284765182721e-01
3.120092463319866782e-01 5.434878350765653288e+00 5.825083722347854653e+00 4.361780211644140870e+00
5.657175424352367532e-01 3.616120816269760230e+00 6.219583436100982077e+00 5.710763952262633975e-02
5.450591784902140136e-01 3.151621576248561096e-01 1.989259629436530563e+00 3.794493085092909723e+00
7.652818464148744004e-01 6.261357338704250708e+00 8.427490834901600891e-01 4.437540921471915922e+00
3.737765971118400810e+00 3.895112871660493248e+00 1.012953761521202534e+00 2.830620570823504600e+00
5.995640969949761256e+00 3.711758260768880519e-02 4.488792203852574048e+00 5.385895168588289650e+00
4.890837775330741266e+00 2.155414530267124817e+00 3.552638271935066455e-02 2.863435265891711268e+00
5.857051791051105516e-01 1.354297146343943714e+00 4.541287064599901058e+00 4.558474789683556239e+00
4.018765486595810899e+00 5.884317509594528400e-02 2.238560538931901878e+00 3.599343714263127048e+00
1.778829527919031817e+00 6.406909576887731550e-01 3.889989448546125050e+00 3.165966283554277449e+00
4.302727513503988632e+00 5.874172407917977345e+00 1.868375392704439530e+00 1.680131736766300232e+00
6.143213790279444808e+00 7.776643887579745007e-01 2.632433066925436105e+00 3.851868180532187491e-01
3.491085048047861239e+00 5.484499458701235675e+00 5.609928192668443891e+00 3.135428907498824636e+00
3.812528056231059281e+00 3.107322776471953318e+00 4.300518900842645209e+00 3.780958380002631625e+00
6.092053006007233762e+00 5.388724787529995730e+00 5.368922265790478043e+00 1.544002486444476352e+00
1.776517363080465595e+00 2.681238344429475173e+00 4.235957635828730083e+00 2.862567128654193827e+00
5.647799636432353942e+00 5.678554031557725423e+00 4.633718142360673475e+00 1.789797466206393128e+00
4.334885190438151348e+00 6.003327077192852634e-01 2.463562296702768162e+00 4.359702217958118631e+00
5.884329599256830079e+00 4.139234362103437093e+00 4.246216230175765105e+00 4.947027974367562031e+00
4.547997886411076607e+00 2.125039664308431497e+00 3.652994411655515083e+00 2.972190660199938161e+00
2.837132190619703898e-01 2.303116237428135094e+00 5.976019409501251545e+00 5.356500372068699889e+00
5.335504539922617973e+00 4.924334566910870237e+00 5.468178326850340554e+00 5.314068346675217214e+00
3.785474410681739066e+00 1.486299027105446369e+00 5.723270586040465346e+00 2.760604671588577030e+00
4.176497552006056324e+00 5.580964859670616285e+00 5.422895017557068265e+00 1.447000809644416242e+00
5.508794002410898116e+00 3.490476957527058666e+00 3.457626092157873199e+00 9.142119870918881119e-01
5.482270441370220126e+00 3.858472983280475610e+00 4.943603464247439128e+00 2.263161489892513423e+00
3.261744927645036540e+00 2.129689188478725903e+00 3.604278314886589563e+00 6.053340705077654427e+00
5.540634349459275576e+00 5.833986775909813183e+00 1.297811191199725211e+00 5.975246373916951015e+00
5.722877027940633354e+00 5.058153606578648542e+00 3.840084330937258539e+00 2.560221773388767108e+00
2.556748058944068314e-01 4.007697775352169423e+00 1.294387562738997133e+00 6.179296319683053262e+00
3.618617227846169460e+00 4.000582679934303054e-01 1.842647475844521709e+00 3.684883344998834964e-01
1.149519363557521601e+00 1.356712327224370407e+00 4.517795187489033637e+00 1.243472379163741870e+00
6.105386416509034575e+00 2.848871991514206670e+00 5.547595915577131720e+00 4.006113496051705525e+00
3.963438180593524596e+00 4.190847665309556547e+00 6.160640153850584610e+00 1.369162460076175369e+00
1.518685817984643638e+00 4.427765025761885909e+00 2.817256604215262250e+00 4.354384001462767273e+00
1.910008472147747272e+00 4.764112872398663434e+00 2.780234114751150010e+00 5.173488110488102976e+00
1.697776015528499549e+00 3.774992336533515846e+00 8.433085543950783469e-01 3.865497488880910826e+00
6.241479198781808790e+00 3.710888592534425712e+00 4.584781130419578465e-01 5.664954082941362934e+00
5.235726728399034080e+00 2.003595292693257868e+00 9.830047997364577128e-01 4.715406563435169396e+00
5.032917781021796211e-01 8.922656704262982297e-01 4.833010245594600462e+00 3.693553379933967484e+00
6.136178075592106929e+00 2.350954188799648126e+00 1.883389667831812719e+00 4.710327143908671133e+00
1.104166886765452604e+00 1.656052688511014948e+00 2.410040947926608279e+00 4.973815113086421213e+00
2.265376055971834557e+00 2.110829593646187607e+00 2.046598495156889186e+00 4.118721370422885109e+00
7.820891988524183991e-02 2.876339441658374074e+00 4.771649771155778708e-01 3.843551351406109706e+00
2.549832206436248416e+00 4.557355578704365584e+00 1.675679968770598327e+00 1.909100096682099457e+00
2.794506727273253777e+00 4.712100158278877515e+00 2.047268292677791202e+00 3.870962542455203881e+00
2.104115023604565149e+00 2.476705604842835751e+00 2.495202082946490485e-01 1.801168182244751170e+00
1.456908003857013689e+00 5.133992491550215753e+00 4.241210052724205148e+00 8.032694369302455228e-02
2.676360802755410884e+00 1.608355954155459511e+00 5.372946054173193708e+00 1.725027226556377968e+00
6.159962236157044968e-01 1.484648635174407927e+00 4.482991875721227260e+00 1.007258329643905936e+00
5.997019514311022093e+00 2.686019196402633646e+00 1.664710158472381574e+00 6.575558959306102569e-01
3.810448014437993525e+00 4.946004726717586841e+00 3.720424022009242382e+00 5.589562173945601842e+00
5.384586584269237086e+00 5.161197982641427373e+00 6.934540268597214063e-02 4.987232350271107784e+00
3.086532220371487778e+00 3.772239366601973121e+00 2.594045454621583424e+00 6.102434720184561456e+00
4.742200495244476066e+00 7.975554195524356405e-03 3.551453517741931964e+00 2.643989912068676063e+00
6.967298074858755408e-01 1.928866053567550587e+00 6.152958369472252720e+00 8.466852700498053164e-01
1.162736795262492989e-01 1.789895610301880602e+00 3.312830181384550876e+00 4.460294809350469347e-02
1.593409593015075731e-01 3.026593231432757491e+00 3.229684337224225099e-01 1.564790875119826286e+00
2.046545439141612466e+00 5.467839016815320141e-01 5.893372176736056289e+00 5.326689350337145079e+00
4.837687971556874356e-01 2.939027621186751649e+00 1.447777975544495055e+00 4.379045161116050799e+00
1.622433488753533659e+00 3.123336153367423762e+00 1.107781602010951438e+00 2.460562151077448689e+00
5.485537142670675159e+00 5.655470559700406241e+00 4.839669159497556272e+00 3.441028857213713543e+00
4.034584062517803993e+00 4.321158180150813877e+00 6.088560690426847444e+00 4.227847559580432346e+00
2.349933519611919319e+00 3.941351702842926130e+00 3.995114323611925200e-01 5.983770127565605002e+00
3.028014680708705608e+00 5.395742537953021944e+00 2.418358440770742135e+00 5.097842535467005831e+00
1.941500956807972189e+00 5.704926166025695800e+00 5.196612108774386479e-02 2.903505098214618219e+00
5.265649153075034228e+00 5.133589734796643711e+00 5.677500231889468729e+00 1.980039434664619513e+00
1.645179267804730339e+00 4.947642639985912361e+00 4.716642947929767793e+00 1.659198794487457995e+00
3.268023491884180398e+00 3.557760765953027704e+00 3.288695981516394529e+00 7.459605275258333057e-01
4.605608103726827274e+00 1.969203415719486192e-02 3.065801396737060092e+00 1.004087551123069133e+00
4.085051430537255612e+00 2.446837683908552830e+00 2.030124594400130267e+00 3.803557068646208350e+00
5.354685666146060896e+00 1.343909968756740736e-01 2.393210814581721468e+00 3.537944622474561651e+00
5.639374306750974064e+00 5.305983744655950574e+00 4.546340221032918016e+00 4.375793900195423802e+00
4.034078804978733501e+00 5.757403294032915397e+00 4.750887069991101441e+00 4.672500259444573700e+00
3.140582816607818462e+00 5.325476938876218647e+00 5.909433390926942309e+00 2.303937592484285535e+00
2.284943343205641408e+00 6.177909031280774954e+00 9.905379594283250100e-01 8.465240537858073067e-01
3.733640257487255809e+00 1.172997174616849936e+00 1.489350180950757441e+00 3.513127394661632596e-01
5.060326686815548314e+00 4.862034326380644700e+00 6.015762874916818354e-02 3.079898407233289337e+00
7.635786970113311867e-01 1.327078958577574408e+00 6.008061248998265214e+00 2.009729593155333394e+00
4.589601723856774340e-01 2.009192048580331846e+00 3.385146801549126838e+00 2.518012685560905517e+00
4.178005937382724078e+00 5.300669531192833794e+00 5.189098638904373395e+00 5.284184056187231526e+00
3.618496596435881507e+00 6.206914081034679675e+00 4.512336373637133136e+00 5.770138692140065473e+00
6.821609480132816428e-01 5.077669584309125739e+00 1.520017052042778039e+00 4.870609230376057752e+00
5.126007445184691314e+00 2.769812415437419073e+00 4.689134444900356913e-01 4.095694387491031208e+00
4.883607943957358977e+00 1.008026670456877438e+00 3.615102540043959145e+00 3.097221573919770599e+00
2.017085700891155575e+00 2.323775390502881955e+00 4.415460158172249905e+00 3.244132234372796297e+00
1.513372705340883861e+00 2.964740846176280087e+00 2.235260314980750618e+00 5.472058774022456884e-01
3.681608982585497625e+00 2.291754975734512811e+00 3.145686941947388515e+00 5.832015610091170643e+00
4.674033850355003850e-01 4.226701437064611433e+00 1.545274031508703905e+00 3.283998159972929987e+00
4.472400672759811791e+00 1.078362821324224452e+00 2.240801596181455579e+00 2.538140458930644883e+00
2.370131635787435798e+00 1.513744937031932247e+00 3.989263679118155270e+00 1.891662904297430892e+00
5.132749257278539368e+00 1.339876783911437386e+00 2.423819693384249518e+00 3.324444069296694781e+00
1.348256225399851127e+00 4.154917415167184380e+00 4.114576534664023733e+00 2.296926400404041058e+00
2.732849866971420294e+00 9.095548550144787470e-01 4.352007478038287580e+00 6.012442265605804081e+00
3.505161650741983603e+00 2.022080454476654854e+00 3.943358275462206297e+00 4.703998969952835729e+00
3.789558937170942610e+00 7.460495605852009160e-02 5.354530301203442200e+00 5.373017153121098843e+00
2.436992639806057959e+00 4.112896890074933864e+00 2.308029328318542017e+00 4.970064683533884420e+00
1.246832373741763034e+00 5.563790386838573632e+00 3.502783910934250233e+00 3.164262223968129728e+00
1.218901667109238307e+00 2.520895931642089138e+00 4.583876871863755476e+00 1.580699148567615397e+00
2.997944569349752508e-01 2.804153579124462503e+00 5.384698337783291322e+00 4.261079254660585569e+00
3.309655774128191230e-01 3.845270691027403986e-02 4.668340956351466065e-01 6.946437373458910769e-02
4.958824570281527677e+00 5.635054139046334676e+00 5.665578830934190790e+00 2.008603885386341492e+00
5.617729256795461090e+00 4.956840502747296817e+00 5.556542021750697558e+00 5.782860378269329971e+00
1.723020582401342038e+00 3.109066582755056096e+00 1.653470176413715853e+00 5.011575757838752310e+00
3.997917566024431935e+00 3.416201437326039425e+00 9.025900392447262499e-01 3.551029566155429862e+00
1.510271351652938687e-01 8.982599169820655316e-01 2.915240508865572178e+00 5.381471822292509977e+00
5.955947710553026297e+00 6.173641971562951802e+00 2.650901054202486895e-01 4.993041622227107901e+00
4.875695300136735355e+00 7.533776063730248662e-01 4.615621610349553428e-01 6.206107765802504339e+00
4.065571079902002283e-01 5.516739002273678416e+00 1.497919374779276946e+00 4.295501097092627951e+00
5.692898165115058084e+00 1.404602938621576147e+00 1.786422939397133813e+00 5.491121350009124491e+00
5.886779321993744318e+00 3.795183111616828420e+00 4.424551590346856855e+00 6.036416583959884008e+00
9.142842963555765368e-02 1.529535108855920145e+00 1.528326027960330791e+00 4.442781069272735195e+00
1.854759789840891848e+00 1.362495107280276230e+00 7.153161796235688596e-01 4.289582087948174305e+00
5.004570893894570105e+00 6.007068506268518071e-01 1.196828715028361412e+00 4.087498090273242290e+00
3.072205247581330401e+00 1.161700765018365278e+00 6.061317839789712281e+00 2.104769404630730811e+00
5.445291765924646477e+00 7.307943686970507224e-01 5.960984012919361419e+00 9.860648180608828639e-01
9.913673444818103808e-02 4.466378094343183669e+00 3.200916088622119293e+00 6.083730773121894586e+00
1.206431978942772654e+00 3.302181999332634899e+00 4.972526431755533771e+00 4.281977494280911678e+00
2.600737852778802761e+00 6.193963934391113035e+00 5.460567224314836210e+00 1.341387945079608901e+00
1.281666975941557318e+00 1.780218072091624748e+00 5.103905573331850576e+00 1.071204859666514908e+00
4.440847584154962391e+00 5.893892727825313038e+00 4.266109847076819506e+00 3.469415584055909330e-01
2.484174432893692774e+00 4.653040322284929253e+00 1.658458886132813559e+00 3.155902852357781896e+00
5.688412941222800612e+00 3.890410303922345658e+00 1.753705342201522299e+00 6.148826923044022230e+00
1.959412117838481793e+00 1.481704296845614888e+00 3.870461529498176123e+00 6.549247285672721297e-01
2.941700377350892737e+00 2.046071873018961540e+00 4.930553889439314830e+00 4.617132123237764674e+00
3.961218815997944453e+00 4.237201149271574430e+00 4.950407703301367590e+00 4.571775782726020254e-01
6.248250233865229930e+00 5.167623454501183211e+00 5.941434529028474465e+00 2.094747921442713157e+00
1.736525588015480182e+00 1.087959379719850572e+00 1.045967263040693984e+00 4.119343406691342580e+00
2.905490443850219595e+00 1.661684586050374612e+00 3.959474746644014775e+00 6.246940566719583643e+00
9.128016913210252881e-01 4.943957381985333299e+00 3.485298828162550322e+00 1.239128659416785405e+00
3.057149919627373258e-01 7.915834189908214080e-01 4.694656864499902049e+00 3.135927612503659923e+00
2.830627695989704318e+00 3.938623446870175293e+00 5.719725239954051688e+00 3.011196669554487393e+00
3.024309222576852640e+00 2.708392109219741162e+00 2.827804977431289668e+00 2.947101284354671336e+00
3.108401561264381385e+00 4.788634972106291521e+00 1.473582634782135914e+00 6.332170602938593795e-01
5.886775122932204951e+00 9.877514056187859659e-02 8.258942845740553373e-01 4.691204201287525466e-01
1.127756331707859827e+00 5.625948789241689063e+00 2.701984764176398990e+00 6.222002781167438989e+00
3.493554270991071409e+00 8.990653123760460330e-01 4.919584920561558938e+00 1.847218453472444732e+00
1.314233305651327344e+00 1.282683237958580635e+00 5.517595570367094027e+00 3.479120949741361546e+00
6.091002441788416988e+00 1.348296777948075231e+00 3.901899416435352208e+00 3.900998604776239276e+00
2.457841052826165384e+00 4.489058865762923567e+00 4.986880997417310724e+00 1.392061868329438568e+00
6.039325334788915534e+00 1.051707610835887152e+00 4.511474757042755357e+00 2.463518274518933904e+00
1.080472210060259952e+00 2.160420892470797938e+00 2.635922602920795832e+00 3.875522804233259233e+00
4.813310390635662017e+00 1.659808737415553903e+00 1.167367970089295159e+00 2.859981767516155404e+00
5.755530979134244163e+00 5.641297618578142270e+00 3.524433515259486782e+00 9.567930472402055297e-01
1.616087449934064946e+00 5.550483648301494988e+00 4.993083757386110655e+00 9.060050599364556367e-01
4.414318979701287837e+00 3.814905933180196662e+00 2.799351018400699775e+00 4.451766468590483417e-01
4.647524051642010434e+00 2.428544967118914322e+00 5.914348745326759804e+00 5.153100285641845524e+00
9.459250823276825759e-01 1.629915306751524628e+00 5.469174939197294805e+00 6.038990672960430572e+00
2.528293287949288093e+00 2.478783079182832250e+00 4.290112668539147744e-01 3.063991675500015610e+00
5.174653659139487161e+00 1.413318181111292926e+00 2.666922927932554366e+00 5.188819604827481058e+00
4.164100815899005603e+00 9.779668165462077623e-01 7.429722247097476640e-01 4.045222832799351131e+00
9.740893924943392346e-01 1.106514893042590542e+00 5.160173651762884006e+00 8.937706776824748678e-01
4.220201972027874504e+00 4.348439801689805151e+00 4.535370240972462219e-01 1.229740199919538313e+00
2.587699956937864698e+00 1.038097859786738519e+00 2.319575461896689728e+00 1.581432374233107119e+00
2.157646696527287133e+00 5.193808947993959535e+00 2.896992800914096389e+00 2.276461839859995173e+00
1.449264799491593037e+00 1.542622079274727831e+00 2.160498427072079786e-01 3.228511277904138499e+00
3.642582475668617370e+00 1.606424941505339099e+00 4.992828544790962830e+00 4.956761047179284674e+00
3.404388725189539944e+00 6.023171074613284937e-01 4.647022238054717036e+00 3.719989890994204629e+00
4.194057071557441674e+00 4.934444802790745932e+00 1.283538466294973146e+00 1.023712777147912201e+00
3.848023011968939144e+00 6.447745105221235340e-01 3.572597881400360276e+00 2.480725113433221107e+00
4.467015431752876964e+00 4.679022362420768744e+00 4.392669287292827462e+00 8.374750779423334457e-01
3.239769273942431749e+00 4.975984269723964654e-02 5.070463826878160774e+00 4.758523047493662617e+00
5.965222390129967245e+00 4.805075186674562460e+00 6.121135205446924132e+00 1.005076632897801581e+00
3.641478967094208041e+00 2.794688844758075774e+00 6.002497032750493677e-02 4.689711615103416165e+00
3.167102497398280647e+00 3.948310075545072628e+00 5.939384212646228178e+00 1.097195735863325750e+00
1.828467591799302558e-02 2.281963078901986908e+00 1.028874803927025128e-01 5.718303453655477320e+00
3.182747833063125587e+00 1.606201365011244553e+00 7.366412933011033948e-01 1.495392692166672255e+00
3.900263635152829256e+00 5.109339890245627736e+00 4.044919767538885047e+00 3.777904592262642414e+00
2.131886191264290797e+00 3.255613259599649534e-01 5.353142514203378610e+00 1.850242762323743406e+00
3.537163075126162903e-01 4.144270763677795344e+00 4.508909458685295135e+00 1.156642154346831264e+00
6.191488899559382197e+00 5.691549576147468592e+00 4.017119355136536285e+00 2.820046801775581979e+00
4.523297475364262965e+00 1.205136857684608209e+00 2.709304352555840900e+00 4.034930468492925471e+00
6.229811910648201057e+00 5.869238198436730336e+00 2.083574494804604882e+00 5.609002532392080909e+00
5.538337831941174683e-01 2.969961454521146127e-01 4.659073793454625800e+00 4.246581732718847646e-01
1.128347418510541322e+00 9.689911367452621604e-01 3.493900930951918227e+00 5.682202798310015623e+00
2.709365934238570528e+00 3.481851440111791263e+00 4.462287429488640988e+00 2.770597297920486479e+00
3.524597285899380150e+00 1.191953228550363675e-01 1.942309877620490788e+00 5.394761817163171713e+00
1.350707496969598687e+00 5.894832824570179319e+00 3.382667699298343322e+00 3.352449484268991586e+00
4.690715612431693771e+00 1.883983063984453254e+00 1.511703342961471908e+00 3.771788646695985570e+00
1.773965596331416039e+00 4.777998745866084640e+00 5.847043594592312488e+00 4.032420341939177533e+00
3.084626390024314269e+00 5.889196244484055320e+00 4.559864051016919717e+00 3.473112356748991658e+00
5.954763116619103513e+00 8.300258615939511975e-01 4.780498205353112873e+00 4.108158711904442484e+00
4.739672519175021748e+00 4.024069386459017572e+00 7.341189417016691365e-01 2.058552787863190847e+00
5.396853424820053036e+00 4.582233258393234365e+00 9.890017471113126124e-01 2.014859544810354119e+00
2.012692515436188767e+00 8.314352467537947655e-01 4.627354165625348514e+00 4.756586263840643980e+00
4.705106818396192381e+00 1.330753283869472448e+00 3.565813852973767073e+00 2.501164766687493213e+00
2.124225681373778762e+00 1.195213353997957029e+00 7.561892281099901192e-01 3.504257991290361751e+00
1.853921480643922370e+00 2.645883604801063438e+00 5.082428023962846098e+00 3.367226062671015097e+00
5.356694127176687026e+00 3.833003147740897010e+00 1.613853277959935051e+00 3.815388327667041946e-01
1.078587971932809531e+00 4.459532860846303071e-01 4.147590878646122969e-01 2.264581508331827475e+00
1.580315555761486079e+00 1.053566746955573175e+00 2.189892387717005562e+00 1.915677505824082139e-01
7.402871793396010869e-01 2.372207634542403965e-01 2.750687149141240795e+00 6.271813259193841361e+00
5.390872910234460136e+00 3.122948321648264081e+00 4.258972978054766934e+00 4.603823377513764470e+00
2.065960676575089305e+00 5.322994445580265577e+00 4.743975298870747870e-01 5.871582629651757479e+00
2.490620878151631690e+00 4.853861307573843931e+00 2.085769549145126245e+00 4.876786953090187282e+00
3.902396061034834496e+00 4.710060705425587635e+00 3.460085746289188524e+00 4.978663144352418968e+00
5.978583101521932619e+00 4.831924253329161090e+00 5.858491912148697800e+00 6.164932867295281227e+00
3.184960184705448505e+00 2.207824528419162657e+00 5.319651422275861741e+00 6.841185476741628024e-01
4.470825044681314142e-01 5.108319508233266859e+00 2.852783224737342138e+00 5.576300600418361064e+00
2.691708708578804732e+00 3.822121284030335353e-01 4.407573566964520850e+00 1.250884442964726340e+00
9.125368416184119758e-01 3.783620764860311514e+00 4.149966861682782948e+00 2.141582892987939246e+00
2.676552353645233473e-01 3.553916216401651784e+00 3.724061622795471482e+00 9.001684610594975489e-01
3.725274970461746271e+00 4.189200076963671471e+00 3.091398068539320310e+00 2.307316602599208455e+00
3.071165231199159518e+00 1.213171112313415678e+00 1.489057605513649296e+00 1.077414940253729747e-01
2.333980040037995085e+00 2.712494237743449332e+00 6.176090952564163850e+00 4.719817805743539374e+00
6.255646723904018103e+00 3.094371606741662895e+00 2.915819578348533003e+00 8.239448186671025631e-01
3.277215372535151605e+00 4.740477439937039961e+00 3.824855319537470155e+00 4.278409976931985881e+00
1.779016865983274132e+00 1.385698181565905573e-01 6.047799914401815968e+00 3.419908601738674392e+00
1.218923281554558313e+00 4.130677429957800406e+00 1.898153998589051372e-01 4.018059478080875380e+00
5.162389159727529986e+00 1.852692851858110501e+00 5.837715169498771672e+00 5.790773984843764488e+00
3.468116938296894602e+00 5.847522822628774541e+00 2.785769072219699272e+00 3.855625826237620402e+00
1.313861562915562997e+00 3.066269165536351426e+00 3.373476744173743658e+00 4.459951980512982805e-01
3.664928290682630596e+00 1.051817293567313572e+00 6.086636178872195657e+00 5.696268216718722854e+00
2.120570304155154240e+00 3.678600372447887512e+00 1.956862665478733554e+00 2.140650205898398717e+00
5.192875547949321380e+00 2.714098149425265838e+00 6.910298377078307741e-01 3.327883333413200972e+00
9.952798316298715198e-02 7.442345209757394997e-01 4.754988540655674001e+00 5.989794842020952359e+00
1.094854887997841614e-01 8.480285833859889655e-01 1.503811501254702088e-01 4.679224658642989199e-01
4.972005239094270834e+00 6.011939723669711633e+00 2.064736510673227610e+00 4.728135730725298913e+00
2.497476149662012368e+00 2.421729630412314371e+00 2.370648982160846518e+00 5.459865317422757380e-01
5.745884468456770477e+00 2.485889787145511565e-01 1.325211370997387283e-01 2.828028914981064457e+00
2.656265152900377569e+00 2.502335786271472795e+00 1.708336758369860542e+00 5.013518778112521446e+00
2.283186141197580454e+00 9.581553679236076704e-01 5.237623998813193182e+00 1.070105653296453546e-01
5.893676886017837901e+00 1.372409927297159715e+00 2.905420711819162727e-01 7.100046109846072095e-01
2.772992668305746644e+00 6.790738240406616333e-01 3.195798185050262585e-01 3.824742054626748988e+00
4.910051089216147524e+00 4.486682556616898410e+00 2.440919519844179764e+00 6.082393798037380783e+00
3.036351548280730395e+00 1.297193750512875443e+00 3.190143485676161239e-01 5.951519683336091937e+00
5.994517119976538327e-02 5.728144301267647620e+00 4.280063316674334040e+00 3.531919843017635063e+00
2.036340093320904820e+00 2.872212464564893875e+00 1.144642524141512574e+00 5.528645932700223753e+00
8.740635688770046485e-01 5.133898153358297911e+00 2.459148342579959845e+00 1.024730179737070451e-01
6.986693067381012368e-01 1.493675046579609589e+00 4.053446490065844898e+00 2.020616339657166360e+00
3.630462182684501826e+00 1.379691354324261487e+00 4.672308366546955583e+00 7.552079236357062131e-01
5.785153138870696488e+00 4.131203583661414491e+00 6.139299343253256325e+00 5.035030223689094697e+00
5.958909708534492644e+00 1.716955055333709623e+00 1.991854603732325923e+00 8.081614032631390110e-01
1.635333671700048619e+00 6.171562268610958135e+00 8.738257242707770933e-01 3.389537956000425734e+00
1.383423168187134511e-01 1.709694641659181613e+00 2.502409396117504681e+00 5.790765387794511554e+00
1.894321400727760230e+00 3.994419543007349471e+00 4.857425836250232720e+00 2.196069721144093378e+00
3.706528280997801961e+00 3.214807051230403445e+00 5.727382716279653785e+00 3.601238231422210667e+00
4.311805402136515752e+00 4.663259415040490019e+00 5.444431718940873743e+00 1.830800152110808598e+00
6.254890617808344544e+00 2.538402286764740001e+00 2.502346949827774836e+00 1.540557228069739049e+00
1.815128075991776058e+00 3.367371357982201996e+00 4.797443087022618791e+00 2.563556786046087499e+00
9.502814549765116470e-02 7.792026583428812714e-01 4.274738194809172498e+00 2.061722604294843109e+00
1.931150538903125824e-02 5.372641919030386681e+00 2.869780763313933392e+00 1.611358057651746334e+00
4.063328127074599672e-01 1.001934367283185301e+00 3.167217256070089970e+00 1.107790097140732011e-01
3.627003334985582583e+00 6.841999932361693126e-01 3.988798586208558650e+00 2.938613298960421005e+00
6.033701411917356872e+00 3.850111224057141346e+00 4.379720228289611383e-01 8.738472629678826209e-01
2.567675892337063281e+00 9.315685170959047134e-01 6.117779009527566814e+00 4.393878176145135761e+00
6.161173090943204977e-01 1.591149635064300627e+00 5.229649902133547634e+00 2.220378737827728877e+00
4.272039483221550249e+00 4.750928894887283427e+00 1.744013337400940555e+00 3.863630153416632407e+00
3.961731225068492179e+00 3.564170259424122911e+00 4.382615482314774269e+00 5.063926980442653658e+00
3.113550053639506099e-01 4.560631052175120326e-01 5.956663897080787251e+00 4.183620323887788928e+00
2.710952307718805798e+00 8.850742878512682932e-01 3.582994481424556898e+00 4.177594557610473380e+00
5.861949067175754813e+00 1.923722256158339583e+00 4.064654112580095457e+00 3.221862313058479366e+00
6.257952717133382414e+00 2.031214325354630201e+00 3.267196149412858186e-01 3.470449973432132573e+00
2.696670626080862609e-01 1.361830759422109072e+00 5.566395960275957400e+00 2.070777626700260610e-01
8.169297326998656850e-01 1.489004455820037265e+00 6.496351298357381232e-01 5.696487155386571466e+00
8.317787174045694343e-01 4.481351719567540748e+00 2.280147073215619269e+00 4.691388350486936254e+00
2.015683554834290181e+00 7.709595731060879809e-01 1.932487562819183990e+00 3.330757827923794157e+00
3.604400255121080310e+00 4.047650552001358371e+00 1.636480044388805455e+00 1.516480371521244486e+00
6.026154836964626504e+00 2.404477050605165811e+00 8.383637344303273009e-01 3.350450804380408876e+00
3.051735571620709520e-01 3.794718353949500522e-01 2.103460122392816878e+00 1.216397683062027779e+00
1.466177220759868616e-01 5.903702797712550243e+00 3.254676616536706035e+00 2.104191886815743595e-01
5.962429015122205911e+00 9.265373983783782297e-01 7.535020810706830607e-01 4.610799405765756198e+00
1.156538103241797844e+00 1.195467769796713764e+00 3.567903608561922901e+00 3.704201646101604961e+00
5.749613050982852691e+00 1.436437294455402469e+00 1.686703349463058776e+00 7.601820443508165992e-01
3.338325650778940279e+00 3.095329762056581391e+00 2.634238530063171879e+00 2.013814836176393452e+00
3.453722389795080172e+00 1.144989487608457202e+00 4.985665446848753568e+00 5.422144088623060298e+00
1.488938903392054591e+00 6.041823760988473069e+00 5.912841634484693465e+00 4.019403944307717857e+00
4.587492309207723551e+00 4.146590556706426511e+00 3.647992466042032866e+00 7.674774550838715514e-01
4.806727811431796837e+00 2.316110566928912817e+00 4.755275834236395660e+00 1.240070255499863050e+00
9.601187023845820789e-01 3.851905932126630794e-01 2.410940260759292908e+00 2.029886456303164610e-01
1.906043024136643949e+00 1.422100138513385570e+00 2.571991396501172922e+00 3.269145966547279514e+00
4.104296582167657803e+00 4.147217251452971709e+00 2.525624282875081672e+00 2.488089602577125969e+00
1.741418206428078097e+00 2.076841869349538960e+00 4.213988035058433557e-01 2.397632100742478123e+00
4.206532080874224810e+00 3.223432111654641385e+00 1.131402469395416777e+00 4.758061150228393710e-01
3.886066843848265506e+00 1.601874304060282972e+00 6.101107377628289113e-02 4.050349597353033460e+00
5.894463067041528781e+00 5.313424000863890662e+00 5.164990329854288298e+00 6.137784559452641453e+00
3.213901987445644259e+00 2.375619988875560473e+00 6.176875658876083364e+00 5.426178392154287211e-01
2.297791380497618885e+00 6.121639232315609469e+00 1.744679437061810834e+00 7.940255073400864783e-02
1.879600767866750122e+00 4.617634935087970405e+00 2.263646846432018744e+00 2.108907869777280286e+00
9.039097311121427891e-01 2.164401965250406512e+00 3.511070146609533982e+00 9.146492198879200286e-01
2.500878518103512693e+00 1.851216660935137037e+00 6.179770850895581091e+00 3.076321415334662746e+00
2.755936807288171586e+00 4.444860108349728556e+00 2.322827434632134036e+00 5.388044221916821641e+00
7.715324181318238272e-01 1.475131289695373438e+00 5.205721530415104326e+00 1.867524495229198944e+00
5.393697869232052966e+00 5.227577717139894276e+00 2.765226611945113877e+00 1.341808185908479389e+00
4.544773518927046396e+00 3.014713288269683655e+00 4.587587427374759663e-01 2.365922745011391215e-01
5.150538101413697500e-01 1.412545777454428775e+00 3.330986756854370068e+00 2.837388415779751760e+00
2.069766383932680309e+00 1.980323337778301607e+00 4.092214962430009706e+00 2.678144916346510751e+00
3.534764312072061099e+00 1.800783328102300684e+00 3.057131907038636687e+00 8.783194044862676630e-01
5.769142918257682773e+00 8.177130062824641832e-02 4.497536938495404896e-02 5.684213210300700148e+00
4.541182388363643518e+00 7.387483875135918421e-01 5.430155452379996639e+00 8.630045672442342441e-01
5.965495443108433271e+00 1.721385918645960578e+00 3.049714825299188803e+00 2.011611099491243060e+00
1.190606834246339174e+00 6.094141401638708544e+00 3.481146326653135059e+00 2.530669670050488484e+00
2.801412674749692577e+00 5.396088533197783477e+00 4.223307672602911289e+00 3.826900634620064245e+00
6.541621249017859352e-01 6.213932919628778251e+00 8.089057530652051797e-01 3.964339257547297435e-01
1.918617476458052362e+00 4.507667977809259874e+00 1.020604905161154596e-01 2.078491376560462900e+00
5.521697701592455765e+00 4.978028476029121130e+00 3.551524494893033790e+00 4.693577151719559915e+00
6.248092683207170595e+00 5.692342208318736496e+00 4.840849331917203985e-02 2.493451240010904790e+00
2.108433058907914215e-01 1.433096323867679933e+00 1.647239775804847095e-02 4.454500073978659991e+00
2.677384402945263808e+00 9.544524712668669419e-01 4.440255288651905552e+00 5.053315134049923607e+00
3.471024406657014616e+00 4.949043718915562273e+00 3.483355657188924148e+00 3.167073389725550747e+00
2.091349017082222872e+00 5.754045247066943425e+00 1.588792646188509794e+00 3.225878102075292020e+00
4.758329303303410640e+00 1.345521554453750435e+00 4.417627668369348282e-01 3.146516863580735901e+00
3.780640445569757979e+00 4.709952666015603917e+00 4.614757346317198028e+00 3.552297579323439702e+00
2.006738576285734599e+00 1.569832155354994319e+00 5.899944587103052029e+00 5.401774559823197208e+00
3.773827675771202372e+00 1.209868698594490644e+00 5.647488769071304482e+00 5.399628778110800553e+00
3.207278945624601807e+00 4.553085871922951000e+00 5.505769876278190367e+00 4.286935597208589854e+00
1.151450739062858331e+00 4.478836072861263062e+00 1.361567701177126333e+00 5.374093224690300374e+00
3.392077426100465143e+00 2.864590954087264496e+00 5.791910048032827163e+00 4.144992943262645113e+00
1.023026982250289652e-01 5.088423341168174296e+00 1.401746078357421821e+00 1.634424626554825011e+00
5.156713863398716846e+00 4.157041546745706917e+00 1.929358042146332997e+00 4.372739465139405368e+00
6.239052741368305455e+00 2.429105570468255149e+00 5.681450229310098798e+00 1.065959637325637255e+00
5.470010855005191797e-01 2.899466855828333411e+00 4.539185454389489394e+00 5.990239929707184885e+00
2.671658338431142532e+00 4.328873937053231202e+00 1.653653402170939479e+00 5.637792668019878661e+00
4.980285506131555628e+00 4.768814308457329787e+00 2.678795036436439236e+00 6.709786298268588522e-02
5.790012984228155801e+00 2.850840847428937952e+00 1.562541462847235607e+00 3.949039865214099443e+00
5.906305262811341272e+00 4.039542457357412353e-01 6.926173209945076792e-01 5.639398462550425428e+00
6.889456628494652901e-02 4.503387168673190111e+00 8.771178098589743621e-01 4.610511703040024223e+00
4.398307818949175996e+00 4.312844073238846221e+00 1.862210629831338338e+00 5.220778845068883456e+00
1.263295319238024739e+00 9.793357337748268554e-01 4.943342098262162310e+00 1.322383962653357781e+00
2.246086664008532630e+00 1.304894833072903215e-01 1.038556875919822042e+00 2.977184022392878937e+00
4.404621346261918369e+00 4.150953662109420961e+00 1.119609810810774375e+00 1.963334564114486813e+00
5.409178991559102201e+00 4.722772315821086586e+00 2.322940910195486097e+00 4.071682987715059987e+00
6.823800430179997045e-01 3.426385273311848945e+00 3.484213130468386765e+00 9.484537700137125604e-01
2.878876920896727420e-01 4.251269843482255339e+00 4.675517559025505143e+00 1.658743663745034791e+00
5.866501817768664750e+00 1.136631770110735129e+00 2.879384310869376851e+00 3.989879868458232171e+00
2.566451582674272203e+00 5.625915989458506461e-01 2.781222373479416698e-01 4.021718617280353847e+00
2.438632439688794395e+00 5.054881033724965000e+00 4.714038971774192177e+00 3.197173353699775955e+00
5.856398922800512885e+00 8.191835154681511577e-01 2.331448347851861502e+00 3.998645100552491893e+00
1.616745449291047132e-01 1.206158496634032851e+00 3.384855846455975037e+00 6.096635150282877724e+00
5.979305655444618672e+00 3.175688306219706991e+00 6.029092284279691683e+00 3.206599391296149903e+00
8.926252216507292170e-01 9.888925310022478321e-01 3.458121716823446157e+00 5.681670794356054266e+00
2.233827383817989176e+00 3.733163152916546323e+00 5.608768745598537997e+00 6.372990811472938055e-02
3.082299856529294058e+00 3.378266263081412646e+00 5.909261820342401883e+00 9.855182433246052476e-01
9.778225248577415707e-01 3.184245580957268285e+00 5.990432758594373297e+00 3.650196394577077452e+00
8.311778992567120383e-01 8.505825532550054247e-02 5.917627415600892782e+00 1.816119710711928958e-01
3.129880182387254628e+00 2.658195902367913588e-01 4.271908866508806746e+00 3.554730367293888360e+00
4.887462336531196883e+00 3.712544626894108912e+00 9.330889127737509448e-01 3.537851059033579215e+00
2.205282417162461508e-03 2.717071796156414809e+00 2.381897977178979442e+00 1.520083947328264851e-01
1.666395473446757425e+00 3.187187556046020109e+00 2.559868861446062294e+00 1.718722992641196434e+00
3.254700879082799148e+00 1.190998667646793185e+00 3.290495283213596966e+00 5.084098216217646460e+00
2.198589746280710688e+00 1.102643315316410133e+00 2.829169281122958957e+00 4.859672072532001508e+00
5.479674103437156774e+00 1.376504439881854669e+00 4.654949780694288997e+00 1.037218460809523179e+00
5.778524459924173406e+00 2.632378174946814031e+00 1.574629363531800663e-01 5.295591111239328797e+00
1.789327327765781961e+00 5.295066713012323234e+00 4.638296108477313773e+00 3.766219394467277937e+00
3.552039523127393572e+00 4.535380407682316761e-01 6.255227412656354957e+00 2.666611459652648453e+00
4.902863174341694830e+00 5.150234625009239231e+00 2.808790615289693982e+00 4.954285720139130156e+00
2.792709893946082822e+00 1.133531505004399011e-02 5.542857681255534352e+00 5.338479753359003155e+00
5.015044298161662972e+00 3.207477765015216420e-01 2.354308723349105126e+00 1.893726248285856784e+00
1.532960653624264369e+00 4.287353987003701405e+00 2.777026172758815026e+00 3.283067138930282347e+00
1.889038014473105376e+00 5.472752806835388562e+00 8.856436540132953672e-01 5.349843129341255832e+00
2.684825308017204648e-01 3.716367905093854063e+00 3.502711511845576275e+00 2.458927509936458033e+00
1.954947280587008562e-01 2.137280577942826554e+00 4.216572094053274711e+00 5.821260859298520440e-01
4.476241600918377195e+00 1.430715782141691594e-01 2.086947982507871835e+00 6.007048572595028446e+00
5.603628412903860045e+00 1.402334096232692895e+00 6.477561548602046859e-02 5.818865674909400099e+00
6.053097779337659468e+00 4.080222084211835742e+00 1.769600933262563291e+00 5.102895124226244583e+00
8.204895855864630105e-01 5.587175602654130380e+00 3.358150641660926805e+00 4.144692463050668074e+00
5.440909677603246841e+00 2.743867731164585599e+00 3.771562799054101855e+00 7.520713897985057406e-01
5.998061640353112622e+00 1.331917548230715731e+00 2.928681196751329541e+00 2.332682508265960131e+00
2.441063415632836353e+00 4.891652083210067836e+00 2.135384390756784878e+00 2.776278375156557843e-01
2.373844649721515765e+00 1.827211229392602387e+00 2.648138375586819748e+00 1.985677233098370298e+00
6.238830595978519966e+00 6.063877188445503386e+00 2.438660648426491662e+00 5.168369244922315531e+00
1.399232721816431768e+00 1.439643589145998437e+00 6.660800740228524086e-01 1.840060399900343757e+00
6.289242076450116681e-01 2.736550081307333571e+00 1.780144421367933161e+00 1.395265088848070434e+00
1.702250523355788525e+00 3.850976374592270712e+00 5.286856301934887092e+00 4.285260862422194172e+00
9.068242888966659976e-01 5.739958521485699627e+00 5.152051448137402456e-01 2.454767093701842207e+00
1.399252092545512305e+00 3.902219009252994031e+00 3.713689255359954533e+00 5.476025470102706016e+00
3.166034369011490934e+00 5.453404359587809225e+00 6.090485890614688813e+00 1.420981173816734944e-01
1.654244610082937494e-01 1.512003622014665316e+00 3.888462790889263054e+00 3.477791486454901104e+00
9.698115323319934644e-01 2.342662677561739404e+00 3.760724121387672980e+00 3.083656667614697255e+00
1.913576981145490019e-01 4.914483547757181547e+00 3.055811733692509247e+00 4.827285569253824349e+00
6.282593393492371447e+00 1.117640838363696210e+00 1.378972209986402353e+00 7.138517075584008276e-02
1.719129576175492335e+00 3.149657696154120057e+00 4.907748789977952053e-01 4.378662979854823334e+00
3.020476826320019459e+00 3.568877030003734241e+00 4.532704321517005752e+00 5.322763803974042141e+00
4.554320985689168211e+00 2.172155639928686488e-01 1.701555374184635649e+00 3.168911110413748511e-01
3.512106056585212688e+00 4.794992232417913947e+00 5.591668358876611400e+00 3.658895301177262915e+00
3.305908414988567134e+00 3.826947573159217963e+00 3.805178012562478784e+00 1.074986365612417893e+00
2.340143271751628173e+00 5.629272202249492985e+00 3.491874849081131771e+00 4.632783705725107559e+00
6.333491045191932400e-01 2.114023649976475294e+00 6.212500963374040452e+00 2.440134872960950219e+00
2.232103240609585093e+00 5.159113857891128418e+00 5.020628674121880408e+00 4.334025799943502122e+00
5.433595923629584767e+00 5.476861574622192030e+00 3.741841563564821449e+00 3.055578344986527917e+00
3.720082921771310058e+00 2.488198204981948436e+00 4.176002052410592746e+00 1.314173445666445561e+00
4.980411492096201265e+00 2.094678558633542131e+00 3.606380365810231137e+00 5.032422459066691722e+00
4.615319989448583848e-02 4.675305809573948146e+00 1.621541641913841758e+00 5.839588868321892612e+00
8.020812123945610939e-01 5.993635501169103375e-01 3.547811875890466649e+00 3.617667479592533653e+00
5.831682419501003523e+00 8.100197172605535512e-01 6.062002138951245733e+00 5.989170164855260658e+00
2.023334371169649426e+00 5.621430391965389184e+00 1.232603469799256724e+00 1.507256726179533990e+00
4.617162494736921641e-01 7.127421800012225805e-01 2.149836030547226606e+00 2.067714317911496735e+00
1.756879718533413071e+00 2.418336435128648709e+00 3.263032253047898124e+00 6.271943468984214620e-01
4.750289668098638174e+00 4.166686460604397624e+00 3.424384233104385000e+00 5.485913556659986590e+00
9.655192968668484532e-01 5.231353608365802543e+00 3.521005738692054798e+00 2.347630828690724647e-01
5.100587396917807936e+00 2.720134493717486279e+00 1.195937992706640252e+00 3.885366052694323447e+00
6.000654204845845996e+00 3.514212548140450920e+00 1.136808408733901654e+00 4.480654180139620912e+00
6.372690099271287323e-02 5.179367110779018901e+00 2.196413928278905470e+00 3.272061495275263021e-01
4.227098099800597808e+00 1.403100669977092319e-01 1.219106209121559647e+00 1.026596771859039192e+00
1.449357586115705310e+00 6.102118440692363421e-01 5.177238947878084474e+00 4.432176394041572598e-01
2.582307731529828176e-01 5.376145650863362047e-02 1.153071130696097235e+00 6.066315455408362922e+00
5.601879880846182047e+00 3.945495919218536152e+00 6.257221462661126665e+00 5.605730432337273861e+00
2.724921710392250507e+00 6.157778755475224131e+00 5.102623392871254993e+00 1.462741137287021598e+00
5.290353592729775123e+00 1.503566792716384048e+00 4.805290070872528574e+00 4.606288994562539152e+00
5.498879970236908221e+00 6.189591085143059779e+00 1.751471465504437219e+00 6.117155743722353378e-01
4.544528736311621131e+00 2.864644015815977163e+00 5.362580050133875176e+00 4.274246945014739119e+00
3.731186441951787197e-02 2.177529730005800079e+00 1.894704462544015477e+00 8.853918745468327689e-01
1.414619182839716549e+00 5.357279748921642160e+00 3.378616318070549074e+00 2.820701815058330286e+00
1.341615264846520272e+00 1.448980950493209185e+00 2.638357143044895992e+00 2.076159198336364309e+00
4.341861041157613066e+00 2.374153572543158841e+00 1.257773861658330716e+00 4.915994957048809511e+00
5.364910689756083428e+00 3.464779068790799332e+00 1.971741766116890116e+00 6.050578048053481872e+00
4.217829982110749221e+00 3.047163444056280923e+00 1.436141848107912899e+00 1.244047850379979669e+00
5.419592143742558710e-01 3.650538062365023873e+00 4.992701693711081745e+00 3.163825177810409173e+00
4.589643045440993108e-01 4.217556999526440364e+00 2.295401995425909281e+00 5.134368517988477265e+00
1.692827621506636016e+00 4.914685097627009114e+00 5.145637065362452134e+00 2.691353216681578342e+00
5.870956785762244223e+00 2.958626225610486937e+00 1.537623323311179568e+00 1.091907404136988724e+00
3.062701618914592139e+00 3.236274215611994798e+00 2.412457279484188089e+00 2.660107396135787727e+00
3.176636004000606306e+00 3.815355966332790061e+00 4.269091784142721169e-01 4.544940333249416042e+00
4.423878777923984096e+00 3.678410593355242675e+00 2.123330458000200482e-01 3.760915067483858287e+00
1.892473176281102676e+00 1.461317072037657150e+00 3.669482594344418480e+00 2.782826666690307427e+00
1.790802035573434869e+00 4.775093725373232623e+00 1.906803338919379032e+00 2.032643895552933344e+00
1.452807564595871570e+00 3.597513726707655124e-01 3.988918026506089731e-01 3.824748970528372372e+00
5.684552903208943242e+00 5.034048428764286598e+00 4.538156348790858274e+00 1.592610895353791634e+00
3.943258741382110522e+00 2.985666490382661298e-01 5.801838875435141318e+00 4.189989826103028392e+00
1.474526832587005787e+00 1.390410053632329390e+00 3.248821520179769884e-01 2.773570904835085837e+00
2.593443817245226324e+00 3.665248829601265967e+00 1.045820525025912939e+00 4.166158882887286197e+00
9.513177783544999322e-01 5.633075707106985242e+00 6.132097319206822661e+00 3.856550748042071763e+00
1.843355704354023183e+00 5.349530693262046555e+00 5.415797443598816763e+00 3.341949845331958713e+00
5.450813110143434281e-01 3.873659979051971014e+00 5.063562262425808314e+00 2.975420828596545775e+00
1.642973086269862826e+00 1.554149720681330615e+00 5.334678394476891405e+00 5.090520413809190181e+00
3.414604678745408517e+00 1.194163227942160788e+00 1.668536527185401352e+00 7.332817863337774689e-02
4.960337708668129508e+00 6.191911588248783183e+00 9.912323189649256960e-01 5.787426506987819685e+00
3.837121976207970242e+00 6.210881158370560762e+00 4.798974438346024662e+00 1.806473986756293781e+00
2.277855441276440907e+00 2.847773454439551877e+00 3.057418357044317414e+00 8.251007358100481692e-01
2.459074448508149047e+00 6.211103468021238250e+00 1.788538885537013234e+00 5.336324739792154048e+00
9.076482270546027964e-01 5.411697469314641573e+00 4.048272856700494415e+00 3.126460558937136369e-01
4.909727177302978696e+00 5.434578631408414573e+00 4.702057627361943659e+00 1.874741627215016360e-01
6.299556658264414688e-01 2.904139155860117949e+00 2.958578028812197669e+00 8.649959177829935619e-01
4.675711474336593731e+00 6.036966274788291287e-02 5.325503029373438224e+00 1.773710004217326608e+00
5.873070418240982526e+00 1.951218459913373504e+00 5.577849532468847293e+00 1.211982786218793962e+00
4.481103367982207430e+00 4.810437443964707960e+00 4.022555690595381317e-01 1.821834805546128644e-01
1.079186754422346795e+00 1.320467818085338640e+00 6.844919168930790887e-01 2.564820781039303110e+00
1.137097138892915860e+00 3.495418410576357271e+00 6.197617495598793269e+00 3.059392504327063111e+00
2.084833811951748217e+00 5.823945397793889533e+00 2.311491730308036896e+00 5.428100070875207628e+00
1.835367825433948497e+00 4.449713847486095553e+00 6.061587288556004260e+00 2.719204175385710354e+00
1.774706252114499172e+00 5.012982759724205373e+00 3.999824007372388968e-01 5.737539242469958722e+00
1.371290678116485751e-01 2.409686122709690625e+00 5.996724790401466443e+00 3.089946761701755307e+00
5.321968970919986219e+00 5.140215666490476565e+00 3.991630559748325702e+00 3.612969876219206178e+00
1.378429820666480010e+00 2.029138203343433755e+00 1.658296637572403975e-01 1.731746472627837097e+00
3.874339348888903967e+00 4.297344845325592466e+00 5.946550050038290181e+00 9.679120179473550412e-01
4.481085443950964198e+00 4.531280725008549837e+00 5.352450158397250579e-01 4.986423381865769500e+00
3.451168502099745350e+00 6.134503719783159781e+00 4.194422252734448797e+00 2.136719884093118527e+00
4.447087514104649308e+00 5.209476946838477396e+00 4.516187108743605627e+00 5.803773189848120850e+00
4.648671201469253056e+00 3.839182684255719735e+00 3.380520598460495574e+00 2.951788355699986433e+00
2.678165169849371363e+00 6.116045434496345301e+00 2.794970614303595724e-01 3.324577144130434814e+00
2.016249327893375298e+00 4.665142890790306751e+00 2.454151367020827923e+00 1.240368517479577104e+00
5.254202228014467124e+00 1.989314506195233312e+00 6.141944295400603160e+00 1.402413919964815348e+00
1.923985585193450198e+00 4.960849489785657873e+00 4.291615186165949503e+00 2.188873200052851686e+00
4.273816158664776488e+00 5.103961177251166603e+00 2.265041833776856584e-01 3.608893544257013364e+00
6.090436565970393623e+00 3.202323307832782184e+00 6.385969803662928657e-01 2.130627083819279566e+00
3.157119346461269238e+00 2.944212012292575675e+00 2.621986711857412722e+00 2.034602890758289373e+00
4.040040948585717828e+00 2.663587635028447309e+00 2.316988972959383997e+00 4.211804701999942502e+00
2.722459218144702930e+00 4.077777585049641829e+00 4.822898673064728747e+00 3.950221861833352222e+00
5.597206368340316374e+00 3.797005804651635064e+00 3.685196353756937881e+00 3.967665954848985876e+00
4.237079016476845261e+00 3.937351467800588090e+00 5.276743033571364094e+00 3.671694021972271127e+00
2.210492782428843117e-01 4.098606249033037940e+00 1.597659134756060695e+00 7.794446352751039919e-01
3.173437094124959224e+00 4.700467775359921774e+00 3.151199136590021599e+00 2.752215249792495211e+00
5.085806448547770309e+00 5.266159915992669305e+00 4.749929322637416185e-01 7.653998886571465876e-01
1.834952210752407220e+00 5.759920280006859628e+00 4.489553699074559923e+00 4.665751426892722264e+00
3.640687854888544184e+00 2.283994143124740805e+00 5.873998819929884263e+00 1.267120897343138264e+00
3.171473349178440593e+00 1.155391092978044432e+00 1.314463394670193352e-01 2.252371400260060330e+00
3.600292544569847930e+00 1.554334364742475383e-01 2.840929969237337538e+00 8.124063702955297561e-02
8.833359521871158027e-01 1.615869412820425399e+00 4.605999906939210575e+00 5.384202963180256596e+00
2.209831402027341962e+00 1.234753084028006986e+00 5.196454005216891048e+00 3.677225791856685522e+00
1.448795536514704940e+00 3.621152246952807352e-01 6.072101113485526724e+00 8.148258659652766189e-01
1.513041714974484586e+00 5.480822089140914066e+00 3.694084984208872324e+00 4.582238593698251261e-02
5.975691537730315694e+00 5.302456512095482521e-01 4.852595683141053939e+00 2.442690194384330216e+00
5.085823297832757994e+00 1.168773983792914528e+00 1.775737705325173721e+00 1.616112182666079367e+00
7.439988118463410904e-01 4.837080875300720173e+00 5.932634585380263559e+00 5.886468292502069488e+00
2.013142983706669220e+00 2.455376173355465319e+00 3.812131576408400502e+00 9.185960155930585902e-01
2.513026108987341356e+00 5.906852863943184984e-01 2.261088173354055542e+00 3.355722191525263742e+00
2.553607082975439813e+00 4.441970339020378411e+00 4.021289160598063184e+00 3.165270115633236347e+00
5.876126907344048078e+00 8.833545451451689789e-01 3.221467302467732607e-01 3.680626174604649137e+00
2.583903001762609897e+00 7.102739488245007893e-01 4.349768594615500916e+00 5.085876848291525087e-01
4.381063472632651390e+00 5.241123579142152877e+00 5.726524867685958142e+00 6.106893938047575965e+00
5.308806343658621640e-02 7.819293741092783190e-01 6.132179341105507220e+00 1.147998924644110463e+00
5.767324603739196753e+00 2.512131192102262212e+00 1.249243484964066564e+00 5.011636276696291858e+00
2.051939811937474989e+00 4.275683944600602970e+00 3.934409234879279627e+00 1.505706457738206439e+00
4.295493702123660995e+00 6.040680755896027598e+00 3.075518500319216031e+00 1.559274294071657074e+00
5.422670838485087685e+00 4.776564723684481706e+00 5.867014853119989937e+00 4.009727990759707872e+00
5.391899391056730551e+00 3.389954720120960996e+00 9.388025002274592579e-01 1.217412919777853597e+00
1.111118892679893166e+00 4.499682965401770041e+00 3.334433187680173827e+00 2.250701288169146608e+00
5.716872705815157829e+00 1.525292979946685890e+00 2.927048750500098162e+00 1.150620223761061600e-01
2.832857996140722534e+00 1.122259458102669694e+00 2.549822851446011729e+00 5.375437059995852529e+00
9.997813791018902441e-01 2.582227329344726208e+00 7.589290229619627404e-01 1.354849738854326135e+00
4.679723919342555050e+00 2.262238211878885519e+00 5.207335780209629839e+00 6.072694401286903521e+00
1.416221922908901698e+00 1.215677729380000072e+00 3.297417386583080479e+00 5.145740984488964997e+00
5.367322809079767554e-01 5.903189505487993927e+00 3.979090716466197275e+00 2.091144737585782121e+00
1.563308849222888153e+00 4.347548974877689432e+00 5.137353962035661858e+00 5.857278505438469729e+00
4.615677470839766872e-01 3.623229552009095134e+00 1.011328111893264214e+00 5.131919333870674116e+00
2.971206945936102795e+00 2.551438178017130909e+00 2.842743529532140379e+00 4.963126033655371194e-01
5.527744881315625136e+00 4.298395076012740290e+00 2.759181057434483719e+00 3.564174716040136914e+00
5.962036359843449596e+00 4.609764052585530791e+00 2.864727854277135943e+00 5.321575242170226261e+00
2.645275279574923921e+00 5.741062517063445725e+00 1.342174463118628536e+00 4.226311711633009338e+00
1.962683670226861299e+00 9.319374460925751169e-01 1.913948191362169204e+00 3.229753028888982858e+00
4.571656310096284592e+00 4.345917905067708115e-02 3.290260766484259580e+00 2.613580260030049729e+00
4.463190951051243083e+00 4.384394017034796143e+00 4.437362617787056429e+00 1.265617553569353015e+00
3.327038988004393794e+00 5.490246173366329918e-01 3.054080715472835550e+00 1.129923845625659534e-01
3.816191825882572886e+00 1.228286061185751343e+00 5.685493969337852782e+00 1.671280622064449828e+00
9.781066975287182608e-01 3.238317237029086360e-01 2.208821762918396825e+00 1.497698944875241356e+00
2.866686552771741781e+00 9.193435158769193427e-02 4.211697683085185773e+00 7.486117819438417031e-01
2.437618301854785618e-01 2.091513856511043823e+00 5.446043573498533519e+00 5.470824267592139911e+00
3.307158394667597534e+00 4.268901458723940223e+00 5.613049433961696089e+00 4.454846600437961435e+00
1.857536339956945115e+00 3.261189551345007320e+00 6.155531742356864733e+00 2.235247667452704867e+00
6.160380886218910224e-01 5.663926350739786564e+00 3.540209213009886113e+00 3.252102584376684313e-01
5.419340673010936804e+00 5.042252606882047239e+00 5.580372713084664760e+00 5.404065228995079018e+00
2.480397663403110381e-02 3.883526624835903718e+00 4.176579377367458434e+00 5.718889893814728786e+00
1.326703247934107655e+00 1.529496477585340630e-01 1.078463861745956764e+00 4.173046632332550132e+00
6.195836578880367540e+00 5.760542992782268001e+00 2.721714953454475339e+00 3.946555457712372039e+00
1.036512856618322376e+00 5.603005751086291397e+00 4.340140821787951353e+00 5.378466345306579299e+00
6.064345772135625090e+00 2.743895523071399278e+00 3.640539642006701548e-01 1.234241430346826041e-01
4.425086151794825895e+00 2.960743816082197721e+00 5.734850733248291199e+00 1.082109203943469211e+00
4.960708974584742137e+00 3.880530637356328860e+00 3.185907532649643326e+00 4.718427861495699815e+00
5.639893876514686433e+00 3.976824497525772162e-01 3.054053052473074126e-01 3.197190801562743712e+00
6.219193714566897402e-01 4.074211114591835603e+00 1.535114495287649872e+00 2.325051373876773742e+00
2.142121136233262391e+00 4.105878337823591018e+00 5.431249633933746601e+00 6.222987131833605190e+00
4.022506520230167304e+00 3.435116875757180832e+00 3.386759966673599909e+00 1.240380577791537764e+00
2.804785442818832131e+00 5.760569277913917263e-01 6.030839038302299393e+00 4.477838406549563111e+00
2.866703144822143390e+00 1.633378530345120483e+00 5.750823738051617617e+00 1.832622048366292722e+00
3.899672842412660767e+00 5.414877594071183964e+00 4.620699905391054685e+00 1.923773175850402417e+00
6.159840760774450530e+00 4.913049475180686798e+00 4.648443254461885665e+00 3.793649306989920866e+00
5.843665509806753811e+00 2.632217607774057555e+00 2.632260077078167892e+00 1.939346123466206828e+00
2.546767838599992007e-01 5.213403719007390080e+00 6.082019282047051334e+00 3.147180459279575349e+00
3.390738473793499352e+00 2.950526482224547387e+00 2.756939010117471334e+00 6.753432221894887233e-01
1.176776711543960685e+00 5.934159223398361327e+00 2.624114123461888770e+00 6.556028864031036019e-01
1.045438167457438894e+00 5.454805352466663315e+00 5.012362007543138098e+00 4.031631346451039377e+00
2.460628849931002282e+00 5.466936871139520093e+00 5.046441685061708871e-01 6.244977388500665860e+00
1.578087033462559408e+00 5.851426940254091935e-01 4.815510113762420552e+00 5.804860994200273794e+00
2.518007530728919807e+00 6.003793689647880072e+00 1.246222126271111286e+00 3.311195041639641179e+00
3.415809670521744223e+00 1.258138703663042035e+00 2.717452975747822741e+00 1.752811611299057493e+00
5.235664986755599770e+00 4.727365280110563006e+00 1.351972521758719070e+00 6.495076132164386840e-01
2.734154285926049699e+00 3.672604534558360001e+00 5.131876115009893269e+00 3.548335939611800161e+00
4.758280819350218849e+00 1.636957992879030099e+00 5.670748070671494112e+00 1.213778786298601364e+00
8.971883199058527936e-01 2.260343028722015646e+00 6.122029456222472632e+00 2.276039001619126090e+00
3.481484906354195719e+00 7.185653287009311496e-01 1.501073427263096116e+00 3.053255815976580134e+00
5.458692804753022543e+00 3.563110917739813921e+00 3.447898748205518782e+00 6.246746772673336778e+00
5.946851254110339546e+00 5.848290633787875059e+00 6.073950434681100852e+00 5.226089046860082021e+00
4.976965949595382632e+00 2.462920624184071094e+00 6.077113891283214997e+00 6.022758652659651268e+00
2.411241213552378859e+00 5.187364702103994141e+00 2.436058115373515298e-01 5.575037212905407102e+00
2.094480547017377070e+00 1.050808817960485309e+00 6.798119841867963364e-01 2.308016706121490014e+00
2.678700731506165056e-01 3.985416469181600529e+00 3.473784836244247387e+00 1.331673436466503713e+00
6.095734079808969419e+00 6.266151170379292701e+00 3.819180716952765398e+00 5.145557620012827904e+00
3.909063742434312427e+00 5.926725509482826393e-01 1.777386456794682879e+00 4.202595840157964391e-01
2.084138862905793754e+00 2.444865142825506155e+00 5.700621316491941037e+00 3.802627489837716590e-01
6.048364342230084567e+00 5.813087317327354064e+00 4.464155189192750228e+00 3.685697650902031608e+00
5.561556126363919716e+00 3.239446871829892771e+00 2.461446903795931895e+00 5.267155261432501234e+00
1.960873047299560801e+00 4.267054322503818220e+00 5.036407703957031856e+00 3.020048833335601923e+00
5.362180193927348348e+00 4.016550889620036813e+00 3.530189435072240922e+00 1.075864221937459009e+00
6.580555704549895940e-03 3.163041376083338130e-01 2.490410722305823388e+00 4.968863751712465415e+00
5.841925589161824028e+00 3.526850160065079898e+00 4.563976482331146833e+00 1.992519181375894677e+00
2.790316247479068146e+00 6.180262569699276121e+00 1.954411115283129385e+00 6.707449178854310023e-01
5.851236559635820456e+00 3.666630386002997177e+00 4.925347585313444299e+00 6.996095059350737611e-01
1.057694830330315749e-01 2.889596566681540857e+00 5.613798525013878660e+00 6.280390418816725884e+00
4.663166545227846349e+00 4.617519592382774984e-01 2.628392049056851310e+00 2.625747827871663387e-02
4.705653336838919287e+00 5.637309406587426963e+00 8.411269932842617703e-01 2.330443556731369714e+00
5.754357743788773405e+00 1.087769330093059761e+00 4.865177761267784895e+00 2.682983561440147824e+00
8.476996662682436678e-01 1.635713631418042713e+00 8.076116808938769154e-01 2.190024135986026188e+00
3.900723827040011304e-01 2.074799354661901685e+00 3.191899645696442800e+00 3.858232917555205699e+00
2.388235788384908354e+00 4.334512168611312610e+00 5.210120695203383612e+00 5.101526394463044234e+00
6.793208069087280920e-01 2.989710730370279901e+00 2.566022077772104559e+00 1.143802907864494456e+00
5.281930484890402511e+00 1.291563277429557788e+00 6.023794704738665295e+00 4.363771338960964030e+00
4.581569729503615740e+00 2.744078292024170196e+00 6.192887599374493846e+00 8.302869590672040667e-01
1.608886372254198838e+00 2.083499047580335439e+00 3.782186418134183992e+00 1.689718871510818454e+00
4.558082773518463249e+00 1.405556042327937183e+00 1.127723458658546507e+00 5.776829846860304762e+00
2.866127876553444587e+00 6.883051187183323316e-01 3.490384996653038030e+00 4.085111276176075279e+00
6.160149352064758332e+00 3.028911973363467514e+00 1.296419499513403073e+00 1.383293697408187528e+00
3.349266440150131974e+00 2.479837485059696034e-01 2.963625100463148865e+00 5.474676905843042229e-01
4.275190306943432716e+00 4.057065419805980788e+00 8.402890996482305086e-01 1.403850789360788553e+00
2.993277382001805709e+00 3.500491440543484156e+00 4.832709170604334581e+00 4.048295389240747610e+00
6.635007956720349043e-01 5.286885932622833906e+00 5.483807973006249448e+00 6.271611715154419286e-01
1.924685734865794418e+00 4.377961266019299025e+00 5.091531594503647007e+00 5.643448817066559542e+00
3.305898995214981095e+00 1.155446991651989164e+00 4.246347585488634557e+00 2.433836375467808733e+00
4.405869824416081215e+00 4.093924546789790675e+00 3.967632718764960487e+00 4.834081410843437121e-01
2.997468484893226925e+00 6.110044494225162381e+00 1.633717107153709991e+00 4.628797744636343303e+00
3.813293176255597938e+00 4.381704577741412976e+00 2.592432262750854477e+00 2.205080154551431360e+00
5.448702480525520642e+00 5.672948275903536342e+00 1.679570016443535652e+00 2.956932908495340406e+00
4.776992214459646391e+00 1.435187534473177040e+00 3.211593928046851509e+00 2.024054955696108049e+00
1.746300394131504952e+00 1.485721646944147878e+00 5.709973072602545940e+00 1.953327769231280708e+00
3.483873881753959623e+00 3.177865206166595513e+00 4.023285128841219915e+00 2.670884780429507277e+00
5.949242443420937221e+00 1.367742196496932516e+00 6.262012808282070964e+00 7.522994225216540487e-01
9.889960456530126898e-01 1.415335411573783286e+00 3.267671029556466156e+00 4.145629685357076433e+00
2.203948353130812110e-01 4.217817235019888145e+00 6.661478629183456013e-01 5.354469461224803162e+00
3.320837524571941535e-02 3.773412659572715988e+00 2.757987012531951887e+00 5.907104818482663333e+00
1.867572046018736165e+00 3.026689103870909836e+00 5.014433299039148473e+00 3.145311969923648032e+00
2.559945891603445212e+00 4.328580976457224949e+00 3.689192075437545348e+00 4.157823899822483682e+00
7.083488505072539354e-01 2.843460886257268783e+00 5.305318017067916614e+00 3.506975461738342403e+00
4.431972238398674158e+00 3.683558246018462157e+00 2.364152353991133992e+00 1.594708824934731650e+00
1.721433658769787156e+00 2.677484860287598911e-01 6.018789675210975076e+00 5.504435256886089256e+00
1.902096768533770632e+00 5.414984112520046189e+00 2.136895820457354045e-01 4.615817934364682351e+00
4.187443088631424004e+00 2.372198725732229896e+00 2.709857699571618372e+00 8.214091219679744427e-01
9.764341041713798797e-01 5.834076614864677879e+00 1.448925043015321545e+00 4.722489688180799838e+00
