-1.619540823101996807e+01
-1.618640795052051118e+01
-1.619431355297566100e+01
-1.618676481992006089e+01
-1.619534483253956125e+01
-1.619483805596829384e+01
-1.618802390694618509e+01
-1.619559450149535351e+01
-1.618656328171491765e+01
-1.618610936999320415e+01
-1.619331068098545146e+01
-1.619361928999423128e+01
-1.619488556087016207e+01
-1.619140018373726875e+01
-1.619327129572629786e+01
-1.619167282283305553e+01
-1.619426006972790688e+01
-2.215642001479863676e+00
-1.619546951949596902e+01
-1.619455026984215706e+01
-2.212114618346094908e+00
-1.619620211720467040e+01
-1.619637000858783438e+01
-1.619161848425865102e+01
-1.619503671526909372e+01
-1.619551101028919504e+01
-1.618832422196865295e+01
-1.618897292762995122e+01
-1.619633733630180217e+01
-1.619511167109011751e+01
-1.619490501582622244e+01
-1.618969755917787978e+01
-1.619472112357616922e+01
-1.619363142549991252e+01
-1.618524806052446507e+01
-1.618781482428312657e+01
-2.897878045774996636e+00
-1.619584973752498058e+01
-1.619549477994442910e+01
-2.897920479997993404e+00
-1.619612212777137827e+01
-1.618707031309604361e+01
-1.619401542693377039e+01
-1.619177151620387534e+01
-1.618363500684499456e+01
-1.619479776322841147e+01
-1.619604680538177988e+01
-1.619564812779426077e+01
-1.618880885243416756e+01
-1.619337966889142777e+01
-1.619542950689793415e+01
-1.619560485780237968e+01
-1.619611272811889435e+01
-1.618586680144071721e+01
-1.619557619392872638e+01
-1.618540823459624889e+01
-1.618775812983513163e+01
-1.619571814239025542e+01
-1.619521742761135386e+01
-1.618863784223795221e+01
-1.618606535047292638e+01
-1.618743435591458990e+01
-1.618923152387142039e+01
-1.619644019901752685e+01
-1.619544867277144462e+01
-1.619606626927852844e+01
-1.619348968565464375e+01
-1.619324651062488485e+01
-1.619601371288300129e+01
-1.619482496976852914e+01
-1.619471930563450002e+01
-1.619402568936348175e+01
-1.618735757321119451e+01
-1.619542044401169889e+01
-1.619414572417736409e+01
-1.619522506594657330e+01
-1.619094628989695650e+01
-1.619472849369049072e+01
-1.619586308896541027e+01
-1.619509749114513752e+01
-1.619615136682987355e+01
-1.619609871208668039e+01
-1.619565819799899486e+01
-1.619573065340519236e+01
-1.619640716910361178e+01
-1.619371221065521382e+01
-1.619449732303619527e+01
-1.619607174992561127e+01
-1.619553819000721262e+01
-1.619493081569671489e+01
-1.619116545617581338e+01
-1.619559878408909981e+01
-1.619024933129548316e+01
-1.619477804005146027e+01
-1.619560909271240590e+01
-1.619618979990482899e+01
-1.619626296460627657e+01
-1.619598972797393088e+01
-1.619512982964515402e+01
-1.619586963355542508e+01
-1.618832705765962743e+01
-2.897914423793554128e+00
-1.619249886572360353e+01
-1.619306182116269710e+01
-1.618910501599312113e+01
-1.619551573097706054e+01
-1.618615220934152177e+01
-1.619544810652732636e+01
-1.619099128544331023e+01
-1.619317059814929038e+01
-1.618674382567405701e+01
-1.619607726335524589e+01
-1.618687528520822028e+01
-1.619537531137466857e+01
-2.897908386401832015e+00
-1.619435943663119915e+01
-1.619095140993595905e+01
-1.619361721277237365e+01
-1.618687357008457894e+01
-1.619499313831330056e+01
-1.619558916687965677e+01
-1.618695328831672597e+01
-1.619135462194680741e+01
-1.619404416978359862e+01
-1.619437600374221020e+01
-1.619614306390285563e+01
-1.619404350221156008e+01
-1.619473515152932208e+01
-1.618623792380095239e+01
-1.619383303821086884e+01
-1.619398330748080994e+01
-1.619465292096137432e+01
-1.619058026820420793e+01
-1.619437200427055501e+01
-1.618962507396935990e+01
-1.618679685443639826e+01
-1.619237763285636333e+01
-1.618831091523170684e+01
-1.619529741704463888e+01
-2.897900051437318325e+00
-1.619473787248134400e+01
-1.618818549215793112e+01
-1.618488747477532641e+01
-1.619564191699027234e+01
-1.619525879323482798e+01
-1.619361461699008586e+01
-1.619234280735253861e+01
-1.619545020461081819e+01
-1.619627523720264506e+01
-4.133279937040061469e+00
-1.619483440220356130e+01
-1.619468136429787464e+01
-1.619227071702480458e+01
-1.619043486118316011e+01
-1.619450904130935243e+01
-1.619472279846668883e+01
-1.619211342632770112e+01
-1.618533038645982458e+01
-1.619600813984871124e+01
-1.619536859989166899e+01
-1.619538649022579335e+01
-1.618444344997405437e+01
-2.897909970488399711e+00
-1.619445640444754986e+01
-1.619504317045212716e+01
-2.897893720120191752e+00
-1.619242052584886338e+01
-4.133244454488157693e+00
-1.619366633296013447e+01
-1.619550726115703654e+01
-1.619611416161059836e+01
-1.619613776803016947e+01
-1.619189429730176855e+01
-1.619527179002762907e+01
-1.619520643651485159e+01
-1.618631728738546371e+01
-1.619529477357864167e+01
-1.619418798685072858e+01
-1.619385789036750722e+01
-1.619556209743022279e+01
-1.619130428731440929e+01
-1.619433010220527080e+01
-1.619585400223732208e+01
-1.618989445418119288e+01
-1.619402914345264932e+01
-1.619599297344684530e+01
-1.618923607915639096e+01
-1.618631721884011654e+01
-1.619540149867535916e+01
-1.619480955302715586e+01
-1.618905362337827825e+01
-1.619592922031879922e+01
-1.619261784851551056e+01
-1.619556144475936676e+01
-4.133256071992216896e+00
-1.619094579070806716e+01
-1.619418691396712617e+01
-1.619585304260253622e+01
-1.619627728462219096e+01
-1.618643915355205820e+01
-1.618981267511844990e+01
-4.133280135411770750e+00
-1.619458096325397989e+01
-1.619493488967419736e+01
-1.619621960818767192e+01
-1.619502580761909272e+01
-1.618951444476843449e+01
-1.619583830237387900e+01
-1.619553073942660859e+01
-1.619455301165580252e+01
-1.619577215909958312e+01
-1.619447592496872090e+01
-1.619600704014302295e+01
-2.897910852264612647e+00
-1.619413338601589913e+01
-1.619342937171459695e+01
-2.897859490010886052e+00
-1.619582316577435677e+01
-2.215588722750544637e+00
-1.618837268054485179e+01
-1.619285396933556598e+01
-1.619444411844014553e+01
-1.619589711427687817e+01
-1.619152691662311128e+01
-4.133229646552353032e+00
-1.618673813343048096e+01
-1.618651350289582780e+01
-1.619503432810307331e+01
-1.619539781510830068e+01
-1.618526239693164825e+01
-1.619507873952389687e+01
-1.619424754381179099e+01
-1.618956890106201030e+01
-1.619591864049434093e+01
-1.619582873582840321e+01
-1.619546869099140096e+01
-1.618721657991408946e+01
-1.619607489705085612e+01
-1.619479899406433532e+01
-1.619358219802379750e+01
-1.618797654211521220e+01
-1.618808290362359159e+01
-1.619599255323409182e+01
-1.619469791650772805e+01
-1.619196134507657092e+01
-1.619635829329489596e+01
-1.619578506052494760e+01
-1.618563575595617010e+01
-1.619253644943237092e+01
-1.618319706469774744e+01
-1.619544001817702750e+01
-1.619603179991245412e+01
-1.618979800194501806e+01
-1.619347506761550193e+01
-1.619482315480709644e+01
-1.618905907571315694e+01
-1.619597674608230875e+01
-2.215622011944651248e+00
-1.619120590984820751e+01
-1.619609305858611492e+01
-1.619511385560036132e+01
-1.619548933207988028e+01
-1.619524782001971275e+01
-1.619346235692501779e+01
-1.618691875338554453e+01
-1.618796251714228873e+01
-1.619367769360541942e+01
-1.619243662357329683e+01
-1.619430564939975881e+01
-1.619551644921302014e+01
-1.619503604173659639e+01
-1.619563306272030800e+01
-1.618735095858574269e+01
-1.619387964308261374e+01
-1.619222248494624594e+01
-1.619438455998896842e+01
-1.618926436007022573e+01
-1.619244437813759063e+01
-1.619054964929819462e+01
-1.618940283656120016e+01
-1.619458646476268981e+01
-1.619631833732128712e+01
-1.619631743133067658e+01
-1.619612855315207867e+01
-1.619636793434619193e+01
-1.619352554082870199e+01
-1.619059948921203684e+01
-1.618785287588835331e+01
-1.619472493827343129e+01
-1.619599063098430136e+01
-1.618694573491812250e+01
-1.619580479264260475e+01
-1.619443916678427442e+01
-1.618952735811472365e+01
-4.848904187791049369e-01
-1.619625281095504477e+01
-1.618948660045862553e+01
-1.619614936113356762e+01
-1.619277528077363826e+01
-1.618616506010294387e+01
-1.619594661295414184e+01
-1.619352041184901836e+01
-1.619614019989966636e+01
-1.619562238752840955e+01
-1.619472870528698394e+01
-1.618636977076530670e+01
-1.618860506415366984e+01
-1.619605219364166615e+01
-1.619462268650531556e+01
-2.897901013959198746e+00
-1.619443825185298280e+01
-1.619484371244908161e+01
-1.618999916315079801e+01
-1.619424965381621462e+01
-1.619498637914657380e+01
-1.619639103710650474e+01
-1.618991162925957994e+01
-1.619570922553539916e+01
-1.619170574843882804e+01
-1.619567652940749625e+01
-1.619537920057773661e+01
-1.619521819949150654e+01
-1.619593200683594603e+01
-1.619502553045749593e+01
-1.619445541203022643e+01
-1.619391284883021953e+01
-1.619217994213103395e+01
-1.618882109820842885e+01
-1.619490539431571463e+01
-1.619489664435386089e+01
-1.619419546127319265e+01
-1.619498055279255766e+01
-1.618887639790774102e+01
-1.619567232429980663e+01
-1.619446903467179411e+01
-4.133298649732024543e+00
-1.619266508817673156e+01
-1.619505871832371469e+01
-1.619607950747013092e+01
-1.619615244269371601e+01
-1.619641970396042652e+01
-1.619611081480980275e+01
-1.618578673601150442e+01
-1.619437768459319571e+01
-1.619597208797931742e+01
-1.619380569756030752e+01
-1.619553921818733500e+01
-1.619426930844784351e+01
-1.619067880362272405e+01
-4.133284587413073474e+00
-1.619307923913002512e+01
-1.619132241308689402e+01
-1.619500277638436003e+01
-1.619314791858196045e+01
-1.618660793453454261e+01
-1.619562432467937541e+01
-1.619023524224758148e+01
-1.619073983579874110e+01
-1.619581753909588073e+01
-1.619613886773586486e+01
-1.619549690783023976e+01
-1.619562250375748391e+01
-1.619612517058850187e+01
-1.619292754828929048e+01
-1.619559698700905059e+01
-1.619535272419452454e+01
-1.619362488090991192e+01
-1.619567427933216663e+01
-1.619618128240108845e+01
-1.619287150204182169e+01
-1.619596752524376626e+01
-1.619579088389873789e+01
-1.619620225429535409e+01
-1.619562410712242340e+01
-4.133306623157112725e+00
-1.618575866520404460e+01
-1.618938193917275115e+01
-1.619528218507766582e+01
-1.619588740468024568e+01
-1.619279924929142922e+01
-1.619635795652866861e+01
-1.619489259719848562e+01
-1.619496799707411938e+01
-1.618633152544497733e+01
-1.619517333209515186e+01
-2.897911346051841530e+00
-1.618482961356639649e+01
-1.618748734891413932e+01
-1.619540995061398192e+01
-1.619372131228446676e+01
-1.618727588355540803e+01
-1.618828220516443395e+01
-1.619526351988315938e+01
-1.619568364322184806e+01
-5.630478861276060343e-01
-1.619097429215908690e+01
-1.619623004496098417e+01
-1.618998288214206482e+01
-1.619626050889491609e+01
-1.619613703787326386e+01
-1.619580086767674487e+01
-1.618878800123929906e+01
-1.619196825921535066e+01
-1.619628532230854745e+01
-1.619205109179019786e+01
-1.618690296858548550e+01
-1.619049047827721211e+01
-1.619549556076526997e+01
-1.619077859073877335e+01
-1.619627957642077831e+01
-1.618612255603075667e+01
-1.619597237706184245e+01
-1.619610247015951998e+01
-1.619584479331970783e+01
-1.619207125008106729e+01
-1.619462179839610272e+01
-1.619584138393401318e+01
-1.619603525102138164e+01
-1.618651369810104867e+01
-1.619448995590209961e+01
-5.626733238808809823e-01
-1.619561766982078055e+01
-1.618441484421492049e+01
-1.619595145285130400e+01
-1.619026845991610841e+01
-1.619600893259048391e+01
-1.619095770865678574e+01
-2.897899876255543017e+00
-1.619469531178474142e+01
-1.619548965692519715e+01
-1.619416768252850147e+01
-1.618818893432617045e+01
-2.215635215491056353e+00
-1.619365247786044293e+01
-1.619343700706958344e+01
-1.619558794200420948e+01
-1.619565744400024343e+01
-1.619473223686217622e+01
-1.618951972573995945e+01
-1.619539434313773540e+01
-1.619110133945941854e+01
-1.619477539956568890e+01
-2.215606509149075087e+00
-1.619150525331496482e+01
-1.619504956007003571e+01
-1.619308034926652695e+01
-1.619577899575234170e+01
-2.215368975326418965e+00
-4.133268563449382427e+00
-1.619395898580552284e+01
-1.618614163398742178e+01
-1.619511191844939901e+01
-1.619412814378738119e+01
-1.619424042701720268e+01
-1.619578305780888883e+01
-1.619439764022827788e+01
-1.619503746032714275e+01
-1.619624664187431407e+01
-1.618548192530870367e+01
-2.215626494958997217e+00
-1.619622721374034313e+01
-1.619489542245865366e+01
-2.897879984602331760e+00
-1.619401021003722363e+01
-1.619600302875042175e+01
-1.619299865961074048e+01
-1.619588849544524578e+01
-1.619536933004857104e+01
-1.619266747236252613e+01
-1.618585940152407687e+01
-1.618685291558503891e+01
-1.618915625065565322e+01
-1.619528678059577942e+01
-2.215611467882989682e+00
-1.619327754080294923e+01
-1.618799898922443248e+01
-1.618690549582242610e+01
-1.619325638711451631e+01
-1.619477257132529147e+01
-1.619553357362747903e+01
-1.619575525522231629e+01
-1.619625780284405181e+01
-1.618632284253835962e+01
-1.619623784124851440e+01
-1.619606712460517173e+01
-1.618750682026147203e+01
-1.619511718749999574e+01
-1.619372397363186167e+01
-1.619490201473235658e+01
-1.619591170549393055e+01
-1.619272581338881878e+01
-1.619526655375957702e+01
-1.619613803327083801e+01
-1.618410079032183191e+01
-1.619351658225059509e+01
-1.619521258175373646e+01
-4.133299372065811994e+00
-1.619159323573112630e+01
-1.619595236480236622e+01
-1.619313679635524750e+01
-1.619635468423366476e+01
-1.618479606509208679e+01
-1.619577134549617980e+01
-1.619562994837760428e+01
-1.619606539607047679e+01
-1.619633879065514392e+01
-1.619525628983973675e+01
-1.619135197103022605e+01
-1.619241818487643414e+01
-1.619073081761598942e+01
-1.618688410818576884e+01
-1.619167024195195026e+01
-1.619634535610674675e+01
-1.619250604212284372e+01
-1.618732005208730484e+01
-1.619543499052524993e+01
-1.619321790635585501e+01
-1.619055603742599558e+01
-1.619628699421882700e+01
-1.618635530173778747e+01
-1.619468736946582865e+01
-1.619440168142319436e+01
-1.619089077115058828e+01
-1.619483920335770577e+01
-1.618683942854404734e+01
-1.619002705812454224e+01
-1.619325604438781241e+01
-1.619425075650215362e+01
-1.619612953066825156e+01
-1.619273942112922526e+01
-1.619593029022216157e+01
-2.897910990379749752e+00
-1.619635665416717529e+01
-1.619561979174613597e+01
-1.619486525356768780e+01
-1.619603598117828369e+01
-1.619054583758115839e+01
-1.619375067055226225e+01
-1.619580917358397443e+01
-1.619339352250099751e+01
-1.618707902580499791e+01
-1.618829101920128366e+01
-1.619622699916363118e+01
-1.619521679580212492e+01
-1.619602055251597506e+01
-1.619610315263271971e+01
-1.619550206065178344e+01
-1.619564089179039357e+01
-1.619569874107838103e+01
-1.618681502342223766e+01
-1.618589435070753524e+01
-1.619538343250752277e+01
-1.619509559571743296e+01
-2.897894463222474126e+00
-1.619472827017307281e+01
-1.618647076636553450e+01
-1.619214327633380535e+01
-1.619605980515479970e+01
-1.619565944075583630e+01
-1.619157906025647975e+01
-1.618538943231105165e+01
-1.619485572278498964e+01
-1.619524118006229685e+01
-1.619289130270481181e+01
-1.618916838467121622e+01
-1.618675028532743454e+01
-1.619549193382263397e+01
-1.619193309545517678e+01
-1.619554763138294717e+01
-1.618644706457853744e+01
-1.619543606340885944e+01
-1.618314312547445510e+01
-2.897836881596596026e+00
-1.619388232678175044e+01
-1.619194032251834159e+01
-1.619432615935802744e+01
-1.619587548673152710e+01
-1.619588565826416726e+01
-1.618835767954588079e+01
-1.619260039329529377e+01
-1.619611050784588357e+01
-1.619628386795521990e+01
-1.619485652744769766e+01
-2.897903923783450519e+00
-1.619499028325079948e+01
-1.619591837823390179e+01
-1.619566859900951528e+01
-1.619495753943920135e+01
-1.619372194111346985e+01
-1.619008059799671173e+01
-1.619469363987445121e+01
-1.618594047129153424e+01
-1.619330637454987709e+01
-1.619601278603077432e+01
-1.619573527872562480e+01
-1.619428130686283041e+01
-1.618868863284587079e+01
-1.619446874856949492e+01
-1.619563712477684803e+01
-1.618610451072454381e+01
-1.619557290971279073e+01
-1.619218778312206553e+01
-1.619536215662956735e+01
-1.619561060369014172e+01
-1.619037909060716629e+01
-1.619282344877719382e+01
-1.619639902114867525e+01
-1.618994881212711689e+01
-4.133277762401848854e+00
-1.619508831501006796e+01
-1.619497323036194203e+01
-1.619623262882231529e+01
-1.618660015314817002e+01
-1.619382398128508527e+01
-1.618769423216581771e+01
-1.618274865001439622e+01
-1.619554935693741271e+01
-1.619582126438616854e+01
-1.619161494672299284e+01
-1.619603271484374218e+01
-1.619027838408947417e+01
-1.619630916714667634e+01
-1.618790747672319696e+01
-1.619520403742790293e+01
-1.618603729158640192e+01
-1.619310812652111764e+01
-1.619565260112285898e+01
-1.619589191973209452e+01
-1.618971457183361551e+01
-1.619494631588458589e+01
-1.619374871551990225e+01
-1.619444060325622914e+01
-1.619564428031445047e+01
-1.619266952574253793e+01
-2.897921537421644267e+00
-1.619589661955834003e+01
-1.619453025460243012e+01
-1.619494966566563221e+01
-1.619609112441539267e+01
-1.619615541100502654e+01
-1.619205789715051935e+01
-1.619494805037975382e+01
-1.618831963688135289e+01
-1.619584317803382945e+01
-1.619544258415698224e+01
-1.619601182639598846e+01
-1.618662046939135024e+01
-1.619537883996963856e+01
-1.618632966279983165e+01
-1.619608636796473533e+01
-1.619540489614009360e+01
-1.619435693919658803e+01
-1.619615820646285442e+01
-1.619084519296884750e+01
-1.619261928647756221e+01
-1.619597674310208291e+01
-1.619036549627781696e+01
-1.619335426092148822e+01
-1.618622478097677586e+01
-1.619381022751331400e+01
-1.618740792125464267e+01
-1.619572723507881307e+01
-1.619060307294130396e+01
-2.897906781360507278e+00
-1.619244156777859445e+01
-1.619620594978333017e+01
-1.619328143596649028e+01
-1.619618151187896871e+01
-1.619573897421359732e+01
-1.619245131760835577e+01
-1.619569558501243023e+01
-1.619576642215251283e+01
-1.618726167678832795e+01
-1.619641862809657340e+01
-4.133278966043143043e+00
-1.619628247320651582e+01
-1.619547670781611970e+01
-1.619524896144866588e+01
-4.133188464399428774e+00
-4.133254752773791729e+00
-1.619189549982547405e+01
-1.618982665836810142e+01
-1.619601105451583578e+01
-1.619492195844649984e+01
-1.619512989819049764e+01
-1.619588928222655966e+01
-2.215643293038010331e+00
-1.619626490771771188e+01
-1.618688144832848863e+01
-1.619591568708419516e+01
-1.619504844546318623e+01
-1.619634705483912995e+01
-1.619581020772455915e+01
-1.619442559629678868e+01
-1.619517295062541606e+01
-1.618955317139625194e+01
-1.618656394481658722e+01
-1.619423351287841228e+01
-1.619539906382561156e+01
-1.619533240497111848e+01
-1.619424137771129324e+01
-1.617767986357211996e+01
-1.619209883809089590e+01
-1.619595625400544137e+01
-1.619453377276659367e+01
-1.619528960287570740e+01
-1.619317991137503654e+01
-1.619475654959679645e+01
-2.215652478486299426e+00
-1.619444292783737893e+01
-1.618695262670516755e+01
-1.619605057537555126e+01
-1.619548607170582244e+01
-1.619456429481505566e+01
-1.619443899393080954e+01
-1.619414697885513377e+01
-1.618726212084293792e+01
-1.619039669781923152e+01
-1.619453632533551257e+01
-1.619588625729083731e+01
-1.619468867480754426e+01
-1.619574088752268537e+01
-1.619416652917862010e+01
-1.619231395125389028e+01
-2.215631322562694461e+00
-1.619542165398597788e+01
-1.619555509984492758e+01
-1.618527404665947245e+01
-1.619560811817646950e+01
-1.619064262509346364e+01
-1.619465523958206887e+01
-1.618614834547042847e+01
-1.619133076667785787e+01
-1.619627774953843158e+01
-2.897893116157502114e+00
-2.897911324258894084e+00
-1.619410691559314941e+01
-1.619544442594050793e+01
-1.619625152349472330e+01
-1.619609438776970478e+01
-1.619623436033726804e+01
-1.619446683228015260e+01
-1.619502215683459312e+01
-1.619494632482527763e+01
-1.619532532691955851e+01
-1.619318857789038546e+01
-1.619595125913619071e+01
-2.897872252017260397e+00
-1.618742444813251424e+01
-1.619494821131228690e+01
-1.619343595206737518e+01
-1.619622986316680979e+01
-2.897900035697967169e+00
-1.619624453186988333e+01
-1.618672467917203406e+01
-1.619589420855045603e+01
-2.897920610662549024e+00
-1.619573167264460523e+01
-1.619470819532871531e+01
-1.618593816608190750e+01
-1.618682724535464601e+01
-1.618679721802472926e+01
-1.618693840503692272e+01
-1.618510513752698898e+01
-1.619439825415610912e+01
-1.619599013328552672e+01
-1.619595929682254010e+01
-1.618484327793120769e+01
-1.619552387595176413e+01
-1.619559510946274727e+01
-1.619563517272471742e+01
-1.619564392268657826e+01
-1.619310578107833720e+01
-2.897898182366043685e+00
-1.619101094901562377e+01
-1.619538270235062427e+01
-1.619471465945244049e+01
-1.619092100560665770e+01
-1.618679491281508831e+01
-1.619630868434905935e+01
-1.618880892843008112e+01
-2.897906131483614978e+00
-1.619605439007282044e+01
-1.618660040497779562e+01
-1.619476303458213806e+01
-1.619489850401877717e+01
-1.619059977680444007e+01
-1.618916370719671249e+01
-1.619426808059215617e+01
-1.619427995085717242e+01
-1.618688687682151794e+01
-1.619448578655719473e+01
-1.619594396352767518e+01
-1.619370905458926657e+01
-1.618645619899034926e+01
-1.618690986782312180e+01
-1.619537234604359455e+01
-1.619600608348846649e+01
-2.897914488520473064e+00
-1.619302015751600266e+01
