-1.690145817995071198e+01
-1.689611867070196283e+01
-1.690111919939517549e+01
-1.690108343362806309e+01
-1.690102426707743177e+01
-1.690143580436708248e+01
-1.424023570269346273e+01
-1.690032610893250364e+01
-1.689404563605785370e+01
-1.689986988306045745e+01
-1.690021980702875837e+01
-1.690032459795475361e+01
-1.690167055726052325e+01
-1.689999354183674996e+01
-1.690138922035693625e+01
-1.690013781487942524e+01
-1.690211383998392236e+01
-1.690031026899813327e+01
-1.689808391630650775e+01
-1.690215952694416401e+01
-1.690178787410260242e+01
-1.370170551240443757e+01
-1.690055513978005308e+01
-1.689128148853778910e+01
-1.690193183720110781e+01
-1.689764289259909447e+01
-1.370183842629194260e+01
-1.690052584707735406e+01
-1.689988393187524096e+01
-1.689190257489680747e+01
-1.690032797157763156e+01
-1.690045215189458361e+01
-1.689968275427818156e+01
-1.689994952976702081e+01
-1.690005244612694213e+01
-1.689848085045813519e+01
-1.690215184688567263e+01
-1.690107607841492765e+01
-1.370165749043226100e+01
-1.690186209678650897e+01
-1.689898238182065882e+01
-1.370177226066589782e+01
-1.690163249969483061e+01
-1.690014713406561953e+01
-1.689809339344499861e+01
-1.689516657590864668e+01
-1.689523409903049256e+01
-1.689806856214999442e+01
-1.690174362361429772e+01
-1.690113916993140464e+01
-1.690028475224971771e+01
-1.689357176125050941e+01
-1.690181814730167886e+01
-1.689912627637384546e+01
-1.689745892286302009e+01
-1.689679083228111978e+01
-1.689970021247864551e+01
-1.690054450333120073e+01
-1.690102403163911049e+01
-1.689926545917987255e+01
-1.423868318498134578e+01
-1.689828418493270945e+01
-1.690166943967343727e+01
-1.690113010704516938e+01
-1.690136574506760070e+01
-1.690226431190968626e+01
-1.690223244726657370e+01
-1.689709836542606425e+01
-1.689753752648829632e+01
-1.689778888821603076e+01
-1.690103809535503032e+01
-1.690131143331526431e+01
-1.424017199426889846e+01
-1.370155249089002858e+01
-1.690107699930668517e+01
-1.690119386017322611e+01
-1.689877820909022432e+01
-1.690158741772175333e+01
-1.690009159743785006e+01
-1.689352453947066124e+01
-1.689336623549460370e+01
-1.689634258151054524e+01
-1.689991173744202513e+01
-1.689861802756785991e+01
-1.689967975318431215e+01
-1.424008256345987533e+01
-1.689711368083953502e+01
-1.689700585007666334e+01
-1.689894095361233539e+01
-1.370179682672024413e+01
-1.689924287199973918e+01
-1.370171772986650360e+01
-1.689413853585720915e+01
-1.690128654241561890e+01
-1.690053272843362109e+01
-1.690168612003325066e+01
-1.370188191980123094e+01
-1.370189789533615432e+01
-1.690072694122792285e+01
-1.690105045437814013e+01
-1.690001188516616892e+01
-1.690216467082499818e+01
-1.690190950930117353e+01
-3.933746905997395515e+00
-1.690069272816180401e+01
-1.690081274509428866e+01
-1.689832629859447977e+01
-1.690087788701058358e+01
-1.690071635544300577e+01
-1.689959862232209176e+01
-1.690097353756429044e+01
-1.690147950947283917e+01
-1.690056514441968361e+01
-1.689577342271806160e+01
-1.690214487016202227e+01
-1.690053707361222379e+01
-1.689715197086333376e+01
-1.690172094404696779e+01
-1.689987893998623036e+01
-1.690170355141163228e+01
-1.689652323722840421e+01
-1.689751524031163044e+01
-1.690068138837813194e+01
-1.689697394371031436e+01
-1.690148568153381348e+01
-1.690106886923314278e+01
-1.690173291862011951e+01
-1.689992549121378573e+01
-1.690194869041441450e+01
-1.689878111481666423e+01
-1.690223110020160391e+01
-1.689309771955012351e+01
-1.370179838836192765e+01
-1.690173048675061196e+01
-1.690187281370164030e+01
-1.689982236027716311e+01
-1.690220217704772665e+01
-1.690018562078475384e+01
-1.689873329401015667e+01
-1.689908046722411328e+01
-1.689492254257200798e+01
-1.690191844105719809e+01
-1.690055544078349925e+01
-1.690120936632155235e+01
-1.690037544965745298e+01
-1.689914062321186705e+01
-1.370154567509889354e+01
-1.689365742206572563e+01
-1.690149025321007414e+01
-1.689543553292752165e+01
-1.690164293646812865e+01
-1.689204811751841717e+01
-1.689819398522378080e+01
-1.689944521486757978e+01
-1.690182930529117655e+01
-1.424018970429896846e+01
-1.690202589333057759e+01
-1.690163770914077190e+01
-1.690090653300286050e+01
-1.690110008120537799e+01
-1.689201665520667817e+01
-1.690139516890049975e+01
-1.690041245818138549e+01
-1.690066541731356509e+01
-1.689950972199438795e+01
-1.689909586906432892e+01
-1.690136819183826589e+01
-1.688817299306392172e+01
-1.690009874701498660e+01
-1.370183364450931052e+01
-1.690126680135727710e+01
-1.690147462189198180e+01
-1.690200077295303771e+01
-1.424022740274667420e+01
-1.689933393299578768e+01
-1.690116812288760428e+01
-1.689937460422516935e+01
-1.689490612745285603e+01
-1.690169141590594037e+01
-1.689917181432247872e+01
-1.689945854246616719e+01
-1.690022652447223805e+01
-1.689266748130322426e+01
-1.688906438052655190e+01
-1.690108414590357810e+01
-1.689992705285548169e+01
-1.689977292120457975e+01
-1.689323544502257946e+01
-1.689951816201211088e+01
-1.689940606653690125e+01
-1.689908408522606820e+01
-1.690071978867055336e+01
-1.690144120156765339e+01
-1.689921975135804288e+01
-1.690090911686421293e+01
-1.690203975737095732e+01
-1.689156985878944894e+01
-1.690061054825782350e+01
-1.690141570270060001e+01
-1.689907686710356671e+01
-1.690189082324505065e+01
-1.690091684758662183e+01
-1.689687128961086060e+01
-1.690100480616092327e+01
-1.690060552060604593e+01
-1.689593770205975076e+01
-1.689592973589896729e+01
-1.690213512480258373e+01
-1.690149333477019766e+01
-1.689803690314293050e+01
-1.690034781992436663e+01
-1.689798025488854449e+01
-1.689602240920067544e+01
-1.689884097278118347e+01
-1.689887350499629903e+01
-1.689990383684635233e+01
-1.689835206270217327e+01
-1.690018254220485261e+01
-1.690194256305694864e+01
-1.690109958648681854e+01
-1.689798640012741870e+01
-1.689647316336631988e+01
-1.689541075229645628e+01
-1.690026044249535531e+01
-1.690140964090824482e+01
-1.690051875114439639e+01
-1.689986103773117421e+01
-1.689572803080080377e+01
-1.690108578205109424e+01
-1.689998328387738624e+01
-1.690197990834713337e+01
-1.690186208486555941e+01
-1.690112494230269391e+01
-1.689875274300575114e+01
-1.690044250488280397e+01
-1.690073387324809318e+01
-1.690145179629326933e+01
-1.690175807178021827e+01
-1.689981887936592742e+01
-1.690172756910322960e+01
-1.689969321489333609e+01
-1.689997615218163318e+01
-1.690042726397513917e+01
-1.689917063117027141e+01
-1.690113125741482136e+01
-1.689744794964789065e+01
-1.689358302056790251e+01
-1.370146544873714234e+01
-1.689840397834778329e+01
-1.690173730552196929e+01
-1.690184604823589609e+01
-1.689983792901039195e+01
-1.690140036046503624e+01
-1.690041523575783700e+01
-1.690108890533446484e+01
-1.690198052525519756e+01
-1.690137410163877973e+01
-1.689550217986106517e+01
-1.689592984318733926e+01
-1.690032449662684400e+01
-1.689790432453156299e+01
-1.689812700748441898e+01
-1.690100130736828987e+01
-1.689807944297790243e+01
-1.690189333856105236e+01
-1.689733910262584615e+01
-1.690113731324673552e+01
-1.689421747028827880e+01
-1.690175858438013989e+01
-1.690000430941582721e+01
-1.370138345062733443e+01
-1.690031780898571157e+01
-1.689655227661133807e+01
-1.690022815465927408e+01
-1.690034487247467609e+01
-1.689971584379673075e+01
-1.690029721558094877e+01
-1.690099996626376466e+01
-1.690085975825787301e+01
-1.690068106055259278e+01
-1.690072591602801566e+01
-1.689994051456451984e+01
-1.689871737360953929e+01
-1.690182611942291047e+01
-1.690201367139817989e+01
-1.689490110874175599e+01
-1.689828042387961915e+01
-1.689526890814305560e+01
-1.689975861012934288e+01
-1.690186431407928680e+01
-1.690214682221412801e+01
-1.689403024017810040e+01
-1.689835660159588571e+01
-1.689859675467014100e+01
-1.690170820057393541e+01
-1.690157940089703104e+01
-1.689583438932896087e+01
-1.689959286749362732e+01
-1.689949817359446627e+01
-1.690030524432660286e+01
-1.689845885932447089e+01
-1.690220946073532104e+01
-1.689714910686015159e+01
-1.690155337452889484e+01
-1.690225043892861123e+01
-1.370183034986257908e+01
-1.690111975669859490e+01
-1.689820383489131572e+01
-1.690082824230193381e+01
-1.690084722638130899e+01
-1.690006930232048887e+01
-1.690121496915817545e+01
-1.689744809269903314e+01
-1.690033473670482067e+01
-1.689718664586543895e+01
-1.689888341724872944e+01
-1.690180304944516720e+01
-1.690214523077011677e+01
-1.689765737652777133e+01
-1.690000265240669464e+01
-1.690006927549839588e+01
-1.689695409536361126e+01
-1.690210613608361001e+01
-1.690153273642062359e+01
-1.689680764675141234e+01
-1.690110410451890033e+01
-1.689810472428799670e+01
-1.689631316065787559e+01
-1.690164551138878579e+01
-1.689506276249884564e+01
-1.689226814508437258e+01
-1.690174422264100329e+01
-1.689405183196068805e+01
-1.690108279585839668e+01
-1.690013629198074341e+01
-1.690186121463776203e+01
-1.689891707003117816e+01
-1.689946628808975149e+01
-1.689606806039809328e+01
-1.689269098043442341e+01
-1.689670738577842002e+01
-1.690011134147644611e+01
-1.690126764774322510e+01
-1.689596731662749463e+01
-1.690031329691410633e+01
-1.689988664090632398e+01
-1.689403477311135049e+01
-1.690016086697577791e+01
-1.690097418129444407e+01
-1.689419758319854736e+01
-1.689876757562161202e+01
-1.689698339998722076e+01
-1.689503435194490777e+01
-1.690143891870974713e+01
-1.689937044084071260e+01
-1.688857018053532855e+01
-1.689054000675679035e+01
-1.689782161414624184e+01
-1.689698236882687965e+01
-1.690035401880740906e+01
-1.690085501372813681e+01
-1.690068202316761869e+01
-1.690153995752333316e+01
-1.690134031772613810e+01
-1.690017995834350018e+01
-1.690187718272210304e+01
-1.689751026630402109e+01
-1.370165686458349086e+01
-1.423939508348703065e+01
-1.689837127029894503e+01
-1.690195716023444916e+01
-1.689943113029004351e+01
-1.690114069581031941e+01
-1.690115498304367492e+01
-1.689652617275713808e+01
-1.690169333815575570e+01
-1.423931722790002752e+01
-1.689707351922988110e+01
-1.690206685662269948e+01
-1.370183807909488216e+01
-1.689277049303053957e+01
-1.690157190859317282e+01
-1.690157638192177458e+01
-3.933703442290426011e+00
-1.689993634819985147e+01
-7.980029253289103730e-01
-1.690080948173999431e+01
-1.689753269255161072e+01
-1.423989621102809267e+01
-1.689915633797646777e+01
-1.690123767256738319e+01
-1.689158018529415983e+01
-1.690057104527949505e+01
-1.689921551346777662e+01
-1.690031741559505818e+01
-1.689996714591980265e+01
-1.689745653271674897e+01
-1.690229109525678908e+01
-1.689912575781344373e+01
-1.689326100349424920e+01
-1.690053372085095162e+01
-1.689390072226525064e+01
-1.689549582004547901e+01
-1.424009346365928508e+01
-1.690022196173666558e+01
-1.690098320245741093e+01
-1.690168702304363180e+01
-1.689989464282989573e+01
-1.689660685658455819e+01
-1.690195072293280276e+01
-1.690172134041787189e+01
-1.689403439760209480e+01
-1.690141306519506870e+01
-1.690076636075973582e+01
-1.689230688810349434e+01
-1.689653099477291320e+01
-1.689459289610386605e+01
-1.690128790438174988e+01
-1.690122041702269939e+01
-1.689889075756072501e+01
-1.690109251737595031e+01
-1.690083171725273559e+01
-1.690087482333183999e+01
-1.690218763351440501e+01
-1.688890158236026551e+01
-1.690067978799342541e+01
-1.689801691770553305e+01
-1.690191994011403054e+01
-1.423845172822475291e+01
-1.689729025065899393e+01
-1.690108304023743813e+01
-1.690215362310409830e+01
-1.690089821219442712e+01
-1.690173623263835267e+01
-1.689772252738475444e+01
-1.689640796780586385e+01
-1.689719150066376940e+01
-1.690168660283089963e+01
-1.690043537020683218e+01
-1.689978495538236558e+01
-1.690146219134329542e+01
-1.690196548998355652e+01
-1.689381310343742726e+01
-1.689104508459568876e+01
-1.689740391671656283e+01
-1.689958434402943510e+01
-1.690037164390088265e+01
-1.690023721754550579e+01
-1.690147690176963380e+01
-1.688899720013141703e+01
-1.690159188210964913e+01
-1.370177570432424652e+01
-1.370182039439678157e+01
-1.689886590242386788e+01
-1.690016379356383425e+01
-1.689991144537925294e+01
-1.690072077214717794e+01
-1.690111530125141215e+01
-1.689471864700317383e+01
-1.690013222992419273e+01
-1.689057475924490959e+01
-1.690130570232867058e+01
-1.690133126676083108e+01
-1.690038240551949755e+01
-1.689963771104812196e+01
-1.689897584617137838e+01
-1.690109649896620780e+01
-1.689866940975188925e+01
-1.423990073055028738e+01
-1.690109535455704304e+01
-1.690205226242542835e+01
-1.689935659766195997e+01
-1.690083157420157178e+01
-1.689988814592362587e+01
-1.689329525828362222e+01
-1.690095057487486940e+01
-1.689377413988113830e+01
-1.690096204578875927e+01
-1.689828717708589068e+01
-1.690134787559509277e+01
-1.689012351930142586e+01
-1.690197854936122823e+01
-1.370186669528484735e+01
-1.690027705729008645e+01
-1.689984837472438173e+01
-1.689678683578969043e+01
-1.689527251422405740e+01
-1.689757351875303470e+01
-1.690197589993476157e+01
-1.689947074949741790e+01
-1.690022658705711223e+01
-1.690010325610638731e+01
-1.689608725607394746e+01
-1.689940119683743447e+01
-1.370175963193178781e+01
-1.689571951925754689e+01
-1.690178574025630454e+01
-1.690015547275544350e+01
-1.690006878674032009e+01
-1.370145260244608210e+01
-1.689799381792544608e+01
-1.690159997045994444e+01
-1.689901229441166208e+01
-1.690069448351859904e+01
-1.690067390203476805e+01
-1.689745440483092409e+01
-1.689811486005783081e+01
-1.689815134704113220e+01
-1.689534612894058796e+01
-1.689916386008263416e+01
-1.689546530842780925e+01
-1.690150575637817809e+01
-1.690186390280723572e+01
-1.690219865739345195e+01
-1.689702153205871582e+01
-1.689998098909855528e+01
-1.690132418870925335e+01
-1.689803231656550153e+01
-1.424029388725757528e+01
-1.690169408321379763e+01
-1.690063631832598645e+01
-1.690156594216824359e+01
-1.690168979763985035e+01
-1.690205698311328675e+01
-1.423983832597732757e+01
-1.690205298662185385e+01
-1.690036341249944130e+01
-1.689808599650858412e+01
-1.689460885822773406e+01
-1.690177931487559349e+01
-1.689711951315403837e+01
-1.690215715169905408e+01
-1.370189427137374416e+01
-1.690153023898600892e+01
-1.689661476314068622e+01
-1.690104266405106159e+01
-1.690110088288783174e+01
-1.689738161563872509e+01
-1.689481233060359955e+01
-1.689887020289897634e+01
-1.688860282897950071e+01
-1.690181042253972521e+01
-1.689912440776824099e+01
-1.690003764629364014e+01
-1.689373274147511594e+01
-1.690214466154576556e+01
-1.370102638900280212e+01
-1.690145258605480905e+01
-1.689922164082526734e+01
-1.689833963811397410e+01
-1.690162734687329049e+01
-1.690107034146785736e+01
-1.370173703581094671e+01
-1.689975946843624044e+01
-1.689644409716129658e+01
-1.689887493252755135e+01
-1.689115840494631371e+01
-1.690198407769202760e+01
-1.424017126262187460e+01
-1.690051190555096738e+01
-1.690154159367085995e+01
-1.690201366543768913e+01
-1.690170073807239604e+01
-1.689998957216740294e+01
-1.690061982274055907e+01
-1.690151621103285606e+01
-1.690142141580580670e+01
-1.688662654459475476e+01
-1.689659373462199810e+01
-1.689179349243642037e+01
-1.690053029954432517e+01
-1.690005390346050973e+01
-1.689975723624228010e+01
-1.689534735381602459e+01
-1.689855707585810407e+01
-1.689950630962849232e+01
-1.690162657499314491e+01
-1.689577867388724286e+01
-1.690019246041773826e+01
-1.690099762082098778e+01
-1.690149770677089336e+01
-1.689975797533987745e+01
-1.689969031512736564e+01
-1.690107505321502401e+01
-1.370116981863975525e+01
-1.690142652094364450e+01
-1.690178225338458162e+01
-1.689939483106136109e+01
-1.690126873254776285e+01
-1.690027528703213022e+01
-1.689798507690430540e+01
-1.689251765012741657e+01
-1.690126162171363688e+01
-1.690183300673962918e+01
-1.689757212996482139e+01
-1.690014800429344888e+01
-1.689927413165569448e+01
-1.690109110474585563e+01
-1.689514468014241189e+01
-1.689627664387224826e+01
-1.689888092875479941e+01
-1.690206304490565614e+01
-1.689984087944031543e+01
-1.689861393570901171e+01
-1.689601514637469748e+01
-1.690176364779473417e+01
-1.689949161410331868e+01
-1.690144270658491976e+01
-1.690161847472190715e+01
-1.689671649038790946e+01
-1.690167293846608132e+01
-1.690069128274918242e+01
-1.690130370855330710e+01
-1.690222839415072897e+01
-1.690200872123242704e+01
-1.689850296080112813e+01
-1.690073522627352887e+01
-1.689921558797359680e+01
-1.689919717907906715e+01
-1.690201859176157839e+01
-1.689550170898436932e+01
-1.690099174678325156e+01
-1.690146927237511676e+01
-1.690162671208382861e+01
-1.689642834067343813e+01
-1.690202305316925901e+01
-1.690173711478708896e+01
-1.689551381468772462e+01
-1.690073376297950247e+01
-1.690060596764087819e+01
-1.689973098039627075e+01
-1.690194876790045697e+01
-1.689909246861936154e+01
-1.690141283571719910e+01
-1.690038352310657288e+01
-1.370176804959774230e+01
-1.690184581279754639e+01
-1.689756920933722384e+01
-1.690173769891261557e+01
-1.690096755623816449e+01
-1.690137685835361836e+01
-1.690203756093977816e+01
-1.689765076637268848e+01
-1.690009081363679400e+01
-1.689904578030109761e+01
-1.690223830044269349e+01
-1.690165786743162712e+01
-1.689606136083603971e+01
-1.690109420716763466e+01
-1.689653219878674051e+01
-1.690132827460764631e+01
-1.690103309750557514e+01
-1.689321568608283286e+01
-1.690130059719085764e+01
-1.690067584514616783e+01
-1.689830383062364305e+01
-1.690108002424240752e+01
-1.690196188092230756e+01
-1.690180109143256360e+01
-1.690037948489187869e+01
-1.689961817562579327e+01
-1.690080224871636005e+01
-1.690100443661212282e+01
-1.690136717259883525e+01
-1.690083805322646526e+01
-1.690043583810330219e+01
-1.690192081928252321e+01
-1.690099230408669229e+01
-1.690200259685515149e+01
-1.690107823610306070e+01
-1.690136039555072855e+01
-1.689802081286907409e+01
-1.690107653141021160e+01
-1.687187592089175681e+01
-1.689741874039172487e+01
-1.690122500360012481e+01
-1.689320623576642078e+01
-1.690209266841411662e+01
-1.690086550414562083e+01
-1.689969821572304198e+01
-1.690138279795647946e+01
-1.690020867288111717e+01
-1.689973212182521323e+01
-1.689002829194068056e+01
-1.690122718811035440e+01
-1.690153770446778481e+01
-1.689592747390268457e+01
-1.690117377042770386e+01
-1.690199754238129515e+01
-1.689973800778389190e+01
-1.690103681981562644e+01
-1.424002645015716340e+01
-1.690129992961883332e+01
-1.689709285795689553e+01
-1.690127722620962913e+01
-1.689969840943812684e+01
-1.688693779706955311e+01
-1.689922512471675731e+01
-1.689714439213276265e+01
-1.690048355162142713e+01
-1.690112272202966892e+01
-1.690064707100392027e+01
-1.689678886830806093e+01
-1.690185103416443724e+01
-1.689878839254379983e+01
-1.689946277439593203e+01
-1.370189750045537558e+01
-1.690077323019503552e+01
-1.690220542252064106e+01
-1.690178712308406261e+01
-1.690140705704688884e+01
-1.690071629285811028e+01
-1.690158105492592000e+01
-1.690002855956553773e+01
-1.690049813687802072e+01
-1.689664114415645102e+01
-1.689929634332656505e+01
-1.689867734014988798e+01
-1.689896438419817315e+01
-1.689503461420536823e+01
-1.689293825626372580e+01
-1.689742823243141601e+01
-1.689281222522258119e+01
-1.690009162724017600e+01
-1.690066168904304078e+01
-1.689571933150289951e+01
-1.690019858479499248e+01
-1.688841052949428345e+01
-1.690178284645079643e+01
-1.689862177670001842e+01
-1.690086006522179574e+01
-1.424025806784630710e+01
-1.370162421464920399e+01
-1.689890145659447640e+01
-1.689597908258438963e+01
-1.690138422548770691e+01
-1.689888598024845479e+01
-1.690095883905887320e+01
-1.690206167995930286e+01
-1.690186332762241150e+01
-1.690166756510735269e+01
-1.690126696527003958e+01
-1.689447197914125098e+01
-1.690104657113552022e+01
-1.690052141249180195e+01
-1.690212394893169900e+01
-1.689747882783413147e+01
-1.690182819068432352e+01
-1.690026410818101965e+01
-1.689989641904831785e+01
-1.689971813261508515e+01
-1.689963591396808695e+01
-1.690199531018733481e+01
-1.690037075579165204e+01
-1.690216635763645314e+01
-1.689719383716584034e+01
-1.689656106233598010e+01
-1.689638215303420665e+01
-1.690137139558790835e+01
-1.690140431225301043e+01
-1.690154079198836001e+01
-1.690119689404965087e+01
-1.690080857574940865e+01
-1.690172244310380378e+01
-1.689867931604384665e+01
-1.689964283406735746e+01
-1.690083639919757630e+01
-1.689316908419133156e+01
-1.690136837363242961e+01
-1.689901708960534421e+01
-1.690061692297458151e+01
-1.689999802112578209e+01
-1.690184565186500976e+01
-1.690127302408217602e+01
-1.690151771008969206e+01
-1.689656754434107810e+01
-1.689949300885201211e+01
-1.690161589682101706e+01
-1.690112469792364536e+01
-1.689558370411395671e+01
-1.690108683109284016e+01
-1.689788576960562949e+01
-1.689708351790905994e+01
-1.690088829696177797e+01
-1.690174585878849101e+01
-1.690173663198947551e+01
-1.690117937922477864e+01
-1.689583860933781878e+01
-1.689872009754181192e+01
-1.690009087324142456e+01
-1.689637399315834543e+01
-1.689875760972498497e+01
-1.690092708766460561e+01
-1.690055719614027652e+01
-1.689634271562098533e+01
-1.689616084396839213e+01
-1.424007654041051651e+01
-1.690160033106804960e+01
-1.689966714084149757e+01
-1.690080552697181560e+01
