3.763969273692335804e+00 8.461634593261181669e-02
3.074523850137836689e+00 4.584113646255476127e+00
2.508269628905808624e+00 6.037558284253824681e+00
4.680565553548543534e+00 5.519447878462190538e+00
3.618161559158517449e+00 9.428465205249801639e-02
2.821345389687885952e+00 3.942768399070531782e+00
1.957133408564340371e+00 4.910060939692844073e+00
5.754864319951135343e+00 3.061988037708950117e+00
5.686295209574084630e+00 4.819665697723193531e+00
5.679769164732887177e+00 5.015229016044848720e+00
5.980522228083832381e+00 5.254478133058527733e-01
2.361401925827981696e-01 1.379745391294832757e+00
1.386664240682464522e+00 5.504597187614032050e-01
2.478379185854631683e-01 1.083928869345656132e+00
5.015215850160509525e+00 4.030543480967079262e+00
7.929965209509582946e-01 4.906160405795589874e+00
9.233039758834189481e-01 5.967715948493145461e+00
5.867187106102243810e+00 3.364728837769205561e-02
6.101190628115944925e+00 9.101681159487226003e-01
3.533694198509140794e+00 1.645577837307771851e+00
3.541962491436886573e+00 2.350390056404835892e+00
5.408047330145887344e+00 2.111131274147868275e+00
2.442526574230370617e-01 5.153555443548573756e+00
3.016444325445567509e-01 3.874845018570789001e+00
3.290432889917406900e+00 4.635570461600092784e+00
1.729266664164158085e+00 5.528410945536376353e+00
4.930621238670464201e+00 3.592295743743132430e+00
1.484205935479918359e-01 3.225203365395113764e+00
4.644802972045890321e+00 6.261276253557293003e+00
7.065335256176301648e-01 5.628233943170926956e+00
5.159478726376470981e+00 4.216498967523803820e+00
1.126282033439981900e+00 3.472918752161141320e+00
4.663787285157759754e+00 3.170821857973958213e+00
7.245116422601142192e-01 1.975422682384488704e+00
2.245222614321375598e+00 4.918411674534465483e+00
7.481493261511843462e-01 5.767643414071732977e+00
4.324066135098097341e+00 1.045181999833547648e+00
5.411969145748628307e+00 1.234191371666365056e+00
4.151653821736806194e+00 1.376396984645855692e+00
4.771663019832113051e+00 1.247207603393009956e+00
4.099170756307445984e+00 5.879049752189916767e+00
5.686372994039404105e+00 3.145256089699847823e+00
6.219747773371668842e+00 4.337665712232531057e+00
3.193186389525836666e-01 2.155763066302899933e+00
5.881098911674697227e+00 6.905897248990849890e-03
1.273400167176148567e+00 1.955069290054800790e+00
1.003655068727941302e+00 5.070895883057932707e+00
6.760129656537369192e-01 3.412003622394158775e+00
2.097340641708860698e+00 2.861034849999758656e+00
1.941601802094511608e+00 1.617472750177388896e+00
4.594944778240216188e+00 1.456856963144763428e+00
5.616558096084903973e+00 5.300058805170113629e+00
7.260525412400528067e-01 2.137091042920773898e+00
3.613570780287600481e+00 3.490882908184880673e+00
1.695551688262447732e+00 5.420615049076920933e+00
2.515031023720768477e+00 2.225657866882132740e+00
1.255742883207852989e+00 5.204154141446553083e+00
5.145309285468139038e+00 2.067944973333529557e+00
2.314775242717962644e+00 1.403246474690780898e+00
5.973745571683676481e+00 3.896606049189770715e+00
6.227385499100734023e+00 3.698390291840452093e+00
5.707888130349752842e+00 5.217484171368630186e+00
1.154900563015060166e+00 4.923704569450054080e+00
1.395021240009054031e+00 1.146847664721623694e+00
1.531212036625376305e+00 3.913953452443973191e+00
3.449358045111164950e-01 2.702604619519395346e+00
3.327120849606838071e+00 5.869637933113037498e+00
4.186767612153042606e+00 5.630209461108679925e+00
9.429907011706130104e-01 2.233064123854800798e+00
5.774484011832104358e+00 4.829089446274233310e+00
4.577457761998264374e+00 3.044235282937116871e+00
6.170199283849347793e+00 1.157537232867440036e+00
3.148063580377539861e+00 5.197281202569710601e+00
6.217936845161199599e+00 5.046682103024573429e+00
2.748274337882377516e+00 1.754716272716367653e+00
2.974773250262794863e-02 1.688923890844805653e+00
2.820392661765374509e+00 5.811690295970445064e+00
2.181149848315256268e+00 4.368892629623823076e+00
3.541972917612182803e-01 5.596992029701568505e+00
3.052405229660592578e+00 5.676614812842381674e+00
6.169757098797425066e+00 1.862974658687770013e+00
1.560282743172042075e+00 6.096423173976375232e+00
6.223692888227026820e+00 5.690167802174344480e+00
1.612016142538395203e+00 8.430271189343115923e-01
5.198024486766199992e+00 4.472564204138326893e+00
4.514288073373812438e+00 3.489738051931075002e+00
5.980683914122942646e+00 1.481250516166665761e-02
4.716449512462189020e+00 1.824440511150320576e+00
5.183990716556758471e+00 4.350881581783568208e+00
2.972163864991145488e+00 3.465090146916191549e-01
9.659187985131189036e-01 4.167454637571093023e+00
4.048020645318484156e+00 4.330456810103929577e+00
4.452156172090894870e+00 1.681894956856517354e+00
4.642735538014834518e+00 5.419112597757570704e+00
5.480855024546377408e+00 6.363877423987869264e-01
4.480566648911929128e+00 5.007627636483973355e+00
4.874563907615668823e-01 4.225564730655042567e+00
4.287599222717935810e+00 4.004560393235909288e+00
2.283173439628445767e+00 2.179028984968901739e+00
1.248422213091928912e+00 2.228572171884986464e+00
1.244907606829733782e+00 3.195621313100027727e+00
5.536199091736219380e+00 5.202791175526519929e+00
6.808437173694717459e-02 2.882904996247666940e+00
2.443599373395160423e+00 3.686870370758347448e+00
1.088229887467478063e+00 3.533364683283818142e+00
2.575221784579952988e+00 3.631593747747889456e+00
5.911714849935060023e+00 6.135337808263051862e+00
4.607465607626355819e+00 4.467412213094273277e+00
4.886210528788647700e+00 6.197219809790426304e+00
4.344085415243824855e+00 6.160636223426975144e-01
3.995252958058034931e+00 6.165010719253479543e+00
4.171492695303939513e+00 4.236204405967096243e+00
5.493474621679133030e+00 3.204273175510405913e+00
4.198183010889583677e+00 4.927643421506162191e+00
6.053644146798246695e+00 2.795628705383357282e+00
3.743420059532981625e+00 5.222429660319003908e+00
5.040132208966789484e+00 4.234009770133166484e+00
4.299156672314738081e+00 3.115473838171188614e+00
3.564475236605626485e+00 5.043240279244292523e+00
4.359019319850483853e+00 1.304553998368257126e-02
3.970826026825467814e+00 5.998251187089539194e+00
4.175124206837752538e+00 1.963318263122279195e+00
4.498637315345310306e+00 5.642366560734766168e+00
3.207289636161310575e+00 6.162050585236222844e+00
5.881815185592585982e-01 3.823520963774044823e+00
1.525948999628246039e+00 5.965555168286735821e+00
4.475673520263798721e+00 1.677649606736960619e+00
1.187255172035891204e-01 8.114208610284068257e-01
2.195210744222707344e+00 7.743864249432395042e-01
5.212011869527414909e+00 5.587671183668500241e+00
5.785716554237387399e+00 4.970746987018894281e+00
2.021489475135850034e-02 5.591370215574347213e+00
3.487852820712103785e+00 6.079065202253814526e+00
4.790300054200534063e+00 2.297612707893022410e+00
5.236675094629196892e+00 4.691940395956493148e+00
1.226986170526106701e+00 1.801702666983352019e+00
2.572786590203090196e+00 1.976367814014869495e+00
4.486055406030480697e+00 4.202551977456076671e+00
4.273482587474741301e+00 3.407549532489445365e+00
1.450718679054822546e+00 6.249565508816494308e+00
3.719637289322438534e+00 2.783117740936061679e+00
3.964647737985169229e+00 5.806384220089165993e+00
1.422905332045330429e+00 7.587648382390445034e-01
3.367944205572197980e+00 6.102748488113562964e+00
5.255219181030255093e+00 1.657710927312640248e+00
6.794965863861880395e-01 3.117971955484550417e+00
8.797176713739510712e-01 4.550930954598118916e+00
4.021546770616721389e+00 1.886722961237727425e+00
4.474523205116301305e+00 6.637605377493992487e-01
5.024818224372527453e+00 5.172732121964309648e+00
1.241309849876295779e+00 3.410724215071157861e+00
4.918189660971405530e+00 2.831330274539825886e+00
1.353341569260121668e-01 5.238827180561784758e+00
6.424099472936743993e-01 2.091561906207002330e+00
3.886001377329320938e+00 3.034843039591831992e+00
4.647264599997894763e+00 3.257994757602376890e+00
3.154910847716287492e+00 8.611260650667917904e-02
1.410321690754135493e-01 4.427091983005311815e-01
5.823046313811037322e+00 1.634026261057737850e+00
4.384952031655993565e+00 2.862026687067587005e+00
4.766198977956480398e+00 1.387162634128744854e+00
2.778684796487134179e+00 4.595283326962618986e+00
2.208833228318984432e+00 6.441224026109232392e-01
2.390678170794608093e+00 4.789130797687749741e+00
4.643195637441747792e+00 1.366529362402875147e+00
2.342888332410548724e+00 5.546586748238656384e+00
4.165090917241526469e+00 7.559848417868944570e-02
4.749333031709041641e+00 5.031317262724559036e+00
4.785239440556903645e+00 1.332202190160687305e+00
4.074325679612889495e+00 6.102945427353119179e+00
5.900980530894921472e+00 6.007849883099398269e+00
4.117206813086846218e+00 1.866610996038860160e+00
3.510989679058873492e+00 1.734200977560118817e+00
5.574237519021553844e+00 3.462792582396796437e+00
5.874920536745918298e+00 5.865622607281617995e+00
5.805831560048821949e+00 5.471173565666090255e+00
5.881932362011889071e-01 3.319232687242861690e+00
4.603697594588026298e+00 2.352662057745421809e+00
5.426085138572069866e+00 4.292109734694563805e+00
1.414479436389552980e+00 7.018544281462721912e-01
5.783708213155004607e+00 5.877002008893605911e+00
1.366374594972514345e+00 5.822135984727398572e+00
1.388720024639459760e+00 2.773606243279423733e+00
2.471341019559529784e-01 3.821875814078267819e+00
6.253069784738842785e+00 5.184526910002922762e+00
2.094491043559060017e+00 3.621509232945076207e+00
2.091627838652106774e+00 1.261431473049639873e+00
4.645179364064515148e+00 4.816092374571746326e+00
3.794566824859908927e+00 3.301577178194178064e+00
1.452033679318422754e+00 1.312285487608964907e+00
4.675127339195458198e+00 5.388342346080667866e+00
5.790915219839210870e+00 5.278107243581424690e+00
4.657081472643834985e+00 5.480020561360628761e+00
3.755484098051372399e+00 5.029191183821413169e+00
9.871478641303502721e-01 6.174884143577123119e+00
3.893274293675442532e+00 2.073007179926972476e+00
1.384760575709391262e+00 3.410025848955184458e+00
1.289354413798267984e+00 3.726113950922111062e+00
3.895608077945686087e+00 1.196396720679301362e+00
5.217198411075165687e+00 3.403267656590951873e+00
3.971196889758311921e-02 5.251200221007525926e+00
2.388913110792055594e+00 3.985325101238574308e-01
1.320588046466351639e-01 6.628361880253713645e-01
1.456495615367633389e+00 7.562433425685025634e-01
1.935579373759471533e+00 3.742817534737672425e+00
4.763633887605061901e+00 2.240897450643509980e+00
1.637262157956504760e+00 4.190586150447470182e+00
6.119959611999484572e+00 7.853363802557175033e-01
5.133014393511785123e+00 1.573586914506019285e+00
1.114900108582544291e+00 2.607064552531344948e+00
5.023862983539198801e+00 3.123330248510278295e+00
4.750138429153961894e+00 4.052007753852996608e+00
4.165211877965993459e+00 2.009274963598249197e+00
5.804512349195237952e+00 5.049552466330184952e-01
6.279095253816968203e+00 4.882838887321018895e+00
2.741673124898467595e+00 5.576700837646471953e+00
2.727202090812177904e+00 5.121931610271368562e+00
1.103602144603797353e+00 3.850323351926760562e+00
5.344142882124408578e-01 3.945476917412688245e+00
3.709141363362297716e-01 2.717127626821012498e+00
1.730583698792746761e+00 2.710459891594004162e-04
2.100238541673467019e+00 2.424716532038678096e+00
1.173491575824498617e-01 3.363410421244390491e+00
4.958247780824040163e+00 3.050103595123696554e+00
1.734438991186967316e+00 6.583418547710705448e-01
3.348810354124057920e+00 3.744703822253053094e+00
5.061610864832749357e+00 2.468769435132184498e+00
5.253868725788007232e+00 2.434392398160332149e+00
1.233743212538957579e+00 4.349771449092422193e-01
5.358258058407095348e+00 4.004182535211433525e+00
4.474016358904886026e+00 5.770652741496054894e+00
5.748805890614538505e+00 3.881980385153972479e-01
9.306707856339874185e-01 2.798701853035484355e+00
5.391682197118787379e+00 3.370065402595627368e+00
1.646065866849809378e+00 3.536813846044582377e+00
4.081442198805684818e-01 2.805726403733154850e+00
1.432474881006308376e+00 1.585504073217411714e+00
4.291714003331493998e+00 1.768647250159383955e+00
1.501243219010370972e-02 6.012412853832985959e+00
1.264352935116316967e+00 2.681188885002588229e+00
9.003268650457306732e-01 4.874467290094621319e+00
1.929680067722377101e+00 3.859561110846801313e+00
4.688573391687538283e+00 3.248814374141443917e+00
5.597046753531296659e+00 4.843678792329832561e+00
6.231363901573246267e+00 1.427830276174393509e+00
1.382154306939848754e+00 4.448477546425213980e+00
4.211880812204571889e+00 2.397656826881036096e+00
3.780695616434042172e+00 4.093486821554148669e+00
4.391180851019128362e+00 4.177126905893564057e+00
1.584236551390657999e+00 3.049637018746210515e+00
6.258700725804066778e+00 6.048298460757719042e+00
5.277162807157159463e+00 5.430889219179724670e+00
5.431880237056242677e+00 4.645789611011195142e+00
4.546686929847365555e+00 2.805544840015371744e+00
2.378611125758079314e+00 1.105521131424996417e+00
5.147532977406608090e+00 4.492638441300642049e-01
2.712586651824061779e+00 4.684593130838618613e+00
2.481730689129892031e+00 4.773751863437358800e+00
3.505997588386954966e+00 2.236469102446757340e+00
2.803743034109457133e-01 1.414944168015602521e+00
2.951702773215317155e+00 3.594755936191723400e+00
9.404884862833876591e-01 3.623348950254610124e-01
6.245374801931496619e-03 3.161416268193264489e+00
8.922142135466298862e-01 1.314942448052868418e+00
2.467327518203926151e-01 5.264908393029552602e-01
6.546358534951767227e-01 4.280576446255340173e+00
6.806740246508523606e-01 1.755126536602614529e+00
3.470903351313993301e+00 4.427262978073303934e+00
5.701825738501434593e+00 5.373797475420990288e+00
5.360179161198410647e+00 3.200301537737637592e+00
3.089779092877150912e+00 2.752652211413863181e+00
3.309602350159751349e+00 5.428690623997657561e+00
1.681044579394070704e+00 5.591449547489924399e+00
5.330030608182013019e+00 4.018461028243837774e+00
5.190267204508768550e+00 1.964442521802485242e+00
4.153455070095666279e+00 3.588131568626503398e+00
3.839181733420214404e-01 4.949441654982029704e+00
3.818702280168911223e+00 4.458309748931749361e+00
3.079696193308844698e+00 4.130628124809456736e+00
1.273441361332704025e+00 2.728014261654168493e+00
7.265976586037242724e-01 4.498916315446995995e+00
4.056070201031674927e+00 5.745931666588277587e+00
1.498108647818485517e+00 6.106566989000635104e+00
6.139889474251419621e+00 2.671802359981551023e-01
5.592851904826230403e+00 4.793640463656695161e+00
1.080123982986458619e+00 2.722875282674119379e+00
5.304971660787709986e+00 5.123971005994085282e+00
3.110176912036215907e-02 2.143647559003897474e+00
7.694993091552121411e-01 5.681230415965247360e+00
1.554732533544630924e+00 3.566478270333020895e+00
5.770734992319241918e+00 1.227778990431600548e+00
7.985516729886944498e-01 5.002974781917526315e+00
3.388230519124336038e+00 1.717441538343664753e+00
4.022060740221117925e+00 4.781325719669664132e+00
4.349733262702747183e+00 4.236825213141295343e+00
2.363482853266775319e+00 5.126232537342969131e+00
7.205044879286844894e-01 4.896495989642022373e+00
5.960050898176333156e+00 2.430034996728150265e+00
5.263940120104788178e+00 2.853299540722955552e+00
5.231893499891673294e+00 3.051138719033800406e+00
1.202402326213025896e+00 4.246752761739387871e+00
2.545932572758886625e+00 2.088434017866092507e+00
1.216948500667958566e+00 9.007301445387086991e-01
1.484731568637352783e+00 1.375979396873522331e+00
1.830192282898497558e+00 5.005132346945073252e+00
3.840854843705778787e+00 1.321286507287489087e+00
1.247977687348907017e+00 1.461480768243705430e+00
1.176635660033177100e+00 4.063994885201814178e+00
4.737929398772968703e+00 5.812157214428886221e+00
9.841192506128400019e-01 2.157653573601846286e+00
4.796749783487248564e+00 5.547096075546914307e+00
5.529791906167839777e+00 2.346337219793411144e+00
5.063370049543242324e+00 5.940419359885226847e+00
1.944767534025692246e+00 6.266863889765491358e+00
6.982879075709169658e-01 4.004090189559743607e+00
4.623252652971848065e+00 3.024796088203434596e+00
7.710378025731009499e-01 1.142329517990541721e+00
8.048887375320654680e-01 4.007079947043652446e+00
4.975671066068853565e-01 1.727950644905666966e+00
4.687266654288290368e+00 3.505739565721717188e+00
4.384261643945646547e+00 1.303242524694089743e+00
1.376977137618879743e+00 4.232532953707862089e-01
6.567256774412042475e-01 4.615643829267642495e+00
4.094870299440598771e+00 5.545461152206213384e+00
3.729540469402502723e+00 4.019216212020748635e+00
3.349815114750444689e+00 4.610078818444046433e+00
4.890025820185858740e-01 1.104433046709064198e-02
3.074366826706030231e+00 4.643098053921679735e+00
2.601204008157473435e+00 5.673637755639324709e-01
6.363485022870389862e-01 2.061798530194692280e-01
5.301022826102363972e+00 4.531368405934687260e+00
2.115914260628619203e+00 2.402692367465219636e+00
5.913922758609482244e-01 8.103406328826634475e-01
5.858840966360274294e+00 5.738661506475571272e+00
3.184764156072295016e+00 5.020039910171330888e+00
2.984133978774970775e+00 2.953022162892635194e+00
2.634582673031810263e+00 3.808539892714021491e+00
3.938967890827379525e-01 3.902124398784575732e+00
5.996322821058856611e+00 4.576969164681990776e+00
4.510421006104944119e+00 1.610910480301135650e-01
1.883507638028235842e+00 2.034982266632690884e+00
2.639848445458598203e+00 1.142561933922024431e-01
1.397754901263044136e+00 2.557041059533732064e+00
4.671844387800760501e+00 1.333445143750297435e+00
3.614632130791212372e+00 3.861631140986891086e+00
1.125366971895055190e+00 1.840422719860910661e+00
2.016242964446771868e+00 2.338813325861459180e+00
1.259263105828873242e+00 5.149216024957760318e+00
6.128458654954080487e+00 3.000294788070016594e+00
2.071645136074366178e+00 3.591732848720063931e+00
4.784034790742500043e+00 4.065733334134945309e+00
3.533853643946863521e+00 2.121446037045816801e+00
3.287090070985930979e+00 4.698568993868705412e+00
1.866905031728115949e+00 2.886941620884543092e+00
1.937676458700319682e+00 2.510330279888959293e+00
6.111705697962198869e+00 3.586875429736379184e-01
2.104038332242279541e+00 3.180473289340655096e+00
5.818195027281142906e+00 2.928007763380217288e+00
5.100238135306301324e+00 3.091762074740543209e+00
3.548962299399114340e+00 4.068654923917462973e+00
2.235327493497789586e+00 2.261569745346982074e+00
2.464871438755549704e+00 4.620532983922750248e+00
4.176612210403812142e+00 1.244254586939715912e+00
6.505721138060825970e-01 4.503340687113165153e+00
5.591305216146814416e+00 4.546374507320728675e+00
3.683110093004685393e+00 4.390933194444833987e+00
1.965092784804744197e-01 1.163402969156880212e-01
7.328339548654535518e-01 2.584708576621015830e+00
4.035148550099428855e-01 4.015250138098563681e+00
4.935178158423424222e+00 3.690280145163159276e+00
2.858371329149223428e+00 5.986602066475985140e+00
4.309699130381933863e+00 4.465494389627746585e+00
3.200160027844824562e+00 3.383388447152182010e+00
2.493077744424623710e+00 2.187446670236922408e+00
2.712583996611737103e+00 5.170200804802692396e+00
1.929445234363309281e+00 5.808162322964131263e+00
4.242705387336370038e+00 2.048373029862328831e+00
2.887919886795552227e+00 5.014332582607904598e+00
9.870962874392592568e-01 2.948021782118304124e+00
3.036649053802964460e+00 5.224640886213502533e+00
3.472041849871222219e+00 5.767705623402078707e+00
5.398133269358311281e+00 2.141045781162241202e+00
4.133777729559180436e+00 4.829188500844795229e+00
5.358024836661567925e-01 6.124432594089629589e+00
3.976964374552746317e+00 5.188944606375947011e+00
5.612921484701168140e+00 1.684485377635809522e+00
1.899075810473102477e+00 2.182136835614924664e+00
4.252656896132528175e+00 5.392889013340637305e+00
1.853996232849729031e+00 4.558448154813048880e+00
2.857780279986418925e+00 2.902169512926089823e+00
3.842882556666691762e+00 1.902621835843892217e+00
3.130734755330519370e+00 1.598294171533701125e+00
3.080387791994927404e+00 5.355039164443485156e+00
5.938815689101071271e-01 1.263160294697632136e+00
2.416328002276170395e+00 4.198885542064813237e+00
2.264619486540760285e+00 4.221438916109256367e-01
2.783699943848832348e+00 2.248316567127484955e+00
4.502444155894613331e+00 1.168677797295570420e+00
2.470182869203125797e+00 2.964880991092640361e+00
2.282130693550982858e+00 3.369887791303901370e+00
1.455726689580272959e+00 3.762368642964431853e+00
4.074024292305784001e-01 1.196227517859845380e+00
3.192206709258511133e+00 4.337267363226973593e+00
3.567381064735510865e+00 3.675107231889052972e+00
6.146941772252613845e+00 4.499741662340635884e+00
4.678518114164848640e+00 5.278889406523172845e+00
9.892191046946484656e-01 1.772511841081630735e+00
1.194866107089817664e+00 3.783651270616951723e-01
4.024512150220789231e+00 2.358833714891145128e+00
4.336071304734124610e+00 2.126494128707814291e+00
4.038521557170230203e+00 3.842638903262586059e+00
2.136213815722259657e+00 1.694968178177084894e+00
4.331203277505616400e-01 9.627055346265184221e-01
1.372340161883984333e+00 3.779413007669751856e-01
3.175968488405872758e+00 1.880194138099480883e+00
5.827139446975129644e+00 2.720806571633858084e+00
1.899830435164801878e+00 1.866804713110157277e+00
8.490862956218132584e-01 2.809443707095742315e+00
5.989764638569187838e+00 5.653959287357111840e+00
4.860878603519960706e+00 6.078539166331258237e-01
3.368163375044102903e+00 5.305770084979457124e+00
3.988221101826576742e+00 1.281466710539231446e+00
2.915818572241046347e+00 3.595205329854104903e+00
1.356027454000264809e+00 1.563295086565439806e+00
5.207261336088468973e+00 1.519400510778190772e-01
4.595089054667589323e+00 3.843578734523960705e+00
4.110361378184079761e+00 6.157354143540166191e+00
2.469951195332490190e+00 4.420936449143048286e+00
4.051354420194895667e+00 2.678978005351532854e+00
4.289947638150182208e+00 3.238749210447642302e+00
3.056897945696753105e+00 5.168117264733301575e+00
2.890088937380014489e+00 6.085394906816899985e-01
3.178362789543516254e+00 3.040400139837804439e+00
3.716057365704276805e+00 2.307438618981075606e+00
2.017092990676626396e+00 6.038085819726017434e+00
4.882395759733194396e+00 2.320469335326665661e+00
6.014890225422637293e+00 4.162218944045856794e+00
3.518231798706803914e+00 6.282082541307411283e+00
2.119975990416995693e+00 5.634732023686329222e-02
5.406590990155571319e+00 4.229319757682553416e+00
3.743756103055998263e+00 3.075283039052068013e+00
3.681859129731147373e+00 5.694419143967298425e+00
3.652989013586850575e+00 5.326299622817455948e+00
2.684235513031691056e+00 5.558460236683568922e+00
3.625449429439277171e+00 3.919139732691387934e+00
2.226799649460142305e+00 5.745715239785019079e+00
1.324555622524125287e+00 1.251556951525817585e+00
6.801605010092264259e-01 5.993512989311176931e+00
4.299404283282460604e+00 4.714264552291279387e+00
1.364545188709144874e+00 3.189153925122272248e+00
2.132174435589501815e+00 1.863477368071046802e+00
4.899427595587907192e+00 4.169309651748788426e+00
4.267887578776915269e+00 5.950483773700470103e+00
1.743854577878987566e+00 3.567632127801547259e+00
2.851037284022242435e+00 2.843201581294096059e+00
4.795175634254416508e+00 2.633313376825497376e-01
1.063013776191096826e-01 6.165152193957521121e+00
1.897596546754488189e+00 5.542493568357418354e+00
3.205556594366100853e+00 5.437645728265627199e+00
4.971727595961360713e+00 4.837855084175283871e+00
2.735062452469768868e+00 9.666643044142139152e-01
3.060940129514474695e+00 4.770071858975533985e+00
1.487185455497200381e+00 3.018027024779953660e+00
3.541245786853877586e+00 3.602934841078181627e+00
5.238050704749188213e+00 5.088846068481838181e+00
4.830213795596693949e+00 2.547695089276517777e+00
4.315756025241142879e+00 2.586930790993764884e+00
5.823648029768466294e+00 2.285990318916380215e-01
2.417815538292572342e+00 2.338440566906322682e-01
3.547322733514787885e+00 7.445118471547786942e-01
4.450814679774545368e+00 5.445255789302445137e+00
5.440246792103943463e+00 5.841513712368065825e+00
4.447149289371378877e+00 4.010510072227420508e+00
3.938420047351124609e+00 4.941410184734299271e+00
1.757038588625445374e+00 2.410693526476058501e+00
3.962669816378952881e+00 1.082417651451730078e+00
1.645538929452035726e+00 3.010963186197542552e+00
1.644839909900307706e+00 1.981305288581540314e+00
2.918319999337095183e+00 2.301510095838946945e+00
1.115637261867705066e+00 7.277792880463482827e-01
5.021400911083951257e+00 5.314997450326583994e+00
5.611984286834417190e+00 3.732196816121613026e+00
5.064445937078396298e+00 2.383747853895412661e+00
7.496797870191679314e-01 1.999333069693636000e+00
7.694759208501597003e-01 4.809539346208724808e+00
5.549357877325014066e-01 2.020771079236298728e+00
1.889035886990965418e-01 2.774625077463200640e+00
6.527791430424524366e-01 1.192846134920380052e+00
1.875417868471753458e-01 1.340222374321622612e+00
4.599027593562810878e+00 1.895869776548577551e-02
4.632326306094873836e+00 4.048233265408561543e+00
1.232210596074682973e+00 2.045259222948045519e+00
2.946310041316373418e+00 5.799980791168718675e+00
2.785682074115500839e-01 2.405059271000877352e+00
2.140790619110773729e+00 6.175751999897338251e+00
5.492034619982343102e+00 1.638729782793691747e+00
2.912648694135436589e+00 1.667749082807271410e+00
3.441064353870473824e-01 4.857852648821473274e+00
4.206483387451747546e+00 3.733478577251443831e+00
1.788500118798760363e+00 3.619388643279982887e+00
4.916177878216934971e+00 9.424757317653303934e-01
1.402663284728784543e+00 2.372898439662403991e+00
6.211122360488073646e+00 3.930254753064778284e-02
2.574695639983199502e+00 1.947502327279535331e-03
3.924979965541654181e+00 2.082942287430545658e+00
5.347910510034949105e+00 2.387169845804486989e+00
4.144412703231199480e+00 5.504404336136424547e+00
2.462373206570652506e+00 1.886533912721983341e+00
3.005626766110824355e-01 4.457979743474974832e+00
5.195765579916394650e+00 3.160988333322592769e+00
9.566255364949064477e-01 1.424025081969458872e+00
7.084416542913672954e-01 4.440046032991891600e+00
5.180700846086707223e+00 1.711964324677255345e-01
3.117623779814801210e+00 1.634793418431383705e+00
3.260747806149112193e+00 4.848291488098970703e+00
3.383749287040860310e-01 1.895734651876153753e+00
4.209704608560589811e+00 4.230892632939680986e+00
6.027376261610398522e+00 4.396642717468630224e+00
2.168448746767238422e+00 1.393074345210131737e+00
6.048412901341527759e-01 2.505223148466024785e+00
2.068159820711977570e+00 5.953991615205331378e+00
3.893120372295812981e+00 3.400309137568229723e+00
5.392526243190184587e+00 3.197430076783561947e+00
2.578127928083332687e+00 2.060783655657826063e+00
5.921706018552232109e+00 3.256845915351184839e+00
4.350985542702939135e+00 1.537482798431033304e+00
2.784899430611162963e+00 5.177528330787755984e+00
7.865768375786186262e-01 5.301413123525326121e+00
2.157288027862835023e+00 6.002265974329000997e+00
4.728677825985828420e+00 2.563132997887920705e+00
1.395308646798420149e+00 3.394415654596549814e+00
5.550049364099503890e+00 1.289106197246393304e+00
2.870764915492916902e+00 4.463967528538973717e+00
4.521791815906685663e+00 3.265563735248559141e+00
3.978936217592350388e+00 2.276794832088949949e+00
4.023141293421170772e+00 2.153821709763068526e+00
5.439824821938318955e+00 5.436527276195313618e+00
3.518312400885079683e+00 2.662240776647849305e+00
4.255086956733295622e+00 2.782722572794378291e+00
1.637592857672569124e+00 9.556357923343163918e-01
2.318403088873100426e+00 4.504377021800457292e+00
5.011308450588561669e+00 7.977813555474368989e-01
4.513373430125598773e+00 7.567241825728051596e-01
5.202467989820500627e+00 4.671660733476190153e+00
3.819039065900681873e+00 5.071132030773767951e+00
7.969376517266649751e-01 5.010758199349076847e+00
5.307854609186407835e+00 1.274721924850247490e+00
5.965545527370667678e+00 4.429197269499590917e+00
2.854377124750754557e+00 4.051551317794870322e+00
2.003322423111400408e+00 3.903110642956449938e-01
3.473362372868888492e+00 2.581279828436766621e+00
5.899403570676969188e+00 5.293835082350021537e+00
2.860329272271563639e+00 2.652108858118478740e-01
1.995537911874545101e+00 3.958004909803165994e+00
4.173451965523082841e+00 3.039545732350270590e-01
1.801670778820254837e+00 3.169356510690137352e+00
5.487837914737222711e+00 4.936972524569510412e+00
6.251816200711059202e-03 6.272869450905416144e+00
2.674828476054991189e+00 2.595401942947143770e+00
5.911925924461936432e+00 3.465769778851758964e+00
5.123954239175497527e+00 5.331349802651793368e+00
4.103101533236723775e+00 2.230282862566297375e+00
3.252503290640962330e+00 1.943299797299690601e+00
4.550466743501608846e+00 6.210194383445132082e+00
1.715470071377942052e+00 3.931478014754108408e+00
1.247218390066182625e+00 2.965443336203636093e+00
5.365197552198107012e+00 6.533023441538301501e-01
6.228503447237146773e+00 3.322008143579805672e+00
7.898070955426630402e-01 6.014471995636395008e+00
4.857212260306195795e+00 1.893064347073756037e+00
2.172040153815355090e+00 1.480220979366198286e-01
1.979095744791181222e+00 1.165373257781473715e+00
2.710367073361407364e+00 1.798708141807558336e+00
1.375217234335331051e+00 1.482921273265211282e+00
5.655187223975228328e+00 2.803018013266195041e+00
5.504031440259398167e+00 3.995776894420810521e+00
5.688793404786823160e+00 2.832656342933329796e+00
1.868893581764888401e+00 1.520204321116235269e+00
1.511193211862993602e+00 2.025519449578174758e+00
4.009569932456650498e+00 2.712400902907392997e+00
4.827931997466564096e-02 1.297278557739067750e+00
5.405169806536644472e+00 5.978852306289192065e+00
6.016668498291648959e+00 2.086312095084978502e+00
5.973983441762493740e-01 2.618336945100207647e+00
1.232172373656755360e+00 1.848414941504530784e+00
3.282948152369336903e+00 5.159605010328250252e+00
3.644764022118609059e+00 3.399036747617017795e+00
5.936713114490402177e+00 6.970862545083882367e-01
6.218890572354686341e+00 2.910123199433972463e+00
5.044376906444017372e+00 3.929737423475953673e+00
4.044484866354411956e+00 7.218859098573165989e-01
3.281155920954023308e+00 2.180292772046496630e+00
2.235907248035037931e+00 2.728019920382908303e+00
1.951042139794223029e+00 5.034668585276008024e+00
5.027632258844981550e+00 2.459730402012858086e+00
3.939625269606236380e+00 1.247417404779235905e+00
4.255297628590680503e+00 1.586819330539028350e+00
1.957358166547186196e+00 1.153177778010029186e+00
4.508646804881775161e+00 5.851210329602752225e+00
5.003967046800632978e+00 1.732495903910380886e+00
5.308395755479702771e+00 4.962362950473271361e+00
1.071771551724534977e+00 5.985155539731128016e+00
1.474493357438380725e+00 4.862938922666792507e+00
4.827305919405342927e+00 3.574570482830067952e+00
6.210466965743131063e-01 6.520733790621466852e-01
4.618427059131783530e+00 9.429379094206153944e-01
2.198786648197146310e+00 4.999089103780218757e+00
5.128598222590151856e+00 4.299336563198039585e+00
1.386387769608808052e+00 1.750007813821719216e+00
5.440783846923320510e+00 2.786204798455906406e+00
4.941795553227684046e+00 5.811771732593078887e+00
4.230815200026168732e+00 1.577455107269561729e+00
4.986618314550078424e+00 2.224461257746625176e+00
2.615839842977234486e-01 4.143391492192350367e-01
2.005944819162668757e+00 1.079543787463611126e+00
4.043379527833494969e+00 2.884172306076264292e+00
5.223781795864348432e+00 1.627744195718157982e+00
1.302680364747270947e-01 2.217418312233621958e+00
5.158768650269915490e+00 2.932489162341381794e-01
1.686885439734417513e+00 4.150450548991514665e+00
4.605742806932615174e+00 4.084192159737485284e+00
2.739166505122405226e+00 2.139503734970937376e+00
2.441911550837025491e+00 4.856755397056322643e-01
3.691648337874388730e+00 4.221631129445163388e+00
3.030181268719561949e+00 2.062742024663925200e+00
4.818774649705170887e+00 1.201156458582829378e+00
2.857104080571377214e+00 3.574585854453053102e+00
2.869735747045006224e+00 3.053667676271008435e+00
4.194706788715845569e+00 3.429585595329397996e-01
5.622499823415994413e+00 4.630627687463869435e+00
1.202040379817085336e+00 7.955921254934622544e-01
2.400474137640411065e+00 2.401304381613515115e+00
2.430788218876837270e+00 2.863340128292282571e+00
4.729350111969488957e+00 3.565567310738571472e+00
3.468383704532190137e+00 4.370611668721623211e+00
9.842845748315822707e-01 4.569843564245620549e+00
1.312147567261837011e+00 4.098389222166399115e+00
5.304032693186776726e+00 4.273309843374990535e+00
2.889335912456178157e+00 3.449708182735845341e+00
1.811712218893871240e+00 5.708789868345092167e+00
3.275281724280823425e+00 2.783299541349718353e+00
6.148372138771560635e+00 3.635928440964095731e+00
1.911648857345781494e+00 4.356538486510762809e+00
1.452827186083934574e+00 9.839759922437625594e-02
5.080309117200929592e+00 1.680580102019619160e+00
3.025231017187064442e+00 5.929055331906047499e+00
5.277125639694548731e+00 5.999936644627514859e+00
3.149512988745446940e+00 4.667417112570306226e-01
4.407473045923683053e+00 6.194132410556370871e+00
2.503529275967486978e+00 4.379043657722788474e+00
4.278311824006094888e+00 1.461228097107645674e+00
3.112560967315878765e-03 4.842490898608795113e+00
3.623727095150999666e+00 4.189745332613778572e+00
3.450087255301552691e+00 3.875644918869307176e+00
4.724083626100717304e+00 3.058750691406533662e+00
4.738638337394499800e+00 5.280932113895113744e+00
8.786974277813300871e-01 6.267188813625129029e+00
4.566923943578143685e+00 2.111027183898649129e-01
1.237279642131667856e+00 1.271517284177830831e+00
1.306566150253505310e+00 2.754494286840662998e-01
2.400302623068777813e-02 6.062672781511068365e+00
3.691626242945724723e-01 1.734082912795043896e+00
3.744900358453704392e+00 1.179725520983496034e+00
4.992268191349292117e+00 5.550512300412625555e-01
5.441101643388393860e+00 2.129216777124384730e-01
5.931723871298856920e+00 2.270162928804114966e+00
4.214227472938534724e+00 1.594613372783315608e+00
2.414539109682958706e+00 2.304543595948971846e-01
2.103444177170791907e+00 1.158482577610189024e+00
3.811468243510165887e+00 5.757913477762389931e+00
2.244872610701690085e+00 5.444171504256222427e+00
3.520110127989937610e+00 3.478045341291867931e+00
5.453993461628035888e+00 2.126563689055092965e+00
4.325214870025245517e+00 4.927575006994952211e+00
1.811208381852234872e+00 1.700529514620035876e+00
5.122333933471858280e+00 5.114622526011134429e-01
1.417552978801485675e-01 2.021134756517488196e+00
5.399601999176644185e+00 8.266474112439182731e-01
1.098273271284883501e+00 2.623616254645654511e+00
6.167948066505691607e+00 4.722995416958013948e+00
6.179899726692996254e+00 2.787615389058913706e+00
2.296291922077136061e+00 8.125361426426934708e-01
4.493918579478150654e+00 2.304810387689628204e+00
4.882506211455293510e+00 3.877439630941803106e+00
1.487140719565494262e-01 6.177189877326947354e+00
7.631920163622782916e-01 4.227029296854339258e+00
5.196178426083746693e+00 5.749488860362304443e+00
1.197716018273604632e+00 6.155568438903511463e+00
3.032540490126885313e+00 3.498726660382673326e-01
1.548847464839165466e+00 2.184394004853000393e+00
3.044425166796475679e+00 2.290731526199307200e-01
5.584124654415867361e+00 4.385181765529035935e+00
5.625810680339441205e+00 8.003374693718061650e-01
1.381178273598903106e+00 5.847468329385237418e+00
4.008932578762768983e+00 2.135631964185283671e+00
3.234988205989751897e+00 4.988625242008549066e+00
3.340872011044335732e+00 4.788566360560833068e+00
4.910071966570336066e+00 5.678284089827942971e+00
2.245999099163776158e+00 1.736122718930788844e+00
3.807371400579584453e+00 5.444287278268253871e-01
3.288009213286090748e+00 1.265653644354902907e+00
6.054555594090243353e+00 4.407999965534677322e+00
4.775846186781940172e-01 3.024940377758803312e+00
8.585189923598955941e-01 1.072013976575371341e+00
7.671445050459180237e-01 5.733916801439240984e+00
4.079255362058401779e+00 3.492605376967765629e+00
4.434480970200294969e+00 5.590098488773788787e+00
4.901800876457153677e+00 4.936831424798713286e+00
1.285239588578094505e+00 5.489644321188489329e+00
1.701722050327734437e-01 2.787202407232851176e+00
3.120503388450268201e+00 3.794932146868791989e+00
3.151432565614651349e+00 5.928008596029576083e+00
4.872593170724613953e-01 1.856131542936958256e+00
2.049887214211479680e+00 1.710989709434174388e+00
3.198285385004887349e+00 6.271570876938404204e+00
3.189200476661264716e+00 5.859775089191421316e-01
5.964749612157924652e-01 3.214241113706468145e+00
4.125281939449875757e-01 1.813090397691964117e+00
3.252764173444929519e+00 6.082098847109117301e+00
5.810346880721381169e+00 5.010760197592770915e+00
4.273342445032478842e+00 3.611591386294643158e+00
7.289247670678650204e-02 1.643782295016754880e+00
3.159889983220853793e-01 2.913816300481226751e+00
8.806723713143915777e-01 4.282384680620055839e+00
4.025658794390809980e+00 2.115351969268768340e+00
2.120533294180166450e+00 1.041030714543574875e+00
1.479618229906226823e+00 4.056063695449865669e+00
5.454964237453453713e+00 7.736217066416357646e-01
3.247187749581478933e+00 5.485053818224630895e+00
4.024570711684243740e+00 1.018915011250263597e-01
5.268350638845435974e+00 4.690502906347379763e+00
1.836760199908026525e+00 3.509075376662667889e+00
1.509331706705505871e+00 6.190796676151895106e+00
3.247585301683576731e+00 1.097593876858614648e+00
1.673125379640534760e+00 6.103645500265245438e+00
4.620665351877690341e+00 2.398328032291447975e+00
4.116751205542249492e-01 9.620980713003483009e-01
5.153179530296464250e+00 1.230071537051684150e+00
3.016767069482433339e+00 3.253507452047777360e+00
4.251374684386595604e+00 1.516311360596277691e+00
4.688030909727455509e+00 2.190695905886662409e+00
2.935287891501863269e-02 1.589695790126974373e+00
5.055963004239274028e+00 1.785490062057554672e+00
6.225915120803448666e+00 3.736960972796302460e+00
6.267926670807414169e+00 6.171852882581212896e+00
1.674222721519729395e+00 2.610600406250789707e+00
2.088766080210627596e+00 2.094488651056372497e+00
3.188341381784563500e-01 5.479877117672410591e+00
1.252679519425782262e+00 2.591847062687471226e+00
3.378821791664391228e+00 4.621248104538515200e+00
9.467861859004136349e-01 8.783508936579913495e-01
5.327322876876544377e+00 3.820332940335123162e+00
3.345925271170129722e+00 1.382779791351397558e-01
3.829623771807515897e+00 3.324174260646442391e+00
2.369334157168499377e+00 2.059327881507008406e+00
5.896801983375260514e-01 5.728770765948264732e+00
3.036897933945943873e+00 2.316047858211941257e+00
3.050128190691962615e+00 3.023029636717213808e+00
2.461537987708635189e+00 4.979849599305612884e+00
1.901465954948714954e+00 3.764623678353821390e+00
5.034711519464133644e+00 4.723120662372032541e+00
4.638682523541448610e+00 5.988064109308719019e+00
2.646949042362186422e+00 1.270443222569819230e+00
1.399246785760275946e+00 6.010114319897509993e+00
5.057909024367750916e+00 2.196676135900346716e-01
3.584093694727141788e+00 4.772985219513785182e+00
4.584504435065478667e+00 5.231999917700136393e+00
2.213390176096518225e+00 3.817600449174721078e+00
5.110975217149500871e+00 2.949560901244996813e+00
1.838060611379956466e+00 2.040427775537558830e+00
5.352299916812085279e+00 4.684326755738073444e+00
2.038112870958876499e+00 4.652024851689558482e-01
2.270532279247984009e-01 2.126682329066471588e+00
8.621871101809687188e-01 3.224862753842363983e+00
5.687683648332581221e+00 2.474757371074706391e+00
5.027348083496020692e+00 6.205129916901706899e+00
2.620549284265075496e+00 5.282701415513798793e+00
2.628547670795805757e+00 1.625941548825841076e-01
3.745201811412540049e+00 2.304591612165654890e+00
1.264810389349253050e+00 1.214136265530478376e+00
7.732589832147594988e-01 3.721567058060545552e+00
4.561262651264595958e-01 3.368235117092925446e+00
4.969714596763272318e+00 6.051911105743488228e+00
3.266461832855539704e+00 4.977285477778933931e+00
6.545518711864832806e-01 4.372427889328855954e+00
1.277184373766389047e+00 5.154656258811908920e+00
1.442019855108139792e+00 2.525968457206042572e+00
3.332347633600736714e+00 5.669072493635262333e+00
2.982074192070963914e+00 4.531997987710727038e+00
8.342075171039339820e-03 1.288525590240108931e+00
2.727757172487434989e+00 4.142664559392087220e+00
2.665807331474336017e+00 3.426128726270151859e+00
6.103099977389891961e+00 5.758263271789800797e+00
8.660311952441284156e-01 2.221303334875884161e+00
4.196375950326173943e+00 2.701088865796990035e+00
2.451128019328455032e+00 3.897314063910383819e+00
1.805002140299106106e+00 4.817965936710739250e+00
4.185138166667042858e-01 2.649927433989153425e+00
7.446551483110729341e-01 1.964889427887402062e+00
7.067658421955351766e-01 3.854039307400827674e+00
