-7.776071146130562717e+00
-7.778074920177459717e+00
-7.774895459413528442e+00
-7.774256479740143000e+00
-7.762848594784736989e+00
-7.774368149042129694e+00
-7.761078161001202957e+00
-7.752877402305604626e+00
-7.767569261789322610e+00
-7.772495675086974920e+00
-7.778719276189803189e+00
-7.774835914373396051e+00
-7.677332419157028909e+00
-7.764447709918023577e+00
-7.779831475019457265e+00
-7.772297516465187073e+00
-7.770189759135246454e+00
-7.778647756576537731e+00
-7.779247993230818281e+00
-7.691072809696196444e+00
-7.747544974088668823e+00
-7.779869449138640647e+00
-7.466906559467316740e+00
-7.770608475804330340e+00
-7.720031386613844582e+00
-7.754920572042466098e+00
-7.779504126310349044e+00
-7.737681528925895336e+00
-7.770500457286834362e+00
-7.725016075372695745e+00
-7.626642018556594849e+00
-7.651321679353714877e+00
-7.766784405708311745e+00
-7.767768353223800659e+00
-7.713093543052672807e+00
-7.764917379617690685e+00
-7.778920078277589134e+00
-7.771669903397559587e+00
-7.776200026273728305e+00
-7.096895152330398027e+00
-7.617027026414871393e+00
-7.777275830507281107e+00
-7.776985156536102117e+00
-7.778767609596252797e+00
-7.778371858596803357e+00
-7.779531127214429631e+00
-7.114952096343039933e+00
-7.760107272863387529e+00
-7.684204402565955938e+00
-7.775857579708100431e+00
-7.770073649287223994e+00
-7.750557833909988759e+00
-7.774690869450570752e+00
-7.773907974362373352e+00
-7.592614066600799738e+00
-7.672503596544265392e+00
-7.761668625473975069e+00
-7.478271719813347040e+00
-7.625814229249953335e+00
-7.778578728437421930e+00
-7.758850330114364979e+00
-7.747169864177704035e+00
-7.064815399050711875e+00
-7.777791273593903654e+00
-7.759511560201644897e+00
-7.768342599272728854e+00
-7.770978689193723810e+00
-7.618370902538299738e+00
-7.742305576801299161e+00
-7.776604288816452382e+00
-7.779573804140092363e+00
-7.772599977254866843e+00
-7.779650235176085893e+00
-7.692469334602354714e+00
-7.777824789285659790e+00
-7.777178794145584106e+00
-7.769285404682158003e+00
-7.779259300231933238e+00
-7.777252990007401223e+00
-7.775696897506712446e+00
-7.777373284101485318e+00
-7.753055733442306696e+00
-7.774005040526390076e+00
-7.776765275001523037e+00
-7.763852387666702271e+00
-7.748285675048827592e+00
-7.774575132131576360e+00
-7.778182744979858398e+00
-7.425337964296341298e+00
-7.778708922863007302e+00
-7.778299838304520541e+00
-7.774947559833527144e+00
-7.496730649471283314e+00
-7.762377774715423229e+00
-7.137926068902016752e+00
-7.765690699219702786e+00
-7.771455147862434742e+00
-7.771682992577551907e+00
-7.779730606079102273e+00
-7.618045628070831299e+00
-7.774362444877624512e+00
-7.716832211613656511e+00
-7.766783899068832930e+00
-7.769762682914733709e+00
-7.779806011915208153e+00
-7.528933316469194281e+00
-7.770391619205475386e+00
-7.741410151123999661e+00
-7.775220179557802425e+00
-7.773366165161132990e+00
-7.769013315439224243e+00
-7.685287237167358398e+00
-7.753585487604142124e+00
-7.647732347249985629e+00
-7.774194866418839389e+00
-7.765568387508392512e+00
-7.751824492216112361e+00
-7.752958011627199220e+00
-7.774835976958275552e+00
-7.774698501825332286e+00
-7.661437284946441828e+00
-7.669978135824202958e+00
-7.775941026210784202e+00
-7.778101450204849776e+00
-7.678894492983818765e+00
-7.593657553195952481e+00
-7.769491529464721324e+00
-7.749789953231810635e+00
-7.745706379413606513e+00
-7.771162432432173972e+00
-7.754094606637955245e+00
-7.779839438199995350e+00
-7.778561049699783680e+00
-7.778569889068605470e+00
-7.768021273612976785e+00
-7.779016983509063898e+00
-7.775670331716536765e+00
-7.636218804121018167e+00
-7.610987508296966908e+00
-7.776793146133422319e+00
-7.774483609199522860e+00
-7.754724481701851246e+00
-7.611421185731887640e+00
-7.771772706508636830e+00
-7.713111174106598078e+00
-7.765307331085205433e+00
-7.777740305662155684e+00
-7.760829377174378152e+00
-7.779410028457641957e+00
-7.752236282825469615e+00
-7.775468066334723538e+00
-7.778153163194657438e+00
-7.774919736385346170e+00
-7.727863261103629533e+00
-7.775020217895506569e+00
-7.547808808088301902e+00
-7.777898037433625511e+00
-7.665133383870124106e+00
-7.778544151782990745e+00
-7.772427168488504456e+00
-7.766740453243255793e+00
-7.752715921401976296e+00
-7.770870622992515742e+00
-7.735132542252540766e+00
-7.779372149705887196e+00
-7.779455322027207131e+00
-7.611065524816513772e+00
-7.769688677787780939e+00
-7.778456181287766391e+00
-7.779251122474669877e+00
-7.464637553691864547e+00
-7.763638028502463762e+00
-7.693778139352797751e+00
-7.726103478670120595e+00
-7.771484386920931797e+00
-7.695354297757149631e+00
-7.777624106407165172e+00
-7.779473417997358808e+00
-7.744219011068344649e+00
-7.251529651880264105e+00
-7.776735883951187311e+00
-7.762329494953156939e+00
-7.773495820164680659e+00
-7.737559080123901367e+00
-7.618975684046745300e+00
-7.759413745999336420e+00
-7.777449637651445258e+00
-7.778683823347093629e+00
-7.634100413322449263e+00
-7.764282625913619285e+00
-7.777927732467652788e+00
-7.776695418357850720e+00
-7.756748002767562156e+00
-7.765473467111587702e+00
-7.772704267501831410e+00
-7.778350412845609796e+00
-7.772878721356391907e+00
-7.710737907886506370e+00
-7.777977067232130004e+00
-7.779491084814069701e+00
-7.754107642173767800e+00
-7.729972100257873180e+00
-7.772126692533494641e+00
-7.768722376227377602e+00
-7.779530555009841919e+00
-7.768110659718514555e+00
-7.779376745223999023e+00
-7.309542810916901168e+00
-7.531124055385587823e+00
-7.715010073781015443e+00
-7.697887563705443803e+00
-7.732124686241149902e+00
-7.779750871658325018e+00
-7.772490692138671164e+00
-7.768409815430641352e+00
-7.140904980897904153e+00
-7.774251818656920499e+00
-7.777232766151427334e+00
-7.748246324062344925e+00
-7.779581463336944225e+00
-7.748742118477822238e+00
-7.769848239421844660e+00
-7.762638932466506603e+00
-7.763478982448578591e+00
-7.749866846203803838e+00
-7.779447138309478760e+00
-7.779265928268431551e+00
-7.289632749557494407e+00
-7.676149177551268465e+00
-7.767341580986976801e+00
-7.779022699594495549e+00
-7.767293778061866938e+00
-7.675260704755782371e+00
-7.777606344223023882e+00
-7.764947414398195136e+00
-7.778701376914977317e+00
-7.769421935081483710e+00
-7.754181164503100021e+00
-7.766826584935188293e+00
-7.770787101984023337e+00
-7.114139378070832187e+00
-7.771120920777320862e+00
-7.776835042238237072e+00
-7.779071170091628851e+00
-7.678249615430833508e+00
-7.778469192981720681e+00
-7.765767282247542980e+00
-7.754327967762947971e+00
-7.609099903702735368e+00
-7.666781699657441607e+00
-7.775699910521508329e+00
-7.779467135667801791e+00
-7.583997985720634993e+00
-7.779381734132766013e+00
-7.770100423693657277e+00
-7.779253286123276823e+00
-7.778747034072875266e+00
-7.767231571674345858e+00
-7.778296375274659447e+00
-7.773353230953216730e+00
-7.767615410685538180e+00
-7.737459784746169689e+00
-7.778373235464095536e+00
-7.729537284374237593e+00
-7.726692545413973434e+00
-7.771539670228957419e+00
-7.779249650239944636e+00
-7.769224715232848411e+00
-7.774025309085845770e+00
-7.779334831237793679e+00
-7.763783806562422285e+00
-7.778454238176347957e+00
-7.717971676588059715e+00
-7.775715321302413940e+00
-7.777295684814452770e+00
-7.772456499934196295e+00
-7.656726354360580800e+00
-7.277461665868757201e+00
-7.765519204735755743e+00
-7.308368209004401983e+00
-7.779046630859372868e+00
-7.767499506473540372e+00
-7.771180301904677457e+00
-7.769597229361532520e+00
-7.754807898402216182e+00
-7.766143071651457674e+00
-7.744340577721595231e+00
-7.771549978852273277e+00
-7.708229684829711381e+00
-7.666790366172792304e+00
-7.767682826519013872e+00
-7.769898763298987987e+00
-7.349199080467224476e+00
-7.665185785293576970e+00
-7.763845652341842651e+00
-7.720360219478607178e+00
-7.759276735782623113e+00
-7.773332411050795088e+00
-7.775851100683212280e+00
-7.553932166099547096e+00
-7.779381072521211138e+00
-7.737867212295532759e+00
-7.738845050334929532e+00
-7.779461294412612915e+00
-7.776262062788008578e+00
-7.750202751159667613e+00
-7.432319146394731568e+00
-7.696840098500251415e+00
-7.769847986102105253e+00
-7.776920628547668635e+00
-7.607040411233903399e+00
-7.773136508464813410e+00
-7.778625804185868020e+00
-7.778298401832580033e+00
-7.770896148681639914e+00
-7.762368595600127819e+00
-7.762733793258666637e+00
-7.778742301464079745e+00
-7.779680228233337047e+00
-7.683734309673308616e+00
-7.681780326366425271e+00
-7.778942173719405773e+00
-7.779824107885360718e+00
-7.641532322764397200e+00
-7.757525032758713301e+00
-7.592464581131936008e+00
-7.683324202895165378e+00
-7.618496942520140536e+00
-7.776459068059919488e+00
-7.763553985953331349e+00
-7.774098008871078491e+00
-7.483554208278658137e+00
-7.777003747224808805e+00
-7.729824510216713129e+00
-7.778424894809720769e+00
-7.779610741138458074e+00
-7.440885955095290605e+00
-7.779541796445847091e+00
-7.566378036141395924e+00
-7.775199031829834517e+00
-7.747404685616492870e+00
-7.776435774564743220e+00
-7.779518812894819391e+00
-7.770440053939821290e+00
-7.766441088914868729e+00
-7.777983891963958563e+00
-7.762699535489081093e+00
-7.685288870334623823e+00
-7.777570253610612383e+00
-7.735987138748170011e+00
-7.760746073722838645e+00
-7.691031643748284630e+00
-7.763776135444642179e+00
-7.756002098321914673e+00
-7.730227059125900801e+00
-7.759901630878448309e+00
-7.253592991828917924e+00
-7.594840872287750067e+00
-7.773910903930664418e+00
-7.762080627679824651e+00
-7.771603262424468639e+00
-7.764957588911057584e+00
-7.777181911468504794e+00
-7.779152828454971136e+00
-7.761451339721680220e+00
-7.776045411825178277e+00
-7.630396395921707153e+00
-7.640565133094787242e+00
-7.769634693861009467e+00
-7.779284846782684504e+00
-7.770409855246544595e+00
-7.768008795380592524e+00
-7.713711872696875638e+00
-7.759726953506471681e+00
-7.778629112243652166e+00
-7.252268737554549816e+00
-7.716034597158431652e+00
-7.582602584362031273e+00
-7.763310328125953674e+00
-7.759966215491295394e+00
-7.173495233058930332e+00
-7.773760926723479514e+00
-7.752431952953339866e+00
-7.738818678259848483e+00
-7.739432996511458107e+00
-7.701465851068498125e+00
-7.779385709762574486e+00
-7.734770196676254983e+00
-7.778788614273071111e+00
-7.703799897432325849e+00
-7.474494117498396761e+00
-7.553284353017806652e+00
-7.610120564699172974e+00
-7.745487645268441135e+00
-7.765367048978803588e+00
-7.776908344030379006e+00
-7.558801066875458829e+00
-7.779822278022765047e+00
-7.773492196202278492e+00
-7.629696330428122231e+00
-7.772966474294663364e+00
-7.773011529445648549e+00
-7.773729386925698037e+00
-7.490153062343598123e+00
-7.754307702183723450e+00
-7.775818240642548673e+00
-7.776489102840424827e+00
-7.776513820886612471e+00
-7.766272193193435314e+00
-7.770863041281701022e+00
-7.779377192258834839e+00
-7.763512855768204268e+00
-7.778488045930862071e+00
-7.778224897384644621e+00
-7.778144615888596292e+00
-7.703357076644897994e+00
-7.779378217458725153e+00
-7.654708635807038419e+00
-7.523315730690955938e+00
-7.775706732273103050e+00
-7.734217494726182807e+00
-7.777325487136842241e+00
-7.777993530035017145e+00
-7.769656854867935891e+00
-7.779609459638598068e+00
-7.765855455398558149e+00
-7.723831099271774470e+00
-7.747316044569016569e+00
-7.775002598762510431e+00
-7.779629445075986638e+00
-7.752365481853484397e+00
-7.757812631130217795e+00
-7.718809664249418390e+00
-7.663945299386979215e+00
-7.710387957096100031e+00
-7.733618935942650374e+00
-7.762704282999036920e+00
-7.779433774948122604e+00
-7.777453494071958850e+00
-7.768067747354507446e+00
-7.764043170213698275e+00
-7.773681688308715643e+00
-7.779615586996077248e+00
-7.777245670557021207e+00
-7.773665431141853155e+00
-7.779703605175019021e+00
-7.709217834472656072e+00
-7.638663649559020996e+00
-7.779795646667481357e+00
-7.406174707412721325e+00
-7.715427815914154053e+00
-7.776742899417874888e+00
-7.686774444580078303e+00
-7.771184399724006653e+00
-7.777026706933976463e+00
-7.773862129449846670e+00
-7.774559843540191473e+00
-7.665254604816436945e+00
-7.777840781211853738e+00
-7.775503623485565896e+00
-7.779177021980285822e+00
-7.778368967771529086e+00
-7.542082381248473411e+00
-7.704110574722289329e+00
-7.778015464544296265e+00
-7.778976273536683195e+00
-7.770457434654235662e+00
-7.764895182847975974e+00
-7.704683470726013894e+00
-7.777073717117310103e+00
-7.775773328542710416e+00
-7.762163954973221536e+00
-7.763101547956466675e+00
-7.696132570505143100e+00
-7.572507864236832198e+00
-7.752839648723602650e+00
-7.775154972076415483e+00
-7.659104222059248457e+00
-7.737956082820892867e+00
-7.669620758295057961e+00
-7.735780972242354281e+00
-7.484151342511176530e+00
-7.638312423229216108e+00
-7.751432108879089178e+00
-7.779802477359772261e+00
-7.761214154958724798e+00
-7.767000201344491650e+00
-7.779458391666413064e+00
-7.775730812549589643e+00
-7.774978870153427479e+00
-7.779746770858763760e+00
-7.757304683327674866e+00
-7.767029494047164029e+00
-7.766654944419861373e+00
-7.773771178722381769e+00
-7.775626367330549904e+00
-7.779446798563003362e+00
-7.640895092487335560e+00
-7.778743809461591496e+00
-7.768701779842377420e+00
-7.778141218423843206e+00
-7.778722399473189775e+00
-7.760450008511542208e+00
-7.778937661647794322e+00
-7.712876647710799283e+00
-7.248238664865493064e+00
-7.726618978381157632e+00
-7.779678893089295499e+00
-7.773864758014678245e+00
-7.746255293488502502e+00
-7.701589649915694835e+00
-7.778185319900514649e+00
-7.774531638622281804e+00
-7.778783303499221091e+00
-7.773795664310457099e+00
-7.779795598983764826e+00
-7.520360413193700744e+00
-7.760178971290588201e+00
-7.770574975013733621e+00
-7.759689572453498663e+00
-7.710597258806227039e+00
-7.761905395984649125e+00
-7.778884148597716042e+00
-7.773913031816482189e+00
-7.766121745109558105e+00
-7.779670399427415006e+00
-7.735288673639297841e+00
-7.778866940736769209e+00
-7.779475092887878418e+00
-7.779387533664703369e+00
-7.717424917221070046e+00
-7.737362539768219527e+00
-7.755749922990799128e+00
-7.763290062546730930e+00
-7.770645174384116949e+00
-7.645774391293525873e+00
-7.779142189025879617e+00
-7.770580554008484242e+00
-7.777556949853896562e+00
-7.756545788049697521e+00
-7.776609838008879727e+00
-7.746445208787918979e+00
-7.766476106643678712e+00
-7.778082102537154263e+00
-7.741455268859864347e+00
-7.769133532047271196e+00
-7.744848433136939825e+00
-7.765433216094970170e+00
-7.771558052301408281e+00
-7.736899426579475936e+00
-7.767771452665330756e+00
-7.776099318265913496e+00
-7.773123443126679355e+00
-7.674873405694960127e+00
-7.768452888727188643e+00
-7.779583877325057628e+00
-7.778823536634444480e+00
-7.661111766099930165e+00
-7.756377640366554971e+00
-7.764813548326492842e+00
-7.776587399840354742e+00
-7.741797611117362976e+00
-7.726683148741723350e+00
-7.775418013334273404e+00
-7.617801696062088013e+00
-7.769360685348511097e+00
-7.779910272359849444e+00
-7.599164831638336892e+00
-7.770639568567276001e+00
-7.772474136948584800e+00
-7.755763047933578846e+00
-7.771935027837751697e+00
-7.779576897621154785e+00
-7.770471918582915194e+00
-7.746079522371292825e+00
-7.769263648986816762e+00
-7.727932429313660201e+00
-7.421928688883781433e+00
-7.756297117471695479e+00
-7.777312624454498113e+00
-7.778965419530868175e+00
-7.772707653045655363e+00
-7.778206801414489391e+00
-7.770111843943596774e+00
-7.600580269098281327e+00
-7.760607731342315851e+00
-7.750443458557129794e+00
-7.561316543817520497e+00
-7.779475516080856856e+00
-7.769023010134696428e+00
-7.776545900106431652e+00
-7.769932931661605480e+00
-7.573909235000610529e+00
-7.711282169818879595e+00
-7.751197367906570435e+00
-7.765727716684339477e+00
-7.771009096503257219e+00
-7.774369370937348478e+00
-7.770181113481520185e+00
-7.765028893947602207e+00
-7.761523103713990679e+00
-7.776123368740083031e+00
-7.778037798404694669e+00
-7.779131907224655862e+00
-7.745904171466827748e+00
-7.765440684556960349e+00
-7.765291517972945812e+00
-7.691578227281570257e+00
-7.770814925432205200e+00
-7.768187397718429921e+00
-7.769785475730895286e+00
-7.771804028749465409e+00
-7.770088416337967985e+00
-7.742574965953827437e+00
-7.293840557336807251e+00
-7.769374132156373847e+00
-7.777088662981985756e+00
-7.736844712495803300e+00
-7.779782938957211513e+00
-7.750993582606316323e+00
-7.773390573263167624e+00
-7.664222684502601801e+00
-7.772160398960113348e+00
-7.755342566967009077e+00
-7.688901144266129251e+00
-7.771670928597450789e+00
-7.752152311801908446e+00
-7.640242087841032870e+00
-7.731873619556427712e+00
-7.465995031595229925e+00
-7.751372480392456410e+00
-7.769728085398675432e+00
-7.768225473165513151e+00
-7.770377370715141119e+00
-7.469540280103681873e+00
-7.751203149557114536e+00
-7.778961843252181652e+00
-7.743612688779831110e+00
-7.753405871987342657e+00
-7.762525743246078136e+00
-7.778403759002684659e+00
-7.643745899200439453e+00
-7.752971488237379916e+00
-7.728535979986189908e+00
-7.741814640164374595e+00
-7.773655158281326472e+00
-7.771435540914535700e+00
-7.601043781638145980e+00
-7.757837313413620706e+00
-7.669855225086212869e+00
-7.767946010828017833e+00
-7.779600888490678656e+00
-7.775672233104705455e+00
-7.775304597616196745e+00
-7.767056369781494496e+00
-7.777350264787674661e+00
-7.779476970434188843e+00
-7.369108185172080105e+00
-7.765553927421571245e+00
-7.775062358379365435e+00
-7.757772201299668602e+00
-7.767670369148254927e+00
-7.760126101970671542e+00
-7.640112861990927762e+00
-7.659612935781479059e+00
-7.778997951745988182e+00
-7.702983844280242742e+00
-7.774949145317076926e+00
-7.760887804627420117e+00
-7.779602539539338224e+00
-7.769227591156958823e+00
-7.779473054409027810e+00
-7.776896163821222174e+00
-7.769632938504219766e+00
-7.690005761384963279e+00
-7.777969706058501131e+00
-7.460147163271903636e+00
-7.779620581865310136e+00
-7.631313765048981068e+00
-7.773626059293746948e+00
-7.778021538257596568e+00
-7.756771260499953691e+00
-7.778385001420975442e+00
-7.776589363813400269e+00
-7.779289603233336514e+00
-7.776032400131225764e+00
-7.778735214471817372e+00
-6.940686747431755066e+00
-7.772698289155959728e+00
-7.591956043243407670e+00
-7.779455137252808683e+00
-7.773499590158463590e+00
-7.773755577206611811e+00
-7.779379355907440896e+00
-7.769676569104196240e+00
-7.775611251592634332e+00
-7.762893605232239480e+00
-7.496439093351364491e+00
-7.778497636318205899e+00
-7.778309667110442582e+00
-7.776329004764559016e+00
-7.773077386617660345e+00
-7.719681316614150468e+00
-7.752026891708375445e+00
-7.765112155675888417e+00
-7.739287924766541593e+00
-7.778413730859757180e+00
-7.763561761379241588e+00
-7.401704508066178079e+00
-7.768077287077903570e+00
-7.747780007123947321e+00
-7.770960640907286887e+00
-7.773919552564620972e+00
-7.749771243333815285e+00
-7.765186384320259982e+00
-7.642554146051407926e+00
-7.758910691738127419e+00
-7.778642618656157026e+00
-7.739477187395095825e+00
-7.733535915613173550e+00
-7.779353189468384500e+00
-7.778869962692259499e+00
-7.761862817406655068e+00
-7.770303204655648166e+00
-7.779259437322616932e+00
-7.770163181424141641e+00
-7.716296809911729504e+00
-7.698359811305998335e+00
-7.747435128688813677e+00
-7.771588933467864280e+00
-7.779139262437820612e+00
-7.754514956474303666e+00
-7.772901225090027566e+00
-7.779404467344284591e+00
-7.732679533958437545e+00
-7.766286236047744929e+00
-7.777144545316695634e+00
-7.731076568365097046e+00
-7.752322137355806220e+00
-7.762907913327216747e+00
-7.749992123246193465e+00
-7.715561255812644070e+00
-7.769128322601318359e+00
-7.751704376935959928e+00
-7.645905774831772028e+00
-7.764469170570373890e+00
-7.764601361751556574e+00
-7.765958824753762535e+00
-7.690579816699028903e+00
-7.760989689826966575e+00
-7.779105681180953802e+00
-7.775339728593825939e+00
-7.776857799291610363e+00
-7.778873217105864768e+00
-7.779114091396330366e+00
-7.776967227458953857e+00
-7.768693524599075140e+00
-7.770368224382401934e+00
-7.778544753789901733e+00
-7.334744402766227189e+00
-7.776286542415618008e+00
-7.777630865573883057e+00
-7.779575270414351706e+00
-7.778931772708890691e+00
-7.622354644536973645e+00
-7.742121437191962663e+00
-7.511344793438911260e+00
-7.773534065485002031e+00
-7.779741728305815229e+00
-7.778075754642486572e+00
-7.694263300299644115e+00
-7.762887465953826727e+00
-7.778340429067611694e+00
-7.768202596902847645e+00
-7.778888720273973156e+00
-7.777994424104689664e+00
-7.749122285842895863e+00
-7.778213077783582285e+00
-7.587310057878494440e+00
-7.757129436731338146e+00
-7.779560518264769797e+00
-7.778840202093122436e+00
-7.777709472179412664e+00
-7.751900863647462003e+00
-7.663038155436515453e+00
-7.763716471195221125e+00
-7.779483193159101972e+00
-7.677801340818405151e+00
-7.731674456596372202e+00
-7.763370996713638839e+00
-7.755835998058318914e+00
-7.777372056245804188e+00
-7.775672978162764259e+00
-7.747981530427932029e+00
-7.778419595956801658e+00
-7.753672099113465777e+00
-7.550227081775665816e+00
-7.562760233879090244e+00
-7.598917368054388888e+00
-7.778915041685103837e+00
