3.146186543249273715e+00 6.284040554951475066e+00 2.047602233952625195e+00 5.806153663164805856e+00
4.717789354027098980e+00 4.740486266813719318e+00 3.439857810538883065e+00 2.845261163794468473e+00
1.573643118309030031e+00 1.518065433975037015e+00 6.623709405913122961e-01 5.615848195117586705e+00
3.138492145047916182e+00 4.747230675894613228e+00 9.085515345568722090e-01 6.659039431034026180e-01
6.286354925577003705e+00 4.755519177569645706e+00 2.224777261532255856e+00 5.632999192975581160e+00
3.138977413528182936e+00 6.245278342115040182e+00 4.024600320016443078e+00 5.396679396888171887e+00
3.152419804420730554e+00 6.306816930701528712e+00 1.707028637857858522e+00 1.436642577472394544e+00
1.574720713925857885e+00 4.013913111295989988e-02 6.197474040219432823e-01 5.666452876547283246e+00
4.671536136658049898e+00 3.129888911674159502e+00 3.106389646035673024e+00 1.601839311522890608e+00
1.531150013406812782e+00 1.592069185736646464e+00 1.545363288149431913e+00 3.166345012138389148e+00
6.289387925960701509e+00 3.135456746910902925e+00 2.614481120832467531e-01 4.450161018387444045e+00
6.246089364403907496e+00 4.685847088064249100e+00 1.550168429279607851e+00 4.729315728211592074e+00
3.858172649755343270e-02 6.318029458789560238e+00 1.589834966657636128e+00 4.699503032898889821e+00
6.279260638638600511e+00 6.190841009015202179e-02 4.279308689382013142e+00 5.152487483677796298e+00
-7.464747975882452848e-03 6.235184473421152340e+00 4.544530474552933796e+00 1.733565362233701501e+00
3.123249583356730863e+00 3.100009845353510762e+00 6.212436959091739652e+00 6.551102457908562771e-02
1.558650139455925121e+00 1.533819900412623838e+00 1.451109773946273718e+00 3.257544745401381281e+00
4.708968912937578466e+00 3.192133444231638695e+00 9.481329750459253081e-01 5.340568957985174947e+00
1.568751626712642455e+00 6.241431501016764472e+00 5.574565521274996271e+00 3.846298237558386734e+00
6.277594598720957819e+00 1.535683743837844339e+00 4.463060565566872029e+00 3.387446933751576239e+00
4.711187483110442997e+00 3.182368852429419803e+00 2.377192137277564843e+00 7.688698890509730877e-01
1.614040049644173358e+00 3.163442217664190537e+00 2.099428104542699208e-02 -1.713283745867355198e-02
1.599269294353463211e+00 4.708156034102822574e+00 4.759448706119421502e+00 3.096044759876234398e+00
3.159647548582989351e+00 1.554886816406187533e+00 3.212921232340499422e+00 4.639769226580691353e+00
-4.000518906116071888e-02 3.115430807970000160e+00 6.254956859040415651e+00 3.165539014277470642e+00
1.566620682113512020e+00 1.511427074898029410e+00 5.860320390079174935e+00 5.130490595064859605e+00
-3.404741167624317222e-02 1.589382706661095046e+00 6.244425670796611705e+00 1.610143188167058481e+00
4.713358299508943361e+00 4.685029142809838537e-02 5.451870761758669026e+00 5.548681748422458426e+00
4.716896071769179244e+00 1.631736245316203204e+00 5.066110047669105221e+00 1.221813319753944249e+00
3.139214791840549523e+00 3.174833011579780706e+00 4.018868721891202256e+00 6.977316590642760330e-01
1.576167575879581007e+00 6.318808231762828242e+00 2.997678667251046369e-01 1.274829830834305566e+00
1.546255113803810533e+00 3.096408194097865163e+00 6.265830408405437701e+00 3.153173788741659767e+00
4.709495347959653522e+00 -5.374343191271678533e-02 5.622818779723154137e+00 5.367672493982579951e+00
2.660319374122908725e-04 1.608782516922126149e+00 3.933510449185750879e+00 7.824718239037150580e-01
1.601779784181018629e+00 4.740042225826639921e+00 3.186239706310234343e+00 3.101299124644706584e+00
-9.544627065489058593e-03 1.614530669103330540e+00 1.425534321337195598e+00 3.290150291943722216e+00
1.592182107928137302e+00 6.265475178888387120e+00 1.635138431115541691e+00 3.076284139501709092e+00
1.573775423015825625e+00 4.743062157958095604e+00 2.245858560914780977e+00 5.610792396987056563e+00
1.568320062888509225e+00 6.305256663010876395e+00 4.015521311749004063e+00 2.269665485906588120e+00
3.187587594846622796e+00 1.593235025582996567e+00 3.167714453930643437e+00 3.119304869672368419e+00
9.410221772336625073e-03 1.557373017827908823e+00 4.861741880305067376e+00 4.562421157202035005e+00
3.154800375602049289e+00 6.328159237510608826e+00 6.290644686075428815e+00 4.710403896597948226e+00
1.601816285078542457e+00 1.809647605882969482e-02 3.179999625255043316e+00 4.676192667448209050e+00
4.748218865137829425e+00 1.582876344921104517e+00 3.167097371981292486e+00 -2.250012511604995019e-02
3.184023153388273464e+00 6.277385002107230605e+00 4.740359176223714499e+00 1.544995058937917332e+00
3.146965083052482015e+00 6.265633011386733564e+00 1.834125041542891132e+00 1.305152150415251455e+00
1.566975724011388849e+00 3.130360919600861519e-02 4.163899484688565522e+00 5.264517710028285613e+00
3.132992201884143846e+00 4.689726074913642684e+00 1.394676566453485256e+00 1.745078495910667327e+00
3.139691813107318374e+00 3.181659305968230544e+00 8.706775424658751428e-01 5.415909363167893176e+00
1.547929850073744173e+00 4.682256469732149817e+00 3.080882400882257066e+00 1.626697597343961021e+00
3.150805067705815254e+00 6.274240074688178126e+00 3.296206652813841842e+00 4.558024024192715018e+00
4.721174247900035148e+00 4.690123638141298734e+00 1.749916361466497428e+00 1.389964750715853903e+00
3.169392231007964078e+00 6.267980294117435847e+00 1.614689784475000334e+00 6.238183455065529515e+00
4.704011353878155610e+00 2.148551962495388531e-02 2.975580108078743624e+00 6.451273335667544018e+00
6.233080454115108360e+00 6.300332417604471047e+00 3.110063353464383340e+00 3.070471671433105260e-02
4.752879825366985500e+00 1.565619245133732518e+00 4.739183852966959876e+00 6.257785443052774177e+00
5.071349996464673104e+00 3.987459429248760845e+00 4.240626159386513550e+00 5.093989480231664757e+00
1.566301257925708290e+00 3.107431405775273436e+00 2.794537123910747933e+00 3.436717530703057299e-01
1.930435374879337695e+00 3.989126101047088646e+00 1.100396642899786670e+00 5.095657183412610536e+00
6.286656224960451844e+00 3.192272756098190278e+00 5.240143668058729887e+00 2.618915634133598846e+00
6.265150004172410192e+00 1.595145659231080870e+00 6.204396258486324811e+00 3.222391654459455967e+00
5.438319662033896940e-02 6.287197949765044314e+00 2.020045268059434546e-02 4.694766357437798909e+00
3.160463408728686030e+00 3.160686152778676039e+00 3.218180651030503103e+00 3.067567172086633764e+00
1.596164186626213288e+00 1.622531485941123286e+00 1.607600733933374437e+00 3.111393372567051507e+00
1.551029843979421896e+00 1.609262210477816257e+00 1.501209265930391945e+00 4.785247522978841594e+00
1.612113757916052714e+00 6.330276388622252171e+00 3.167305388166612889e+00 1.552732363052784947e+00
1.605610694183763121e+00 3.121149976079543809e+00 3.417259150887460434e-02 -3.522034868361154786e-02
4.660658011150566438e+00 1.562004231123572895e+00 -2.479954309120368725e-02 4.732851620496835388e+00
1.559789129791517404e+00 3.184304629022132627e+00 1.447354300605663058e+00 4.839246606980504239e+00
3.144626205642750527e+00 3.102647716221263341e+00 2.222529599353965768e+00 2.485734655805972526e+00
1.573164966969480272e+00 1.610781735217400312e+00 2.267052420060092555e+00 5.589956038095221125e+00
6.270315265650903136e+00 4.918402239154946731e-02 3.052724966250644378e+00 4.804710212739971453e+00
4.728576945831715506e+00 3.127737106204508510e+00 6.370873373924418992e+00 6.194874794977456745e+00
1.588485563707006110e+00 1.615370141330565890e+00 1.644383385029698497e+00 1.503272128105495264e+00
1.534505043203794550e+00 3.152598249106070671e+00 1.534411605924123068e+00 3.176920772441643948e+00
-2.372550129327520227e-03 3.738270921745621284e-02 4.027446317566032441e+00 3.830504689704021803e+00
1.533684293334485638e+00 1.608132506054235522e+00 -3.259298465202000589e-02 1.604999330961880855e+00
3.144111787980568895e+00 1.606376257885815617e+00 2.252982818045488944e+00 2.462918954851488706e+00
1.575381768382925873e+00 3.103516426603039058e+00 3.579882511629697728e+00 4.268811519492114570e+00
6.305990251734784557e+00 3.142799778009924605e+00 1.623661339634846490e+00 4.660673661547114044e+00
1.618049350354797244e+00 6.279173255196669245e+00 3.159343132519005781e+00 1.556170464437318213e+00
4.681726540949832760e+00 4.735768042177953774e+00 3.099182427566786302e+00 3.184999976090785445e+00
1.610861406399731077e+00 3.104966817812352176e+00 3.164926642502954302e+00 6.256975704767625324e+00
6.239340332331442696e+00 4.731844204501634898e+00 3.110612547725452703e+00 3.171336099268643682e+00
3.162998759662444481e+00 4.758955813339791341e+00 3.900306586777069207e-02 3.108246883115240777e+00
3.151451487413010177e+00 4.670209531942687953e+00 3.280560669729893242e+00 6.140979430881849943e+00
4.749633778907861981e+00 3.111204347802670966e+00 1.602396452817528072e+00 3.108517293911959190e+00
3.178923434314118612e+00 3.126812452823172883e+00 3.170393648342904047e+00 6.254874387317179263e+00
6.279050340788185025e+00 5.094865916559270652e-02 1.212822379862802169e+00 1.933940499225291543e+00
1.538860952774218527e+00 6.337748975815520325e+00 1.559865557575507378e+00 4.728232540108106896e+00
4.754117899815737402e+00 3.144274439765966545e+00 1.595147626338882185e+00 3.118636802765545557e+00
1.574544026101706962e+00 1.535869309060486465e+00 5.282153523015588270e+00 9.967474681836345773e-01
3.096724290006432234e+00 6.255172003942597314e+00 3.117928120339705789e+00 3.160116159691667370e+00
4.707936943286546772e+00 3.166059234360501851e+00 4.319412442906368277e+00 1.966226434107603005e+00
3.117384416905777389e+00 4.741369878222352341e+00 6.228645516172427676e+00 3.197653769536264345e+00
3.198554231586164587e+00 4.727803181201268856e+00 3.167463779929718726e+00 1.551084008166290662e+00
4.653425090740261005e+00 4.728080656119342251e+00 1.550430501265112060e+00 1.589920132958931420e+00
6.316605745098886615e+00 3.112219628534293570e+00 4.741821701032925773e+00 6.252809908895486934e+00
1.569709065111156043e+00 5.190864417988431956e-02 8.614888180692275021e-01 7.146020055480326594e-01
2.420710455006117728e-02 4.740748651975913219e+00 1.616511331264365303e+00 3.100264979049285330e+00
1.570807370598795938e+00 1.612578266616315759e+00 3.930542970505778388e+00 3.927548360309264908e+00
4.690466240554084898e+00 3.174863719319210187e+00 1.508526997168882611e+00 4.777719432449792691e+00
-3.355015869375661559e-03 1.641019029210891489e+00 4.708527926202693337e+00 4.722424523533899077e+00
4.696211559522903478e+00 4.679908776141346038e+00 4.628937514755086191e+00 4.792088441762661688e+00
1.603711430164805218e+00 1.557054252728146793e+00 1.613367397647303303e+00 3.099826758438645857e+00
4.662284749780888582e+00 3.139598865915021353e+00 3.117086433912900745e+00 1.592992189322395280e+00
6.226170203793468971e+00 4.718331845363876731e+00 4.695273688839625592e+00 4.726931513920048289e+00
3.172697483214428793e+00 4.698130381455442262e+00 1.614665520458391956e+00 6.239604243124732719e+00
3.144258183682550722e+00 3.237253188485325617e-02 5.398169146811717667e+00 2.458767541738203111e+00
6.252124732472785773e+00 1.544222695528239875e+00 1.529674649410800003e+00 1.608511407529650938e+00
3.140976570833370562e+00 4.796652163746317754e-02 5.506030760296285465e+00 3.922886489648104380e+00
-3.818595750597545638e-03 6.232963131957396818e+00 4.143857776641548973e+00 2.134257260378080723e+00
5.812074907096801725e-03 3.094201784908928499e+00 2.075094096552763667e-01 1.358907601490920714e+00
6.237729857955486956e+00 6.296517518243612166e+00 1.545324808557493323e+00 4.737516150837578266e+00
-2.237958417210697201e-02 3.121661093645165863e+00 3.078914318777394410e+00 4.772298634329517952e+00
2.264018172087644502e-03 4.722406544972271192e+00 2.278767896999329690e+00 4.004544376735776900e+00
3.118345843477396073e+00 3.118539941223299472e+00 1.550195443630299597e+00 3.159086915283794816e+00
4.702148908715096276e+00 3.174699182529307162e+00 3.000690076266355089e+00 1.430617629217299513e-01
3.139315379325849698e+00 3.184109004183153679e+00 5.576731705683021012e+00 2.280846770686491443e+00
4.705925350848263911e+00 4.437198877385260115e-02 6.066436955384433283e+00 2.203658737266204481e-01
-4.040702242321372178e-02 4.723411439981072490e+00 6.247059253141686419e+00 3.176793294760755781e+00
1.139263706740619103e-03 -4.137663800308864076e-02 3.878804262922110890e+00 3.971378670016199042e+00
-8.695558393359236610e-03 4.656655096776127323e+00 -9.966551836653207708e-02 6.375747191203948283e+00
1.567878945960710535e+00 4.643830367482954635e+00 5.695144041097117693e+00 6.864147038692654412e+00
6.280998037840100245e+00 2.732120685082940412e-02 8.655666600222164941e-01 3.849225534877374955e+00
4.626789313610762261e-02 1.570157544482613909e+00 1.597758177570536953e+00 1.548054959604215686e+00
4.688379866883233049e+00 1.586996404791731763e+00 6.235608638935242531e+00 4.760046712955189108e+00
6.257249354058793678e+00 6.313005866423463175e+00 4.658438731224502583e+00 3.197217753007531194e+00
4.734014796319676144e+00 3.176798130529840503e+00 5.902882291865060860e-02 1.516631866262793782e+00
3.135709017637874574e+00 1.548552558775590837e+00 1.287302123197908710e+00 3.423609655472137803e+00
-6.137745165560272963e-03 -4.544227206094864774e-02 4.432319401363830735e+00 2.743984780551287361e-01
3.180290170783720782e+00 6.326276876458243770e+00 1.596275389446592419e+00 3.122220638099807211e+00
-1.379884862729608558e-02 3.175645011937571649e+00 1.482583198504815902e+00 3.233108534268340772e+00
-4.066219408829979676e-03 1.529403924040995788e+00 2.609311192955201975e+00 3.669405441804043377e+00
6.276750911778475661e+00 3.178480973777547458e+00 4.465632097149372370e+00 4.963027589378884663e+00
3.155158746482210397e+00 1.555713816897888568e+00 6.393209147186173169e+00 1.459460837894836382e+00
4.697177811396406000e+00 1.575304132030869830e+00 1.479589931536035463e+00 3.232039964538762078e+00
4.442276387693939316e-02 3.175253417560396585e+00 4.750192423781770756e+00 3.108730761623859529e+00
1.530376087050994371e+00 4.723170607034541391e+00 3.111231256539640277e+00 1.599097404875462702e+00
1.571834984733143870e+00 1.619282546741514395e+00 3.885128620323025750e+00 5.543944502381603634e+00
4.680791884677502068e+00 -2.106588539664412500e-03 4.666995604439343026e+00 4.321960297315219357e-02
4.715686526898191566e+00 4.681077439992990641e+00 3.772799751060603501e+00 9.365967885484222100e-01
3.145665115749482599e+00 1.606969714661669490e+00 2.017196402537486222e+00 2.699275425296779218e+00
4.686341992295012915e+00 4.728640382550567622e+00 4.660577655619085213e+00 1.622034739255678870e+00
5.924705878522306790e+00 5.437166621887500106e+00 3.613571582746228916e+00 5.901163771444022821e+00
6.293974064633236054e+00 4.756539155729214485e+00 1.699428411059843658e+00 3.018385214972487685e+00
3.181704306625301903e+00 1.590856811375819690e+00 1.265586220394878357e-02 3.131851061365282796e+00
3.140756762870515750e+00 3.176178368065884605e+00 4.713648855213897981e+00 4.714646127727338154e+00
4.760630105101076204e+00 1.584004488628162788e+00 1.588837268944067960e+00 4.698192180188925704e+00
-5.800341767937553482e-03 4.876755410389369688e-02 6.057846106206259407e+00 3.372485405246216317e+00
4.734761083889165612e+00 1.564590170926408952e+00 6.344886026464752860e+00 4.651682304919075861e+00
3.137275296379834266e+00 4.763606465083464414e+00 4.271849298572591991e+00 6.730647400805127134e+00
3.176406000838122967e+00 6.307477724976016553e+00 1.609870999097875455e+00 3.105983821785208931e+00
1.566114378867566437e+00 3.810275753236097573e-02 5.887528738592605393e+00 5.111674624021886437e+00
3.180774975359465184e+00 1.590502364411819691e+00 3.120008057683499453e-02 1.544124111691252965e+00
4.657339655548151214e+00 -1.370850840646551869e-02 6.255665255401116731e+00 1.593370701543132872e+00
3.197248034654720517e+00 6.261911824604740495e+00 1.585805991305794915e+00 6.268365774470399110e+00
4.663495385596201359e+00 1.542631961708957000e+00 6.257365018206574980e+00 1.592221242190175579e+00
3.196274237655897910e+00 6.253943117961724418e+00 6.303328041721043107e+00 4.691497862316861500e+00
4.673417668363949673e+00 1.592386243297394532e+00 1.549765880295187914e+00 4.734488322043527653e+00
3.140093524185219032e+00 4.765145859109343185e+00 2.390419240445067484e+00 7.563313758400048714e-01
4.768399064074782423e+00 1.549378128883610373e+00 1.586428054657211151e+00 1.554819213355050245e+00
3.105893855882831289e+00 3.088302681044378328e+00 3.121511919373277433e+00 1.584622981994052715e+00
3.127528697309407413e+00 4.647230259339199421e+00 4.680377250903127617e+00 3.166045546535730892e+00
6.288916019154107140e+00 -2.560499394216706262e-02 1.855282534644447479e+00 1.283280429035609238e+00
3.155106739183711539e+00 6.304930857289636315e+00 1.678079228679359991e+00 -1.040979806613498426e-01
1.576696783259494916e+00 1.502816381136220736e+00 3.394608733827171321e+00 -2.585460703988803344e-01
3.128924423785703013e+00 -3.973157575983973788e-02 4.612785285968505455e+00 3.236401470896972388e+00
4.696115939576204212e+00 4.772657014240410334e+00 4.620869344663554479e+00 4.809687310607469790e+00
4.737061964706851036e+00 3.109282886940015533e+00 6.341863387104432981e+00 1.510950565843931281e+00
1.607211169852422072e+00 4.738161014774159518e+00 4.270208870275608165e-02 3.104102003478633076e+00
3.142120732944816197e+00 4.750652591354694643e+00 3.918224505784646539e+00 5.510727227285597607e+00
4.708125473014437290e+00 3.194110252485768076e+00 1.109566708030733428e+00 5.179867078478659792e+00
3.131335147671479469e+00 4.747669386652860979e+00 1.424641989719316992e+00 1.720865369026231217e+00
3.137970404756040388e+00 1.583427713174862417e+00 2.587988779756339675e+00 2.126478553557356044e+00
1.595436689594780466e+00 6.264025810416629092e+00 5.560755052740404270e-02 4.656452227609647387e+00
4.693544591272262423e+00 -4.832487832670855771e-02 4.677724340883133713e+00 3.171206270405385830e+00
3.137471948879359207e+00 1.532341597563490199e+00 2.628615042899951959e+00 3.650999326865211447e+00
3.094022208388038653e+00 -6.079193244871616136e-03 1.547225538572591708e+00 1.997875586546568952e-02
3.181902110248853444e-02 3.173815812451485474e+00 6.316468051731472855e+00 -2.860420271418203167e-02
3.170483810135672265e+00 3.157490815292223196e+00 4.756866137883624113e+00 3.099271782309790613e+00
6.289126122509410166e+00 1.536711959335031796e+00 2.441045848828748421e-01 1.323635110291279782e+00
-9.666636838144344879e-03 3.091829332319215862e+00 1.425825310079442021e+00 4.853854814603520751e+00
4.219571309301305140e-03 4.698252690470675397e+00 5.250450336994333611e+00 2.600819331638995813e+00
3.169885370291804616e+00 4.663707202242704852e+00 4.750173073739998308e+00 1.528580940713237135e+00
1.573950303902910131e+00 6.321095049963461499e+00 6.666394012939917957e-01 5.619311970673718903e+00
1.555342863853246937e+00 4.678612183590225904e+00 3.052357713958654184e+00 3.226238030271968871e+00
1.525992455638075507e+00 3.145340477095952991e+00 1.547141922965957539e+00 2.223340609892441450e-02
6.231907418884272687e+00 1.568116758924398280e+00 4.688821230193337186e+00 4.733027896395656242e+00
1.609829889355171018e+00 4.730131380311720868e+00 6.304740151378990021e+00 3.124272176269540680e+00
4.672364269824885064e+00 4.697730321450578117e+00 1.541051151775685968e+00 1.597523115041165731e+00
-1.209143939087099729e-03 1.512234672070613017e+00 8.677445919779094297e-01 5.411195932702443478e+00
4.709776601552680297e+00 1.606025582597412349e+00 2.452165752340957017e+00 3.835603100558407696e+00
1.566209473452696121e+00 4.689459396883328246e+00 1.125693335955461283e+00 3.585171141393678429e+00
6.273387350155351427e+00 1.541792175163575918e+00 2.999225443015229864e+00 4.851251065589043954e+00
3.143078552195774922e+00 5.056485482343321680e-02 2.309917704935120053e+00 8.375087883093920160e-01
3.088501043351292275e+00 3.115510483081085358e+00 1.560013179027040398e+00 3.147043276149172897e+00
3.133209964796003444e+00 4.743701085404379292e+00 6.105738744054733047e+00 3.322119930794691811e+00
6.276081455008774235e+00 4.757492660926001982e+00 1.377697512522445100e+00 1.768321811363877893e+00
1.594881601768179058e+00 6.278099610272607656e+00 6.343616461527353145e+00 4.652342783864822806e+00
6.285558623683975554e+00 4.755297461991953689e+00 6.988293657503109602e-01 2.446727608258154607e+00
6.287066745045419403e+00 6.246837527716348148e+00 2.072215046204035183e+00 4.207007786230062329e+00
3.161362212183947751e+00 1.530836286893533460e+00 1.632122553928306186e+00 3.077718450432173292e+00
4.669205942881919924e+00 4.746472555010003092e+00 1.559189547831811407e+00 4.726457847897219011e+00
4.167066550758355414e-02 -2.327216095215184008e-02 1.597399056233509640e+00 1.543346087103421471e+00
3.124826327937790360e+00 1.573309614277565105e+00 4.672180280373271266e+00 4.751785403638336014e+00
1.595412976067202671e+00 4.755244541644134237e+00 5.006928054847960274e-02 3.096065852205727609e+00
1.536828104478511481e+00 1.545948764530555408e+00 1.534346422287139911e+00 1.603954731127769540e+00
1.559295819454763921e+00 4.671515188020280540e+00 1.462910587123535278e+00 3.244753983795143792e+00
1.572689966824433183e+00 1.611583185591129341e+00 5.440472313390351644e+00 3.989673503282602063e+00
2.813508527013697247e-02 4.748201786684173697e+00 4.747674104974847431e+00 4.681329916723107054e+00
3.113870890791238466e+00 1.576906497230122994e+00 3.099345695398467271e+00 6.325005682447641497e+00
1.529706011103198593e+00 -3.382451197002524224e-02 3.112434997683382054e+00 6.307390867572923554e+00
3.096256349962793308e+00 4.729650171071260623e+00 1.547400815156392273e+00 4.734150740747711694e+00
3.820177153833925103e-04 3.177409030109652921e+00 7.823947650380063124e-01 7.916829658042812135e-01
4.721054737534053913e+00 1.602939660986566484e+00 1.721993335370143097e+00 1.422355779529054232e+00
1.568351481880634113e+00 4.758774879377018152e+00 4.041387739130525070e+00 6.767012886843694064e-01
6.281765923833294352e+00 1.612300512383290529e+00 3.966930646122812654e+00 5.461735345168038158e+00
6.246221567894548521e+00 1.593248549635873035e+00 3.114840282529816484e+00 6.310754201740201630e+00
3.115832579728921026e+00 3.109922109654776001e+00 6.230481971289291820e+00 4.870263199599215997e-02
4.711174708602934302e+00 1.516397892292818961e+00 8.350527954574231693e-01 3.871825749809793660e+00
-1.170497674044394983e-02 1.612924057757631591e+00 3.025841105961127653e+00 3.261464249482448174e+00
4.712704427310257849e+00 -3.596029357815921923e-02 5.500075090988433502e+00 2.349821979444069342e+00
4.847562499085138372e-03 1.518128808051656842e+00 1.945197876565624595e+00 1.191878409653893023e+00
6.249191980838935123e+00 4.732596696338013054e+00 4.677666597287572614e+00 3.176957918777512546e+00
1.565950798429869950e+00 3.108246070041561726e+00 4.363824827039344711e+00 1.915295413880407915e+00
4.737810379812620987e+00 1.548799819610763739e+00 1.621510130983466524e+00 3.089846476884015480e+00
5.924058145199976089e+00 7.242183697719006830e-01 5.183707645945363929e+00 4.329955516145268746e+00
-8.669405491164952279e-03 3.716099082959279515e-02 2.975490408635914630e+00 4.881071516798642485e+00
4.706027633989418923e+00 6.258256928382477824e+00 1.327875105125747579e+00 3.381813944535956296e+00
-1.111734804162909165e-02 1.735295954942730687e-02 4.589326786425698579e+00 4.836347552183420717e+00
3.103272055389953543e+00 1.617350553874556063e+00 4.690997747863407064e+00 1.594594355506389949e+00
3.087562117972994624e+00 3.128032381885838209e+00 6.259931058965642059e+00 1.844054017699368539e-02
1.553016441757517629e+00 4.753558191347250883e+00 1.487357229161573091e+00 4.799219424607444218e+00
1.594321100569023875e+00 3.113125619729467886e+00 4.755082799217497325e+00 3.097459446862532495e+00
-4.576887509071554672e-02 1.555813984217774948e+00 4.681229311221034806e+00 1.598182824291826343e+00
3.121651256938874130e+00 3.207657747228366052e+00 1.499682712920858974e+00 3.218705362049516516e+00
4.727749746754615678e+00 1.586758490948053657e+00 9.613014194368706133e-02 4.618633962261123216e+00
4.714689012835872717e+00 1.567966792706483758e+00 5.432541378083984185e+00 8.498145949688897804e-01
1.527108242698539398e+00 4.699221547653317010e+00 1.533951655652951551e+00 3.333980538385337283e-02
3.900600232011891544e-02 4.133830201507433799e-03 3.174532839096454229e+00 -2.999839573872596990e-02
4.712649994195610148e+00 4.666709936274515691e+00 5.486353626296821773e+00 2.362932456015268023e+00
4.660386728880232532e+00 4.720219918583183905e+00 3.116117269283191327e+00 6.307508608071299427e+00
3.149477200158628865e+00 3.174911148682686424e+00 1.740343540843894088e+00 1.404921526451990532e+00
1.562364244836897065e+00 3.113077368556554703e+00 4.530035571488833845e+00 1.749950664341872741e+00
4.702870445304959013e+00 4.746572375982846204e+00 -1.417565725584010450e-01 3.286765240142953459e+00
1.534003027022891930e+00 3.371256766232430535e-02 3.122175845715236875e+00 4.733516007153727223e+00
4.716508159275722534e+00 3.150627128999547111e+00 5.094185031798293961e-01 1.061299350496885507e+00
1.576939899942975343e+00 6.297143123538367249e+00 4.962003693519455361e+00 1.322316145086331662e+00
3.137424587256681274e+00 1.531596884772253420e+00 2.625953354613425716e+00 2.082920353933557678e+00
2.666504065143048344e-02 3.158716787881057364e+00 3.191805472881794614e+00 -4.745193409420771224e-02
4.759230411310714004e+00 3.150308703330292559e+00 3.166927623599904873e+00 -2.176757532722849164e-02
6.262563111095242441e+00 6.317741233633554110e+00 -6.921115620153328596e-02 1.642542134800980769e+00
3.141785603486838330e+00 4.230693780134572174e-02 2.352104809741221381e+00 7.939697737945705658e-01
3.109624167510866233e+00 1.541728175139984947e+00 -2.966870180094283160e-02 4.737701298276738804e+00
3.141728770985603880e+00 3.167881968102852941e+00 8.013852672873024163e-01 5.483577947940526442e+00
3.172750738083492283e+00 4.730076664473946479e+00 4.752220306023154706e+00 3.106278650807422714e+00
6.341041307248261073e-03 4.737046367292697013e+00 4.956608857419881886e+00 4.470612664995202934e+00
1.172604737714974012e-03 3.152878051677229898e+00 7.507833992803576439e-01 2.391491991694460140e+00
4.716837818185028119e+00 1.581428893648648915e+00 2.012725510978508048e+00 4.271669161825574434e+00
4.685862498480855010e+00 4.672008385183199941e+00 1.554334315461676219e+00 6.295175194778741101e+00
6.280495431614804502e+00 1.610807205001134390e+00 5.613901829908384933e+00 6.739186042872044036e-01
4.720747750620922112e+00 1.622862625054005914e+00 1.736433644638508467e+00 1.410788076102066579e+00
3.144948433260216447e+00 1.615283007115595693e+00 2.163142687769879391e+00 9.819679298429095926e-01
3.127461537783520207e+00 1.637888889119359481e+00 1.501717850342246585e+00 3.216670108535237382e+00
-2.083502641577908952e-03 1.623138614470576169e+00 5.551194709556569684e+00 7.396324990352146633e-01
1.544516197515183320e+00 4.692673987085850484e+00 1.517866182610188908e+00 1.620116089500942547e+00
5.279795978864737852e-03 6.255670530917045724e+00 6.561177712080767499e+00 2.859964682780097078e+00
1.617498915976496976e+00 -3.621818694867880856e-03 3.174511026577256700e+00 3.110474481852489870e+00
4.686140472504761512e+00 6.256030976369255647e+00 4.663260308568994539e+00 4.516832555336609822e-02
3.171119887377089164e+00 4.267366836412315317e-02 1.591216486375489847e+00 1.556438707354993234e+00
3.087572592222919798e+00 4.732791235913391681e+00 1.551312720508836174e+00 1.591475704944595337e+00
4.704400363389472872e+00 4.679092212145651963e+00 2.964606251860484321e+00 1.743856714373682948e+00
6.263003723496556319e+00 4.381037318707458467e-02 4.697054875203024338e+00 6.301387435400311432e+00
6.279367755841565923e+00 3.088937173386359536e+00 4.239453965395512114e+00 5.180176098412662355e+00
3.163340305589084078e+00 3.173475315039027134e+00 3.194307169581291017e+00 -4.821138970960035797e-02
1.556967571623771196e+00 3.180284063790363547e+00 3.046960265445100458e+00 4.810492419141108478e+00
-3.418365876366249306e-02 4.732288335694669890e+00 1.528539887812287112e+00 6.325639670639707113e+00
1.573833215234336169e+00 3.179493209681582666e+00 6.580615075469109509e-01 5.628587028076994514e+00
4.694617782767823044e+00 3.495472609196927094e-02 4.643124298505629355e+00 3.213911902098225859e+00
6.276598079067095881e+00 1.523332507159733673e+00 1.342251154564891191e+00 6.507801367175758855e+00
3.137676474661425186e+00 3.201696113776050900e+00 4.234011356294785422e+00 3.626102552048445116e+00
3.177229441243767383e+00 1.620278294046521017e+00 6.292072431880169070e+00 4.710409042956432479e+00
4.718758445264794155e+00 4.748252832416731017e+00 2.178719764912831758e-01 4.497756512201189771e+00
6.283204340894385176e+00 4.670231558078330458e+00 7.767866297757244354e-01 7.908161444921737449e-01
3.142853888925659867e+00 3.187529338251715139e+00 2.300763385395961258e+00 5.557485196682791617e+00
6.310564157526615148e+00 1.595604063061624389e+00 6.331124203375890325e+00 4.668588185812274638e+00
4.708364083656793930e+00 1.617477133194509920e+00 4.203457200608738731e+00 5.225965812008245059e+00
1.568958329923378914e+00 6.329036676568235542e+00 5.568076555818624485e+00 5.432481721237732764e+00
4.721535888162231132e+00 1.606431663527423170e+00 3.292087820038131163e+00 1.424096462651723627e+00
4.685209368563937993e+00 1.592612665010541662e+00 1.527762114775246705e+00 6.327341252663481797e+00
-3.264420419446334432e-02 1.556834050299887195e+00 6.254089400936527987e+00 4.740516288770731279e+00
3.137471994803630260e+00 4.715560768024001703e+00 5.752005887653191429e+00 5.244493293789465049e+00
6.300008947973618767e+00 1.588851322789037734e+00 3.232314173321078954e+00 1.482515269727284313e+00
1.571857101409801505e+00 6.223681598625516287e+00 2.310993572638059490e+00 2.395751087846248684e+00
4.680669874525053231e+00 4.695817710323366256e+00 1.527023780442674061e+00 3.182324430201872278e+00
4.726632541461111003e+00 -3.551648157532582423e-02 1.651267771694992392e+00 1.487284788045940331e+00
6.302418546661074039e+00 1.530015270065690824e+00 6.351115280558922827e+00 4.641381861093924144e+00
4.690035372108740219e+00 1.550736626728435485e+00 3.073025972777668979e+00 4.778096802969040269e+00
4.716692240192340790e+00 4.753612344344506191e+00 5.130667915570589876e+00 4.298460400591253894e+00
3.131187097613006287e+00 6.323519713145227428e+00 4.575222415187641722e+00 6.424053424108261190e+00
4.709493206762441098e+00 3.174967928180611576e+00 4.702053028433346604e+00 1.584142013202804566e+00
3.187334157480197216e+00 6.301017108552344759e+00 3.171537103690634574e+00 3.115398566837839223e+00
3.101852231834318907e+00 4.720727641546884179e+00 3.114675594494535904e+00 4.737773366803249786e+00
1.534571649683090122e+00 3.154884656336983451e+00 1.535654700236655401e+00 1.606517754827385458e+00
1.574264812436203531e+00 4.671037180146700329e+00 2.196435619259753835e+00 2.512002138538558693e+00
1.574811986657694174e+00 1.591446523970101223e+00 5.208802124700068426e+00 1.075698705522061482e+00
6.264523371505117844e+00 3.174227821943580441e+00 6.213306271886462895e+00 7.258447225851256956e-02
4.746571865564208181e+00 6.271634710539359503e+00 1.589737951998212884e+00 6.264785194856173689e+00
-6.681343149477078462e-03 3.101810372804148397e+00 1.354474897611926743e+00 1.783957743545742547e+00
3.102397615122980845e+00 4.727764915998364792e+00 -1.537612701169243333e-02 4.726374286486107579e+00
4.692541039278518511e+00 4.687246936965421718e+00 1.500457924618173733e+00 1.637953743074907154e+00
1.541903520809569716e+00 4.672718985068113895e+00 6.253728475931204400e+00 3.165580657188273861e+00
6.305720268878777901e+00 4.687391921848174547e+00 1.629812453111290749e+00 3.081270203272744812e+00
1.623544638873254398e+00 1.608156176159005746e+00 6.299742055456380108e+00 1.562966046565691602e+00
4.680071826150340009e+00 3.141069519016000733e+00 3.098713354764211392e+00 3.183288377401759739e+00
4.715800169355969906e+00 4.723575696896709530e+00 2.195899228152324856e+00 5.659818637405320985e+00
3.108321107404328654e+00 4.698779521057882214e+00 -3.754986198380067669e-02 4.747247867013728140e+00
3.144566921623252576e+00 6.323821613616981807e+00 2.170734626687758961e+00 9.750411562354767137e-01
3.151874372099231714e+00 3.179707928009087414e+00 3.274591612923522632e+00 3.012714880770307690e+00
1.613542115890034490e+00 3.130307771145607987e+00 4.743563041872392638e+00 3.112085991813200891e+00
4.690262965594062194e+00 -7.293859539546520068e-03 6.220738400660927425e+00 3.201652159860303382e+00
3.156579070284570410e+00 6.299949606930722368e+00 4.804351191523462461e+00 -8.934602878507295898e-02
4.673375402846492221e+00 3.107469209014485756e+00 1.540518846498224237e+00 3.167811236783132589e+00
3.138046420708748840e+00 4.755009269806400596e+00 4.136771782418144028e+00 3.721052981214722610e+00
3.137672920356654238e+00 4.751016280017856808e+00 4.239613004787451622e+00 4.770245873286858562e-01
1.632928112379566254e+00 1.578339880773065973e+00 1.590459007073018016e+00 3.127946105593029547e+00
6.277111979347328230e+00 2.556618053248770062e-02 6.013252387391347042e+00 6.556126723460542038e+00
1.528025966711385353e+00 3.162652596634659474e+00 1.543331999066051674e+00 1.597319316306066606e+00
6.257192004012961384e+00 4.662033669558505622e+00 4.665279903555277663e+00 1.610992272482651089e+00
4.726837512480163817e+00 1.606510018302301557e+00 4.807761397748070209e+00 -8.955366102960732322e-02
4.748176825737244755e+00 3.108441743225546450e+00 3.458770461706542343e-02 1.534665743480446487e+00
3.137180089877806832e+00 4.691758064625103586e+00 1.157400390501298171e+00 5.124600615409026005e+00
-9.581922262816310043e-03 4.705490727365396531e+00 1.415389032477606612e+00 4.866368115800838723e+00
1.556731262452560438e+00 4.705618268537748783e+00 1.474666107518099123e+00 1.665521678816574758e+00
3.152301575113142462e+00 3.168473433759134483e+00 4.844358789841214374e+00 -1.294999377215664271e-01
-3.117645305179665358e-02 3.176268220191287739e+00 4.676450676280357932e+00 3.180467077913224916e+00
3.094057151252767923e+00 4.689202228022607777e+00 4.696517365708836600e+00 1.581767794125870985e+00
4.740231054101244901e+00 3.170313419192547943e+00 4.726029043638709126e+00 6.274196920568806846e+00
4.706045975859915131e+00 6.240831991207447693e+00 6.077571739473780710e+00 2.022909258330826965e-01
1.568889593584550601e+00 3.094438954462622876e-02 3.965835993307165630e+00 2.320797089581682737e+00
6.271015144754134241e+00 4.731095214426682460e+00 4.599828401935207367e+00 1.138438211320758481e-01
-4.596061409453481780e-03 6.236561689771225936e+00 2.785831281343013721e+00 1.922234675778273560e+00
6.256469529479299574e+00 4.692734313002211444e+00 6.232879241329304598e+00 1.618183985145744463e+00
6.249602489853141485e+00 3.137574087409351620e+00 6.240414319393512876e+00 4.753204909092160868e+00
4.732091482523252957e+00 6.332971228808678354e+00 5.588007556521264185e-02 -4.884270427841777562e-02
1.574802580815171549e+00 6.225732390443142528e+00 5.274325985749113599e+00 4.143947965108468523e+00
3.105752163262383458e+00 6.286096956189259011e+00 1.534952515823015284e+00 1.604908263878236596e+00
4.683963556094118630e+00 6.309971136562082528e+00 3.127383320299668590e+00 4.727988646952421270e+00
1.570424476061786034e+00 1.534219662729273681e+00 3.939694709275526119e+00 2.340891578364590941e+00
4.712903710681964675e+00 3.091361376253446203e+00 3.890672534159982376e+00 2.386496481646623202e+00
1.575055200321107129e+00 4.763757038206656524e+00 5.191586124488383192e+00 2.667253755205513333e+00
1.555239291494304732e+00 1.603199807388026477e+00 4.626111268426533307e+00 3.230423303782284705e+00
-1.214628769615672121e-03 3.096122955818119582e+00 2.403812052993528958e+00 2.304612054991307613e+00
4.710242499203260103e+00 4.667563829167248990e+00 2.421238192599059591e+00 5.428422216020122093e+00
3.133762353048596516e+00 1.516223427783230049e+00 3.132146427121539123e+00 1.575737115887920536e+00
4.693325455750533060e+00 3.114158097688487725e+00 1.512097456207644797e+00 3.197080712299914307e+00
4.664227881339584769e+00 4.724062525683716096e+00 1.549387350130014829e+00 6.303684827059890416e+00
3.189477536956317305e+00 2.617141312854977253e-02 4.736421562047248734e+00 4.693783759165424563e+00
1.636045390189291293e+00 1.562026058513752869e+00 6.309729654951682143e+00 3.119310866730152565e+00
3.106135312602322340e+00 4.711005383886607056e+00 1.532079460507882684e+00 4.749227107287924632e+00
3.142438499896909487e+00 6.235487428180373826e+00 7.416524955491887727e-01 8.252863542959962828e-01
4.707062438495678514e+00 1.611868875497489473e+00 2.859090166966636204e+00 1.857118066324340733e+00
3.133277683132682956e+00 3.184671055598420342e+00 6.108159357591063099e+00 1.795755525433857525e-01
3.176201622879482489e+00 1.552835711634551918e+00 3.181323487111241910e+00 1.531275330093912146e+00
-4.245793387747033576e-02 1.564616701278046307e+00 3.116304839649294056e+00 3.163692703650602844e+00
1.777116611141137809e-02 4.708140951945017250e+00 7.387502058608855227e-02 1.497072225149859825e+00
3.166166441356097927e+00 4.752869123784916994e+00 3.632770046370183831e-02 1.539741217642918603e+00
5.972084699906828574e-03 4.673487942312747556e+00 2.886260854344492865e-01 5.990714207249132173e+00
3.104921245652492612e+00 4.678870814426816516e+00 6.256489347830100023e+00 3.162700782956934464e+00
6.298335532684354199e+00 1.550019373429183167e+00 6.376856431160824457e+00 3.045718792710220058e+00
3.154397488113288350e+00 1.572862391142339833e+00 4.830436357266359337e+00 4.595209144443820115e+00
4.709713057573962303e+00 1.612959013973538136e+00 2.478298868079401807e+00 2.238787099194361474e+00
4.708074642223554207e+00 3.179487643860702928e+00 5.887408649652763337e+00 3.996144843912666222e-01
4.707034836114927678e+00 6.247698574494441104e+00 2.881634447283757616e+00 4.969367011454747463e+00
4.707925362634993505e+00 6.244647806421252945e+00 1.161411274046740605e+00 4.073524664496098735e-01
4.714928246422369185e+00 5.189828024889857339e-02 2.259611849840990061e+00 2.457945408069824644e+00
4.668119270408101151e+00 3.154554330984697952e+00 1.538613758425285694e+00 1.601359754594588569e+00
4.715554412620755365e+00 4.680424477884723267e+00 6.705015358119192914e-01 2.467911064595036841e+00
4.724356042373812237e+00 6.250891889518393363e+00 3.242828760888386341e+00 6.178324218023687919e+00
-3.383731752056185621e-02 4.701162965246874492e+00 3.102601125605469079e+00 6.319389584725804809e+00
1.566387062995598267e+00 4.315950495917895979e-02 1.206877319338850008e+00 5.079250470754248070e+00
1.560617894210820422e+00 4.823259203470881690e-02 4.584668754441086236e+00 3.273811864660359561e+00
6.285292689185778769e+00 4.658430859805674729e+00 5.419717264515514721e+00 3.999251038856902696e+00
4.729705199281779571e+00 1.533032198125120704e+00 3.208268229445087716e+00 3.071465638429872413e+00
3.103329030590945337e+00 4.728922373572754800e+00 4.676889212106775773e+00 3.177659791845753645e+00
-1.149823263970921328e-02 3.187745312009249599e+00 1.462672080814486408e+00 1.682643619362566456e+00
1.564427633117845051e+00 4.743896151984298371e+00 1.359831602854309818e+00 1.785086516073500551e+00
3.138001213315017690e+00 6.228245630280571987e+00 4.172112625247735629e+00 5.361121248572603415e-01
1.534325669970926675e+00 1.557405459422146921e+00 4.674480513962038231e+00 4.747751487109643342e+00
3.110379760465305399e+00 6.243929751131591210e+00 6.265418454747786470e+00 6.295300252438816635e+00
6.314727761498295067e+00 4.692092992276401198e+00 3.184205499797225780e+00 -4.292271525888477490e-02
1.552340781523526170e+00 6.259843032027830212e+00 -7.014505642934197593e-02 4.780135545839394595e+00
4.715934109564583032e+00 1.562710884223089902e+00 2.145592133140985514e+00 4.136555047942803931e+00
3.415941048376595901e-02 1.613220253137495508e+00 1.587562932080258893e+00 3.130717151974520274e+00
4.679392513081197080e+00 4.755259116285457388e+00 4.682283575917247198e+00 4.744370447460305229e+00
4.723012108935876335e-03 -3.135093535939362935e-02 1.921968390949635674e+00 4.357053134554459639e+00
3.145849169927866562e+00 1.619285516422568794e+00 2.069603300263095136e+00 1.076982320341752342e+00
3.089890807682638130e+00 4.710359905570718375e+00 -2.680810010442444616e-02 2.521454843589746378e-02
3.135908098093048046e+00 1.541383960163410505e+00 1.287366946975709192e+00 4.992580668940197697e+00
6.282151169847246308e+00 1.513545713568190010e+00 7.924053136450814883e-01 7.722732824904623428e-01
4.716258351399456927e+00 1.626343316146019458e+00 5.175053390035770917e+00 4.254500925881668394e+00
3.102969912637450811e+00 4.698798145653876546e+00 4.675428193905363905e+00 1.605624104239807171e+00
4.668031543027544750e+00 4.693920625605721320e+00 3.120387203885361949e+00 4.730588639881599278e+00
3.140502218144545221e+00 4.657860368957540409e+00 5.545170913472087904e+00 5.446059812388551080e+00
3.176605032273262630e+00 4.736486751037243259e+00 4.744361284380087085e+00 1.543197169861363349e+00
4.735313779205329254e+00 6.238365936703048398e+00 1.623845305840589059e+00 4.655938010876346844e+00
6.265484859964339570e+00 3.113968626371894199e+00 6.197432886356359916e+00 1.654118889994371733e+00
3.119421955165183835e+00 4.725058789916610991e+00 6.222749611502479183e+00 6.343952273857738078e+00
1.582792240062775635e+00 1.593813729222150810e+00 4.835147790326558059e+00 3.021848160318995280e+00
4.697701457421982418e+00 4.679746417201863018e+00 4.616280562038839186e+00 1.662594589662884648e+00
4.667072130327958313e+00 1.575334245751621509e+00 4.686698218140930905e+00 3.164547665738973503e+00
1.539770966227700599e+00 -3.575484639385323460e-02 3.105504988932339838e+00 1.601979662190851306e+00
6.280736828012357442e+00 6.237532674732664262e+00 4.052877945752492828e+00 3.796769446146110560e+00
4.717021480007806744e+00 4.731041207959751027e+00 5.153530224801716741e+00 4.271809143819213617e+00
1.550682893868621903e+00 1.592223378044214321e+00 -6.857629435431417120e-02 3.211144450818525620e+00
4.697081926437091326e+00 4.748866686672696069e+00 1.491793916742086390e+00 3.223186638669321535e+00
-5.453032272256064933e-03 3.783129511791594179e-02 1.307748525103244575e+00 6.549330701352953810e+00
6.238680082632231283e+00 1.539745273049662577e+00 1.541546579917512316e+00 1.595515454967612268e+00
1.529596007613562181e+00 1.558256281756395190e+00 1.543301244537399919e+00 3.165486504365581322e+00
1.532526345634747766e+00 6.275516909713819480e+00 -2.364563429491885888e-02 1.591082307997994327e+00
4.714839946814904259e+00 4.744611420541406943e+00 3.846891083233303643e+00 2.440167631402813786e+00
4.709622248594930838e+00 6.327498097834598489e+00 2.471748647895572137e+00 3.815895542264340801e+00
3.171118740515530998e+00 3.173151685727883642e+00 1.613068131038024822e+00 -3.573959180293186100e-02
1.569299496618268064e+00 3.178925798594336438e+00 8.287404293104824182e-01 3.887343133986081778e+00
1.567136749117836736e+00 6.269709038638247911e+00 2.587860023275580623e+00 5.263942149067572629e+00
1.566423311242692185e+00 4.310684166803963741e-02 2.740839079879604956e+00 5.118539160277246758e+00
-4.315333407903822888e-03 6.242727942430915888e+00 1.176427716792247669e+00 3.907251155833892375e-01
6.322267872585305426e+00 1.555392133493376905e+00 4.744366081607120478e+00 -3.216631152120105752e-02
1.599218009650433370e+00 3.167630388557315158e+00 4.725740061525292468e+00 -1.008550852946135667e-02
4.708689733763295138e+00 3.111145034367974738e+00 4.113431326247594555e+00 5.308816477071402140e+00
3.139531501001247449e+00 4.773313439748643638e+00 5.601145071606710601e+00 5.400068162524709336e+00
1.544881111478869196e+00 1.559092445198564603e+00 4.655414863364925715e+00 6.337825257170599969e+00
3.143394383292960281e+00 3.186249045854481210e+00 2.281916422859802562e+00 4.004538631751709765e+00
1.611215857013748920e+00 6.325516105143139001e+00 4.734155025851999987e+00 -1.562284274664519843e-02
4.761141709869327165e+00 3.119020920319637735e+00 1.581098266264596708e+00 3.130369476712834942e+00
4.776821824434380304e+00 3.145018807617501633e+00 4.734313495302812314e+00 4.693347736338178144e+00
5.923844783957455284e+00 3.866020250796676105e+00 4.712568755904085749e-01 2.759048427064763498e+00
-2.653247264401382283e-02 3.172577050287250788e+00 4.656588175035149213e+00 3.198662239509983518e+00
4.699942107774171873e+00 1.603124185662048840e+00 4.593711778481006647e+00 4.833736554276303998e+00
1.543054585660797118e+00 6.280732254748494725e+00 -5.263973739986026190e-02 3.192813148662009937e+00
-7.808539931997586503e-03 6.308544449533580512e+00 6.102915685050966488e+00 4.894933651095092486e+00
4.752450404871296996e+00 4.699720328848354889e+00 3.168905268322631752e+00 3.115097659194295154e+00
3.598110143571471853e-01 2.417433495674546684e+00 1.100162876140428958e+00 1.953186006291388832e+00
1.528389882001084610e+00 3.170422977595216185e+00 3.110031667843644154e+00 1.603275653342898011e+00
1.211688163588675593e+00 5.436864786976941311e+00 3.613031457974538618e+00 2.759050087103146698e+00
1.566121986596904270e+00 3.173034546693749292e+00 4.326644336664530854e+00 3.895203542494410920e-01
1.594760120672188197e+00 4.735759205689619833e+00 1.616740758494741526e+00 3.098688739013330640e+00
3.172676413395697281e+00 1.537792636329123885e+00 4.735845907942490385e+00 1.547658550796668253e+00
4.700898312285212377e+00 4.740754745784085955e+00 4.593524363234894103e+00 3.263493064352992246e+00
4.682289595000133531e+00 1.588566175047008366e+00 3.094199369766629903e+00 1.618783519830451656e+00
3.134938211524705309e+00 4.776577738011789087e+00 2.978554891993587361e+00 3.310966010835111550e+00
4.705013264537185158e+00 4.681542435166944571e+00 4.514380503207182649e+00 1.765722210610164877e+00
6.290162971732586428e+00 3.335928240159218711e-02 3.342804566217593809e+00 -1.987398077875895119e-01
1.600637335275760575e+00 6.245383320689887441e+00 2.876289318928039115e-02 3.110351862499843634e+00
1.561738600978145097e+00 1.588461121073097004e+00 2.981306049110924672e+00 3.302042767421761393e+00
4.710280028886202786e+00 1.565346502868274550e-02 5.565324705371084590e+00 2.290616904008555554e+00
1.539301069329193083e+00 3.107980472144392436e+00 -3.171970139452002374e-02 1.597422172039361321e+00
3.931698736671377509e-02 4.730786222084695680e+00 6.304862720633074957e+00 3.123909449624810097e+00
4.707303492450179760e+00 3.113705302365420646e+00 5.911100425728239571e+00 6.653161434359366133e+00
3.142065799018654904e+00 3.089594487281712709e+00 3.911461533404804403e+00 5.508031483332255007e+00
4.708214126953132350e+00 2.984000712556539314e-02 4.178943651850169694e+00 5.249371677364941036e+00
1.603576328089401759e+00 3.119220458609376578e+00 3.184896841765882503e+00 1.526986801953244877e+00
4.748382179187466079e+00 1.557084214499032226e+00 6.287120928252699414e+00 3.137444300680212628e+00
6.280805731224217148e+00 3.184905822685771604e+00 8.534477114495280237e-01 5.434932756267819798e+00
1.606722840940987940e+00 6.266499181230866355e+00 6.318366917947356498e+00 3.106665370356503253e+00
2.514904316631631429e-02 1.540601531032512295e+00 4.738953488186948171e+00 3.111525197232298368e+00
3.103552241197617079e+00 3.175374409148257637e+00 4.680117780457454302e+00 3.175894950031846964e+00
1.522989683388414450e+00 1.544533517585041871e+00 -2.557178345233806355e-02 2.053453811811562293e-02
4.717273950280006289e+00 4.677369838900709453e+00 4.172177128675204072e-01 4.291770655723232686e+00
4.718158009761620697e+00 1.535144312152529444e+00 5.022401578261548316e+00 4.398818686829161884e+00
4.706404012967120742e+00 6.315160167213869080e+00 6.018085868938931604e+00 1.839409200900686381e+00
4.693182623448377555e+00 1.559693736956763166e+00 4.632549956263626534e+00 1.648373625209317073e+00
4.725813764094896285e+00 3.150072155443406352e+00 3.243244544118238260e+00 6.182803557686280982e+00
6.284551336123668008e+00 6.310376572360385516e+00 7.227396624333854991e-01 5.563705699620854261e+00
1.577722195686378948e+00 3.114112693824163003e+00 1.773056893883142804e+00 6.078965166371565587e+00
3.125155390558332691e+00 6.429351004534226977e-03 -8.954529255674537058e-02 4.802350913607003058e+00
3.124034878063290666e-02 4.679736375553698480e+00 4.757213689938442513e+00 -4.637993195850547562e-02
3.120933084005482083e+00 4.688323436568168745e+00 -7.176404705656014293e-02 4.780605185642053279e+00
4.755932033951856930e+00 6.254259616237026087e+00 1.596713329093308875e+00 3.113871021589317056e+00
3.177043191480563245e+00 3.120055160506101544e+00 3.169372860771975553e+00 3.113482051389785621e+00
-5.395141227018972196e-02 3.848216809313807080e-02 4.686378300190431112e+00 2.719213062758717506e-02
-1.048086704654784505e-02 4.014765451820949405e-02 1.439340990522853581e+00 4.848352342869349130e+00
3.452900531727377820e-02 1.586702347084529841e+00 4.747887683463779318e+00 4.680578685296430841e+00
6.300709682502414921e+00 6.317601619635656363e+00 4.777109054734650861e+00 4.651238279002548381e+00
3.185830690744740679e+00 1.582076593914248042e+00 3.170128986653101943e+00 -2.575558980773901691e-02
3.176476921539567400e+00 -4.412552955396638332e-02 3.169299745446731098e+00 6.251839964930315574e+00
3.129681686109771821e+00 1.603774318961821432e+00 4.590643820195339231e+00 4.836365930125829493e+00
3.129800750973270151e+00 3.117010832061620551e+00 4.589292835942107907e+00 3.262167328230210384e+00
3.138901800078923721e+00 6.340318096555619398e+00 9.302789811852369972e-01 2.215915804592969884e+00
4.736711917299142094e+00 1.596764025715440072e+00 3.197621969381279072e+00 3.089342296452688874e+00
2.783224299774526678e+00 5.437713798622537453e+00 5.184460484973921979e+00 1.188917025977705544e+00
3.118623676527061850e+00 1.516301552359576865e+00 4.669954658806087622e+00 6.320765775407206633e+00
3.136503163259934723e+00 4.767939351753049948e+00 2.849280134518262120e+00 1.868383487723733971e+00
1.607300911712542302e+00 7.845218093314882069e+00 4.735644365283246948e+00 1.547988193297251902e+00
3.144510493753060132e+00 4.671551312867835648e+00 -6.047077174719608234e-03 4.714238565107689460e+00
1.553329276147021876e+00 3.176497960667885589e+00 1.499703343264584321e+00 3.214770705564830244e+00
1.630001970695198255e+00 6.320886969989595094e+00 3.148452757051158901e+00 -7.762450924230223119e-04
-3.217361021075879068e-03 1.610787991113469486e+00 9.234705928297834987e-01 2.224285258424084422e+00
4.748393490366682457e+00 6.282125188184995324e+00 1.609235336271437777e+00 1.533809851671204649e+00
4.150470514979343745e-02 4.689751869831463971e+00 3.168203181696186199e+00 1.544624608058248194e+00
4.700793064833897361e+00 3.091482916986196372e+00 6.200235550176627086e+00 4.790463729224027745e+00
4.738984794499789821e+00 3.090307692184012911e+00 6.314730108977092193e+00 6.246364234633742463e+00
4.716244329350679720e+00 1.539905056313087384e+00 2.151348773930854552e+00 9.878927065593294810e-01
4.715275712070910785e+00 -4.804192551533711247e-02 5.370081716723339227e+00 2.478988866720406303e+00
1.613077922217994731e+00 4.704130084806350531e+00 4.735005760237553041e+00 3.120517357483167942e+00
4.353464630294739734e+00 3.866459040517942203e+00 3.613155036358371319e+00 1.188664675108483726e+00
1.584931823532741202e+00 1.599816801909264896e+00 1.667547854125071893e+00 4.619521748527326999e+00
5.540819938909495937e-03 1.579322235932913987e+00 1.852731780548145579e+00 1.289438073975269328e+00
1.574112620037617427e+00 3.705843053185890051e-02 2.216634070066569873e+00 2.498061960634641476e+00
1.576837840639367272e+00 3.119394257672253090e+00 3.387753482557003704e+00 6.034803684751784303e+00
1.579256333431327652e+00 4.672595269538832419e+00 1.740706562165150739e+00 4.539566669932407095e+00
2.682085892183147524e-03 6.326339339062100109e+00 2.235762213266682785e+00 9.086819067791717108e-01
1.554523047834012184e+00 1.561850664799475430e+00 -8.202451510068656249e-02 4.792781910590955263e+00
4.674703040439543322e+00 4.747966351942363161e+00 -3.174289125882557433e-02 1.604505858042770017e+00
3.175301963857974474e+00 3.161469291425277106e+00 6.316610659965554930e+00 3.111248807287698703e+00
1.539882279536479937e+00 3.120036051191216853e+00 4.691134293522015497e+00 1.588804811552971152e+00
4.751195335979866208e+00 3.138556607433291123e+00 4.748668898400942417e+00 4.677404161632884971e+00
4.716850939788499453e+00 3.177935134192574118e+00 3.592619560288266012e+00 2.695043609029962095e+00
1.522686093351644621e+00 -4.503222620649821595e-02 4.705416236766211568e+00 1.570990647059153922e+00
4.721655977543895766e+00 4.686496869829192669e+00 4.864976493999286333e+00 2.986515685114738083e+00
4.677463389019138162e+00 4.688264134366578517e+00 4.680587020620567529e+00 4.739530331746598435e+00
1.604764731158238700e+00 6.318081619891014356e+00 3.173879355021165249e+00 1.543247492012701061e+00
6.229624176885222298e+00 1.557553361234713885e+00 3.113163095801545932e+00 4.735646537260566724e+00
3.134074431221928858e+00 3.157769590434960971e+00 1.374406898272571675e+00 4.911248665197542884e+00
3.159768745364943232e+00 3.187263731235853825e+00 4.776335627885575086e+00 3.083160221094046527e+00
3.134028293700611645e+00 3.184735536860489269e+00 1.377893164170456153e+00 1.973682289420907732e-01
4.751477494861144457e+00 -4.234338553359813517e-02 4.720122043094673536e+00 3.133225203150352911e+00
4.714849570038473381e+00 6.350195585016848554e+00 3.844139555294748156e+00 5.585764398024564592e+00
2.276176787074831592e-02 1.581194866557771528e+00 3.198921989809557331e+00 6.228105583865420236e+00
1.801330853178683159e-03 6.283631552705595702e+00 3.861860699960482535e+00 8.502484935099846597e-01
4.735294606882156643e+00 6.328254214424302582e+00 6.302246110082334596e+00 1.556661581913176828e+00
3.145940554504843778e+00 4.739618794743005736e+00 5.134913556304419480e+00 2.721955447171746645e+00
1.573827621878957972e+00 3.145058377058880694e+00 3.823250495327255472e+00 2.459458825500984158e+00
1.559826213398742611e+00 1.573248086030304416e+00 3.006572676247448950e+00 1.353777460541430167e-01
6.316420597436565032e+00 1.537839356508414301e+00 6.301846971661786867e+00 1.550804878315541036e+00
7.644331822555653667e-03 6.320438838401429393e+00 3.346542388664418333e+00 -2.015511374429960756e-01
3.138567934195222175e+00 3.106357580327300472e+00 9.325937382122803099e-01 3.777931571362513452e+00
7.300525519124420083e-03 6.322736112771534245e+00 3.368032402894907129e+00 2.917885881506518508e+00
3.148061745210509521e+00 4.663082894905546283e+00 1.771677971778025773e+00 2.935849306651973745e+00
1.559156630220325690e+00 1.574496464465318324e+00 -1.178991257591527342e-01 6.400062430473894004e+00
3.132114938171734586e+00 1.586633391382138658e+00 1.405789535082239139e+00 1.737876409876841333e+00
4.698999632549819339e+00 4.753799728845575778e+00 3.039847553869857499e+00 1.048450293853745857e-01
4.714441532871439300e+00 4.672291770312368087e+00 4.710484661289515707e+00 3.139323740369937887e+00
3.090646303492087466e+00 1.547141890440939083e+00 4.686038753207657948e+00 6.305873170910865966e+00
6.234516307446453354e+00 -3.186469726585199058e-02 3.123810112063018618e+00 3.153171684722211765e+00
6.283997142273723746e+00 1.609144038226239859e+00 7.681334081129583824e-01 2.376722866011735213e+00
3.127159613537048521e+00 3.117257783884233913e+00 1.484138616971782954e+00 4.795839526031204336e+00
4.729339551131228170e+00 3.129993142918569227e+00 4.790591241593461724e+00 3.062916229115825839e+00
-2.181107952315065532e-02 4.675918806115359594e+00 6.231611675489328483e+00 3.189015991933553007e+00
3.137836155729216703e+00 1.540154978823365495e+00 4.101834772893048431e+00 2.178473570790003144e+00
1.603975513735237834e+00 3.138167803747459850e+00 4.067711376463711143e-02 1.531143493992485505e+00
1.524063011598523198e+00 4.743445000653507826e+00 -3.542309787494307693e-02 4.749697752136194495e+00
6.256483653864225225e+00 4.691494502339506489e+00 -4.756659871036059833e-02 1.614871166121110146e+00
3.149881526673447230e+00 2.241631899494548122e-02 3.310213592533179927e+00 4.545737863245096655e+00
3.155512700738617671e+00 4.650257452238769851e+00 6.359304124560170912e+00 1.489527215523278825e+00
-5.284993738487560148e-03 3.174483893004106161e+00 1.290396110940343899e+00 3.425243238983159966e+00
3.134128222560994992e+00 3.182905542004625055e+00 2.967042264714848887e+00 4.892562935114412426e+00
3.142219376193730263e+00 1.593103137683118620e+00 2.339467595989733528e+00 3.945192527860668541e+00
1.600507256896312569e+00 1.577627169849021183e+00 1.614958822763508994e+00 3.098952726159227566e+00
3.160388462675988830e+00 6.284389163217701579e+00 3.211246497613719164e+00 1.501522183985968262e+00
4.704820730505094417e+00 1.537508791812193909e+00 4.529271609336184667e+00 1.795624809938507760e-01
3.499943348243237384e+00 5.557024030757641064e+00 2.669017878825301615e+00 3.807118049549639838e-01
3.174891166360616079e+00 4.706484204222755707e+00 1.612324772043507659e+00 3.100906799958794036e+00
3.189180692988611732e+00 3.118694582284064598e+00 2.198897786073746377e-02 3.117632524994052190e+00
-3.107239836011625039e-02 3.171671884821361864e+00 3.100956930000998035e+00 4.753553352410095023e+00
4.715690336951188222e+00 4.646219456311566631e+00 5.215537080386837054e+00 5.772612397099608827e+00
1.576695707033699545e+00 -4.580818308848222387e-02 4.951961270735251830e+00 2.896721827719726861e+00
6.236388246834855487e+00 1.572668782432375068e+00 4.685221185814846478e+00 1.595914474558026486e+00
1.565814840995131796e+00 3.189778143521251330e+00 3.127192902673480379e+00 3.160495395481736303e+00
1.567086409486190712e+00 1.533435261030980934e+00 5.699188788430055830e+00 5.293771917855935705e+00
6.253092209981198302e+00 3.118634536108102484e+00 6.246617768999958464e+00 3.174457337231052279e+00
6.253474552480068560e+00 1.516668291245192091e+00 -1.850709022507964277e-02 1.582466073161804321e+00
1.598664214860643584e+00 1.568732350271611953e+00 6.337361521925243046e+00 4.659343384112043296e+00
4.720345207237430785e+00 3.193723533093207223e+00 4.879149115192724651e+00 2.979101411194798654e+00
4.683376654237167536e+00 1.600996369379902307e+00 1.532887771205979854e+00 1.610146067916497836e+00
1.559609082816658665e+00 1.534624537913164222e+00 4.611237038031465119e+00 3.238592748756810913e+00
3.145454130844813179e+00 4.649701001681769696e+00 5.132831329331378534e+00 5.856594263372239872e+00
1.575162856856364924e+00 1.609604473846541373e+00 5.206807956375881119e+00 5.791513203500419316e+00
1.511185879616825600e+00 1.586879709339991118e+00 3.123102645331422789e+00 3.157683694281477660e+00
3.151005846948149003e+00 4.671328054640026650e+00 1.542642642204204995e-01 2.983895050967475093e+00
3.125927915003381852e+00 6.253488870824125634e+00 4.643252477198188899e+00 6.348816429857302879e+00
3.140555410267594549e+00 3.097287686990817246e+00 7.974341548330496909e-01 2.340198990675566026e+00
1.597090919480319116e+00 3.122550863723926984e+00 5.149077897130528714e-02 3.089775478753363558e+00
3.115624913995145295e+00 4.668062872867894342e+00 3.108692074796868710e+00 3.169161574642346491e+00
6.280710904080418544e+00 6.233288561291390195e+00 4.036554866785140305e+00 2.241186814858253662e+00
3.117506678721516433e+00 3.194443252300191105e+00 4.664444893218810506e+00 1.622757214329218600e+00
1.578625678876411031e+00 2.879521420090352599e-02 3.318568919912645132e+00 4.538753606082272185e+00
3.135386387383184648e+00 -3.002428704188304584e-02 2.901755686275626189e+00 3.378487946186210067e+00
6.309096022215252120e+00 3.113154940054836839e+00 4.750545874058424545e+00 3.102466752877811373e+00
3.203573341805816543e+00 4.712820101436338227e+00 1.589360186136207664e+00 6.267889811653034826e+00
4.719626869428381610e+00 4.749998963702299903e+00 4.903118249571335241e+00 1.384395858230135889e+00
1.569987054686769579e+00 3.928602177943962132e-02 2.389324171190317703e+00 7.566938251458823483e-01
6.288272072089049480e+00 4.681462398109695222e+00 3.083748283747483332e-01 1.258971014626115048e+00
6.268935014551475504e+00 4.690110513225506317e+00 3.044887914886915237e+00 1.665259272226323750e+00
1.584116426960146207e+00 3.125912185164645862e+00 4.813961121846220159e+00 1.468099772133660608e+00
4.672562445889968608e+00 3.922653323084873689e-02 4.689928786177086195e+00 1.597487500323222953e+00
4.760991507577086779e+00 4.730046649716520335e+00 3.174043779333017401e+00 4.683510103396953284e+00
4.677139298180687632e+00 4.714502040986939591e+00 1.532779333668091937e+00 6.319918991540737885e+00
3.137621820296656150e+00 3.088401756251321295e+00 -4.719139000545260476e-01 2.037868242269108787e+00
4.686109520336541046e+00 1.547819582126034765e+00 1.524793521351560432e+00 3.184070667814798750e+00
4.718084401991188948e+00 6.248722544975320758e+00 6.570599229784404471e+00 1.280166455178282980e+00
4.737745746687682669e+00 -3.029944247607659069e-02 3.190064049458901874e+00 3.090991871074232566e+00
1.553028702289792173e+00 4.760991543488451327e+00 1.503640425101843148e+00 1.641099662069588794e+00
6.287047721559686941e+00 6.297235940509308350e+00 3.693416136061706379e+00 5.732866788304372463e+00
1.622343349782321420e+00 4.745682002222602058e+00 1.663762333296007687e-02 3.130544195040148026e+00
4.677960305822635334e+00 4.750606808733200737e+00 4.681356875898221581e+00 1.603427741975549159e+00
1.566032043320043865e+00 4.744204586146548053e+00 5.903207311558767323e+00 1.955291203919902632e+00
3.151210648391296498e+00 3.105853466129686602e+00 3.285343449019972439e+00 1.423515698665827056e+00
-1.573396469073203408e+00 3.188580915020446049e+00 5.630697814322905614e+00 6.939182337847789483e+00
1.595764923049978856e+00 6.269209402532756492e+00 1.625390588461804064e+00 3.086614288053828314e+00
4.668182666048090290e+00 4.731635805785970206e+00 -2.537837347849878147e-02 3.166635326949507334e+00
4.761126328641736905e+00 1.565897981519042137e+00 6.310430125639118870e+00 3.116962068338636538e+00
1.564647521755620607e+00 1.549005472265525096e+00 1.320725913605801827e+00 3.389115888168310331e+00
6.286608199295201871e+00 4.321397580059706950e-02 5.465634791475719734e-01 2.598494250133450034e+00
4.669519730170564209e+00 4.677050788567957085e+00 4.681745777920727214e+00 4.737284984497507345e+00
3.155273906725889699e+00 1.603814310013072841e+00 8.790085553085918990e-02 -8.444826595133926583e-02
4.682298609779768306e+00 5.135347849572297063e-02 6.239763518242315676e+00 1.619266273273058721e+00
4.763591254779383277e+00 6.291041188166248688e+00 1.593888620643104881e+00 4.693850461269781782e+00
1.538657996770149916e+00 6.230143595359827202e+00 4.680324581450882704e+00 1.593870040617963779e+00
3.164462510781881122e+00 1.522043905125633367e+00 4.759334456923514978e+00 3.089702075133372361e+00
4.666439161597575769e+00 4.697024090313638212e+00 4.680190849198958780e+00 3.169800495153150877e+00
3.095196089788835536e+00 6.265507506674755867e+00 -3.258355897944339302e-02 1.599554977338504713e+00
1.542870908677046904e+00 3.118354468379337607e+00 3.090400929749805847e+00 1.618143635469381891e+00
3.139320309299705958e+00 6.235709993091818504e+00 8.940228991756108412e-01 3.814622263696728854e+00
-3.164315439886766085e-02 2.028379629067429343e-02 1.529646169025651092e+00 3.183300337411095526e+00
1.545744435509065262e+00 3.177074476638642064e+00 1.519647117147210347e+00 4.767279378214977825e+00
4.714464433521820652e+00 1.632450463885521730e+00 2.257864885736103222e+00 5.599871875174241787e+00
1.602802198696484215e+00 3.158658265306502066e+00 4.746343223736464445e+00 4.680833359672049276e+00
3.161191278409291261e+00 1.582130113057085952e+00 4.787303765774871600e+00 6.210406012971235512e+00
4.759225739174960168e+00 3.118283422706412900e+00 1.596998244270948719e+00 -2.751365476209002847e-02
1.567552559810408308e+00 1.609931426595772264e+00 5.615499818398896004e+00 2.243461678673685622e+00
-3.635196393841374270e-03 1.636630440934359054e+00 4.371388278693101093e+00 5.061979996265616677e+00
1.597709658199864879e+00 4.671155354985817354e+00 1.606056461288483783e+00 4.674431702688837120e+00
4.717147566107915857e+00 3.119132991227211882e+00 3.613821325072800739e-01 2.778763834798227528e+00
1.563843880459669267e+00 1.591288721432432496e+00 1.359944465191904595e+00 3.354889755832264786e+00
1.604142474599917989e+00 3.155700043292040124e+00 4.381876851720614002e-02 1.529661503536178913e+00
1.593605091460103429e+00 1.549330083359492516e+00 3.194600353097087009e+00 4.658594275901092985e+00
3.129127722225323982e+00 1.551981886532764365e+00 1.464184281959009848e+00 6.387316800945366246e+00
3.119551274244739325e+00 1.534050637816645413e+00 1.568002578874844399e+00 1.569251899777074577e+00
1.571206142360267233e+00 1.523811808970988668e+00 7.805140883859500445e-01 5.497464192338664901e+00
4.656066793761733713e+00 4.699144772455257524e+00 -2.508176391818160017e-02 1.590610132175795055e+00
3.134028843470516801e+00 1.523307258006735276e+00 6.099080285252666656e+00 1.750679449293889522e+00
3.145201956907038188e+00 3.160738219624460665e+00 2.215359113186272655e+00 4.069660335956106323e+00
1.551773510939724599e+00 -1.982621896096020686e-03 -7.160623130881998977e-02 3.212396778586633861e+00
4.740552436400725433e+00 -1.017842429664898851e-02 4.759343685781882272e+00 3.095686262139042633e+00
4.712547647835695130e+00 1.525077167579912185e+00 3.920921645136029809e+00 3.928413361789285574e+00
4.732595175421080214e+00 1.511257859704962181e+00 4.760264032375184584e+00 1.518707468157044493e+00
6.284568274336520766e+00 1.596875714420859627e+00 2.312590955807626081e+00 8.309717742726173695e-01
3.145663743171081883e+00 4.675650519389883186e+00 2.098007153837115446e+00 5.751412249343748506e+00
1.568279071363084309e+00 4.674121554312264060e+00 5.582586529853351465e+00 2.267987233071827813e+00
6.256223953824091133e+00 1.566007911323310076e+00 1.540913798972214810e+00 6.311558463943557129e+00
3.130715986359501546e+00 4.664541917516756619e+00 3.016016406345161549e+00 1.690926722805671245e+00
6.268213538251847794e+00 1.613101572103122106e+00 4.621067814922025008e+00 1.665203103695043430e+00
1.211807375219275951e+00 7.244135419873378723e-01 2.042248920422821801e+00 1.188591705931081322e+00
-3.631740738078844191e-03 3.197740073752331824e+00 2.506097387956279565e+00 6.414176424154278688e-01
1.564272878917511767e+00 6.246893664993502959e+00 2.927723478143641422e+00 3.351398763418957927e+00
1.543061059060306883e+00 4.671103560680391453e+00 1.555409599234935714e+00 1.581135438712545804e+00
4.677519777163208659e+00 1.590218067577133576e+00 6.250125638478261081e+00 3.175767047249995478e+00
1.565325770422165919e+00 4.835858396836207468e-02 2.852431881320893758e+00 5.006537302078287510e+00
1.792905387601833114e-02 5.419519412706841344e-02 4.772478346681690908e+00 3.087307485518021366e+00
3.084185849492476095e+00 6.281395569499294673e+00 -2.415034030536570425e-02 1.593012823731143390e+00
4.726864286315619168e+00 6.319121662845130771e+00 9.763956573779417059e-02 4.620079798349831179e+00
4.717905907397001108e+00 6.248271094159855821e+00 3.411402825052728183e+00 1.296387048432524836e+00
1.576125513692764768e+00 1.626521194490642142e+00 3.434638256927992739e+00 4.424555932051949192e+00
1.573413738859742450e+00 4.665210082011089554e+00 3.813824251750255634e+00 8.927732164187963670e-01
6.298731613788935313e+00 1.546921541440385184e+00 8.288616053939990014e-02 3.056913461817760691e+00
1.599103024160679176e+00 4.745657403822582054e+00 4.753214081131041269e+00 3.105424621082703229e+00
-1.055732863090096639e-02 -4.553499151852846705e-02 3.130673588879358427e+00 4.718887895963558066e+00
-3.492627227788273371e-03 1.625941623567234373e+00 5.642281964395380101e+00 6.463902137497566924e-01
1.576070182674036868e+00 3.171277346674968634e+00 2.958205138782242227e-01 2.849477945868494899e+00
1.567253616451869114e+00 4.678606942694221615e+00 5.683825666360949214e+00 5.307816320522235287e+00
4.710125667939689897e+00 4.665980328285931122e+00 5.591153053619859037e+00 3.830282959063225690e+00
4.765381393227265505e+00 1.541852376489969645e+00 3.163605731185202607e+00 3.120098749349913270e+00
3.169743297160440232e+00 1.525627743431531735e+00 6.322726070016265076e+00 4.670148582449561658e+00
1.538813792840320716e+00 6.305885057880769473e+00 6.250705867492049705e+00 3.175005490935897345e+00
3.178585228659820849e+00 6.292040467845758656e+00 3.938480165514971626e-02 3.105163284481373687e+00
3.360657284687780522e-02 4.670152043702138767e-02 2.521564551704305254e-02 4.693774727662446189e+00
4.674194119515635570e+00 4.713944349215397622e+00 1.537519695128263031e+00 1.602545042307777168e+00
1.623359158910058886e+00 3.136705792390466652e+00 6.299552696560428267e+00 3.129578345912105153e+00
1.609219017424654563e+00 3.120647348433434498e+00 3.686719039774934842e-02 4.674817669980728674e+00
1.544100592342548595e+00 -9.631330979632066885e-03 -5.425564857540809277e-02 1.624246502274936166e+00
3.123628217772135507e+00 1.599799837334372032e+00 4.635398979679691500e+00 4.790878150127818813e+00
4.675492831348099898e+00 1.542600693715086679e+00 4.681305825828910194e+00 1.596997806321259095e+00
1.573273833791583476e+00 4.767356041966007041e+00 2.205161284866837601e+00 5.654502993241420583e+00
1.559354034959184343e+00 4.676737526964099168e+00 6.167360695143186078e+00 6.394731881463584067e+00
3.159246211426147255e+00 4.664380622636908669e+00 3.223938720925017432e+00 4.626102936860404746e+00
2.514460180413187473e-02 4.706445217748004950e+00 3.192437716779960688e+00 1.521385285217978334e+00
4.663910372846372887e+00 1.583912390029576622e+00 1.544371461489784325e+00 2.564297500627237686e-02
6.241887889076736862e+00 6.258857346406911937e+00 3.117982410189795939e+00 3.159993530173463849e+00
8.763344722230115291e-03 6.247658577271018032e+00 1.710854164859868520e+00 1.427676762873839378e+00
6.261467789683437424e+00 3.197361542630752673e+00 4.676013281892082318e+00 6.323224036159428962e+00
1.536499693926567600e+00 -4.256650579556796495e-03 1.535452508817859663e+00 4.745420575056691348e+00
6.300047954868292166e+00 3.170882358690199965e+00 4.789030085670553660e+00 1.497314569484454516e+00
1.573802701961620976e+00 3.180363526826220699e+00 5.308416163630248263e+00 2.548838255105477124e+00
3.104141643145865270e+00 3.148142875127778878e-02 6.252749637386716408e+00 1.603489230163068102e+00
4.681143827046662764e+00 3.110647045676289579e+00 3.105616470711980437e+00 1.603251029326619781e+00
1.592737747415190697e+00 -3.188293838796429219e-02 3.168780495505413963e+00 4.683017928091526727e+00
3.137892649225312081e+00 4.658468245216953463e+00 4.127246462526048099e+00 5.292158050662699509e+00
3.107302584732184236e+00 3.102161432512025030e+00 4.677889151887066888e+00 1.599662644025383607e+00
4.770241601861103575e+00 1.584340490665392620e+00 3.161452429257267216e+00 4.697567080325348421e+00
4.715152142972489635e+00 1.518483196394856183e+00 5.359760498951502861e+00 5.630399625052219470e+00
1.560963228939259650e+00 4.677039685062079677e+00 6.147831935159514316e+00 1.702862954828789910e+00
3.167514218458688635e+00 4.677340358187394465e+00 3.187543588106283465e+00 4.664100258634851670e+00
6.235036924656057522e+00 6.326125845575716333e+00 3.124725515624527716e+00 3.158936733980929112e+00
1.536922457536508579e+00 3.164718667819413689e+00 4.676794501595403553e+00 4.749121656399520219e+00
1.576525786796463269e+00 4.688342093624592977e+00 3.407812847505473197e+00 6.014416188806527508e+00
6.287599633622751760e+00 1.600541378708818296e+00 5.077871954374065133e+00 5.921586681888022063e+00
4.705504512666738748e+00 4.669391741948889951e+00 6.082578233523285860e+00 4.908421763180860431e+00
3.137337232097292539e+00 1.527694754923226705e+00 -3.772900842608155614e-01 5.085398555956090583e+00
1.581932824203049259e+00 -1.564767176100490334e-02 6.278046921831331062e+00 4.716141752855830482e+00
4.701345262075470544e+00 1.621823019931195375e+00 6.153156822355541067e+00 1.335958734512546764e-01
1.585747774817446665e+00 2.297935645037686020e-02 6.379625011206123908e+00 1.477537659114573909e+00
6.278869034211771449e+00 1.525746607361973206e+00 2.760688566007029721e+00 1.946682374524582482e+00
4.708289305658832191e+00 4.724900499971645296e+00 1.055154984526355033e+00 5.172065473281782788e-01
6.279579730111865210e+00 6.241203965776544571e+00 1.092018550394317833e+00 3.617128738802641408e+00
3.136923305871099910e+00 1.632082682593885004e+00 4.371532051689218434e+00 5.060693761763720211e+00
1.417903563353391412e-02 4.741404381769493526e+00 1.037849558470458440e-03 3.143815172888710485e+00
4.742964288197067724e+00 1.542475018435729206e+00 3.715798681881303522e-02 -3.851549585516279156e-02
1.515492593303950475e+00 1.573314502301876860e+00 -2.634109070692399607e-02 4.735373564455469086e+00
4.703958866983441567e+00 1.538510596684398601e+00 6.105295041888473051e+00 1.748728228548393215e-01
4.699095580816127438e+00 1.605740484862413053e+00 6.172955664130954645e+00 4.824022207058334288e+00
3.179239633517455754e+00 -2.472298029572928685e-02 3.174782688721406565e+00 1.537767523802330727e+00
4.741938733268012740e+00 3.153985556701451198e+00 4.758159104118568017e+00 3.098512839492403526e+00
4.741379258731081237e+00 6.278298381372548143e+00 6.328162958079603939e+00 1.527173678830556325e+00
1.551364453020476653e+00 3.100706093357556536e+00 1.508689221331912300e+00 4.769367910612589689e+00
3.152651943900542708e+00 1.535661064067575410e+00 1.078072173791668475e-01 3.030157268968352025e+00
1.560243907987427514e+00 6.227605851212431709e+00 4.584643036820027717e+00 3.262830589402031300e+00
6.280713903448025270e+00 1.623779906529632111e+00 4.040219055917489754e+00 6.776423148463954771e-01
6.275432989442588649e+00 1.539052290690241964e+00 1.388136999172976171e+00 4.891778148737215837e+00
4.755665562711542727e+00 4.723138283605819332e+00 3.174284460060880608e+00 3.113234573950319106e+00
6.312197577232704582e+00 1.601740857558004549e+00 1.609138528982617666e+00 -3.360264984195755755e-02
3.108614584688985882e+00 4.675743878977356438e+00 3.130910400898770707e+00 6.288433882123515062e+00
6.249802350141768770e+00 4.715211131978311876e+00 4.674494818990569733e+00 4.748271027125615440e+00
4.664793674395699696e+00 1.555687589475601706e+00 1.548396328651290066e+00 4.731105016099186322e+00
4.708631805605929088e+00 5.567045974175920120e-02 4.210192198434625332e+00 5.091085223176062824e-01
3.092208282141409192e+00 1.564754488189507020e+00 1.546232583505431135e+00 6.304123440847093640e+00
4.676080419860031867e+00 6.306166344184071626e+00 6.260194728337282299e+00 1.595299752175232788e+00
6.253344617628273205e+00 1.587503243778561224e+00 1.527854866060321060e+00 1.614734843124449704e+00
3.148627066221202586e+00 4.679090978240172838e+00 2.208846595356610265e-01 6.060285374035862205e+00
3.144039507860170168e+00 4.689564752196617725e+00 3.813510099774696016e+00 4.037715521713973743e+00
6.278176842923532064e+00 4.770430894658247212e+00 1.340273164450080934e+00 3.378519944593394442e+00
4.714908252676103473e+00 3.092667517395994992e+00 7.172278134804895844e-01 3.989550496386347067e+00
1.598858260695332767e+00 1.541996351388761788e+00 1.625086618910833280e+00 4.656587171652049939e+00
3.112038594002696890e+00 1.546468409850180192e+00 -1.195684124334503787e-02 3.149435141597269006e+00
3.096827025552872037e+00 4.700858647787351963e+00 3.109047680678666659e+00 1.600432793571892942e+00
-3.290706937969553169e-03 4.502040017205792555e-02 5.616626845168287474e+00 5.382668746197262877e+00
1.572571903464126786e+00 6.246932586034643187e+00 3.857056588088031646e+00 2.421879167346031814e+00
1.566762816121796131e+00 3.111015459078988243e+00 4.178863309790170177e+00 5.244304804275971676e+00
1.566117781301486378e+00 -3.724958972636459309e-02 2.759220828476843135e+00 3.521577752967485875e+00
6.282884250168323526e+00 4.755532974898044607e+00 3.927757130933617447e+00 2.359254259436810663e+00
4.014508587916316984e-02 1.595454031260611583e+00 3.170667523297420409e+00 -2.421693763531694923e-02
4.712318811066283253e+00 6.331159667477090025e+00 7.852888532834396695e-01 3.931678113346612324e+00
3.200011451779572802e+00 6.274305309720399570e+00 4.738574956331818022e+00 4.687149025862067830e+00
6.287998385289033543e+00 4.660881178404722824e+00 5.019093522022810561e+00 5.970568364951745366e+00
1.567203431566848382e+00 1.539438850750377341e+00 2.535241877715397774e+00 5.315008514074606616e+00
3.137732675803744709e+00 3.114693294331304152e+00 4.114179538297928929e+00 3.737252229232862710e+00
4.612197652261184472e-02 3.162777821107026099e+00 1.597139466253950202e+00 1.548607941875252969e+00
6.284061338886994363e+00 3.190996497434371637e+00 5.453786046789620201e+00 2.403777394109734455e+00
4.738623278998375987e+00 1.579274473123840616e+00 4.769249532275983583e+00 1.515551362055300721e+00
1.548846403758472157e+00 6.246662906316401198e+00 4.656539815428484275e+00 1.622174987058181639e+00
4.730488680065075613e+00 6.306044376144573249e+00 4.790683582239068983e+00 6.207903858795661201e+00
6.231136738913284567e+00 1.581310811389831761e+00 -1.149881386196402976e-02 1.580033210019754053e+00
-4.281261271207371932e-02 1.569029597723406555e+00 3.110405600794270864e+00 2.939297550695147213e-02
3.184076212890722957e+00 1.566329512182025097e+00 4.742310518074988046e+00 -2.821251948574490451e-02
-2.706519302089002710e-02 4.684860701044780917e+00 1.533385006604000234e+00 4.744892068141374430e+00
4.717184819728984735e+00 4.752226256523944592e+00 5.104127298920217548e+00 2.753222644207880876e+00
1.930629141051943831e+00 8.480691783046725440e-01 1.099949734734321005e+00 5.095093627712082629e+00
4.704100521869506224e+00 3.165885300982710149e+00 2.964802756556633057e+00 1.799420568091065209e-01
-1.578213519363813253e-02 1.560792551603062295e+00 6.191710545622704842e+00 1.661202309105261898e+00
1.538122867218744139e+00 3.117184933158379412e+00 -4.169340400963904292e-02 3.178885131316256718e+00
4.725524381027899956e+00 4.711858616573528558e+00 1.082555958857569500e-01 3.033661039747047816e+00
3.146350730629782877e+00 -3.298288599142021327e-02 1.965947171826882611e+00 4.312486720042341126e+00
3.588555348738364792e-01 5.558607770709715012e+00 4.240971936120639718e+00 5.094375065892820409e+00
1.575145780495503800e+00 1.542849225596587104e+00 5.149929434408828222e+00 4.272142259021918242e+00
3.107332393481625932e+00 6.273021917118462021e+00 6.255186164339537669e+00 4.737358574989321447e+00
4.716914874101691524e+00 1.594758410643961621e+00 2.016841833011467244e+00 5.839106665097397730e+00
4.093153346854616625e-02 3.131710379014300827e+00 3.176226559959938189e+00 4.678287506758295855e+00
3.147362742542886505e+00 4.660580923226704364e+00 3.409750451063311427e+00 2.868755432461588484e+00
1.549901708873375972e+00 4.744471290766314020e+00 -6.442120884934636471e-02 1.638369534894425827e+00
3.158708739850138336e+00 4.682440955509890479e+00 3.230259426943739243e+00 4.621330831293573915e+00
3.166182806258114990e+00 2.329779348249036083e-02 3.198812103451535549e+00 3.087950652204453306e+00
6.244583342317783448e+00 3.144506363731123688e+00 6.248900819140485119e+00 1.602603090498307736e+00
6.279153897804930828e+00 1.597680294964722858e+00 4.196641380204286342e+00 5.231309975682669311e+00
4.752455173787004661e+00 1.557188357913720678e+00 3.168250041936156780e+00 -2.513398771209604532e-02
1.575725356316236336e+00 1.596136489817895798e+00 4.070846846953725118e-01 2.736705392231430611e+00
-2.172430678805859980e-02 4.745525238030346316e+00 3.081066473180872567e+00 3.204773676745956923e+00
3.138433932481499600e+00 4.786249755868161593e+00 4.411400052191813970e+00 3.072396597998433565e-01
1.624235725133064134e+00 4.694959083141905687e+00 4.739823558082751020e+00 3.117678898948639699e+00
3.137244390709311492e+00 3.182694281918764467e+00 2.781567984298570106e+00 1.933957138866069903e+00
3.135319483482992720e+00 6.226507170496294208e+00 4.703133257627570174e+00 4.715683553147774987e+00
6.281381766597451843e+00 4.942458042691807302e-02 8.340483249607071325e-01 7.419248818956470926e-01
4.704498400584185447e+00 1.605693126556886563e+00 2.970899623788381572e+00 4.885776044646773286e+00
4.710303825476187534e+00 3.195452392425028876e+00 2.454371678394343004e+00 3.833600364259313498e+00
3.137180928180391071e+00 3.098856797286648757e+00 2.754608573793080772e+00 5.096351220106071445e+00
3.111929891179322283e+00 3.156468905639787881e+00 -4.727360981619312119e-02 1.618047211448585321e+00
1.929587416454606963e+00 5.558831815076380245e+00 4.240456037576025849e+00 3.523774550997197608e+00
4.710738378207828703e+00 1.531363437328703947e+00 2.413847020131719034e+00 3.865578662650620334e+00
-1.556002046779752894e-02 3.096420959121005900e+00 6.189793369499026809e+00 8.991785624679390909e-02
4.715635071448940785e+00 3.102498056828444817e+00 5.366357019159832653e+00 9.121676775025936434e-01
