-1.796898579597473145e+01
-1.796947535276412466e+01
-1.797405902743339468e+01
-1.797743059098722185e+01
-1.796914581656454857e+01
-1.797628780603407606e+01
-1.797459184825421019e+01
-1.797674146592617817e+01
-1.797551836371420464e+01
-1.797579313218592389e+01
-1.797222131490708463e+01
-1.797299520969392006e+01
-1.797152399718761018e+01
-1.797642913758755512e+01
-1.797751620411872153e+01
-1.797215715646744627e+01
-1.797740651071070772e+01
-1.797679724097252318e+01
-1.796682738363741549e+01
-1.797278383374212396e+01
-1.796918905377389564e+01
-1.797748727500437838e+01
-1.797141895294188174e+01
-1.797565977871417786e+01
-1.797736750245093873e+01
-1.797276674807072183e+01
-1.797102076113224101e+01
-1.797676572501660175e+01
-1.797656345665453870e+01
-1.797673857808113240e+01
-1.796817269325258337e+01
-1.797508485019208280e+01
-1.797719591259955152e+01
-1.797569440901279236e+01
-1.797662325799464256e+01
-1.796911170482634645e+01
-1.797718509435655321e+01
-1.797190265059471770e+01
-1.797693415582179099e+01
-1.796883023083208997e+01
-1.796367053687571058e+01
-1.797697908878325634e+01
-1.797649340927600647e+01
-1.796602447330950625e+01
-1.797473111450671368e+01
-1.797486812770367948e+01
-1.797655625343321617e+01
-1.797519613206387490e+01
-1.797527126967908018e+01
-1.797603694796563190e+01
-1.797598268985747083e+01
-1.797499000430108396e+01
-1.797722757756711331e+01
-1.797734257578848016e+01
-1.797522765398025157e+01
-1.796913397014141012e+01
-1.797638621628283317e+01
-1.797710503041745156e+01
-1.797382797598838167e+01
-1.797743079066276906e+01
-1.797193297445773652e+01
-1.797705676853658119e+01
-1.797260172367096231e+01
-1.797699541449546246e+01
-1.797007326781749370e+01
-1.797229198217393531e+01
-1.797613543868063601e+01
-1.797660471498965151e+01
-1.797677531242369398e+01
-1.796929070353507285e+01
-1.797629598975181153e+01
-1.797662948668004290e+01
-1.797677291333674177e+01
-1.797281104028224874e+01
-1.797575868964193901e+01
-1.797466472387314695e+01
-1.797061817348003032e+01
-1.796772211492061899e+01
-1.797139498889447040e+01
-1.797611602544783693e+01
-1.797132834792138212e+01
-1.797542435526847981e+01
-1.797294905781746621e+01
-1.797485692799091694e+01
-1.797509982287884966e+01
-1.796653692722321338e+01
-1.797729282081126101e+01
-1.797598757743836728e+01
-1.797742344439028628e+01
-1.797578687071801440e+01
-1.797018760740758481e+01
-1.797620016038417745e+01
-1.797711995542050190e+01
-1.796869367063046852e+01
-1.797573967576028764e+01
-1.796905561685563057e+01
-1.797537500262260579e+01
-1.797657075226307555e+01
-1.797660274803637392e+01
-1.796916073858736951e+01
-1.797003041207788598e+01
-1.797578903436659914e+01
-1.797659818232059337e+01
-1.797690039873124590e+01
-1.797710104584694335e+01
-1.797402855157850610e+01
-1.797720381915570087e+01
-1.797540415227414812e+01
-1.797732539176940136e+01
-1.797361601889134874e+01
-1.797255798578260411e+01
-1.797527079880237721e+01
-1.797571651935578529e+01
-1.797463158667086702e+01
-1.797464101612568754e+01
-1.797571840584279101e+01
-1.797716331183910299e+01
-1.796932566463947367e+01
-1.797658044695854329e+01
-1.797649222910403921e+01
-1.797316840291024675e+01
-1.797166705429555122e+01
-1.797642301023007505e+01
-1.797528277635572636e+01
-1.797305794954300495e+01
-1.796552868187428942e+01
-1.797607066035272183e+01
-1.796709461808203301e+01
-1.797429123222827130e+01
-1.797733456492425574e+01
-1.797689352929593554e+01
-1.797734935879708829e+01
-1.797091607749463193e+01
-1.797675232589244487e+01
-1.797044624984263095e+01
-1.796832776367664408e+01
-1.797725862264632468e+01
-1.797622054517270485e+01
-1.796923840939998840e+01
-1.797444674968720690e+01
-1.797105211317538576e+01
-1.797505244910716371e+01
-1.797703445851804105e+01
-1.797141951918602132e+01
-1.797677245438097415e+01
-1.797514193058015053e+01
-1.797012339532373559e+01
-1.796792435944079358e+01
-1.797736499011518063e+01
-1.797374505102634501e+01
-1.797533144950867978e+01
-1.796925124227999859e+01
-1.797700774669647217e+01
-1.797188233137129743e+01
-1.797563386261464657e+01
-1.796975523829459576e+01
-1.797619377076624403e+01
-1.797621591091156290e+01
-1.797343145608900272e+01
-1.797704608142375449e+01
-1.797717520594597929e+01
-1.797723267078400511e+01
-1.797640326023101309e+01
-1.797602508962154033e+01
-1.797707308232783063e+01
-1.797345615029336230e+01
-1.797701469063759561e+01
-1.797688051760198036e+01
-1.797742767632006533e+01
-1.797747375965117556e+01
-1.797031082510950029e+01
-1.797715411782264283e+01
-1.797628683447837972e+01
-1.797602571547030337e+01
-1.797382060885427535e+01
-1.797625090479852261e+01
-1.797650109529494955e+01
-1.796949811279774067e+01
-1.797559453546999819e+01
-1.797696419656278621e+01
-1.797607017755510128e+01
-1.796871627867220411e+01
-1.797474858760832461e+01
-1.797346268594266050e+01
-1.797351663708685621e+01
-1.797191593348980732e+01
-1.797382842302323169e+01
-1.797533702254295207e+01
-1.797544954121111260e+01
-1.797560205161570934e+01
-1.797739349603653380e+01
-1.797527593076229024e+01
-1.797205529212950026e+01
-1.797412505149841522e+01
-1.797564290463924053e+01
-1.797004967927932739e+01
-1.797743313610554949e+01
-1.797503431141375430e+01
-1.797531227469445270e+01
-1.796930198371410725e+01
-1.797699649631976371e+01
-1.797386007606984037e+01
-1.796908714473249091e+01
-1.797750214338303110e+01
-1.797535198032857195e+01
-1.797434156239032532e+01
-1.797437200546265501e+01
-1.797359486818312746e+01
-1.797595634162425071e+01
-1.797577099204064410e+01
-1.797598020732402446e+01
-1.797647629082203835e+01
-1.797722612321375735e+01
-1.797711963951586966e+01
-1.797183189988135510e+01
-1.797487368583679768e+01
-1.797737155258656827e+01
-1.797543720901013486e+01
-1.797688250541685662e+01
-1.797135658264159375e+01
-1.797661859393119954e+01
-1.797721566557883222e+01
-1.797725244462489158e+01
-1.797679017484186303e+01
-1.797574285566807717e+01
-1.797734619081019503e+01
-1.797321584522723015e+01
-1.797579173147677523e+01
-1.797251597046851757e+01
-1.796923919320105512e+01
-1.797727935314178183e+01
-1.797626371085642560e+01
-1.797737551629542097e+01
-1.797736292183398987e+01
-1.797370392978190168e+01
-1.797597334682942005e+01
-1.797728959918023151e+01
-1.797703731358051016e+01
-1.797725287377833681e+01
-1.796935593485831362e+01
-1.797526785433294094e+01
-1.796883323788642173e+01
-1.797260496914387673e+01
-1.797285474240781156e+01
-1.797227300107480374e+01
-1.797565068602562377e+01
-1.797715121209622779e+01
-1.797056280970573994e+01
-1.797491479814054216e+01
-1.797731361985207599e+01
-1.797023505866527771e+01
-1.797751747369764885e+01
-1.797003763318061687e+01
-1.797690685093403218e+01
-1.797612116634844170e+01
-1.797163041234016845e+01
-1.797542863488197185e+01
-1.797733715772630347e+01
-1.797481814026833291e+01
-1.796880193352700061e+01
-1.796937461793422131e+01
-1.797479923963545190e+01
-1.797623458206652813e+01
-1.797461024224757864e+01
-1.797315185070038623e+01
-1.797030188143254748e+01
-1.796902635395526104e+01
-1.797717592120168462e+01
-1.797306992411612470e+01
-1.797316671907900698e+01
-1.797413002848625041e+01
-1.797606299221516934e+01
-1.797173587977885845e+01
-1.797552504241465599e+01
-1.797692362070084471e+01
-1.797214618027210875e+01
-1.796509130001066978e+01
-1.797588524818420908e+01
-1.797721302211283856e+01
-1.796815786063672959e+01
-1.797733589410781008e+01
-1.797735596597195951e+01
-1.797702437043191281e+01
-1.797632628381251152e+01
-1.797415882647036156e+01
-1.797614103555679321e+01
-1.797603847682477607e+01
-1.797684314548969553e+01
-1.797473611533640891e+01
-1.797258785068988374e+01
-1.797645388245582154e+01
-1.797736938297747500e+01
-1.797263054251670411e+01
-1.797245639860629751e+01
-1.797472308278083730e+01
-1.796827561259269856e+01
-1.797700757980348385e+01
-1.797433362007139479e+01
-1.797722274661064290e+01
-1.796849906146524845e+01
-1.797554898560047221e+01
-1.797700637578965299e+01
-1.797652454078199113e+01
-1.797262199521064119e+01
-1.797701700627804300e+01
-1.797717979550362344e+01
-1.797426617443561270e+01
-1.797430688440799429e+01
-1.797688303887843730e+01
-1.797694609761236606e+01
-1.797644259631634611e+01
-1.797563187777995708e+01
-1.797569321691988620e+01
-1.797556008398531802e+01
-1.797582973837853615e+01
-1.797456272542475730e+01
-1.797441491782664613e+01
-1.796996264457701287e+01
-1.797418651282789526e+01
-1.797567330002783237e+01
-1.796919947266578532e+01
-1.797270515859126405e+01
-1.797746205329896085e+01
-1.797534511983393202e+01
-1.797529214322568336e+01
-1.797348395287989575e+01
-1.797558653056621480e+01
-1.797648579180240702e+01
-1.797502279877662090e+01
-1.797571756541728405e+01
-1.797539068460463696e+01
-1.797579714357851444e+01
-1.797625376582144341e+01
-1.797699966132642757e+01
-1.797338245511054922e+01
-1.797446779906749370e+01
-1.797473293244838644e+01
-1.797692906260490275e+01
-1.796937121152877026e+01
-1.797522947192190301e+01
-1.797751201391219311e+01
-1.797705270648004117e+01
-1.797180211842060515e+01
-1.797634016275407021e+01
-1.797726593911648862e+01
-1.797486260533333891e+01
-1.797720261812209230e+01
-1.797042528390885252e+01
-1.797238574028015989e+01
-1.796898773610592315e+01
-1.797209157049656270e+01
-1.797611496150494403e+01
-1.797700402736664671e+01
-1.796955417096615903e+01
-1.796904586553572258e+01
-1.797662706673144228e+01
-1.797583033740520975e+01
-1.797098197340966408e+01
-1.797675767540932412e+01
-1.797502107918262126e+01
-1.796868139505384931e+01
-1.797597264051437094e+01
-1.796824569106100711e+01
-1.796904764771461416e+01
-1.797235697507857921e+01
-1.797548169493673953e+01
-1.797676050364969669e+01
-1.797716520726681466e+01
-1.797596842348577084e+01
-1.797723112702370685e+01
-1.797593724727630615e+01
-1.797385664582252929e+01
-1.797304127812387264e+01
-1.797440893948077445e+01
-1.797652731835843198e+01
-1.797675531506539670e+01
-1.796970399916170535e+01
-1.797114803493024482e+01
-1.797188664674757774e+01
-1.797491133213043213e+01
-1.797663230597973083e+01
-1.796906214952468872e+01
-1.797057836949825216e+01
-1.797588218450545128e+01
-1.797056901156900821e+01
-1.797686402201652101e+01
-1.797730316519736959e+01
-1.796894282102583418e+01
-1.797619384229183126e+01
-1.797539526820182587e+01
-1.796963897645474262e+01
-1.797126246988771925e+01
-1.797659853398799257e+01
-1.797711251080037087e+01
-1.796962265968323891e+01
-1.797308557331562895e+01
-1.797554343342779504e+01
-1.797656013369559247e+01
-1.796896962821482902e+01
-1.797730822563170250e+01
-1.797710809707642454e+01
-1.797745625972747519e+01
-1.796734789907931074e+01
-1.797666154205800026e+01
-1.797625766694545746e+01
-1.797731960713862520e+01
-1.797627032101154043e+01
-1.796903187632559451e+01
-1.797733127176762835e+01
-1.797690692543982038e+01
-1.797492026388643893e+01
-1.797619352936745329e+01
-1.797404255568980247e+01
-1.797100646793841250e+01
-1.797385931909085244e+01
-1.797700717747212451e+01
-1.797426911294459728e+01
-1.797693079411983064e+01
-1.797426578998566526e+01
-1.797746663987635429e+01
-1.797708342969418638e+01
-1.797672564089297254e+01
-1.797550908923149393e+01
-1.797339959442614443e+01
-1.797671980261804237e+01
-1.797670262455938683e+01
-1.797580793797968823e+01
-1.797678497731686420e+01
-1.797060114145277865e+01
-1.797345874011515932e+01
-1.797595993876458209e+01
-1.797749171853063643e+01
-1.797701748907567065e+01
-1.797539209723473874e+01
-1.797293631136416892e+01
-1.797731156349181347e+01
-1.797474934756756682e+01
-1.796897549331187349e+01
-1.796871767342091530e+01
-1.796782640814781118e+01
-1.797739172875880342e+01
-1.797712147533892235e+01
-1.797645707428455708e+01
-1.797632703483103001e+01
-1.797744044959544496e+01
-1.796919521689415689e+01
-1.797503902316094582e+01
-1.797500787079335183e+01
-1.797650417387487209e+01
-1.797590961456298331e+01
-1.796849690675735189e+01
-1.797737389802931318e+01
-1.797361826896668902e+01
-1.797603502273558007e+01
-1.797353737652300509e+01
-1.797054038643835838e+01
-1.797504312992094810e+01
-1.797646710276604765e+01
-1.796890241205693783e+01
-1.797678128480912463e+01
-1.797492021322251787e+01
-1.797352533936499341e+01
-1.797742517292499898e+01
-1.797659792602060591e+01
-1.797324348688125184e+01
-1.797292612195015593e+01
-1.797302809953689717e+01
-1.797688389718531354e+01
-1.797201351523397506e+01
-1.797561135888098960e+01
-1.797014722824094690e+01
-1.796912120580672223e+01
-1.797724994122982523e+01
-1.797537454664706047e+01
-1.797599840164185281e+01
-1.797472204864026679e+01
-1.797679985463618024e+01
-1.797664443850516847e+01
-1.797722636163233290e+01
-1.797605031430721212e+01
-1.797694020569325346e+01
-1.797701224982740342e+01
-1.796900562345983232e+01
-1.797697092890738446e+01
-1.797741583287716693e+01
-1.797494182884694069e+01
-1.797173352837562987e+01
-1.797330569028854796e+01
-1.797722575962542280e+01
-1.797649687230586935e+01
-1.797652887105940067e+01
-1.797515047192574755e+01
-1.797058643996716043e+01
-1.797742106020449526e+01
-1.797542159855365540e+01
-1.797571611404418590e+01
-1.797499037384986309e+01
-1.797657411098478519e+01
-1.797208073139191242e+01
-1.797688445150850356e+01
-1.797677266597748158e+01
-1.797346370816231698e+01
-1.797694014012813213e+01
-1.797684442698956531e+01
-1.797706046402455371e+01
-1.797406742870807150e+01
-1.797582202255725647e+01
-1.797707017660139428e+01
-1.797541450560091292e+01
-1.797103626728057790e+01
-1.796891438364983529e+01
-1.797707329094408379e+01
-1.797677793800829704e+01
-1.797383112311364783e+01
-1.797706570029259154e+01
-1.796825766861439533e+01
-1.797624766826629639e+01
-1.797405276596545676e+01
-1.797680782079696726e+01
-1.796939547359943035e+01
-1.797341784834862466e+01
-1.797755532264709188e+01
-1.797474664151667412e+01
-1.797139120399952006e+01
-1.797521205544472167e+01
-1.797477434873581714e+01
-1.797483787834645952e+01
-1.797652921974659890e+01
-1.797647586166857891e+01
-1.797674954235552391e+01
-1.797329767346382567e+01
-1.797441215813161719e+01
-1.797551324069499046e+01
-1.797587416172028441e+01
-1.797562326788901288e+01
-1.797680423259736315e+01
-1.796819542348385923e+01
-1.796907530426978639e+01
-1.797296870350836429e+01
-1.797179363071918345e+01
-1.796915406584739827e+01
-1.797749552130698092e+01
-1.797502844333647687e+01
-1.797514664232729231e+01
-1.797573468685150999e+01
-1.797661725878713668e+01
-1.797616814374923777e+01
-1.797617397606371625e+01
-1.796860667169092451e+01
-1.797665372788906879e+01
-1.797719420492648723e+01
-1.797724110186099367e+01
-1.797575304806233021e+01
-1.796965874731542101e+01
-1.797447210848332588e+01
-1.797711449861526489e+01
-1.797002871632574994e+01
-1.797614672482015052e+01
-1.797343590259551505e+01
-1.797166209518910307e+01
-1.796817384064198464e+01
-1.797730009853839661e+01
-1.797707956135271345e+01
-1.797724831700325154e+01
-1.797569613158701074e+01
-1.797642231881618713e+01
-1.797366863191127706e+01
-1.797687043547629315e+01
-1.797448056340218869e+01
-1.797686291635035261e+01
-1.797616523504256492e+01
-1.797651133239267551e+01
-1.797747010588647143e+01
-1.797692933678626659e+01
-1.797496744692323389e+01
-1.797649194300176489e+01
-1.797517064213752036e+01
-1.797739319503306987e+01
-1.796825618445874895e+01
-1.797657402157782869e+01
-1.797709741294385566e+01
-1.797551503181458088e+01
-1.796917472779750469e+01
-1.797449012398718793e+01
-1.797207919955254596e+01
-1.797506294846533947e+01
-1.797745116949080568e+01
-1.797246415615082071e+01
-1.797662666440011492e+01
-1.797685739696025919e+01
-1.797671019136905457e+01
-1.796974145770071374e+01
-1.797621839642525643e+01
-1.797688780426980060e+01
-1.797649996578692466e+01
-1.797062854766845419e+01
-1.797417182326318041e+01
-1.797737226486204065e+01
-1.797507103085519375e+01
-1.797351563572885169e+01
-1.797590435743333614e+01
-1.797746430039406462e+01
-1.797715228199958659e+01
-1.797265965640545105e+01
-1.796849274039267286e+01
-1.797037602961062319e+01
-1.797365151643752768e+01
-1.796813654303551644e+01
-1.797740942239761353e+01
-1.797702796459199348e+01
-1.797236541807652443e+01
-1.797232628166675639e+01
-1.797440035045146089e+01
-1.797356067299842408e+01
-1.797425770759581098e+01
-1.797388041019438631e+01
-1.797637487351893881e+01
-1.797386149466038319e+01
-1.797665934264659526e+01
-1.797708496451377158e+01
-1.797670497894288744e+01
-1.797389429807663319e+01
-1.797003883719443706e+01
-1.797566007673741240e+01
-1.797392609715462797e+01
-1.797705120146274638e+01
-1.797716777622700590e+01
-1.797730088531972115e+01
-1.797724876999856036e+01
-1.797642211914063637e+01
-1.796983114778996438e+01
-1.797686745524407570e+01
-1.796833673119546404e+01
-1.797493911087513396e+01
-1.797643311321736093e+01
-1.797463083267211204e+01
-1.797370833754538211e+01
-1.797681116759778064e+01
-1.797363114356993563e+01
-1.797314057350158123e+01
-1.797352025806903342e+01
-1.797591574192048469e+01
-1.797272329628466281e+01
-1.797165555953979776e+01
-1.797636490464210013e+01
-1.797175364196300507e+01
-1.797633424997330565e+01
-1.797700405418872904e+01
-1.797380669414996390e+01
-1.797390930354594829e+01
-1.797548506855965655e+01
-1.797538388073445859e+01
-1.797700461149214846e+01
-1.797691004574300067e+01
-1.797694876194001878e+01
-1.796877641081811561e+01
-1.797593494653702351e+01
-1.797687418162822937e+01
-1.797519858777522472e+01
-1.796738369762896426e+01
-1.796734936833380658e+01
-1.797629158794878990e+01
-1.797219085097312785e+01
-1.796938984692095431e+01
-1.797731043100356274e+01
-1.797697630524636381e+01
-1.797309961318971716e+01
-1.797661172747610792e+01
-1.797732040584088153e+01
-1.797636280357838245e+01
-1.797725039124490110e+01
-1.797698775529863013e+01
-1.797176658511162017e+01
-1.797699230313301300e+01
-1.797477491796017190e+01
-1.797656123042105847e+01
-1.797481130361556723e+01
-1.797614780962466696e+01
-1.797720531523227194e+01
-1.797706711888314501e+01
-1.796961373984812838e+01
-1.797091935873031687e+01
-1.797024098932743641e+01
-1.797753053903579712e+01
-1.797710060179234404e+01
-1.797698341310025327e+01
-1.797304521799085819e+01
-1.797746875584126514e+01
-1.797745644152164246e+01
-1.797723014354705029e+01
-1.796858313381673611e+01
-1.797731479108334085e+01
-1.797692288756371681e+01
-1.797616382539273516e+01
-1.797566105425358174e+01
-1.797733823359014238e+01
-1.797754803597927875e+01
-1.796569511294365640e+01
-1.797676831483840942e+01
-1.797506951689720012e+01
-1.797729069292546455e+01
-1.797062212228775024e+01
-1.797723062336444144e+01
-1.797544682621956014e+01
-1.797446815371514361e+01
-1.797658714056014162e+01
-1.797671112418175454e+01
-1.797622430324553378e+01
-1.797501744031904991e+01
-1.797374910712243690e+01
-1.797460135221480471e+01
-1.797404443025590481e+01
-1.796904770135878948e+01
-1.797546830773352156e+01
-1.797683420777322283e+01
-1.797720089256762677e+01
-1.797456708848475770e+01
-1.797615907192229301e+01
-1.797227677106856447e+01
-1.796905222535135138e+01
-1.797572601735593523e+01
-1.797589527368546669e+01
-1.796763785183431139e+01
-1.797746296226977236e+01
-1.797531269788743202e+01
-1.797751094996929666e+01
-1.797737397849557794e+01
-1.797478951513766177e+01
-1.797683113813398847e+01
-1.797498574256897541e+01
-1.797590505480766510e+01
-1.797689562439919442e+01
-1.797660213708877563e+01
-1.797739542424677595e+01
-1.797665278613568418e+01
-1.797694535851479003e+01
-1.796891409158707020e+01
-1.797027125060557395e+01
-1.797444158494473854e+01
-1.797740921974180495e+01
-1.797714255750180001e+01
-1.797562826573847516e+01
-1.797658943235873252e+01
-1.797443450391293851e+01
-1.797378200292587280e+01
-1.797648816108703329e+01
-1.797447372972966662e+01
-1.796780591309069308e+01
-1.797619671523570517e+01
-1.797413830459118600e+01
-1.796815447211266559e+01
-1.797717385590076233e+01
-1.797382878959179209e+01
-1.797179155647754811e+01
-1.797192808687686139e+01
-1.797745116949082345e+01
-1.796978204548358704e+01
-1.796631035506723606e+01
-1.796388098001481737e+01
-1.797056819796561200e+01
-1.796990343928337808e+01
-1.797551648914814137e+01
-1.797603410780428490e+01
-1.797324641942977053e+01
-1.796914626657961733e+01
-1.797371844351292580e+01
-1.797682843506335360e+01
-1.797580727338792528e+01
-1.797624185383318363e+01
-1.797455267608166807e+01
-1.796829221546651567e+01
-1.797750811576844399e+01
-1.797186410129070211e+01
-1.797291242480279294e+01
-1.797529383003712056e+01
-1.797705239653588549e+01
-1.797538660168648761e+01
-1.797479246258736651e+01
-1.797160601615905762e+01
-1.797633487880228742e+01
-1.797646276652811181e+01
-1.797498119473457123e+01
-1.797233639657498117e+01
-1.797505602240563150e+01
-1.797677283287048056e+01
-1.797060424983501647e+01
-1.797585297226904899e+01
-1.797490319907664258e+01
-1.797584832906724017e+01
-1.797735384106637113e+01
-1.797607476711273478e+01
-1.797016970217228149e+01
-1.797748406827450296e+01
-1.797617686688901628e+01
-1.797689860761165903e+01
-1.797035215198994607e+01
-1.796873898506163414e+01
-1.796946417689323283e+01
-1.797746393978594170e+01
-1.797120860815049070e+01
