-1.079918300509452855e+01
-1.079822808206081497e+01
-1.079931508302688847e+01
-1.079441883265972102e+01
-1.079828561544418264e+01
-6.900872081518173218e+00
-1.079683202505111694e+01
-1.079267731010913778e+01
-1.079901256263256215e+01
-1.079776847958564545e+01
-1.079809632003307485e+01
-1.079940441250800909e+01
-1.079948570430278920e+01
-1.079797295331954921e+01
-1.079656011760234691e+01
-1.079977849125862122e+01
-1.079640651047229838e+01
-1.079886163175106084e+01
-1.079876701235771108e+01
-1.079860265254974117e+01
-1.079944216310977900e+01
-6.870335388183593572e+00
-1.079935058057308161e+01
-5.476823893189429526e+00
-1.079775263369083405e+01
-1.079917662143707346e+01
-7.334044161438942666e+00
-1.079949117898940614e+01
-1.079822832643985819e+01
-5.578648030757904053e+00
-1.079967895746230866e+01
-1.079962504506111109e+01
-5.423631198704242706e+00
-7.094906172156334456e+00
-1.079809019863605357e+01
-1.079820056259632466e+01
-1.079824703037738587e+01
-1.079929672181606293e+01
-1.079955173730849971e+01
-1.079939726293087077e+01
-7.213360688090324935e+00
-7.094888150691986084e+00
-1.079840969443321264e+01
-1.079918653368950210e+01
-1.079340078532695912e+01
-1.079369347393512690e+01
-1.079948344528675008e+01
-1.079882234036922384e+01
-1.079897982776165222e+01
-1.079962807595729757e+01
-5.423600494116543658e+00
-5.896867975592612332e+00
-1.079954072833061396e+01
-1.079380556344985997e+01
-7.094816008210182545e+00
-1.079807897806167816e+01
-1.079864036738872635e+01
-5.578719675540925849e+00
-1.079891766309738088e+01
-1.079939477741718079e+01
-1.079945909678935756e+01
-1.079935115277766933e+01
-6.870039701461791992e+00
-1.079897315204143560e+01
-1.079940144121646917e+01
-1.079884629845619415e+01
-1.079915766716003489e+01
-1.079824306070804596e+01
-1.079973248541355169e+01
-1.079920321702957331e+01
-1.079834282696247350e+01
-1.079841407537460363e+01
-1.079826784431934428e+01
-3.781082922220230014e+00
-7.536961004137991971e+00
-1.079838384091853953e+01
-1.079936378300189936e+01
-1.079787053167819977e+01
-5.476882404088973644e+00
-1.079617240726947891e+01
-1.079483201503753875e+01
-1.079932502210140299e+01
-1.079923227727413071e+01
-1.079878256022930039e+01
-1.079918533563613892e+01
-1.079262539148330902e+01
-1.079973514378070831e+01
-1.079977888166904521e+01
-1.079959791898727417e+01
-1.079908309876918793e+01
-1.079910341799259399e+01
-6.056447717547416509e+00
-7.536922398209571661e+00
-4.688500170409680479e+00
-1.079965988099574759e+01
-3.965401785075663543e+00
-1.079522723853587962e+01
-1.079406333267688645e+01
-1.079982084333896530e+01
-4.412589570134878514e+00
-1.079380275607109319e+01
-1.079970041811466430e+01
-1.079879851937293900e+01
-1.079915173053741562e+01
-1.079952936768531657e+01
-1.079912183284759486e+01
-1.079875858128070831e+01
-1.079867654144763911e+01
-1.079796533286571858e+01
-1.079863495230674886e+01
-1.079961366951465607e+01
-5.578738862276075849e+00
-1.079951133728027379e+01
-1.079892489016055812e+01
-1.079434114098548747e+01
-1.079925884604454289e+01
-1.079962272942066193e+01
-1.079852461814880726e+01
-1.079394022822379995e+01
-1.079533500075340235e+01
-1.079900256395339930e+01
-1.079968349039554631e+01
-1.079905411899089707e+01
-1.079592592716216970e+01
-7.537068605422974521e+00
-1.079378533959388875e+01
-1.079966128766536571e+01
-1.079932155311107422e+01
-1.079955521821975672e+01
-1.079913499057292903e+01
-1.079954435229300991e+01
-1.079482579827308442e+01
-6.900882896780967890e+00
-1.079982754886150431e+01
-1.079942021965980459e+01
-1.079628245830535782e+01
-1.079851285815238882e+01
-1.079963029026985311e+01
-1.079943999648094533e+01
-1.079840674102306330e+01
-1.079915315210819138e+01
-1.079768848121166336e+01
-1.079854340255260503e+01
-1.079976477026939463e+01
-1.079380247592926167e+01
-1.079926866292953669e+01
-1.079929702281951798e+01
-1.079973415136337422e+01
-5.983887918293477881e+00
-5.259704002737998429e+00
-1.079947025775909353e+01
-1.079941532313823593e+01
-1.079852521717548264e+01
-1.079917663633823466e+01
-1.079944463372230778e+01
-4.655451235175133817e+00
-1.079584912359714366e+01
-5.423619826138019739e+00
-6.185160949826240540e+00
-6.979439477622507937e+00
-1.079883411526679993e+01
-1.079741030335426188e+01
-1.079906093180179738e+01
-1.079868736863136292e+01
-1.079849763512611460e+01
-1.079971487522125351e+01
-1.079947277009487294e+01
-1.079835192859172643e+01
-1.079919910728931320e+01
-1.079827560782432627e+01
-1.079976798593998133e+01
-1.079360667467117274e+01
-1.079723941683769439e+01
-1.079370666444301463e+01
-1.079921210110187602e+01
-1.079887462556362188e+01
-1.079494632482528615e+01
-1.079600120186805690e+01
-1.079970637261867417e+01
-1.079655241668224264e+01
-1.079942072033882106e+01
-1.079912849664687791e+01
-1.079927534759044505e+01
-1.079965242743492304e+01
-6.520601369440556461e+00
-6.900886321067810414e+00
-1.079371451139449967e+01
-1.079956411719322062e+01
-5.423580628633498435e+00
-1.079973985552787852e+01
-1.079885605275631022e+01
-1.079889342784881734e+01
-1.079381484091281962e+01
-1.079693356752395417e+01
-7.334145820140838268e+00
-1.079978151619434357e+01
-1.079922278821468673e+01
-1.079973659217357884e+01
-1.079913043379783666e+01
-1.079899086952209508e+01
-1.079405718445777929e+01
-1.079518304467201162e+01
-1.079381352961063278e+01
-1.079732636511326049e+01
-1.079950867891311717e+01
-1.079383198320865489e+01
-1.079980053305625809e+01
-1.079967263340950190e+01
-1.079787094891071142e+01
-6.520635736733674470e+00
-1.079861756265163386e+01
-1.079876639544963801e+01
-1.079908180236816406e+01
-1.079897319376468623e+01
-1.079373668432235789e+01
-5.175317277014256589e+00
-1.079919904470443726e+01
-1.079945605397224639e+01
-1.079884589910507131e+01
-1.079880335330963170e+01
-7.213382032513619535e+00
-1.079978955090046000e+01
-1.079629324078560160e+01
-1.079066038429736984e+01
-1.079950593113899338e+01
-1.079894795715808975e+01
-1.079984000325202942e+01
-1.079879771769046570e+01
-1.079785317778587128e+01
-1.079453241527080642e+01
-1.079861538708209778e+01
-1.079931163489818680e+01
-7.270513084158300998e+00
-1.079906168580055237e+01
-3.558949160575867410e+00
-1.079933533370494914e+01
-1.079908294081687892e+01
-5.597944506257771735e+00
-1.079464641511440526e+01
-1.079626660048961817e+01
-5.423603852838277284e+00
-1.079581430852413071e+01
-1.079722729325294672e+01
-1.079871906042099283e+01
-6.056412749737500434e+00
-1.079346146583557164e+01
-1.079928218722343480e+01
-1.079936730265617406e+01
-1.079927853047847819e+01
-1.079953559935093033e+01
-1.079950140118598867e+01
-1.079977900683879888e+01
-6.269775423407554449e+00
-7.213436272740364252e+00
-1.079869154691696131e+01
-1.079932979941368387e+01
-4.550268653035163702e+00
-5.423533955216406355e+00
-1.079652199447155070e+01
-3.853115963935851873e+00
-1.079665299654006994e+01
-1.079821927249431468e+01
-5.559594936296344159e+00
-6.685140873491763891e+00
-7.536846873164177119e+00
-1.079953242242336131e+01
-1.079916211068630183e+01
-6.870138971507549819e+00
-1.079981777966022527e+01
-5.259682531654835458e+00
-1.079955794513225520e+01
-1.079819576442241846e+01
-1.079946388602256491e+01
-5.708546045422554727e+00
-1.079353632330894364e+01
-1.079933592975139334e+01
-1.079421387016773259e+01
-5.578666996955871760e+00
-1.079786446988582505e+01
-1.079912357628345454e+01
-1.079643144607543981e+01
-1.079966486990451813e+01
-1.079421649575233566e+01
-1.079916875362396489e+01
-1.079382046759128500e+01
-1.079411088824272191e+01
-1.079689550995826863e+01
-1.079368344843387462e+01
-1.079984931349754085e+01
-5.578721717000008518e+00
-1.079671216309070658e+01
-1.079693687260150803e+01
-1.079905855953693461e+01
-1.079796868264675069e+01
-1.079904816150665248e+01
-1.079491173624992406e+01
-4.655417299270632192e+00
-1.079890791475772716e+01
-1.079905609488487350e+01
-4.240008690208195929e+00
-7.334147712588309886e+00
-1.079658704698085536e+01
-1.079863794744014882e+01
-1.079851589798927414e+01
-1.079382683932781184e+01
-1.079907075166702413e+01
-1.079543997347354889e+01
-1.079849950373172618e+01
-1.079610361754894043e+01
-1.079669987261295638e+01
-6.520650366693734767e+00
-1.079878741204738724e+01
-5.557640045881271362e+00
-1.079912091195583557e+01
-1.079936656951904439e+01
-1.079878536462783600e+01
-7.213379445672035040e+00
-1.079955130517482509e+01
-1.079889317452907704e+01
-1.079971080124378169e+01
-1.079960341155529058e+01
-6.685082025825977325e+00
-5.708532801270484569e+00
-1.079832364618778406e+01
-6.520585662126539894e+00
-7.094811350107192993e+00
-1.079947052597999502e+01
-1.079841775298118378e+01
-1.079759015738964223e+01
-1.079787398874759496e+01
-7.213368871808052418e+00
-1.079957725107670186e+01
-1.079513098001480031e+01
-1.079937555789947190e+01
-1.079790367782116078e+01
-1.079936616420745921e+01
-6.980080382525919447e+00
-1.079895620644092347e+01
-1.079947861731052150e+01
-5.578735986351968101e+00
-3.781088587082922281e+00
-1.079977441430091645e+01
-1.079890321493148875e+01
-1.079876477718353378e+01
-1.079689194262027740e+01
-1.079954339265823116e+01
-7.094959580898284379e+00
-1.079332596063614069e+01
-1.079668104052543676e+01
-1.079975041747093023e+01
-1.079886461496353256e+01
-1.079840844273566880e+01
-1.079863001406192602e+01
-5.598349195718765436e+00
-1.079857097268104660e+01
-6.520478402078150992e+00
-1.079898789525032043e+01
-1.079855526685714828e+01
-1.079958582818508184e+01
-5.708332182466984150e+00
-5.457581397891043906e+00
-1.079909011423587550e+01
-1.079886963367462016e+01
-1.079570848047733378e+01
-1.079950082898139918e+01
-1.079967014789581192e+01
-1.079924634099006653e+01
-4.331850410997867939e+00
-1.079803445339202739e+01
-1.079960686564445460e+01
-1.079890899062156961e+01
-1.079790248274803410e+01
-1.079851692616939829e+01
-6.185176877677439400e+00
-7.261303904652596231e+00
-6.185117153823374458e+00
-1.079880879819393158e+01
-1.079966569840908086e+01
-1.079799129962921356e+01
-1.079631549417972458e+01
-1.079865749776363337e+01
-1.079631959795951701e+01
-1.079948782026767695e+01
-1.079955121278762853e+01
-1.079885270297527278e+01
-1.079844375848770177e+01
-1.079860035777091731e+01
-1.079912737309932602e+01
-1.079921436309814453e+01
-1.079760051369667018e+01
-1.079952105581760335e+01
-1.079381593167781794e+01
-1.079838908016681742e+01
-1.079377058744430684e+01
-1.079971580207347870e+01
-1.079892183244228576e+01
-1.079906123280525421e+01
-1.079975848793983495e+01
-1.079381962716579757e+01
-1.079917860031128285e+01
-1.079320585131645416e+01
-1.079946887493133190e+01
-6.056350293010472896e+00
-1.079975696504116200e+01
-1.079797329902648961e+01
-1.079500306844711233e+01
-1.079961722791195022e+01
-1.079900980889797069e+01
-6.980046562850475311e+00
-1.079377114176750219e+01
-1.079972338378429342e+01
-1.079929141402244497e+01
-1.079846593737602412e+01
-1.079843473434448242e+01
-5.896861946582793834e+00
-1.079376682639122009e+01
-7.270344644039868243e+00
-1.079892505109310186e+01
-1.079554210603237152e+01
-1.079949825406074559e+01
-4.510751337744294709e+00
-1.079962782263755905e+01
-1.079961407184601008e+01
-7.094934251904487787e+00
-1.079972270727157913e+01
-1.079877634346485138e+01
-1.079813283681869507e+01
-1.079710057973861659e+01
-6.185173064470292026e+00
-1.079980977475643122e+01
-6.980035075545309553e+00
-5.559378446266055818e+00
-7.537101951241492515e+00
-5.423587210476398468e+00
-1.079833200573921559e+01
-1.079869057834148371e+01
-1.079879441261291362e+01
-7.334088575839995627e+00
-1.079970874190330399e+01
-1.079961918890476191e+01
-1.079941624999046468e+01
-5.598064807057380854e+00
-1.079958530962467300e+01
-4.240023711323737565e+00
-5.896831403672694982e+00
-1.079954681992530574e+01
-2.544155639410018210e+00
-5.259695914387703120e+00
-5.175435715913771162e+00
-5.175376479327677082e+00
-3.480912134610116837e+00
-1.079884147047996734e+01
-4.705469691753386918e+00
-1.079938873350620554e+01
-1.079941231608390950e+01
-1.079979659616947174e+01
-1.079786955118179215e+01
-1.079758513867855108e+01
-6.685085350275039140e+00
-5.983888575434685109e+00
-1.079819994568824804e+01
-1.079768735766410970e+01
-7.270527448505163193e+00
-1.079889762699603928e+01
-1.079461902976036214e+01
-1.079680410623550380e+01
-1.079941545426845373e+01
-1.079583604037761724e+01
-1.079927022755146204e+01
-1.079866665899753464e+01
-1.079967238008976160e+01
-7.270472623780369403e+00
-1.079861278235912181e+01
-1.079927014708519017e+01
-1.079917219877243006e+01
-1.079740187227726267e+01
-5.896955406665801647e+00
-1.079814172387123250e+01
-5.259697739779949366e+00
-1.079922810792922938e+01
-1.079619204103946650e+01
-1.079420287311077153e+01
-1.079378252029419016e+01
-5.457583490759134293e+00
-1.079766503870487071e+01
-1.079896454513072968e+01
-1.079812899529933823e+01
-1.079600066840648509e+01
-5.476693725585936257e+00
-5.896925784647465640e+00
-1.079931981861591339e+01
-1.079831711649894999e+01
-1.079942819476127625e+01
-1.079782050251960435e+01
-1.079856643974781072e+01
-5.559764112904668210e+00
-1.079979293644428395e+01
-1.079911932051181900e+01
-1.079379337430000341e+01
-5.175424143671990329e+00
-5.983881464600563582e+00
-6.980041381716727500e+00
-1.079781418144703053e+01
-1.079652504324913131e+01
-5.896903637051582159e+00
-1.079851979017257690e+01
-1.079976761341094793e+01
-1.079928762912750173e+01
-1.079965981543064046e+01
-6.900836625695226267e+00
-1.079916540682315862e+01
-6.056141014397145028e+00
-1.079773930609226262e+01
-5.438745617866516113e+00
-1.079891958236694549e+01
-1.079375145137309921e+01
-6.685109378397464219e+00
-7.537090107798576355e+00
-1.079595031738281463e+01
-1.079761076271533859e+01
-4.705498209595679882e+00
-1.079816239774227249e+01
-1.079125451743603037e+01
-1.079890066385269165e+01
-1.079967556893825353e+01
-1.079917922019958176e+01
-1.079956000149249995e+01
-1.079875233471393692e+01
-1.079557867050170650e+01
-5.708407929539680126e+00
-1.079771502614021017e+01
-1.079955717027186957e+01
-1.079570780396461416e+01
-1.079381289780140207e+01
-1.079940852522850214e+01
-1.079973957538604878e+01
-4.331903503835201619e+00
-1.079834992289543116e+01
-1.079950352013110759e+01
-1.079969325661659241e+01
-7.094917798042296830e+00
-1.079575072228908539e+01
-1.079814508557319463e+01
-1.079802410602569473e+01
-1.079444301128387629e+01
-1.079925465285777797e+01
-4.705383823812008259e+00
-5.174724495410920611e+00
-1.079934276342392074e+01
-1.079957907497882630e+01
-5.977668516337870663e+00
-1.079777177870273519e+01
-1.079948342740535594e+01
-1.079930854141712260e+01
-1.079710572361946141e+01
-1.079905211031436707e+01
-1.079923218488693415e+01
-1.079502608776092387e+01
-1.079883261620998347e+01
-1.079924687445163656e+01
-1.079452894330024471e+01
-1.079844293594360316e+01
-1.079936402440070964e+01
-5.977691930532454734e+00
-1.079778267443179907e+01
-1.079746840894222260e+01
-1.079967812597751831e+01
-1.079659327566623794e+01
-1.079690362811088811e+01
-1.079372847974300420e+01
-1.079948700666427541e+01
-1.079949839115142929e+01
-7.094610190391540172e+00
-1.079559438824653839e+01
-1.079902277588844406e+01
-1.079952804744243622e+01
-1.079735777378082417e+01
-1.079958855509757853e+01
-5.182836782559751221e+00
-1.079914057254791260e+01
-1.079789216220378734e+01
-1.079921160042285777e+01
-1.079736778438091349e+01
-1.079949150979519246e+01
-1.079908925294876099e+01
-1.079931373000145101e+01
-1.079590690135955988e+01
-1.079919453561305964e+01
-5.977527433633805565e+00
-1.079944378137588501e+01
-1.079963846206665323e+01
-1.079915293157100820e+01
-7.270476180315016634e+00
-1.079935063421726049e+01
-5.708535444736480891e+00
-1.079839341342449011e+01
-1.079953245222568192e+01
-7.270421703904866639e+00
-1.079435849785805068e+01
-7.094923213124276984e+00
-1.079380616545676830e+01
-5.977662456035615079e+00
-1.079941658973693741e+01
-1.079892029166221690e+01
-1.079626050293445516e+01
-1.079888892471790385e+01
-1.079488478302955556e+01
-1.079638343453407501e+01
-1.079514172375202108e+01
-1.079956091642379690e+01
-1.079930745065212072e+01
-1.079925215542316330e+01
-5.033695490285754026e+00
-5.029822032153607125e+00
-1.079763575494289363e+01
-1.079976466894149567e+01
-1.079617040157318009e+01
-1.079925668537616623e+01
-1.079629917740821909e+01
-1.079983184635639404e+01
-1.079863494634628118e+01
-3.117968735098838540e+00
-1.079573552310466766e+01
-1.079884626567363881e+01
-4.772778898477555209e+00
-1.079622819423675573e+01
-1.079816102087497853e+01
-1.079452233016490936e+01
-5.476855798065662029e+00
-1.079898350834846710e+01
-3.118272265791893094e+00
-5.327982772886752372e+00
-1.079960019886493860e+01
-4.073012036085128074e+00
-1.079760409891605377e+01
-1.079361040890216650e+01
-4.239879130199551760e+00
-1.079916442930698217e+01
-1.079910899996757578e+01
-6.520605438947677968e+00
-1.079780059158801997e+01
-1.079980742633342850e+01
-1.079963351190090037e+01
-1.079943763911724197e+01
-1.079953438341617655e+01
-5.598283743113278810e+00
-1.079942892491817474e+01
-1.079965291917323889e+01
-1.079901228547096359e+01
-1.079851611852645732e+01
-1.079492480158805989e+01
-1.079920963644981313e+01
-1.079823232293128932e+01
-5.423264797031879247e+00
-1.079809361100196696e+01
-1.079933602213859345e+01
-1.079379554390907181e+01
-1.079924132525921010e+01
-1.079932720363140142e+01
-1.079918617010116755e+01
-5.183432591706514714e+00
-1.079969446063041971e+01
-1.079678301811218333e+01
-1.079852972030639791e+01
-1.079977936148643636e+01
-1.079823741614818644e+01
-4.875463655591012468e+00
-7.094966214895246814e+00
-1.079672341048717676e+01
-1.079966054260730779e+01
-1.079930217266082515e+01
-1.079364146292209625e+01
-1.079905604720115875e+01
-1.079376099407672918e+01
-1.079963435828685725e+01
-1.079933566749095775e+01
-1.079377076625824294e+01
-1.079933980405330907e+01
-1.079870338737964630e+01
-1.079851579666137873e+01
-1.079894408583641230e+01
-1.079674767255782974e+01
-3.948387724161148249e+00
-6.520592116564511542e+00
-1.079555302858352483e+01
-1.079915069043636322e+01
-1.079980331659317194e+01
-1.079944513440132248e+01
-1.079733931720256557e+01
-4.966590970009565176e+00
-1.079896125197410761e+01
-1.079782048761844671e+01
-1.079377693235874247e+01
-5.977663892507552035e+00
-4.240046381205320181e+00
-1.079910878837108612e+01
-1.079515603482723130e+01
-1.079552890956401612e+01
-1.079925703108310842e+01
-1.079414376914501439e+01
-1.079895982742309535e+01
-1.079377395212650548e+01
-1.079381401836871923e+01
-1.079770278334617650e+01
-1.079920787513256109e+01
-1.079884260296821630e+01
-1.079532487392425466e+01
-6.900795453786850331e+00
-5.175424148142337977e+00
-1.079671656191348994e+01
-1.079386605620384287e+01
-1.079919018447399282e+01
-1.079781299233436620e+01
-1.079888787865638733e+01
-1.079881702065467763e+01
-1.079936189055442775e+01
-1.079902746379375422e+01
-6.900841605663299738e+00
-7.270362721011042417e+00
-1.079941344559192729e+01
-7.094928085803984708e+00
-1.079959992170334182e+01
-1.079842851161956574e+01
-1.079963243007659912e+01
-1.079886245131492473e+01
-1.079841592907905401e+01
-1.079976579546928406e+01
-1.079964604675769735e+01
-1.079911288022995208e+01
-5.983886362612246934e+00
-1.079947379827499354e+01
-1.013501212000846685e+01
-1.079834776222705628e+01
-1.079711484611034322e+01
-1.079594096839428019e+01
-1.079936242699623072e+01
-1.079917808175087046e+01
-1.079861248135566676e+01
-1.079934575259685481e+01
-1.079661299586296153e+01
-1.079918576180934942e+01
-1.079531156718731033e+01
-7.537087830901145757e+00
-1.079788418710231923e+01
-7.270528086274862467e+00
-1.079809362888336111e+01
-1.079817068874836217e+01
-1.079677341282367742e+01
-1.079776245653629196e+01
-1.079779561161995005e+01
-1.079901825785636582e+01
-1.079910460412502360e+01
-7.334086677432059886e+00
-7.213431996107099842e+00
-1.079970160126685741e+01
-1.079862115085124685e+01
-1.079916898012161042e+01
-4.155725106596946716e+00
-5.983837251365184962e+00
-1.079875198304653239e+01
-1.079799733161926412e+01
-1.079851005077362380e+01
-1.079913112223148275e+01
-1.079960527420043981e+01
-1.079951970875263356e+01
-1.079740104973316051e+01
-1.079666326344013072e+01
-1.079907935261726237e+01
-1.079768082797527384e+01
-1.079944728612899674e+01
-1.079404837787151372e+01
-1.079078442752361155e+01
-1.079906452894210922e+01
-1.079920328259468043e+01
-1.079953183829784535e+01
-1.079645076990127528e+01
-1.079735642671585083e+01
-1.079639563262462865e+01
-5.941141186654569140e+00
-1.079935019612312175e+01
-6.185172961652279255e+00
-6.900860276818273853e+00
-1.079667098522186386e+01
-1.079931108057498967e+01
-1.079951162636280237e+01
-1.079913769960403336e+01
-7.334184241294861017e+00
-1.079780876636505127e+01
-6.520550695806742070e+00
-5.896923513710499165e+00
-1.079411634504795359e+01
-6.520601688325403877e+00
-1.079952538907527959e+01
-7.261351311206817982e+00
-1.079762770533561955e+01
-6.900738066434860762e+00
-6.870208933949470520e+00
-1.079801736474037099e+01
-5.652021837234498136e+00
-1.079748081564903295e+01
