-4.194469571113585538e+00
-3.377559837698936640e+00
-3.384051920473575503e+00
-3.497816589474677773e+00
-3.386282766237854958e+00
-5.475111848115920665e+00
-5.475483527779579696e+00
-4.194465300440787914e+00
-5.475606852769850263e+00
-5.474186065793038125e+00
-5.475158375501633756e+00
-5.475291335582734398e+00
-5.475323608517648211e+00
-3.377507986128330586e+00
-5.475292152166367998e+00
-4.686744624376296464e+00
-5.475134429335593467e+00
-3.386279524117707940e+00
-5.475397914648057807e+00
-5.468582454323769326e+00
-4.194468039274215521e+00
-4.686746340990066706e+00
-5.475334963202476146e+00
-5.475215628743170804e+00
-5.474122393131255926e+00
-3.540309334546327236e+00
-5.475236043334006375e+00
-5.474931740760803578e+00
-4.686755377054214300e+00
-5.474348363280297391e+00
-3.386254953593015760e+00
-5.475070053339003984e+00
-5.475533154606819330e+00
-4.686709302663802035e+00
-5.473413306474686379e+00
-5.472448810935020447e+00
-5.475179156661033275e+00
-5.475195342302322743e+00
-5.470669838786125005e+00
-5.474614334106445490e+00
-4.248084762692452721e+00
-3.062668570876120988e+00
-5.475486668944357760e+00
-5.474526047706604892e+00
-3.386263806559145717e+00
-3.497800646722316387e+00
-5.472529199719429194e+00
-5.472647452354431508e+00
-5.474834191799163641e+00
-5.475361159443854042e+00
-4.194414716958998923e+00
-4.686743736267091620e+00
-5.474845361709595792e+00
-5.474739882349969555e+00
-5.475116038322449086e+00
-5.475314581394195024e+00
-5.475263100862502341e+00
-3.540313384681940345e+00
-5.475544407963753635e+00
-5.474778670072554476e+00
-5.475452703237533747e+00
-5.475372418761254245e+00
-5.474814677238464711e+00
-5.474832540750503185e+00
-5.475361678004266430e+00
-5.475596171617507224e+00
-3.721326582133769989e+00
-5.475171792507171453e+00
-5.475275558233259510e+00
-5.475044101476669312e+00
-5.475135117769241333e+00
-5.474343991279601696e+00
-5.475294798612595493e+00
-3.243856371939182193e+00
-5.474206149578093594e+00
-4.248029793798923315e+00
-3.384064090251922341e+00
-5.475099813938141047e+00
-4.194461576640605038e+00
-4.686726114153862532e+00
-3.313812899589539285e+00
-5.474148592352866771e+00
-5.466958117485046564e+00
-5.475550088286399664e+00
-5.473980313539504650e+00
-5.474818816781044539e+00
-5.472295656800270969e+00
-5.474769479036330821e+00
-5.474207901954652122e+00
-5.475141242146492893e+00
-5.474933186173439381e+00
-5.474885192513465171e+00
-5.474644875526427867e+00
-5.473068833351135254e+00
-5.474737310409545366e+00
-5.475065469741821289e+00
-5.474008408188820063e+00
-5.475311082601546531e+00
-4.686748671531678845e+00
-5.475339600443839494e+00
-5.475352978706359508e+00
-5.473918309807776161e+00
-4.248147118091584851e+00
-5.475375744700431646e+00
-5.475604900717735646e+00
-5.475071844458581083e+00
-3.377555668354033536e+00
-3.313793683052062899e+00
-5.474394914507865195e+00
-5.475090238451957525e+00
-5.475153347849845531e+00
-4.686737459897995173e+00
-5.472362852096558150e+00
-4.248157396912575656e+00
-5.475399363040925671e+00
-5.472883790731430054e+00
-5.474200412631033963e+00
-5.475597265362740274e+00
-5.475651252269745584e+00
-5.474835720658302485e+00
-5.474270933866500322e+00
-5.472850158810615540e+00
-5.475396600365639799e+00
-4.248104296624659604e+00
-4.248128309845925266e+00
-5.475168579816818593e+00
-5.474905800819397150e+00
-5.474615523219109825e+00
-5.473869162797927679e+00
-4.686419790983200606e+00
-5.475428918004035417e+00
-5.474523514509202826e+00
-5.475350141525268555e+00
-4.686727693676947304e+00
-4.248145370185375747e+00
-4.248145508766173251e+00
-5.474964675307273154e+00
-4.686676949262618130e+00
-5.474742305278778254e+00
-3.811648899316787631e+00
-5.475195264816282936e+00
-5.474767288565635326e+00
-5.475295233726501287e+00
-5.469209647178649547e+00
-5.474918657541275380e+00
-5.473924684524535955e+00
-5.475250861048698070e+00
-5.473382872343061756e+00
-5.473997831344604492e+00
-3.540314470976591021e+00
-4.686752888560294927e+00
-5.475546747446061069e+00
-5.475075551867486290e+00
-3.384020351618528100e+00
-3.062685708701610832e+00
-5.474598422646522522e+00
-5.473729881644250561e+00
-5.474705782532692133e+00
-4.248134154081343539e+00
-4.686743903160095925e+00
-5.475389748811722690e+00
-3.243857035785912668e+00
-5.475217247009277699e+00
-4.686735379695892156e+00
-5.475591638684272233e+00
-5.475549000501632513e+00
-5.474271309375764005e+00
-5.474940881133080417e+00
-3.811673206090927302e+00
-5.475517684221268055e+00
-3.377539601922034951e+00
-5.474485820531844738e+00
-5.475148823857307612e+00
-5.474311581254005965e+00
-3.497816017270087841e+00
-5.474699935317039134e+00
-5.475068676471709139e+00
-5.474847349524497808e+00
-5.474908587336540400e+00
-5.475051021575928267e+00
-5.474697133898734691e+00
-5.475113189220428112e+00
-3.540299864858388545e+00
-3.243849427998066304e+00
-4.686725753545761819e+00
-3.377543622255324784e+00
-3.721306447684765040e+00
-5.475589045882225392e+00
-5.475204899907112122e+00
-5.474861586093902943e+00
-5.475123280286788408e+00
-2.658229243755341198e+00
-3.745855353772640228e+00
-4.686724051833152771e+00
-5.475099572539328996e+00
-5.475031086802482072e+00
-5.474520868062974444e+00
-5.475514027476311441e+00
-5.475257721543312250e+00
-5.474621069431303333e+00
-5.475452768802642645e+00
-3.352416309714317144e+00
-5.474428221583364618e+00
-5.474619278311728898e+00
-3.540283378958701821e+00
-5.475275236368180032e+00
-5.473795852065086898e+00
-4.686684712767601013e+00
-5.472726607322693226e+00
-5.473995298147200650e+00
-5.472236609458922985e+00
-5.474990260601042102e+00
-5.473863258957863742e+00
-5.475520643591879733e+00
-3.811674094200134810e+00
-3.352133110165595564e+00
-5.472075280547141318e+00
-5.474419781565665666e+00
-3.038297367095947443e+00
-4.194315165281295776e+00
-3.352461403608322232e+00
-5.474606516957282842e+00
-5.474538990855217335e+00
-5.474866878986359708e+00
-5.475579947233200073e+00
-4.248147630691528676e+00
-5.475291824340819957e+00
-5.470545235276222940e+00
-5.475106075406074524e+00
-4.686601960659027455e+00
-5.475562012195586803e+00
-5.474600106477737427e+00
-5.473626893758773093e+00
-3.720992074906825930e+00
-3.352407413721084417e+00
-5.474669450521469471e+00
-3.062669786810874317e+00
-5.475579637289047952e+00
-2.658230672776698889e+00
-3.062678505480289637e+00
-3.243866378813981655e+00
-5.474947330355644404e+00
-3.497690321505070088e+00
-5.475007653236388272e+00
-5.474920916557311834e+00
-5.474574443697930448e+00
-5.474415135383606135e+00
-3.540288864821195425e+00
-5.475255429744720459e+00
-5.475390106439590454e+00
-5.473676896095276412e+00
-5.475429472327232538e+00
-5.474562197923659390e+00
-3.062693352997303275e+00
-5.474291670322418923e+00
-5.474653524160385309e+00
-5.475160205364226762e+00
-3.540310166776179823e+00
-5.474606689810752158e+00
-3.386268682405352504e+00
-4.686645776033402377e+00
-5.474977159500121537e+00
-5.475156620144843167e+00
-5.475176393985749179e+00
-5.472864559292792919e+00
-5.475532013177870638e+00
-3.540268151462078183e+00
-5.475425824522972107e+00
-3.811625576019287642e+00
-5.474237817525863470e+00
-3.243848086893558413e+00
-5.475208628177642645e+00
-5.475446191430090259e+00
-5.471817845106124345e+00
-3.037753705680370508e+00
-4.194430644810199560e+00
-5.475441187620162964e+00
-5.475296062231063132e+00
-4.686685702204703929e+00
-4.686754831671714250e+00
-4.686726087331772206e+00
-5.475339987874030534e+00
-3.540289397537708105e+00
-3.313820719718933105e+00
-4.194451226294039436e+00
-5.473811531066893998e+00
-5.475320696830748624e+00
-5.474897542595863698e+00
-5.474844396114350253e+00
-5.475149482488631314e+00
-5.474553099274634071e+00
-5.475648686289787292e+00
-3.352446258068083829e+00
-5.475355699658392972e+00
-5.473390659689902016e+00
-5.475284624099732156e+00
-4.686688637733458229e+00
-5.475115886330605086e+00
-5.475465345382690252e+00
-5.475197952985762839e+00
-5.475183042883872808e+00
-3.721335063874721349e+00
-3.497792467474936995e+00
-5.475065138936042963e+00
-3.033444475382566008e+00
-5.473872977495193304e+00
-5.473751983046531322e+00
-5.474884545803068825e+00
-5.475251635909081038e+00
-3.540310245752333884e+00
-4.686700290441512706e+00
-5.474983218312263311e+00
-3.540221931040286929e+00
-4.686679241061210810e+00
-3.386262827552854571e+00
-3.811684508621692835e+00
-3.384051048010587870e+00
-5.474695315957069042e+00
-5.475445780158043618e+00
-4.248138254880905684e+00
-5.474381750822066905e+00
-5.475098031759261019e+00
-5.473297697305679499e+00
-5.474568474292754949e+00
-5.474889954924582192e+00
-5.474786972999572399e+00
-5.474227887392043357e+00
-5.475044539570808944e+00
-5.475418034195899786e+00
-5.474885967373847251e+00
-5.474909695982934643e+00
-5.475543498992920810e+00
-5.475050154328345187e+00
-5.475477209687233504e+00
-3.352445657551287983e+00
-5.475304287672043024e+00
-5.474827754497527010e+00
-5.474930459260940019e+00
-5.473385000228882191e+00
-5.474826490879058483e+00
-5.473162648081779658e+00
-5.474480754137039717e+00
-5.473179918527603327e+00
-3.243857265263795586e+00
-3.497782003879547297e+00
-3.386188428662717964e+00
-3.243836069852113368e+00
-3.540307202190160485e+00
-5.474104687571524686e+00
-5.475085523724556147e+00
-5.473660242557524036e+00
-5.475342065095901489e+00
-5.474498549103737233e+00
-5.475345388054848605e+00
-3.033419886231422335e+00
-5.475615578889847512e+00
-5.475090312957764382e+00
-3.384005001932383294e+00
-5.475021103024483082e+00
-5.471457839012147772e+00
-3.384029784053564249e+00
-5.474788752198218589e+00
-5.475530773401260376e+00
-5.475136050581931535e+00
-5.474358114600182290e+00
-4.686687687039375660e+00
-5.475395676493644004e+00
-5.475149825215339661e+00
-3.811680941283702939e+00
-5.474984869360924655e+00
-5.475107419490814920e+00
-3.062599362432956607e+00
-3.540315742045641478e+00
-5.475046250224113287e+00
-5.474578756093977816e+00
-5.472348970174788718e+00
-5.475565770268439714e+00
-5.472653165459632874e+00
-5.475056132674217757e+00
-5.475280135869980747e+00
-5.475220692157745539e+00
-3.384029959887266514e+00
-5.474922695755958912e+00
-3.811655560135840837e+00
-5.475401613116265054e+00
-3.062685045599937705e+00
-4.248145417869090501e+00
-3.243839222937822342e+00
-3.352464520931243808e+00
-5.475423076748847429e+00
-5.474095115065574113e+00
-5.474207729101181030e+00
-5.475142636895178327e+00
-5.475194427371025796e+00
-5.475389456748962935e+00
-3.386266724579035881e+00
-3.352440601587295621e+00
-1.873384229838848114e+00
-5.474795806407928289e+00
-5.475433135032652388e+00
-3.243828953057527276e+00
-5.474863150715829185e+00
-4.686729267239570618e+00
-5.475173738598824613e+00
-3.745977326482534231e+00
-5.473695629835129139e+00
-5.474517875909804765e+00
-5.474955245852468622e+00
-5.474532657861709950e+00
-5.473468789458274308e+00
-5.475156959891320341e+00
-5.475252369046211598e+00
-5.475262093544006170e+00
-5.474447226524353560e+00
-5.475278204679489669e+00
-5.473771277070045294e+00
-5.473109710216521151e+00
-5.475051388144493103e+00
-5.474902883172036105e+00
-5.472892600297927679e+00
-5.475506934523581393e+00
-5.475139382481575723e+00
-5.475507873296737493e+00
-5.475168216228485818e+00
-5.475440004467964528e+00
-5.473921793699264349e+00
-5.473707404732704340e+00
-5.475632879137992681e+00
-5.475168523192404990e+00
-5.475589653849601390e+00
-5.475201964378356934e+00
-5.473292192816734847e+00
-5.474899208545683571e+00
-5.475451415777206066e+00
-5.475596752762794672e+00
-3.811689735949039370e+00
-5.475384655594825567e+00
-5.475258657336234513e+00
-4.686685553193091991e+00
-5.474629563093185602e+00
-4.247850875556468786e+00
-5.474847042560577748e+00
-5.475566634535789845e+00
-5.474947720766067505e+00
-5.475447094440460738e+00
-5.474649775028228582e+00
-5.474625766277313232e+00
-5.474526101350783769e+00
-5.475410208106040955e+00
-5.475109189748764038e+00
-5.475205612182617365e+00
-5.473582655191421509e+00
-5.475597485899925232e+00
-5.475180956721307446e+00
-3.062689732015132726e+00
-3.811693711578845623e+00
-3.384019039571285692e+00
-5.475583612918852872e+00
-5.475482037663460311e+00
-5.475061801075935541e+00
-5.475270816683770470e+00
-5.475084424018859863e+00
-5.475139579176903304e+00
-5.474762347340583979e+00
-4.686755663156509044e+00
-5.474500465393068005e+00
-3.352428048849105391e+00
-5.472600555419923296e+00
-5.474680197238923185e+00
-4.248066128790378926e+00
-3.243848138302564355e+00
-5.474979791045189614e+00
-3.540313801914453773e+00
-5.475174653530120672e+00
-4.686741930246354215e+00
-5.475239503383636297e+00
-5.474676296114921570e+00
-4.194124321639537634e+00
-5.475138649344444275e+00
-5.473655849695204800e+00
-5.475458511710166398e+00
-4.248090970516203768e+00
-5.475361639261247859e+00
-4.686633872985839666e+00
-5.474654769897461470e+00
-5.474161264300345664e+00
-5.475193661451339011e+00
-5.474905535578727722e+00
-4.248109963536263578e+00
-5.473321038484573187e+00
-5.474874773621560387e+00
-3.497717578709125696e+00
-5.475588792562484208e+00
-5.474776947498321888e+00
-4.248116631805896048e+00
-5.475061947107314531e+00
-5.474628087878227412e+00
-5.475473025441170094e+00
-5.473907548189163030e+00
-5.475407436490059787e+00
-3.071960081160068690e+00
-5.473939386010170161e+00
-3.745922952145338325e+00
-5.475263512134550759e+00
-5.471046152710914434e+00
-5.475485387444495089e+00
-5.474667826294897566e+00
-5.473993128538132247e+00
-5.475464901328086498e+00
-5.475549766421319298e+00
-5.474602299928664983e+00
-5.475048118829727528e+00
-5.474807062745094655e+00
-5.473047846555709306e+00
-5.473011913895606817e+00
-5.475471541285515720e+00
-5.475059115886688588e+00
-5.474649474024772644e+00
-3.540309342741966958e+00
-3.386283107846975060e+00
-5.474957805871962790e+00
-5.475180804729461670e+00
-5.475594422221184310e+00
-5.474899333715439020e+00
-3.243813074380159645e+00
-5.475408735871313937e+00
-5.471406155824661610e+00
-4.686709353327750627e+00
-4.248107965290547128e+00
-5.475175067782402927e+00
-2.382024870812893269e+00
-5.475418666005134938e+00
-5.475385773181915106e+00
-5.473528620600700556e+00
-5.474669116735458196e+00
-5.475172019004821422e+00
-5.475300011038780390e+00
-5.474048098921775463e+00
-4.248102270066739017e+00
-5.474723339080809659e+00
-5.475153952836989468e+00
-5.475308173894881669e+00
-5.475511652231215720e+00
-4.248139183223248239e+00
-3.062687134742736017e+00
-5.475413018465042470e+00
-3.540302029252052396e+00
-5.474464526772498729e+00
-5.475048401951789323e+00
-5.474525502324103066e+00
-5.472468942403792447e+00
-5.474831187725066606e+00
-5.473789483308792114e+00
-5.475269201397895635e+00
-3.721310012042521986e+00
-5.475434884428978854e+00
-5.472828695178030500e+00
-5.475536084175108620e+00
-5.475263673067093606e+00
-5.475273287296293923e+00
-5.475282606482506864e+00
-5.475289645791053594e+00
-3.540316608548164101e+00
-3.243849550187587472e+00
-5.474766632914541908e+00
-5.475306692719459356e+00
-5.474052783846855341e+00
-5.475347125530243275e+00
-5.474054595828056868e+00
-5.475235077738761724e+00
-3.243882600218058077e+00
-3.036962847411631916e+00
-4.194444212317467446e+00
-5.475329980254172391e+00
-5.473678043484688338e+00
-5.474491930007934215e+00
-5.474521571397781727e+00
-5.475069600343704046e+00
-5.471271347999572043e+00
-5.475531041622161865e+00
-4.183226741850376129e+00
-5.474661546945572610e+00
-3.497759690880775540e+00
-5.475200265645981723e+00
-5.474620482325552651e+00
-3.497704736888408661e+00
-4.194292508065699643e+00
-5.475376433134079512e+00
-3.072170151770114987e+00
-5.475510001182557041e+00
-3.540284544229507002e+00
-5.475248306989668912e+00
-5.475192353129387790e+00
-5.475285437703131919e+00
-5.474689427018163634e+00
-5.475019979476928533e+00
-3.745926491171121420e+00
-4.183284318447112682e+00
-5.474217480421065041e+00
-5.474910819530486528e+00
-5.474802377820014776e+00
-5.474685138463973644e+00
-5.473194879293441062e+00
-5.473758059740067239e+00
-5.474680534005164745e+00
-5.475642096996308439e+00
-5.475587099790574008e+00
-3.386277910135686575e+00
-5.473515644669531888e+00
-3.540289232879877179e+00
-4.248106673359870022e+00
-3.745935431867838616e+00
-4.248143731057643535e+00
-5.475401353836059748e+00
-5.475136563181877136e+00
-5.475282683968544895e+00
-5.473515036702156777e+00
-5.475049367547034862e+00
-5.475268745422364525e+00
-5.474941048026083834e+00
-5.475371313095092063e+00
-3.062667106091975899e+00
-5.474429655075074841e+00
-3.540242441743612023e+00
-5.474263936281205112e+00
-5.474973523616791127e+00
-4.686620071530342102e+00
-5.474893674254416531e+00
-3.352462679147720781e+00
-4.686718013882637202e+00
-5.475283586978910932e+00
-5.474284958839415793e+00
-5.475378909707067976e+00
-5.474904105067252225e+00
-5.475180745124816895e+00
-5.475516396760941262e+00
-3.313815289735794423e+00
-5.475326156616213247e+00
-5.474930334091187234e+00
-5.474676036834717152e+00
-5.475151020288467230e+00
-5.475639468431473311e+00
-5.471644681692122703e+00
-5.474671483039855957e+00
-5.474479153752327854e+00
-3.243814862519502462e+00
-5.475514826178550010e+00
-5.474235233664512812e+00
-5.474686232209205805e+00
-5.474958601593971963e+00
-5.473876869678496959e+00
-5.475414010882376559e+00
-4.194452401995659052e+00
-5.474827122688294523e+00
-5.475467622280120850e+00
-5.473600792884826483e+00
-5.473712933063508146e+00
-3.721345472335814808e+00
-5.474961990118027089e+00
-3.352446916699409307e+00
-4.248019987344741288e+00
-5.474876222014426475e+00
-5.475309833884239197e+00
-3.384060081094503403e+00
-5.475362941622734070e+00
-5.474783405661582059e+00
-5.475168120861054533e+00
-5.469083201885222678e+00
-5.474744638800620677e+00
-5.475114864110945945e+00
-5.475461646914481229e+00
-5.475134497880934425e+00
-5.474857747554779053e+00
-5.475487264990805514e+00
-5.475021311640739796e+00
-5.475369769334792025e+00
-5.475076255202293574e+00
-5.474895015358925754e+00
-5.475084900856017178e+00
-5.475178405642509460e+00
-5.475025880336761297e+00
-5.475454357266426264e+00
-5.475307270884513855e+00
-5.474837946891784490e+00
-4.248120570182799760e+00
-5.475155469775200068e+00
-4.686703103780746282e+00
-5.475067371129989979e+00
-4.194100360572337927e+00
-5.475629511475561984e+00
-3.377605703473091303e+00
-5.475283968448638738e+00
-5.475335729122161155e+00
-5.475339108705520985e+00
-5.468707433342933300e+00
-3.352454006671905962e+00
-5.474802941083906305e+00
-5.474694427847862421e+00
-3.352445170283317566e+00
-5.475448662042617265e+00
-5.475546148419381254e+00
-5.474826118350028636e+00
-5.474829655885695701e+00
-5.467728626728056263e+00
-3.072167679667472395e+00
-5.474875313043595426e+00
-5.474701178073884122e+00
-5.475444215536118264e+00
-5.475532308220862454e+00
-5.475371930003167797e+00
-5.475221058726310375e+00
-5.473901927471160889e+00
-3.069545657187700005e+00
-5.473703187704086481e+00
-5.475384983420370943e+00
-5.475222742557527056e+00
-4.686689737439155401e+00
-3.811674454808235968e+00
-5.473678123950957541e+00
-5.472888189554215188e+00
-5.475323328375815812e+00
-5.474821859598160145e+00
-4.686690518260002492e+00
-4.194460058212280629e+00
-5.475400790572167331e+00
-5.474378150701522117e+00
-3.497817160189152119e+00
-5.473241230845450112e+00
-5.475117680430412470e+00
-5.475230428576470132e+00
-5.475135537981986822e+00
-5.474978601932526168e+00
-4.686539465188980458e+00
-4.194444778561592813e+00
-5.475435411930083873e+00
-5.475302225351333263e+00
-5.474932593107224577e+00
-5.475542303919792353e+00
-5.475343576073646190e+00
-2.658230111002922058e+00
-5.474314904212951305e+00
-5.475120988488196616e+00
-4.194448962807656223e+00
-4.686724945902824402e+00
-5.475598362088204496e+00
-5.475511026382446467e+00
-5.474903017282485962e+00
-3.352470946311950861e+00
-5.475465008616446916e+00
-3.062649074196814869e+00
-5.475322106480597917e+00
-5.475081825256348012e+00
-5.475052386522293091e+00
-3.811671540141106096e+00
-3.745875142514705214e+00
-5.475488397479058911e+00
-5.469796389341354370e+00
-5.473980030417441967e+00
-5.475215509533883029e+00
-3.721289414167404441e+00
-3.352460289001465199e+00
-5.475266587734221702e+00
-5.474353104829789096e+00
-3.072191647440195350e+00
-5.475357633829116111e+00
-3.540303047746419907e+00
-5.475539234280586420e+00
-5.475485920906066895e+00
-5.469413724541664301e+00
-5.475104987621306485e+00
-5.475309607386588340e+00
-5.474830651283264515e+00
-5.474467259645462214e+00
-5.474854096770288336e+00
-5.475337523221968539e+00
-5.475180196762084783e+00
-5.474221107363701933e+00
-5.475495693087576221e+00
-5.475160288810728915e+00
-3.811652892827987138e+00
-5.474599272012710571e+00
-5.474971374869346263e+00
-5.474940279126168541e+00
-5.474632859230042392e+00
-5.474438634514809721e+00
-5.475035262107848411e+00
-4.686627462506295139e+00
-3.811613996326923548e+00
-5.475373181700705416e+00
-3.721315379440784277e+00
-5.475129386782646712e+00
-5.475459313392638805e+00
-5.475557243824005660e+00
-5.475436553359032565e+00
-5.475285667181014837e+00
-5.474439984560012462e+00
-5.475335225462913513e+00
-5.473510330915450695e+00
-5.474012130498886464e+00
-3.497741103172302246e+00
