4.715420971967851926e+00 6.227414814502599150e+00 3.727018767472440874e+00 5.689584196715237852e+00
-4.567897002020939595e-02 1.529174152778518758e+00 -1.475955166378103978e-02 4.720053002661781072e+00
1.611544071414754642e+00 1.615721109157355784e+00 1.080061266157504064e-02 4.706816380219817297e+00
-1.986287476057288851e-03 -4.809516284909017003e-02 2.421618024352502285e+00 5.428068858202298230e+00
1.518370993220435228e+00 4.720571980137502344e+00 3.120820444542913741e+00 1.969542457124764598e-02
4.694628139594106742e+00 1.534707015749307901e+00 1.501841973014890641e+00 6.347654648406035882e+00
3.131312702776799295e+00 3.089559002759634243e+00 3.133431115227401698e+00 1.573244771683930843e+00
3.134791585102344236e+00 3.649480024830997760e-02 2.954190704071629536e+00 1.921877197168673224e-01
1.607855072105703442e+00 1.583726849568894979e+00 6.317482035182203859e+00 6.251719375316053373e+00
3.186815186299180258e+00 4.703865650455328229e+00 3.161915187694686047e+00 -1.929387676928940795e-02
3.131326200679371397e+00 1.598383696131928211e+00 4.581897920732985519e+00 1.702738116801498558e+00
1.550591276622085513e+00 3.155287260465375887e+00 3.076859436581441010e+00 3.206959705367002922e+00
3.105190149751249962e+00 3.159919004394930564e+00 6.263000568444770266e+00 6.303095274001960568e+00
4.747463990858872940e+00 -1.277226696540327035e-02 3.178634183902865562e+00 3.105595398040130739e+00
1.570210925735274099e+00 4.668375802692395382e+00 7.990183479878479877e-01 5.480353813883125369e+00
4.746434022847949130e+00 3.133044652666756136e+00 4.741236203193179399e+00 6.254548468267252304e+00
3.139050529897370101e+00 1.613137046779570705e+00 8.856284537033154436e-01 5.402613673539014449e+00
4.710607218699991883e+00 1.521993357826962656e+00 5.558822714694477973e+00 3.862235055779667636e+00
3.159256835947010345e+00 4.743090487637893204e+00 4.715279719862010666e+00 1.571962680061504081e+00
1.634752646634790807e+00 1.554559386586175540e+00 6.291929098204295912e+00 4.704200335915698084e+00
3.119575289211407920e+00 1.532784488248463362e+00 3.120717180622467168e+00 1.587212133971620753e+00
9.150743872492057146e-03 6.313165455821406979e+00 1.693666806967001559e+00 1.450377155290253128e+00
1.553419739465208949e+00 4.699715605405753394e+00 1.499635072305654848e+00 6.352679716903353757e+00
4.704821433202856618e+00 6.285950070999096972e+00 4.523585869803228299e+00 4.901285354851106391e+00
1.510534046124768937e+00 3.186904691184433869e+00 -8.121120445696031198e-03 1.581222076919214459e+00
6.266308605775104290e+00 6.300769852278903294e+00 6.206428308031787466e+00 7.791663748726357364e-02
4.730829523682224647e+00 4.673282354497740876e+00 6.298947244963135184e+00 3.123262820817664043e+00
1.551620326881987477e+00 6.297070023023375818e+00 6.216702707829919738e+00 4.779644644234690709e+00
1.574493991665810055e+00 3.177478656313575733e+00 4.801584003408200241e-01 2.664169388196345079e+00
1.587743538630977724e+00 3.196966770448974593e+00 4.781576117131344006e+00 4.650603950016325427e+00
6.228060333068307308e+00 3.132201244518701966e+00 3.118117768234353715e+00 3.161112218433802301e+00
6.283640148961122662e+00 1.526102877674133662e+00 1.591064410395125472e+00 3.116703268368536950e+00
1.902564849708713535e+00 7.979311225326221058e-01 1.063500770239737214e+00 5.081342937623040790e+00
4.714995025146143881e+00 1.551883789419226556e+00 5.380918359876353030e+00 2.469052812126753427e+00
4.716463231964206138e+00 3.149600538250763027e+00 6.747645692216469371e+00 2.676868587368193886e+00
1.574152104827169163e+00 4.669712210741221448e+00 5.671292518960873164e-01 5.709808756776764582e+00
4.745001276094168219e+00 3.177790126007051796e+00 4.737079009547228381e+00 1.550504892368803622e+00
3.151793439757849313e+00 6.264959727023484248e+00 4.839505672681998938e+00 1.442290833822359231e+00
4.380719078535693534e+00 2.343293645641524314e+00 2.077227725469155128e+00 5.914086576419552266e+00
1.573315227911411318e+00 5.429413184715673607e-02 3.821198005733410064e+00 2.465427408693891209e+00
4.701874725140224420e+00 6.283634672338744842e+00 6.172303394497367535e+00 1.682238967900027360e+00
6.284842730019147616e+00 4.734734031856462799e+00 2.295078697047025607e+00 3.988937375469567392e+00
6.280021063930492531e+00 2.928995777987362242e-02 5.640387973802140742e+00 3.788711337609110164e+00
1.562286370422285131e+00 4.687096888439556963e+00 4.567670247425845709e+00 4.854616983610331893e+00
3.148335851386825812e+00 3.185983455172951562e+00 4.876470542205585623e+00 2.981266869774507278e+00
6.322017936492812851e+00 3.132417967123297675e+00 4.741839697190886049e+00 -2.771781033093508734e-02
8.062918268898246199e-03 3.184846955319207584e+00 2.174794850987180322e-03 3.143776489603798741e+00
4.672797623532683353e+00 4.737196837383825354e+00 4.683894745437106266e+00 1.599603453429506938e+00
3.138976300315159396e+00 4.761880470625295736e+00 2.489834562716157329e+00 5.369795868161141073e+00
-1.993536565265623551e-03 4.710314973572569563e+00 8.397131430882831538e-01 3.872571974315402787e+00
4.688290661465380538e+00 1.586665309096879639e+00 -4.940367782615616432e-02 4.762634270229984423e+00
3.144273655190598316e+00 4.744209067687858550e+00 5.390530471312210636e+00 2.465111942281970947e+00
3.178409420275205566e+00 1.012141269654243114e-02 6.312468298120102794e+00 4.687198683318476000e+00
4.744470669311155575e+00 4.710496487272575195e+00 3.228058416064474856e-02 6.251780879031624494e+00
6.296396625074764941e+00 6.252707674472663513e+00 1.668827110864026242e+00 4.611227182476728359e+00
1.575252045025007153e+00 4.730545554013099618e+00 1.925364997456602945e+00 4.358444000472400326e+00
3.088359061724655685e+00 4.738058400114486091e+00 6.258038748499274995e+00 4.737377410190768856e+00
3.157268659002042899e+00 -4.229282569758185256e-02 6.684940363448446665e-02 4.642059016438452090e+00
6.319752463600311287e+00 3.115503364410651344e+00 1.588464189184735753e+00 4.694657587213497685e+00
4.712765584618272996e+00 4.754497781492194264e+00 5.479644745720982257e+00 8.080612669930965497e-01
3.037496366867586603e-02 -5.900522328613002319e-03 4.744256742359513446e+00 3.111653707708201821e+00
1.605181078767898839e+00 1.544507259088337969e+00 3.223200794206970005e-02 1.537247082638691476e+00
6.273285009482699515e+00 3.196131694236162613e+00 1.473452224126002852e+00 3.244583496504966913e+00
1.574714765396156624e+00 1.519396494157055466e+00 5.317600402490108458e+00 9.583717316335537140e-01
3.122469318316485332e+00 4.671128010189957713e+00 3.091263189428585356e+00 1.615986761857679532e+00
3.138889491736216897e+00 -5.063420690346342318e-02 4.125553789078661993e+00 3.724403060584760006e+00
1.537733484596397915e+00 6.286205714347952167e+00 6.250417218607302594e+00 3.172491790168375125e+00
1.565173618236213482e+00 4.677715995288635575e+00 1.317946300586847475e+00 1.821255409476751019e+00
1.571847168274715267e+00 6.341863115341027424e+00 3.132613473261796511e+00 1.585146540030764717e+00
1.564854656049614823e+00 4.685431472224768079e+00 1.342863625995252885e+00 3.367171867476980829e+00
3.152983292930260806e+00 1.589523326760116984e+00 3.253158304629728992e+00 4.601964293252458482e+00
1.556504412230096390e+00 3.109176280749414101e+00 6.206671155694413855e+00 1.642089617315893646e+00
1.560338228753470169e+00 4.691760527005650161e+00 -1.219011320693545036e-01 3.261096974997875542e+00
3.200338619256812400e+00 4.759657846462075348e+00 1.584686231398009237e+00 1.563039464869029116e+00
6.275478544687479676e+00 3.176546998140957090e+00 2.978560902975561309e+00 1.668094249500768067e-01
3.146595652579511349e+00 3.174619785421705753e+00 5.009700929009583525e+00 2.847208141648188029e+00
4.753544175133480820e+00 3.155148836542812779e-02 2.333990304955272516e-02 4.693550984853221308e+00
3.154977642378177016e+00 3.085335258837688777e+00 4.792647290730288390e+00 4.627026636977791263e+00
6.289803988464979234e+00 6.254145941148999910e+00 1.910177699528285422e-01 6.088846553059191535e+00
4.717525929010731645e+00 4.732040045871892531e+00 2.758691089707397404e-01 6.008524991953390071e+00
-8.551014484165137680e-03 1.620138765882371823e+00 4.575672482065831659e+00 3.283999782706376713e+00
2.763216748537105326e-03 1.537055352821318888e+00 5.388774372479455899e+00 8.885907753779271889e-01
1.575052026617266288e+00 4.690819906884935442e+00 5.094628015960325662e+00 1.185320049865418168e+00
1.594877872893922133e+00 4.758361442080518700e+00 3.173179023901491203e+00 6.255882954047468303e+00
4.708386704156552582e+00 1.511046808574450617e+00 5.895996737987390546e+00 5.094974244072295377e+00
-2.758129809822303102e-02 6.293305380724890874e+00 4.693900119025213868e+00 4.730734365422634369e+00
1.570200689731880761e+00 4.715497491377789174e+00 2.369680542316145111e+00 2.344066586292655519e+00
4.730078217318817835e+00 1.571870542373405177e+00 4.718231602453209383e+00 1.565278262126414077e+00
1.567095606725317669e+00 4.761420217207395389e+00 5.867621689276346864e+00 3.561893237063687323e+00
3.182640547865950520e+00 6.281376652165692853e+00 3.112358148325015950e-02 3.112553715631244611e+00
6.249628810899515940e+00 3.107882234141090105e+00 3.119736671704349096e+00 3.158947238847731764e+00
4.718118537829826487e+00 -2.821670413663483409e-02 3.373927537083583950e+00 1.335136112279709408e+00
3.146722880812141021e+00 -4.384620661321887714e-02 4.993540112139668530e+00 -2.858113018746527567e-01
4.690579285697000778e+00 4.744939143379935942e+00 3.098801978574464489e+00 4.343226902316967009e-02
2.051211699365898186e-02 4.676435553370065001e+00 3.188471555547319092e+00 1.522036992291922131e+00
3.152265133110009554e+00 6.257790899925065098e+00 3.250302168872467146e+00 6.173515090387698301e+00
1.564454844553925472e+00 1.628249916220635640e+00 1.387189613704439273e+00 4.905302792652314281e+00
1.549641002843715309e+00 1.575029923172151403e+00 1.519130502721952158e+00 4.763454382091654615e+00
3.110005356458326098e+00 4.689411965534940663e+00 1.535423269551545733e+00 4.744679595251515281e+00
3.140228470413906514e+00 3.066973206543664787e+00 5.568629748641344079e+00 3.848784921271742654e+00
4.740638624848093841e+00 6.235520538144108116e+00 4.756750597660942326e+00 1.523144657941852831e+00
1.541357657828358985e+00 3.116363958536969125e+00 1.537247754379532871e+00 3.171082850495325900e+00
3.121583599097410566e+00 3.138739606657528824e+00 3.080835524782862045e+00 5.933646628894287400e-02
1.574392358706363293e+00 3.109445214250882827e+00 3.726324830336547045e+00 2.551245649366234769e+00
6.283814807139378011e+00 4.660435281125662854e+00 7.744872660242750895e-01 2.361762717800410805e+00
1.629835665163918978e+00 1.531712314609321224e+00 3.158089243314793126e+00 3.123181600477084263e+00
6.286553619173785634e+00 3.113235046473569412e+00 3.709978222113460511e+00 9.973049893613121775e-01
3.170463609371256375e+00 3.141028014101234778e+00 4.053771356701139916e-02 1.530658827980594161e+00
3.143396069057120989e+00 1.517355479839610055e+00 3.834695517219525840e+00 8.700238675063625138e-01
6.297570076522749673e-03 3.170701482222284984e+00 2.011443798155970741e-01 4.513981582285470751e+00
4.715811562607878038e+00 1.624946099291633361e+00 3.604994949846987318e+00 4.252167083050498952e+00
-1.434917772215040313e-02 3.173904061673927579e+00 4.630928635913358349e+00 3.226421883727859985e+00
1.518043962640290623e+00 4.723921229103527075e+00 4.684820413529611649e+00 2.652604671509784309e-02
4.729588055701454685e+00 3.103596048418392428e+00 6.352941417656882805e+00 -7.143575362653875604e-02
4.718941305198587344e+00 3.180563039792038804e+00 1.782093536349777851e+00 -2.081579016850025055e-01
1.205723100413093546e-03 3.195247895007889749e+00 5.404396673405353013e+00 2.452672745278559940e+00
1.606173181666252336e+00 -6.497060860668347169e-03 6.314494410147394987e+00 3.110996343239800677e+00
4.690493486838499315e+00 4.700579869686506207e+00 3.081189078811735538e+00 4.771798245755517698e+00
3.166471771896482768e+00 1.523999625663917667e+00 4.747859951254358002e+00 1.532909913449306494e+00
1.575063487255143890e+00 4.671361389954099330e+00 5.030933560865057608e+00 2.818024655647052512e+00
4.711538929499504036e+00 3.744168270186345321e-02 5.524900008987794209e+00 5.474833474956695589e+00
1.100538745945453013e-02 3.165385139452083330e+00 4.820795619461335946e+00 3.035373035451320423e+00
5.250882126775025492e-03 6.252966351770560927e+00 3.424424403536197037e+00 2.854880900578685932e+00
3.146575454073260225e+00 4.664695632407822146e+00 4.989851798070664479e+00 1.288128522623490868e+00
1.604856130475166509e+00 6.295418174130968048e+00 3.164414396857336609e+00 3.120601203211885721e+00
6.311580833091261056e+00 6.306616210578835258e+00 3.173677699440433209e+00 4.684248787467393704e+00
3.137774531312273130e+00 4.670655938285745101e+00 5.847873748160711926e+00 5.144494090827005373e+00
1.574455999515673943e+00 6.246680550783905161e+00 2.096703335665679013e+00 2.610077800386684022e+00
1.557010753034001826e+00 6.239113358238533635e+00 3.054710751420830483e+00 4.794364763750841973e+00
3.164444134397241815e+00 3.178036534711075056e+00 3.157586258064352336e+00 3.131927926300889009e+00
1.588556992161663572e+00 1.622594912683705148e+00 6.340870061096374855e+00 6.231490796386776942e+00
6.287359432636212553e+00 4.769475700716656164e+00 5.016555576156350504e+00 4.412437638747315205e+00
-3.850774387515219083e-02 4.707337671123518419e+00 1.548632948770215290e+00 6.302974130005932984e+00
6.285778460291815861e+00 3.188315839926880724e+00 2.240568846062267472e+00 9.044864530462779495e-01
3.122698711364188195e+00 1.616215819415738553e+00 3.086911099833534955e+00 5.823200714077706591e-02
1.560279145361320507e+00 1.617043251527017222e+00 6.192430984122785809e+00 4.808296930053041152e+00
3.150526223602192921e+00 4.721153586995098017e+00 1.704499564060099726e+00 6.149075087496655101e+00
4.744560145402690665e+00 4.765583573166167319e+00 1.588936066952995718e+00 1.559087241027169668e+00
6.275044065154454564e+00 6.320044111781673024e+00 6.132801719369536997e+00 6.436531439460020820e+00
3.145338947902723170e+00 3.191296300581599965e+00 5.253330433110674491e+00 1.031666177614620539e+00
3.124182092440400460e+00 1.588873797007969380e+00 3.071146562615244768e+00 4.783770993898880164e+00
4.707223185458321524e+00 3.182587516075515044e+00 -2.841766439481165363e-01 5.001717047959681750e+00
3.145451450550256656e+00 6.290536202514579678e+00 5.236563433518241162e+00 5.758313979479367184e+00
1.543259925845027469e+00 1.594988530319338738e+00 6.238340383395621913e+00 1.617833386143766816e+00
6.245587392904601742e+00 1.598392804172825032e+00 4.691828494630938096e+00 4.733777512798962306e+00
1.579971386908511244e+00 4.746441219851926796e+00 4.843848036801908563e+00 3.013461485209979696e+00
-1.197354007326395433e-03 7.137604495262175885e-02 3.958804459544411181e+00 7.543262549879130585e-01
1.576462042934005714e+00 4.758763707341669758e+00 4.940124466846540052e+00 -2.239400683097291789e-01
3.133302790896075329e+00 3.127317287230908516e+00 4.551150184302279911e+00 3.301567923932552162e+00
6.280716305679808542e+00 6.232118119343845741e+00 9.234173236030407406e-01 6.438989334356447491e-01
1.528663258087987753e+00 3.139606670770097363e+00 1.553010797345403926e+00 1.714643996271781809e-02
2.616471677313286087e-02 3.110863543990187274e+00 1.587997656273664626e+00 4.692155115486409400e+00
3.098166262877823929e+00 1.562887684532552335e+00 1.549019647818585588e+00 1.589850187909910062e+00
4.696263095263448761e+00 3.104256381321113256e+00 -7.331591098449467825e-02 6.874800994543002475e-02
3.169692680188732403e+00 1.562612265379454080e+00 1.297562448829833737e-02 1.559010984098487373e+00
3.210839223066098980e-02 1.599411652918796944e+00 4.725150377022724335e+00 6.274355226404734864e+00
1.576632752461991416e+00 4.683231368472495326e+00 4.954979491661747559e+00 4.467942407778795477e+00
4.682581917448411346e+00 1.584971183174503473e+00 1.543820818784718218e+00 1.598478307088652350e+00
3.098936648030304664e+00 4.721694749547677539e+00 1.549901401257481215e+00 4.732686635852052071e+00
1.593268609821550497e+00 3.102366807029301121e+00 4.760301517066400478e+00 4.660961029877510597e+00
1.567325612541045077e+00 6.221430405918089157e+00 5.737478728042769482e+00 5.410207181451109903e-01
1.574814828020484558e+00 1.594130087128415862e+00 3.626490740241071542e+00 4.229075034598769101e+00
3.147028655004256770e+00 4.659546146714516723e+00 3.337333843377823683e+00 2.939923315510660107e+00
4.699682599642220460e+00 1.563148145868959560e+00 -9.737181168214927018e-02 9.556585976612314015e-02
6.252675914957896097e+00 2.607793659882229678e-02 1.543121074088441347e+00 4.742039273823153600e+00
4.714600237309349851e+00 4.659144008815204074e+00 3.834971147231648558e+00 5.583332518810008693e+00
6.276285675452850654e+00 4.681192327558581390e+00 4.547713243791098314e+00 4.874621728274818544e+00
3.113392367417960660e+00 1.599447359860992401e+00 3.112061334061280160e+00 3.141514875726172246e-02
3.144948273228566737e+00 3.174247510377613768e+00 3.747626230767418853e+00 5.679078394559710752e+00
-3.621633349682577135e-03 3.173306725988780830e+00 2.580027919973636674e+00 5.278946275831169821e+00
1.575683040633395926e+00 4.708463067322011142e+00 3.448608206440058055e+00 5.974895043971893749e+00
3.173146353467916292e+00 4.074065893164926372e-02 3.169232102745087154e+00 3.119512746313503726e+00
3.126122886543446722e+00 3.159072241177098395e+00 3.064986874755005530e+00 4.790371099516959497e+00
3.085022244030678262e+00 3.123223639828450526e+00 -1.968485089486005438e-02 1.513482785177748709e-02
1.581037887612972481e+00 1.619079692541796511e+00 4.705338627366143278e+00 1.584087511925499347e+00
4.716200196885755425e+00 7.880778546954215535e+00 -1.024546610993747553e+00 4.167409830690180783e+00
1.542448832655126667e+00 4.747692327878361596e+00 1.544034718434548425e+00 1.600843802015562201e+00
4.740641471076636471e+00 1.568816375351321346e+00 3.179299160512313094e+00 1.534038014643652081e+00
1.557880241511916397e+00 4.735730643602503953e+00 4.637559570118991559e+00 1.647625448935017500e+00
-1.091716123650317153e-03 1.611228545503188281e+00 2.401310190308175940e+00 7.454568639633520899e-01
3.141699422709215650e+00 3.200042930486644455e+00 7.956134607944305159e-01 3.922421631006170806e+00
3.159710895382069840e+00 4.278864981281202406e-02 3.204331740992271804e+00 -5.814731127010996231e-02
1.596880872708667631e+00 3.101197641369667579e+00 1.601406068520213166e+00 4.678516833199467762e+00
6.247270585114181429e+00 3.169070859956746311e+00 6.258264394980770362e+00 2.589175181444299326e-02
4.730734801717982663e+00 4.696038433950072033e+00 3.209314137260433686e+00 -6.869694142885934829e-02
3.185586257182093206e+00 4.758343608873988551e+00 6.318007544932762620e+00 1.542700167931063904e+00
4.713249837888271010e+00 1.526590237077947609e+00 5.467314707562299425e+00 2.381914416049808025e+00
3.122545219515782122e+00 6.261757052832876980e+00 -5.989689971016521480e-02 5.772544612372681322e-02
6.279594193506387256e+00 3.191303111257364655e+00 4.351523382029869325e+00 3.507751825505360799e+00
6.303377422880057424e+00 6.261633500954234322e+00 3.196104592927217158e+00 3.086450749469410670e+00
-2.896097283133926281e-02 4.697609111523239456e+00 4.671188817953535022e+00 6.321575992357914231e+00
3.415076763863950787e-02 3.149238507597960535e+00 3.158711633180979916e+00 1.556771006295807558e+00
1.532810946070074731e+00 1.567043298403367313e+00 4.694513718863749574e+00 3.157555844388304500e+00
3.158430646398877606e+00 3.401062720160996644e-02 1.643673668853852687e+00 3.072607117489245976e+00
3.611161780436690852e-03 3.184486231365721842e+00 5.124963896493480497e+00 5.875152769270051145e+00
3.175917828729291514e+00 1.583468816872277474e+00 4.740304407821221311e+00 1.546019669457359580e+00
1.545902748204906363e+00 4.773364175025178291e+00 4.697535436147092902e+00 6.302671774932266047e+00
1.630771968503940350e+00 4.713590242328958624e+00 3.162245991495607811e+00 1.554118163388501062e+00
1.613080561376390332e+00 1.578931999503950800e+00 1.594146299484670903e+00 4.692333300997634460e+00
6.284983447823345060e+00 3.178096972666129894e+00 2.284092104209130447e+00 2.430959070095965124e+00
3.317074815367957452e-01 2.368741581731662382e+00 2.633863973022221749e+00 1.939870382401639670e+00
6.265239975163342301e+00 1.581355333757702653e+00 3.076488907021728725e+00 6.598809525736198944e-02
3.137998089813682778e+00 1.623216346263342214e+00 2.586392376253453307e+00 3.703082138029398340e+00
3.145520476302475554e+00 3.163782382991069841e+00 2.065672797548244510e+00 5.789367296606594770e+00
-1.178508916514283376e-02 1.709079076336920966e-02 1.470480935621516272e+00 1.672459367231754035e+00
1.564173398111457614e+00 1.534623336413326378e+00 2.939927749641278343e+00 3.340128400138986375e+00
1.563276196583776256e+00 6.239292590740143751e+00 4.557786020261284321e+00 1.721325614824272154e+00
5.151820175755465747e-02 4.714494738877412772e+00 3.161106905554487589e+00 6.267786753477648354e+00
1.598835978927664492e+00 1.621365767424698179e+00 6.321728734343098566e+00 4.679460635244619304e+00
6.270954277428248957e+00 4.727333466341836044e+00 -1.992102458445486196e-02 6.303821113287297884e+00
4.695502244870700892e+00 4.739198713810703900e+00 6.274746670172537399e+00 4.722499018053925468e+00
4.722406609266063704e+00 6.326977744508685220e+00 1.672394636080858366e+00 1.473269780009531793e+00
1.567554584124259742e+00 6.320468104290142719e+00 5.667151114759503727e+00 5.333327355287396543e+00
4.718880794866473494e+00 4.669914369416793498e+00 1.765679126139261257e-01 2.960494699613839931e+00
1.571439270035106084e+00 3.176531738464801080e+00 7.659864557480522418e-01 3.949680251170802681e+00
4.704634330247673191e+00 4.769066765415055364e+00 6.131592161456358880e+00 1.574552922234408459e-01
4.702886957816430069e+00 3.102508944387299739e+00 -1.323209066438719439e-01 4.840186190583605885e+00
3.149215089238366350e+00 1.586664998321559050e+00 3.318342651197550008e+00 -1.759274066210791965e-01
1.492784864910591102e-03 4.744882548516265786e+00 2.303169643880033757e+00 2.412091663295615973e+00
3.137951169053333267e+00 3.935902544438488193e-02 4.142880544405568521e+00 2.145881018653488681e+00
3.142455267673208485e+00 1.627790337906858342e+00 7.524323178991544347e-01 3.965271037971823898e+00
4.725815183822033028e+00 6.242318968524695144e+00 1.659456942848458239e+00 4.619252045385157324e+00
3.164816727623667170e+00 1.531666739583111170e+00 3.187253034451024369e+00 1.521594598718997382e+00
3.191342803070523093e+00 4.711008280567208217e+00 3.162451230362320675e+00 3.121763579932526511e+00
1.603526183115718817e+00 3.099495804067992299e+00 3.992534135062948686e-02 4.669218594442188675e+00
3.145808615585482304e+00 6.256307482739960513e+00 1.949445161971571583e+00 2.759031188637229182e+00
4.718398564108858828e+00 4.733816042811554325e+00 3.374581252364719841e+00 6.052799500420601220e+00
1.567962724054286161e+00 4.746411296932728341e+00 9.070187235424365113e-01 2.238944411892982878e+00
1.576463677912282701e+00 1.533609418253006451e+00 1.787632584373757494e+00 2.920936518666877646e+00
3.101833190081790370e+00 3.114308675642179391e+00 3.119313984019545405e+00 6.299818091705614798e+00
4.722367289154774994e+00 3.090411807175730718e+00 3.252217986978656050e+00 3.026382779563631331e+00
1.567304016369750697e+00 1.525501673436285621e+00 5.886234916541216222e+00 3.939160230012634933e-01
3.165674893742373097e+00 1.580997863823325744e+00 4.751293267195662473e+00 3.104847251739783598e+00
6.238437569714264441e+00 4.722471619393299846e+00 1.543722347409535178e+00 6.308447894697126301e+00
1.592468981187578736e+00 4.720939452179067075e+00 4.767014466507490944e+00 6.229344946818352824e+00
1.616765514425395622e+00 -2.772478751345002282e-02 1.588860648123636254e+00 4.695191276951663717e+00
1.572772531701153609e+00 1.536570667841812288e+00 3.855404358261504072e+00 8.525041558345618498e-01
3.141366833450299989e+00 1.521879890954219050e+00 2.342490885603022654e+00 5.508131458309970085e+00
4.716028260508535297e+00 6.249348752130734042e+00 3.674576914140762263e+00 2.603898665990139083e+00
1.569813841842843116e+00 1.525027725430667891e+00 5.519163106041341749e+00 2.330779584970845697e+00
3.095188549000808642e+00 4.697796684325813210e+00 1.552520737965533693e+00 3.155529514521064449e+00
1.556168073352243830e+00 1.531180862009506649e+00 1.516301724661373473e+00 4.763694421005195245e+00
3.137329901487745154e+00 1.609261427807698652e+00 5.969927263508769677e+00 3.460898405125402810e+00
6.294961035197695232e+00 3.146356026494332880e+00 1.177333008880353388e-01 6.165732070442968116e+00
4.711128535125046923e+00 1.618693462829322582e+00 5.548083202176723461e+00 7.399178124970305914e-01
1.532629140624571562e+00 4.691914928839589827e+00 6.267237644807316599e+00 6.293727871004896279e+00
3.104761245656918245e+00 1.555004179715802071e+00 1.544862576984033842e+00 3.164483545121869135e+00
1.552321030775663191e+00 1.602944836917830962e+00 1.505739444408217720e+00 6.349610025110535183e+00
4.705946820660084740e+00 1.581207553352840911e+00 4.516805242804453613e+00 3.338579755794628401e+00
4.713496102702888102e+00 -4.491169672140957192e-02 7.513927338409269741e-01 8.139619009533587413e-01
4.750132952452826629e+00 1.548286513531277109e+00 4.739580065232727790e+00 4.685002189942222728e+00
6.274462156844808014e+00 -2.671724064214355508e-03 6.140467370946437242e+00 1.713410077823771527e+00
3.153452951005399019e+00 1.605098895159479122e+00 3.236066430567751784e+00 -9.126743171269323385e-02
4.726795977265436655e+00 -4.716492712208056326e-02 1.646149104477641067e+00 4.633735814714454726e+00
3.134886380540048645e+00 4.658173893161097645e+00 1.417074878298944851e+00 1.484321011596407003e-01
3.171772497354730547e+00 1.553643826770874314e+00 3.180534135164327925e+00 3.102575804688117334e+00
4.735434592359492711e+00 3.182572715993394752e+00 1.621927443581956840e+00 -4.513661177356440013e-02
-4.213614687434129660e-03 6.258217292982959812e+00 4.351282530716860997e+00 5.071290445880906717e+00
1.408087896262585903e-02 3.088152219675932120e+00 1.626356891103489799e+00 3.081114167265892156e+00
4.694495777091924005e+00 4.753884689576560518e+00 4.647456748937524473e+00 6.351532490178149359e+00
3.137725100156086189e+00 6.277202897782650837e+00 2.675923067049959858e+00 4.667934710341547500e-01
4.727252614612108772e+00 4.710503515560739096e+00 1.647477951021447451e+00 1.494456916268105839e+00
1.545769307969825146e+00 -4.360362566214580002e-03 3.089369364473515400e+00 6.334074864997155885e+00
1.570870302986959066e+00 3.180126611272073855e+00 3.925829201520854905e+00 2.361379741394913800e+00
6.240985070986265981e+00 6.242845295933938665e+00 3.128659158232568682e+00 4.716822700674362601e+00
1.560110273263189296e+00 4.227174559983181562e-02 1.459916247836831049e+00 1.147686396826329142e-01
4.708621407108979362e+00 3.111050075814727034e+00 9.552262255702101967e-01 6.138356148796818568e-01
1.607027300094403310e+00 3.108506399390496444e+00 1.598339554815330299e+00 -2.866442766897698072e-02
-1.325155554392428749e-02 4.686370988006868465e+00 1.475497642490749772e+00 4.803708495615404139e+00
4.720320822861248544e+00 4.730430364342622873e+00 3.303827264254584950e+00 2.981844986555496124e+00
3.111346218032933653e+00 1.585206651350394402e+00 3.106930713773762953e+00 6.318118949591731592e+00
3.159234259340147233e+00 3.103967290445719396e+00 6.352520964566542361e+00 6.211240178873909557e+00
3.149299869281710240e+00 1.533846740622904603e+00 4.866657056976613660e+00 2.985130178753384822e+00
4.682663637546392366e+00 3.169458509367742760e+00 4.685045824587145802e+00 1.600638944015973175e+00
3.175363730837221787e+00 1.554494280196309974e+00 4.727564129739721288e+00 3.128653972786514803e+00
1.606511282233217042e+00 3.100245269069949572e+00 4.736527473829177382e+00 3.115040758019631539e+00
4.758393164502819239e+00 1.622383806941261497e+00 1.576007118735284873e+00 4.712593524587837202e+00
3.118850594803805887e+00 3.187534590999013151e+00 6.236939125846737042e+00 3.191105026828728874e+00
4.699990956397454234e+00 6.289482112511739942e+00 4.622608824854885334e+00 6.373613174009958193e+00
4.690795107364384542e+00 1.575113782594749212e+00 1.515396418983024684e+00 4.767481481906784779e+00
1.654445435847917700e+00 4.705236593518364430e+00 1.578911672133411548e+00 3.136537336560656364e+00
3.802792055830372941e-02 -2.936113626300571045e-02 4.731772223227681096e+00 4.691662288519346191e+00
4.486570234802627483e-02 1.568279167877794977e+00 2.712608667300210954e-02 1.544420625644221889e+00
4.716970550862598088e+00 -4.781404060633284714e-02 2.835275693895241700e-01 2.852702410042910586e+00
6.287038066464340602e+00 1.595263145031134755e+00 5.084602170860352821e+00 4.341671460656105097e+00
1.537677107977123203e+00 4.756436925425208351e+00 3.126344689379967345e+00 3.159525931947971600e+00
1.177658109188324878e-02 1.512140734965976119e+00 4.778302539379796876e+00 4.642110397791658905e+00
3.156715027337253954e+00 1.536439366385219163e+00 6.355782668511223754e+00 1.495362926841518281e+00
4.714379179558118693e+00 3.093060745432083536e+00 5.420291563106483856e+00 5.568954201353019329e+00
4.719765766071589042e+00 6.241435636134058385e+00 4.866605609297806723e+00 1.412242516683212434e+00
4.726466242148905650e+00 1.597875696884714092e+00 8.397285623762133777e-02 3.060257781189957171e+00
3.174802454795580431e+00 4.668583725913332927e+00 1.586975689732097239e+00 3.123344232405263821e+00
1.574274361407381084e+00 1.651452036244100086e+00 1.895206525966358191e+00 4.393737107542021292e+00
1.592661927235675678e+00 3.100966308700690899e+00 3.194559785339911695e+00 3.085669789116855188e+00
3.165608512291573806e+00 3.181579396027774287e+00 6.306273539457155408e+00 4.694476782940806281e+00
1.577475605462691055e+00 1.597140146859219012e+00 4.903477317192068696e+00 1.382078568078806580e+00
1.575462877659930649e+00 4.672485673014918461e+00 6.587989740500540314e+00 4.403655291391782356e+00
1.563392773820820425e+00 4.747910309785242866e+00 2.988709532697691795e+00 4.868068356759403414e+00
1.575028115962917585e+00 1.528572713659219540e+00 3.134423387542317752e-01 4.394142779159365908e+00
3.119575697564768380e+00 6.363876069503836275e-02 1.559742865432093728e+00 1.622563286447506470e-02
-3.676557736915811447e-02 3.167103898025174669e+00 3.116802190467101497e+00 2.653078889685532571e-02
4.718662514409277975e+00 4.667347278981186065e+00 1.790286353388654828e+00 6.059418755442485427e+00
4.686722718549249045e+00 3.130097883263007752e+00 3.100870982498537209e+00 6.320467875296110982e+00
4.710988043931208402e+00 1.633414422464939397e+00 5.480013053509094512e+00 2.382185637453391180e+00
3.504838659125564249e-02 -2.012217994715776587e-02 6.308890269182677812e+00 3.115170826796919368e+00
1.574274475149220143e+00 6.236162007769796567e+00 6.210926022061679097e-01 2.514504047540885079e+00
3.102482965711996332e+00 3.100177508035528273e+00 4.695574376132355177e+00 1.582085915122715569e+00
1.605716121925307105e+00 4.723637504430844736e+00 4.742489898901957268e+00 3.114110909228021473e+00
4.676269605139169450e+00 4.684811489269118390e+00 1.542522069696224074e+00 2.349902046404484662e-02
1.614614966944536878e+00 1.553932783738098289e+00 4.728246540033363310e+00 1.554683071184274512e+00
1.527299558199116447e+00 3.134816170043678518e+00 4.686216846626656718e+00 1.593767208277354408e+00
1.588660677008365552e+00 4.673706749415073247e+00 3.211198372666633993e+00 6.211355628881841895e+00
1.561446468205142546e+00 4.717719201692186282e+00 1.446935653761641127e+00 1.695446329163376564e+00
1.544806144236528844e+00 1.216622206555735509e-03 4.668250245334959025e+00 4.755079995343623800e+00
1.574378510270934672e+00 4.744612135528367247e+00 1.981966293991374917e+00 5.874486448051901455e+00
4.719901685665013780e+00 3.533779641245127917e-02 3.302339044200869989e+00 2.984109525193884505e+00
3.138046605298794756e+00 3.104119401156742342e+00 4.141366017891551010e+00 3.710426433111603917e+00
4.684661873672657073e+00 6.326297920946395870e+00 6.256966230434103160e+00 4.740816573882341345e+00
4.697610431795487429e+00 2.823517383178370671e-02 3.054216838845510651e+00 1.660331029012736215e+00
3.082157278629583441e+00 8.135404690090438512e-03 -1.539257779343828486e-02 4.725795500520412418e+00
1.564519630264987748e+00 6.239923809339088301e+00 6.094176132220169073e+00 1.754466003069344415e+00
3.140197775897858534e+00 1.536400973132311387e+00 8.363747353395247774e-01 5.444157116145981412e+00
3.142810861359258023e+00 3.182969424965467198e+00 3.903314396558150712e+00 3.954920337170153566e+00
1.541722157436922869e+00 4.729859099295656399e+00 4.677121278737345733e+00 4.748054242489144983e+00
1.556113555148798122e+00 4.746720851883778458e+00 3.061032410463456976e+00 1.654481297162244902e+00
6.285685116543490381e+00 -5.550578813866981209e-03 6.960674166027100984e-01 2.443545514996489310e+00
1.514543120813989230e+00 3.148301506374851400e+00 4.687779166796394392e+00 3.164315463908908832e+00
1.600963046230569065e+00 4.984232569917894026e-03 6.325234277358786628e+00 1.530577404402485575e+00
4.656532322547485947e+00 -2.416499225171667153e-02 4.688822079422379829e+00 6.301560640905363719e+00
4.698063829101051248e+00 2.394350340985357609e-02 4.635506150945923665e+00 3.221153924275321767e+00
3.157147840169487019e+00 3.158945852725873138e+00 1.650509980941185173e+00 1.493359173799508222e+00
4.706763219383907071e+00 4.673295803670968418e+00 2.946365768547416941e+00 4.906126163817464025e+00
1.623845091525634166e+00 6.274027762025985666e+00 3.156903661409777850e+00 1.557192922925625389e+00
-1.575155218587150421e-02 3.106706655426084041e+00 3.075155840050867173e+00 6.261361598110513904e-02
1.564238062739937041e+00 4.753688918056027113e+00 2.954562943387872842e+00 1.761663834442503074e+00
1.602134191101343363e+00 4.721626860062920095e+00 3.185136008208246050e+00 4.671049817489647538e+00
1.525547455055833668e+00 3.114797386680006941e+00 4.695074199727227615e+00 1.197793854018253980e-02
1.575598366847794418e+00 3.143112211231346986e+00 3.421259792818877710e+00 1.290942976135696085e+00
1.568890750635625331e+00 1.809788599708727838e-02 4.001392608545013552e+00 5.426811995400508515e+00
6.288270639560253450e+00 4.674693893591395089e+00 1.833438505091111281e+00 4.444996116404459130e+00
6.279816414187902929e+00 3.156251939525508643e+00 9.509896897347789313e-01 3.764471702918064100e+00
3.159350844686051651e+00 4.738358831699861717e+00 4.764840681222615615e+00 3.092111375976019261e+00
6.310655008089925744e+00 4.681374965892569406e+00 3.188309451835040331e+00 3.092964611124548568e+00
6.280928170625395879e+00 3.097037402325470978e+00 8.638633532833018824e-01 7.045707240027277996e-01
1.544875862605354255e+00 3.199666751615307003e+00 1.535768306483602741e+00 3.179702923133691073e+00
1.622112513138106227e+00 6.279694018802728372e+00 3.150719009170379170e+00 3.133347170341635568e+00
3.122727034088099263e+00 4.670442127394176524e+00 4.646167261778352042e+00 3.203928224572173633e+00
4.717191597035973238e+00 6.254363161188771336e+00 4.983246428679175111e+00 4.438343194204944275e+00
6.319700268222604223e+00 3.167141916600438645e+00 1.601038124643435756e+00 3.116111833049235891e+00
1.535350441845088065e+00 4.708966705874336078e+00 3.111338921761727772e+00 4.740736491215498560e+00
4.732323596534003585e+00 4.747301756884360735e+00 1.631539556752504172e+00 3.086053299632105951e+00
3.138305611715979548e+00 1.516581143124756892e+00 5.656861330963644185e+00 5.333834415366041526e+00
3.145713771971371475e+00 3.135617452534290805e+00 4.615380392899476325e-01 1.107483776555557409e+00
6.279579374110288548e+00 3.101888248709078866e+00 2.660688106478973580e+00 8.332339518644602094e+00
3.138311501496809264e+00 3.185419625111233444e+00 9.634299079513085617e-01 3.755775989425127026e+00
3.163403774174743166e+00 1.589888385176693175e+00 1.619970131544170355e+00 1.524181981102150862e+00
4.714832087856803078e+00 4.672843836638302939e+00 2.270917666845667870e+00 5.577197019439595671e+00
3.179845699030142026e+00 4.730864004564154790e+00 1.601318469554105617e+00 4.684985848186413726e+00
3.313496529577350524e-01 3.939824153756098735e+00 2.634389409212295696e+00 1.939825365055351858e+00
4.716707032447509995e+00 3.121370485523199623e+00 5.077340011624376537e+00 4.343494636303034007e+00
6.322961360283477106e+00 3.148181557679197606e+00 6.303718203969222778e+00 4.694157019759385818e+00
7.832674042187139030e+00 3.168634405166714796e+00 -5.317569180543405688e-02 4.767618644092740610e+00
3.160307446161806588e+00 4.725401400137587693e+00 3.202076298903365537e+00 4.654755657879138475e+00
4.716159975965050322e+00 3.118600568074753721e+00 2.150450746150226689e+00 2.557946960948490833e+00
3.131619013332117341e+00 4.762117550433728752e+00 -1.279803870269643207e-01 3.273617021748360667e+00
3.156848491677351820e+00 1.628800330668053409e+00 3.195002381937520397e+00 3.093055486663530029e+00
1.584145723562944807e+00 6.319914597204326689e+00 6.344638489815490168e+00 6.225885168675949544e+00
4.714356897793334333e+00 4.675306330734639637e+00 7.117083199051184028e-01 3.996506104000242754e+00
3.157528836815202578e+00 4.752194648166954138e+00 4.782817010510245659e+00 3.075382498848194146e+00
3.167638680811810659e+00 3.114400223024500924e+00 4.756577924255448231e+00 1.525598351885457449e+00
2.879002526304430022e-03 3.195550208516775292e+00 5.351675252763720358e+00 4.076930765115768907e+00
1.599262763366323448e+00 6.316352644346298284e+00 1.600947863444978747e+00 1.545833479671455901e+00
1.546353809869359441e+00 1.525650377113001888e+00 6.258601400485531485e+00 3.160166400231278150e+00
3.135789469000923368e+00 2.537187811742813368e-02 2.920247229384177245e+00 4.937073537884680619e+00
1.592579494735604451e+00 4.704430557370771204e+00 4.765917308574803002e+00 6.228884425514565670e+00
4.715092353308628859e+00 6.331889363221470113e+00 2.266985579114020766e+00 8.761786142174088354e-01
6.310002350666845672e+00 1.614655940682656388e+00 4.746702861404237694e+00 3.112861817367039041e+00
4.724577876925478037e+00 1.593406000221662566e+00 3.237607596882139394e+00 4.618645763720111930e+00
3.172827345265135435e+00 2.790106834002796868e-02 4.751445983460684808e+00 3.105747086845129346e+00
4.740377255159041958e+00 1.551129852392700403e+00 4.061747780796171742e-02 3.100071559830169576e+00
3.144245457786019493e+00 4.719707589379927626e+00 2.259585258369068761e+00 5.592496028857746104e+00
3.187143022537118675e+00 4.690541412269800148e+00 1.592018229832550924e+00 1.547811751787407486e+00
3.127914256211534738e+00 -2.310044077081517544e-02 4.623045091380735272e+00 8.562345137101635972e-02
4.722064578078075670e+00 1.599602612551804137e+00 4.824051237284399107e+00 1.462931743019165287e+00
1.566942409263653913e+00 -1.394988781784725976e-02 4.176308430011651751e+00 3.678682496752979425e+00
1.567203065151631769e+00 4.744762712098399504e+00 4.206385582902644416e+00 5.108769854813041134e-01
1.577228365448388292e+00 4.729879274052468219e+00 4.933691492064314232e+00 6.062618843841923955e+00
3.193939456352329120e+00 3.150246943479879658e+00 1.585930438584675528e+00 1.559049744085083677e+00
6.305882110537429419e+00 6.270315484001171669e+00 6.322956262918390635e+00 -4.080489811323464305e-02
4.716343402942277052e+00 3.116533606645018661e+00 2.056365578694926199e+00 5.793599626319440254e+00
3.145851657186261807e+00 4.678926046523136151e+00 3.531971238382864531e+00 1.176976226716834217e+00
-5.204205012340670095e-04 3.095334545362876000e+00 8.247920032557315428e-01 3.884130704755662578e+00
4.753932407262224658e+00 3.190852137194436278e+00 3.156180465333993990e+00 4.704810095786563728e+00
3.050487237437120649e-02 -1.031821903746858379e-02 3.176623891025446511e+00 4.677324302194702632e+00
1.554115601331704788e+00 1.610951740238922847e+00 3.081533686294449570e+00 3.206354467787983165e+00
6.279716100932143164e+00 4.689141003259780227e+00 4.123227330068788277e+00 2.158938916964859622e+00
4.682855041248637384e+00 4.717324469839792478e+00 1.530656751300406793e+00 1.610631630710337880e+00
1.532580733984351573e+00 4.935986327189423838e-03 4.681566641314462984e+00 1.600247138677145298e+00
1.567901602615731083e+00 3.170105590537958262e-02 4.091452681659555779e+00 2.194954815233148171e+00
4.701378531010254491e+00 1.584831628695011041e+00 1.460452883334358853e+00 6.394362508879836149e+00
6.279831696435463684e+00 1.532858286878715059e+00 5.665270491054506863e+00 2.186901475786179105e+00
3.146224436005027325e+00 -4.464671256600122318e-02 4.965147598002089602e+00 6.025658741585107059e+00
3.815626607631553840e-02 3.196460192295696778e+00 3.164453359116688791e+00 6.268898135080241296e+00
3.132374438417081741e+00 4.672048668634240620e+00 4.596420865867201222e+00 4.823639472772871528e+00
3.151849738118254862e+00 3.151365059541357372e+00 1.152715338664309086e-01 6.169418764963131352e+00
1.538617736557570170e+00 1.545383232075862256e+00 3.103649630977503016e+00 3.401464281993364647e-02
4.714682173518472297e+00 1.522709836236472158e+00 3.738805502442764883e+00 2.540942866815515622e+00
6.302739582656519346e+00 4.730430431990125584e+00 1.633228607329496374e+00 3.081015752516650608e+00
3.117450455666286757e+00 4.678781663310568106e+00 3.097253668062152965e+00 6.322905041057593323e+00
5.951823326336267428e+00 3.914796857297754062e+00 5.220073656570166420e+00 4.343137400465904463e+00
1.566211366779393765e+00 1.513981095721867121e+00 2.869897785264896584e+00 3.406923949335755264e+00
4.704033038084881824e+00 1.558815421135907986e+00 6.134650374839091036e+00 1.477691151781338474e-01
3.141226274722257017e+00 1.558780511131770963e+00 2.350261604111617331e+00 5.502253531658786834e+00
1.604596097538293575e+00 3.147473849599807583e+00 3.652054630554001091e-02 4.677946671126423261e+00
6.311687340605982577e+00 4.738286577267049715e+00 4.746202999114149002e+00 3.111447703429109701e+00
1.556864943939654022e+00 3.165911883681888916e+00 4.629176259383816827e+00 4.797487190027728943e+00
3.122327297714680761e+00 1.569711039889537307e+00 -6.291123203382294193e-02 6.237220786672877104e-02
1.571106675694120769e+00 1.519002482852255920e+00 3.912563988209571075e+00 7.961592481847858949e-01
1.516095097041903816e+00 3.150002583811767121e+00 7.831304429697689251e+00 3.162295035641139229e+00
4.705926651779450687e+00 4.739083829184387753e+00 1.367543233498047295e+00 3.347397968784229239e+00
-5.046040693882301344e-03 1.604895720625678646e+00 2.884356910727409851e+00 3.403061812172572864e+00
4.715159467180831676e+00 6.332982614246995823e+00 5.363692320595479401e+00 9.240809654258071992e-01
3.185247299699204948e+00 1.588774756173769509e+00 4.733309280004150743e+00 1.554733553535653234e+00
6.303439303974999852e+00 3.140723284676209204e+00 3.201101817042591335e+00 3.082387018779380483e+00
3.149112293215081682e+00 3.584669174362585531e-02 1.627608878174491291e-01 1.411491082564985566e+00
1.581347422196854646e+00 3.192694518496952405e+00 3.229658106745795010e+00 6.200845988881510173e+00
3.150032007336677875e+00 1.555689588409121971e+00 1.702441021308429780e+00 3.008102852288931484e+00
3.145761845960484138e+00 3.137235586292340450e+00 5.105345129259814208e+00 4.318272019421666386e+00
1.566777809489981133e+00 3.159336907474398881e+00 2.667340504320057093e+00 2.048562191982318481e+00
3.107164039224265650e+00 3.185183097579336930e+00 -1.344111547156785248e-02 4.727001713580760267e+00
3.116351673022148550e+00 3.148043261952348182e+00 1.526593178767890802e+00 3.185670111855229969e+00
1.574144710603410990e+00 1.531411485758556568e+00 3.721980757041331245e+00 2.555705729427099282e+00
3.110267357154818502e+00 1.588926123405357771e+00 -4.039372884502531735e-02 1.611835648113907338e+00
-5.005522971488420014e-02 3.146211386380496133e+00 4.700903540108592793e+00 3.150654466378723040e+00
3.102790951409625908e+00 3.124850547541494272e+00 4.689240105432920913e+00 3.161506278331625452e+00
3.197825797977289053e+00 4.723036570863375694e+00 1.583145814891621095e+00 4.703450536868637677e+00
3.135749986191583627e+00 3.180498599108957158e+00 4.521100535829884137e+00 4.907387722906126015e+00
4.750964466831335109e+00 6.285868824478105132e+00 3.174912658158152379e+00 1.539494961603010470e+00
1.576640257976988480e+00 6.251599778807443997e+00 1.784282265059191408e+00 6.066520961608085294e+00
4.685406135583763287e+00 3.186229587792217099e+00 6.244142750702054379e+00 1.614735787523004840e+00
3.136141658954277212e+00 3.095004875927339860e+00 4.719856175948203614e+00 6.271566637725658921e+00
1.583144779433748095e+00 1.535344146515531305e+00 6.380350408425849551e+00 4.611381499823161256e+00
1.566343750989721562e+00 4.612126512038122045e-02 1.252098508055748516e+00 1.894173492296587380e+00
3.113406468366054280e+00 4.696659224713828351e+00 4.671349416686645384e+00 3.179639771288349070e+00
1.604512757241672860e+00 1.553013986793065238e+00 1.601755059526478897e+00 -3.151798832216211321e-02
4.742407378857846467e+00 3.191165423550511360e+00 1.430770515820446037e-02 1.562690557800574087e+00
3.141166835958358661e+00 3.106822724899977572e+00 8.173669856475330731e-01 2.320448459455391355e+00
4.727454988134353719e+00 1.542414569701425542e+00 1.597721329995499540e+00 3.111931602859173918e+00
3.144946681556707535e+00 1.609578391438566181e+00 2.127654696617661045e+00 5.730197373817080830e+00
1.408946263883791505e-04 6.212440245538057404e+00 5.522461813427444355e+00 5.466655901055040623e+00
4.719192824367112848e+00 1.526783534030326850e+00 1.568533526390059718e+00 3.140521730800119204e+00
3.190059495588199567e+00 4.688273021388309481e+00 3.166977344050349696e+00 4.689062119764126457e+00
4.710879333606658115e+00 3.816719213495247537e-02 3.997653490089576156e+00 5.431129250683546239e+00
1.575059847100487964e+00 3.181030435419100577e+00 1.924747183470795431e+00 2.791034536990082415e+00
1.576236559391702263e+00 -3.843940892623919081e-02 4.936268426048411762e+00 4.483881207693627857e+00
6.275354688217942289e+00 -8.476477331374439664e-03 2.977465374047514768e+00 3.305402967548577209e+00
4.689290412568653643e+00 4.742276656104706944e+00 3.109059109378115249e+00 3.174400054004828053e+00
3.167536856185848126e+00 1.567573196883938549e-02 4.757514236512357719e+00 4.669943118814373406e+00
3.138750090436659868e+00 3.094817703995641267e+00 5.730546758384389427e+00 5.492790892722303475e-01
4.720877743341975297e+00 6.263704639516967987e+00 3.309536731411415023e+00 1.400344187858095335e+00
1.567890262907507548e+00 5.009641818436701838e-02 5.598539527465993260e+00 6.904142153792545145e-01
1.533042597454238765e+00 1.552355852643318324e+00 4.686370709937894397e+00 6.305771793339043363e+00
1.567476775834912406e+00 3.196755747602225473e+00 4.147440649492698306e+00 3.713206536676065816e+00
3.195282261465991702e+00 -2.153123399772587099e-02 1.575327819144327846e+00 3.136824349941408574e+00
3.138684097075874924e+00 4.702755692031280965e+00 5.617739315095173325e+00 5.378453403289576329e+00
4.744171996011314896e+00 -2.096103741115959776e-02 4.751316917561443809e+00 3.101413543654880201e+00
4.737429101789869534e+00 -3.837957279682072814e-02 4.743910850636504861e+00 -3.361948273565910222e-02
4.703789262543089933e+00 4.678884921226263316e+00 3.005739998191776952e+00 4.844691101861068105e+00
3.147436034611133415e+00 4.722217177856574466e+00 3.366947125772254523e+00 1.346729637758662168e+00
3.136310388519084391e+00 4.681232118037621071e+00 1.308758804309580137e+00 2.599449513824472202e-01
3.180041212782054316e+00 4.702446203681256875e+00 2.401700417848133540e-02 3.118715982592885183e+00
1.554774604637098934e+00 3.101303433194181558e+00 4.644747914476783812e+00 4.775584727438216603e+00
1.569133672103938615e+00 1.620460205140012100e+00 2.409569081675452029e+00 2.308809944195594710e+00
4.696896183413760362e+00 6.310771182242580046e+00 3.068070966483502193e+00 3.218154060508309211e+00
3.118725403791831052e+00 1.532692033045388591e+00 6.233336423622444222e+00 1.616267036295926829e+00
1.095997861111087848e-03 1.595478273792173329e+00 5.454436100945804000e+00 3.971517620239757296e+00
6.234281999771690508e+00 4.697404833463249219e+00 6.265858692746536285e+00 3.155744006210523089e+00
1.545205911685424871e+00 1.548008454112582699e+00 1.517010794096366189e+00 1.620685499655217798e+00
3.144709009072508277e+00 4.675550737311831462e+00 6.450445327831367814e-01 2.490920474145829733e+00
4.742057763717120622e+00 3.103143964993453796e+00 1.035996110866219122e-02 6.270456118484763586e+00
1.607413324194554516e+00 4.681303486717271589e+00 3.175311751431950213e+00 3.105207594172558316e+00
6.285690369238200681e+00 6.341304329480351498e+00 5.380338879307873690e+00 5.618923761492948366e+00
3.153669615351158750e+00 4.684632248371483954e+00 4.803460885723501050e+00 6.189127333533098962e+00
3.137538048443724303e+00 4.768902337605923414e+00 1.197065756685070870e+00 3.794069390098680494e-01
6.276116951154073753e+00 4.689516558933010337e+00 6.107659973537964859e+00 3.315738852878661103e+00
4.724389316576030673e+00 1.542877041261895288e+00 4.670767746593461897e-04 4.709752521254368496e+00
1.573174259248545148e+00 4.758801664628050432e+00 3.827009361824539102e+00 5.601847929277243843e+00
4.705954058661262707e+00 1.555184937557412495e+00 6.071778182848785121e+00 3.351835967577317277e+00
3.172068622879829380e+00 3.149237970130838171e+00 3.181343166301306535e+00 -3.684180273834997826e-02
3.142696344156702626e+00 3.095882764234205720e+00 2.318745546971036298e+00 5.529925769312953321e+00
1.567136663782107808e+00 4.756398704327071236e+00 4.209804968504623268e+00 2.079687314463096293e+00
4.678767818265817446e+00 6.257384436436158381e+00 6.264287802137827654e+00 1.586260203998473006e+00
3.137886977585613302e+00 4.676525673344106515e+00 1.055497104890618765e+00 3.653965118752515728e+00
4.718590959750732061e+00 1.613251000027633220e+00 2.012042653386250934e-01 2.943363973076958295e+00
4.740011822242500727e+00 3.090810036369867841e+00 3.171771051486961479e+00 1.536023330652500185e+00
-4.133741690014946027e-03 3.184175924950966241e+00 2.789788783826539831e+00 5.068834328969701986e+00
4.697742367271168895e+00 1.521901632655025649e+00 3.137747866346642489e+00 3.139816217603345283e+00
4.766071126816602721e+00 3.145474428892693020e+00 7.273272775250124410e-03 3.136589813398025228e+00
1.544538197419925929e+00 1.626725902112518218e+00 1.536280941758217278e+00 4.751011715396078472e+00
4.675801549051517014e+00 3.121150968813014792e+00 3.109202796240167821e+00 1.598923008878858409e+00
6.279175636044739051e+00 1.610486877279649232e+00 5.928016890924511451e+00 5.072869107361809071e+00
4.730829659076500882e+00 4.694380896221340471e+00 4.772055067085913649e+00 4.653407896956473166e+00
3.140548056521065057e+00 3.185070514579016354e+00 8.312397295424639454e-01 3.886680068468532312e+00
1.558060323431863292e+00 6.249747562057794248e+00 1.480581937568132389e+00 3.228926046277640349e+00
1.584988144640240293e+00 1.522759842101645722e+00 1.637899227025339188e+00 3.068658600978603879e+00
3.087479956373871293e+00 6.257909851379479527e+00 -2.728001651105830747e-02 2.248236326472491386e-02
3.111848023416684761e+00 3.180323451625848286e+00 4.689331535005666574e+00 4.738398021714592900e+00
3.108950621916038326e+00 1.582623507436825783e+00 3.105693721674340768e+00 3.177010736614065411e+00
4.443630262891393179e-02 1.486743557659142047e-02 6.304713899594669435e+00 3.123619225334103966e+00
4.699334777623587200e+00 -5.728616763769304315e-02 3.079974791633207865e+00 3.197620247975609953e+00
1.598239323071293683e+00 4.725820266060407171e+00 4.351981698821166117e-02 1.529878620561910596e+00
-1.767101293894228486e-03 -4.016289528600004710e-02 3.984407327104860563e+00 5.438794244044053983e+00
-3.286048175924146959e-03 3.179590578159292580e+00 9.384443141757733420e-01 2.208250802307596850e+00
6.282368609152930716e+00 -3.479914862321595304e-02 3.966196350013644789e+00 7.432496503517553865e-01
4.716031830863952834e+00 3.190956014573425925e+00 3.721746833486798689e+00 4.133153543875645042e+00
4.753583114489429384e+00 4.718923863619238546e+00 1.675550821473282409e-02 4.697485038812805769e+00
-4.206966961336550820e-02 3.127108417559066211e+00 4.686481044404276375e+00 1.592614735695578654e+00
4.700709380599850107e+00 3.172135859354751286e+00 -9.791319718661173344e-02 1.011647373979121245e-01
6.295664496845019720e+00 4.720773047661462662e+00 3.237146047045559971e+00 6.189748136835145687e+00
3.141774843747682677e+00 4.751842784522591678e+00 3.911323278858699126e+00 8.048501530918336089e-01
3.813098778920045659e-03 1.614228272259998986e+00 5.881516940062874177e-01 9.838093676943341359e-01
6.297940792148661870e+00 4.766392481129612335e+00 4.802347084751039219e+00 -8.261644784119044627e-02
4.685526904456454034e+00 4.690842131164946416e+00 1.521507560919865387e+00 1.616830004545409594e+00
1.566345426932593377e+00 4.760957677279998634e+00 4.451272643867177692e+00 3.408497130325186308e+00
1.605264961610343821e+00 -3.353826282252692428e-03 3.172565704513750973e+00 -3.017279237804140410e-02
3.137336646624337977e+00 3.186743662876764471e+00 1.289425728073695820e+00 4.999037219055985304e+00
1.571993764112450398e+00 4.665978325890520750e+00 5.458967966923643722e+00 8.184978915152428813e-01
6.325521278056315033e+00 4.694874477698950166e+00 1.590046463213159011e+00 3.121916713761393236e+00
3.142697289082792000e+00 6.217351349034707653e+00 2.351097051807746752e+00 3.924907040148493564e+00
4.706915938634868013e+00 6.317340229795443740e+00 2.907218681260950621e+00 3.380211412488315581e+00
6.278420124464261676e+00 4.740675673331137041e+00 1.295720185371175726e+00 4.991362801254301651e+00
4.713419382091321275e+00 6.330161302719468530e+00 5.419383313849322370e+00 8.683165296810106959e-01
4.875409210374895969e-02 3.132136595257529521e+00 1.596043994251381104e+00 3.118148578479840616e+00
4.676776604402208548e+00 4.708171366630672594e+00 1.544454479600263941e+00 2.465675580516307405e-02
1.537984966218622462e+00 3.444595167150560355e-02 3.121782156660524610e+00 3.164008226203273821e+00
6.285090046707847655e+00 1.627473779080117700e+00 2.268760190521976750e+00 4.018318535538305092e+00
-1.041715915828133991e-02 1.530969116204836666e+00 3.029480663584060984e+00 4.819599589796697003e+00
1.813356557618827844e-02 3.195578245358273506e+00 4.611666563140724533e-03 4.713555950175140730e+00
3.109963146148800650e+00 3.152524620304883562e+00 1.534836102212565612e+00 4.747344442673548492e+00
3.144363976131711258e+00 3.184499760693911607e+00 6.541948948565026178e-01 9.186579852065073215e-01
3.138004080191269196e+00 3.105679355908261385e+00 2.633977990791296797e+00 5.218278716184474142e+00
4.710401425297877864e+00 1.625836856002911723e+00 5.585272734060205302e+00 7.040362877906554129e-01
1.572050155210005018e+00 3.146356170126099805e+00 5.443013578722843526e+00 5.551641294628667289e+00
6.280570059834472474e+00 1.568519343685605527e+00 4.021336142696190663e+00 5.405022851628695335e+00
-3.648193709994675127e-02 1.578085094158881319e+00 3.105131942236859732e+00 4.747849796941314260e+00
3.888040247106647196e-02 4.692427996218061281e+00 1.598446132471461389e+00 1.543390502346213777e+00
4.678636928097463787e+00 3.183743750052652199e+00 3.107432830772059784e+00 1.607927691073770982e+00
-3.022131137672328782e-03 1.574094207897192454e+00 4.106447065072614144e+00 2.178690937622886903e+00
4.717253165842429929e+00 3.190074586413123914e+00 1.888414006281989410e+00 2.826879799269215621e+00
6.286786033823201336e+00 4.743204308521374202e+00 4.216288536117120955e-01 1.151153242992263293e+00
6.311474930881661116e+00 2.183645072744210686e-02 3.187432961248733765e+00 4.667888524532347816e+00
4.730880784722192089e+00 -2.412306099523899711e-02 1.624690070831020794e+00 1.514694061334469044e+00
1.585216870606876105e+00 4.761058493182121154e+00 3.184111752733370437e+00 4.674223780354531677e+00
1.575760374345425374e+00 3.127311293577971885e+00 1.908130391527171010e+00 2.801686998204032886e+00
3.122822139136905761e+00 1.558902956444595311e+00 4.646893360375522697e+00 6.345911703569302453e+00
4.973840382266971061e-02 6.297616501558396251e+00 4.735313836588947112e+00 6.264296098032639648e+00
6.282150198495282112e+00 3.102047874455363452e+00 2.398158348843490106e+00 2.311157506704093478e+00
3.137142650933285370e+00 3.648829191648683690e-02 2.771464679806857401e+00 5.086010419554964912e+00
1.574165080090877300e+00 4.761255087238351003e+00 3.606082632069788296e+00 1.109222527028592697e+00
4.732319499980681243e+00 3.093465083530642978e+00 4.765875682065791707e+00 6.224918725264123154e+00
1.577094810331427510e+00 6.234846596756116632e+00 1.838465427220531967e-01 1.381888323619438141e+00
3.128041687390089365e+00 4.734391969847627557e+00 6.200525764231286985e+00 4.796644840771900675e+00
-5.231645577947922204e-02 1.597922737310472074e+00 3.121234557109609398e+00 1.592728647126915531e+00
4.667768946121693574e+00 4.681574747103274703e+00 4.696227622753803566e+00 1.582449425949450594e+00
3.164426359030919400e+00 -1.095825929029387892e-02 4.760992255539726159e+00 1.522659337249823830e+00
4.760506943748663566e+00 -6.564607395886747077e-03 1.586917108324418235e+00 1.555753324421195183e+00
6.248741641197130825e+00 3.110131413925420585e+00 3.115361507678957587e+00 2.192023327000429400e-02
3.145302272913168995e+00 4.749975816856220945e+00 3.854214412106686805e-01 2.758347975738787206e+00
-3.912213994255567089e-03 3.181386487445006850e+00 2.799072195743516733e+00 3.468118801844715104e-01
4.753049801148494069e+00 6.247801609263671452e+00 2.755540277875393254e-02 4.684041537710243119e+00
6.293927914026244075e+00 4.729915608891397838e+00 4.828953427871479853e+00 4.597818717257247556e+00
4.690952847911884938e+00 4.678692055704321007e+00 6.227534057553799407e+00 3.193248109306929372e+00
4.729872045969792715e+00 2.630972108389309158e-02 7.155664168346520526e-02 -6.808424902426810088e-02
4.709868570079559724e+00 6.289156476794121708e+00 4.024674759030675730e+00 3.830977703521324162e+00
1.544352971859215939e+00 3.138555216585769525e+00 -4.224652275842994548e-02 4.752892511466326297e+00
3.140220945773632089e+00 1.616033280416340645e+00 8.304466734951757578e-01 2.315127847174546449e+00
4.738844559677914070e+00 1.543319088683529072e+00 3.181126815458507284e+00 4.671125519405518567e+00
3.125954101618620307e+00 1.545413848572983584e+00 -6.238700781779014243e-02 4.772106438538731510e+00
4.731376592620661903e+00 6.317577113710938441e+00 3.214610063110463045e+00 1.501720292757715569e+00
-1.737322903218149750e-02 4.736020084309645384e+00 3.065743075520638516e+00 4.789541777661443511e+00
-6.521764784615476096e-03 3.103828445030096361e+00 2.957878366048452445e+00 4.890481584711213969e+00
1.537540714655850183e+00 2.384144901967137978e-02 3.110616126591384756e+00 4.744485294197036573e+00
3.111520658448758692e+00 3.106318635234925907e+00 3.118200286726480197e+00 1.861363490086795705e-02
1.597677804894074072e+00 1.600080127561451571e+00 3.185459022764177028e+00 3.101472790928868406e+00
1.609723637647464178e+00 4.692258454831534920e+00 1.605622246186178881e+00 1.535234552036637723e+00
3.137961289529386910e+00 6.272226909360978375e+00 2.555730162714645370e+00 2.157493556961814107e+00
-2.997788365541500383e-02 4.699717362523657904e+00 6.240994483046057972e+00 4.017833649224628739e-02
3.161682622245814756e+00 3.116682323743886318e+00 5.821602949592943888e-02 4.653119238991458850e+00
4.661258479624321716e+00 1.595999776493207678e+00 1.546223730486591341e+00 1.594734430491649091e+00
4.665848692509728224e+00 6.278049338053714123e+00 3.120170974438657652e+00 4.730557898150260954e+00
-7.130206380255369771e-03 6.319234314426680044e+00 6.087797615301611565e+00 4.911826380255282842e+00
6.241466144630887669e+00 3.099717568171350024e+00 6.249791436164481517e+00 1.599942814715450412e+00
1.579228456509718770e+00 3.105362723325722385e+00 3.277422547400497432e+00 3.002659748737875223e+00
1.574037967822112138e+00 1.606046691213899757e+00 3.785967206062788915e+00 4.069404753641942207e+00
6.252569884668297995e+00 6.312158544089281342e+00 -4.273883386774657289e-02 3.186161316719207104e+00
6.285860538847917844e+00 4.752868471701809483e+00 5.365228038780558428e+00 9.211568320092671236e-01
4.659791140670313858e+00 4.715405780616396925e+00 3.118759369995913300e+00 3.162490564978575946e+00
1.615694408854018826e+00 -9.923746535693599505e-03 3.161444969191208099e+00 1.551617908329614215e+00
1.594217295830627545e+00 4.743065121496171876e+00 3.185588885626161826e+00 3.102207740741355746e+00
4.739079744314510734e+00 1.608707111164825676e+00 3.155001085290408014e+00 4.704149481089711315e+00
1.583263881561230990e+00 4.674597512267403943e+00 3.242579920871178079e+00 4.607854418488336101e+00
3.139070748319169990e+00 1.621405833798193363e+00 9.203903991989005329e-01 2.227320529612760058e+00
6.319717775535618642e+00 1.523110569684229532e+00 1.603382955243248364e+00 3.105800369286639828e+00
3.104162544229987386e+00 6.269024336868147529e+00 3.106994940704101982e+00 4.744144406767687450e+00
1.574392269412012491e+00 4.739753848533665881e+00 4.669102181217653635e-01 4.246042727595527033e+00
3.137057202799404365e+00 6.248977782085169075e+00 4.402544387975318330e+00 5.019542735504081143e+00
1.582235762151947833e+00 3.092710758255999171e+00 3.228492419758606236e+00 3.050169127559739124e+00
6.282125381115955420e+00 1.533945156038737601e+00 5.546883688316428085e+00 7.331851617407003641e-01
3.144766158228401665e+00 3.176206565210754285e+00 6.327018263653032548e-01 2.509471751322431388e+00
3.143787403117483503e+00 3.077277363500681151e+00 5.383697810932587480e+00 2.462379502802808151e+00
3.144894172504142826e+00 1.513663429831413110e+00 6.008235877390686319e-01 5.674455313544425117e+00
6.265413832182944454e+00 4.699945372332862803e+00 1.500335891950046019e+00 1.639481860026574589e+00
4.659393996350268630e+00 3.145301034756154746e+00 3.124003393556751274e+00 3.156863483999748254e+00
3.139925780419170920e+00 4.765770276247070392e+00 5.592164348366240212e+00 6.976094148890576996e-01
3.147260582955735408e+00 4.740905550380055899e+00 4.950419213411016983e+00 2.906752359175059031e+00
1.572792617236898449e+00 6.243923239422616511e+00 6.954750221971274238e-01 8.706988590603410572e-01
3.103080404754490651e+00 3.174383571189573150e+00 3.111553053280703640e+00 3.056924441761699196e-02
3.152185540398522612e+00 4.750508919814493858e+00 1.682101428413057098e+00 3.034150160106662053e+00
4.707506259046862596e+00 3.087461025970742234e+00 1.339202059239365639e+00 3.367894418564733705e+00
1.573495596756697479e+00 4.767153090622388234e+00 3.756310008189080119e+00 9.611910732465263063e-01
6.254166339978237232e+00 3.164102710061209578e+00 -3.516540326625694490e-02 3.634283371621895714e-02
3.122464840223409421e+00 6.236776465903651534e+00 1.524522872601945522e+00 3.182741508859104229e+00
4.740180831778185500e+00 3.180488327123472736e+00 1.588883878703833963e+00 -1.385978600378243684e-02
1.529074174604830194e+00 1.552067961474010716e+00 4.688527500259270120e+00 1.590637812390744976e+00
3.130531611366453415e+00 3.846122430170240136e-02 4.612047597874905591e+00 1.674567450813772673e+00
3.093497408192280140e+00 3.151219008371352270e+00 3.128446604797148645e+00 4.725019739394375584e+00
3.145727098484930817e+00 3.108996651550881118e+00 3.460809580865698565e-01 4.362323525301737170e+00
4.749129664422819808e+00 3.140981062434403004e+00 4.739170452618381546e+00 4.687417950919051002e+00
4.713257172793522187e+00 4.649637727020826006e+00 5.453352626566993600e+00 5.535420572220890456e+00
-1.435902365609126145e-02 1.571591602021647383e+00 6.200956166905045031e+00 8.204807885114147326e-02
-1.295978558928272475e-02 1.523476580683319481e+00 1.562870246161226495e+00 3.143537595427108311e+00
4.708126512761294791e+00 -3.691011689979144250e-02 1.230607345745091230e+00 3.478653954014062855e+00
3.128503524577037176e+00 3.168275928603057068e+00 6.185742933425872003e+00 1.669988548968937669e+00
4.749419481060310311e+00 4.726696265365215588e+00 4.734580622167163355e+00 4.694060778791168786e+00
3.145056690340032546e+00 1.606926654249945630e+00 3.706463335446188889e+00 4.149259594763114123e+00
6.310794615543379393e+00 1.518105045532648800e+00 3.184842910725635523e+00 4.665783553441055886e+00
3.153504634823188102e+00 4.684632913771035412e+00 1.672102519385674224e+00 3.037551297829308439e+00
2.893449204155177160e-02 3.208709587517176054e+00 4.718752572739372653e+00 3.144840122995048226e+00
1.555685088683721684e+00 4.761813526262001162e+00 4.630169517710325700e+00 3.228192342496273515e+00
1.573219541656866616e+00 4.754703778011614368e+00 6.673403846386125604e-01 4.048083494144499639e+00
4.677908760938247035e+00 6.312189431119367811e+00 4.682247833273391002e+00 4.742524006311423790e+00
3.133068905977201890e+00 1.529558456217390061e+00 7.714784086110568317e+00 3.275709011909041735e+00
3.109713545507336807e+00 6.252278905932172393e+00 1.544687608087530473e+00 4.734074541706371875e+00
4.744857303636517365e+00 1.586859482936656907e+00 1.611202196406498421e+00 3.104285659388686280e+00
1.562968533037368379e+00 1.879527926930416384e-02 1.421891024287348593e+00 4.863969331122225626e+00
1.574506192040726837e+00 4.668293646150970311e+00 5.170604033187302662e+00 1.107870854095243329e+00
4.739993686835010323e+00 6.267013073560392833e+00 3.184727134459727882e+00 -4.377278539509357747e-02
4.875287466882266552e-02 3.122749450526784543e+00 1.973923010577173162e-02 1.550406721884539429e+00
3.178369989288309494e+00 -5.740508861511448187e-03 4.742106783037704609e+00 4.683897952346139704e+00
6.330751136215846842e+00 -1.998168046415607288e-02 4.734000594889213431e+00 4.690035120789661782e+00
3.126674225299139742e+00 1.613081304667164595e+00 1.508535382470400199e+00 3.207801965218710638e+00
3.144310423875512850e+00 3.097959024390809279e+00 2.255570756085506723e+00 5.592936813239157701e+00
3.700169617194574209e-03 3.146811104498184353e+00 5.173878129784792002e+00 2.679449307214452070e+00
4.715992890128961612e+00 4.694726838902306909e+00 2.162707035785540466e+00 5.688316686948694745e+00
3.109143643133882140e+00 4.729678886376508906e+00 4.681349436518183360e+00 3.155707106952439223e-02
6.245791095326882036e+00 1.538292106816388172e+00 3.129560991459013231e+00 6.861682362164764348e-03
3.105974205947692468e+00 3.171068148113146634e+00 3.108294530320492299e+00 3.353512575708891830e-02
4.715483610170407403e+00 4.681529689812578887e+00 3.746190466511960970e+00 9.604508803605733558e-01
4.720083221182297173e+00 3.184062607700680392e+00 3.308159956934155321e+00 6.120837155221576786e+00
6.281856974924155956e+00 4.743414500860152039e+00 2.382399516764400982e+00 7.626752917296997225e-01
1.574088309027211530e+00 4.759906163749915819e+00 2.085212148999714632e+00 1.060679242746867645e+00
4.725541430384004649e+00 6.277935444809804366e+00 6.378547624073769740e+00 4.616978164352393499e+00
1.583174342756397568e+00 4.732272644172282661e+00 1.033863368325743937e-01 4.612463299584582010e+00
4.719134154886408972e+00 4.731850860986321905e+00 3.325109909242898620e+00 1.388540458328672678e+00
1.606374610016017668e+00 3.108577978410009823e+00 3.162382665055291781e-02 1.537576542762062681e+00
1.588466128040129544e+00 1.600158082016881922e+00 1.641354057258246346e+00 1.504414331883292766e+00
3.527369249441367205e-02 3.117603337269946095e+00 3.152266730453309407e+00 -9.632588927688402747e-03
5.095481060431900078e-02 6.261320227046571318e+00 1.594798438805143492e+00 4.688886365825713831e+00
4.680251003524617204e+00 4.679869969297749677e+00 3.106409079278151797e+00 4.743030299827622365e+00
4.670693147063936124e+00 6.311595189078885504e+00 1.543716564405531511e+00 2.731072173286041779e-02
3.255276765039497727e-02 6.301460662904183607e+00 4.744500309243757208e+00 1.542596556118176698e+00
1.526121893294619225e+00 -1.078363459720929791e-02 6.255421810740900312e+00 1.594310003236487638e+00
6.286479850959729276e+00 3.097867619602092226e+00 6.617473703394670670e-01 5.615515261167564276e+00
4.681448400498833706e+00 3.104435456333353383e+00 3.106730668890132829e+00 3.170662636421051062e+00
9.056656748401158488e-03 4.734494677223993087e+00 3.277929780466437126e+00 3.006878223534681371e+00
1.593540812352837399e+00 4.743110147438887481e+00 1.606600021891490870e+00 3.108906439166889246e+00
4.720965221424926916e+00 6.343273307478602518e+00 4.830142112477345151e+00 -1.122853120007368255e-01
1.616086908144191314e+00 3.132964764220143916e+00 2.034214326148462912e-02 3.121754547767480847e+00
6.287191524998031689e+00 3.109911309270655178e+00 5.220899945675522957e+00 4.199956641325932161e+00
3.133087187088811287e+00 3.081979729951277669e+00 1.445594181852863258e+00 1.688704836373354334e+00
1.557516608499614152e+00 1.598399800870245135e+00 4.623908482055228752e+00 4.802775418912565542e+00
1.541366157956958860e+00 3.169524835980165101e+00 1.543200026937779024e+00 3.170526774737924658e+00
4.743410428752279806e+00 3.180740314516226519e+00 1.597670704517192286e+00 4.691359362337142791e+00
4.717395182427033262e+00 4.712218753457161569e+00 5.008855445145984575e+00 4.414405130871867478e+00
4.741933460350541196e+00 1.623724673956042031e+00 4.755978313494218845e+00 4.674433449940485374e+00
3.188134272905225330e+00 1.565239547782854901e+00 1.606683306033649880e-02 6.269883847740396199e+00
4.695272822495297760e+00 3.102864046780880347e+00 -7.319621952456452363e-02 6.923916740884272780e-02
3.130005070475147200e+00 1.619562272126316538e+00 4.614493250706789063e+00 1.674034660291830567e+00
4.725959479062082913e+00 6.248148563205650596e+00 1.657102750749637865e+00 -8.895404936865991541e-02
1.574770222213901505e+00 6.242433878066310449e+00 5.051672642763389121e+00 2.797224638735777535e+00
1.570253684346969880e+00 3.180546704959707149e+00 3.953530735559132925e+00 3.905141818056035774e+00
-3.464882623278014561e-03 3.424983884929787975e-02 5.665681689400996923e+00 3.764704966670265662e+00
3.097844878856981676e+00 1.575343376552690966e+00 -2.056248816415747610e-02 1.906281507189208982e-02
4.744005165093250653e+00 3.160106202819708443e+00 1.609419049367361465e+00 4.677584938761317979e+00
3.113513929325949725e+00 4.703104081450981688e+00 1.533058650687892932e+00 3.605611529766129808e-02
1.601828165137366700e+00 1.736445160788020053e-02 4.749138561763627031e+00 3.108165082973466831e+00
1.592401017823592779e+00 4.669756289535333948e+00 1.637141110327596794e+00 1.499827332547394976e+00
-3.366876938395193392e-02 3.122853982653683413e+00 -2.054141633719125740e-02 3.159013221653126369e+00
3.098306367791374250e+00 6.314788850183723490e+00 6.263886486297119305e+00 1.592389827562236793e+00
1.569291565293637891e+00 5.393156191316101494e-02 2.420086687486901589e+00 2.298353046837337210e+00
4.750843612469053845e+00 1.534570355369972106e+00 1.888739246421836104e-02 6.261916449468404089e+00
1.532902227964893616e+00 3.171421853150420578e+00 3.116079014114849777e+00 2.587975467938881391e-02
4.720577147370103255e+00 3.189850711003291206e+00 1.701285422200400577e+00 3.016762980298710595e+00
3.145669500090428006e+00 4.739258962371890149e+00 3.508394509417626761e+00 2.776628183413830886e+00
1.610256376116908195e+00 6.298384844212917777e+00 6.304360103862411968e+00 6.265444141671238754e+00
1.571188590509910998e+00 -3.979549753387428418e-02 5.484053408609161018e+00 5.508914035473559956e+00
3.151025790353562783e+00 1.537818300112926417e+00 3.236473171069961463e+00 6.184989634349509657e+00
1.541549296065315433e+00 4.744411085420148666e+00 6.248236872389031582e+00 6.319667329210358453e+00
3.176582880209278148e+00 6.233509357479289470e+00 2.198679216009871706e-02 -2.527712758787009975e-02
1.256148213010817869e-03 3.169806832075522607e+00 3.885259391296495224e+00 8.293518157002988112e-01
3.488647966899165176e-02 3.128731010442642457e+00 4.742784648551625182e+00 1.540732063521132567e+00
1.573234921577165268e+00 4.681335838402835847e+00 5.381560231420674967e+00 4.039080732851885180e+00
1.523119391981109016e+00 1.579442574475249605e+00 4.692747912901380936e+00 1.888986380730954887e-02
4.694345543885192207e+00 4.776530238360849445e+00 3.129523376189321304e+00 4.728987442202243763e+00
3.145063591438263639e+00 3.180420635545082586e+00 3.601255878637340757e+00 5.826195265316695071e+00
1.581936901948028051e+00 1.545270711469644676e+00 4.828725267801514676e+00 4.594162185824554712e+00
3.149678335393593098e+00 6.271609827577649732e+00 4.881790511724156900e+00 6.113224160584492139e+00
3.136877506049485120e+00 4.750401030555545745e+00 5.992292519853450017e+00 6.577455905364012700e+00
4.715092171089759532e+00 3.148965820389997727e+00 2.220674877115379253e+00 4.061503442398322505e+00
4.695116547510494343e+00 6.314366620117913165e+00 -7.068766720707361784e-02 1.644440007980589202e+00
4.738272585234485135e+00 2.815102760623210479e-02 6.329046532601578789e+00 -4.200818435799016926e-02
3.137821997043704236e+00 4.671090433639158768e+00 9.793805175074553615e-01 5.302164520400260983e+00
-1.264561981236981235e-02 4.647184839503305298e+00 -4.216735637261909836e-02 1.607170273866233678e+00
4.716968370903252605e+00 3.179189956450830135e+00 1.904462849581203265e+00 2.811686961663106388e+00
1.607880705965459622e+00 1.552699776266434073e+00 4.738889655707328785e+00 -2.669638009731491873e-02
1.567321745179467651e+00 1.616483408636067987e+00 2.727516305109428885e+00 4.191775481839073447e-01
1.542834576417716042e+00 1.581291652656292790e+00 1.527869591076340017e+00 3.184976632470731150e+00
1.566778300726430206e+00 4.746836167011638352e+00 2.682336219518164810e+00 5.175760221420274476e+00
3.316247592308177450e-01 7.963630718033003486e-01 1.063105281862908091e+00 3.510248336068604758e+00
3.169217607285169436e+00 4.693575239946812694e+00 -1.545869554331223972e+00 1.543939465815188816e+00
1.574421324372960340e+00 4.749643528105623069e+00 5.306704634401598675e+00 4.120384330463336298e+00
6.297657967383192279e+00 1.537757017781344882e+00 3.223585915643338407e+00 6.198706251081476104e+00
4.380872480342279829e+00 5.485808709140452599e+00 5.219537922098110627e+00 2.771986075884393053e+00
-3.855001644580575808e-03 4.740891230239790310e+00 5.875197101897816410e+00 4.119341339049151229e-01
3.138485983178938454e+00 4.754380487122772614e+00 4.086788970164949575e+00 3.772512814178532903e+00
1.536815771900744920e+00 1.533474236178564043e+00 3.112049660787720828e+00 3.166033490106048731e+00
6.304620574000074029e+00 3.167936359651323031e+00 4.749779769653564188e+00 -3.351606995729988075e-02
3.141834371459599762e+00 6.247112650539074608e+00 2.355138131375854815e+00 7.821782054328870748e-01
6.236649336888360651e+00 4.706414580316536700e+00 1.551311708788741806e+00 6.299285374984069819e+00
3.110546475933738009e+00 4.676215810307024157e+00 6.248537284464452668e+00 3.170792308727173658e+00
4.712664898406178082e+00 -3.765228779432485545e-02 2.349518728910329646e+00 3.929756475419191819e+00
4.710306322185724426e+00 6.219072291688693355e+00 2.409031486213413231e+00 7.278649886465313745e-01
1.564326940019323819e+00 4.672078034017252079e+00 4.573382173629339853e+00 6.419838020426806402e+00
4.381093295755364991e+00 7.738548783962470035e-01 5.088263880269728867e-01 2.773234713013773778e+00
1.558560799999919366e+00 1.527109836331741466e+00 3.044262855878919982e+00 9.132419470085120783e-02
3.139067670841607871e+00 3.175470974952612213e+00 2.460668129135661353e+00 2.255563703361022743e+00
4.711213075207457912e+00 4.755536880603271399e+00 3.985389119650432299e+00 3.874477928726556719e+00
3.137725756450897130e+00 6.336230243909262150e+00 -4.736732250800386179e-01 3.622386181271640471e+00
4.720451701458445726e+00 3.121399667006012457e+00 1.570197835884052373e-01 1.411236013636449904e+00
3.164426274384717797e+00 3.146300452656547009e+00 3.192365974636327763e+00 3.092725988204366061e+00
6.288821404738561327e+00 1.534368722410623276e+00 4.941270808638519085e+00 6.050718158257149426e+00
1.239571806328017001e+00 3.914916686964739601e+00 5.220219186386133359e+00 4.343202610679215425e+00
4.718116923951675368e+00 5.601027861451605278e-02 1.771431512042292322e+00 1.375421957975797582e+00
4.717325220472852187e+00 1.622168956740642987e+00 3.376618963106523097e+00 4.481648877986454949e+00
4.756515366122984645e+00 4.671671811017179543e+00 4.738764411233168161e+00 3.112681337788749225e+00
4.698764453957062770e+00 3.181101011078334206e+00 1.483939698068262203e+00 4.802840159847550972e+00
-1.377952621503363961e-03 3.097821193488020874e+00 8.227305364164620993e-01 2.315149699815159057e+00
3.143657631081244741e+00 4.738660205853240548e+00 5.428616434636666099e+00 8.566449044035396865e-01
3.570465352840614115e-02 4.750293790047813935e+00 3.169723238994597292e+00 4.690200496201330616e+00
1.565661370876620051e+00 3.179829448113367096e+00 4.455936922467191863e+00 3.400510541277979470e+00
1.573832976779960369e+00 4.751220690811650549e+00 6.668593700740642616e-01 5.618178038682877684e+00
4.678316936024862649e+00 4.739310459535193587e+00 4.692490992797890392e+00 3.162097599932121472e+00
3.179786184732387166e+00 4.721169639696691789e+00 1.603364502252201618e+00 3.111785598103900874e+00
4.712818025267996980e+00 1.613322598916273609e+00 3.918969098226585679e+00 2.366966226852769140e+00
1.575681767234358377e+00 4.650306494611986530e+00 3.387188175153483360e+00 7.600540992333510104e+00
4.678347227467336111e+00 3.177410338794889100e+00 1.536174255810615286e+00 3.179250872824353369e+00
1.578494072133064252e+00 3.127188503912416095e+00 3.319449497015618089e+00 2.962487900909048122e+00
4.717472631353201606e+00 4.752292744194430263e+00 5.028080196375955602e+00 -3.127955986783836351e-01
3.166602335473593932e+00 3.130566406676444924e+00 3.192309033635043924e+00 1.520371139771089508e+00
4.751002902388009375e+00 1.612584391309545673e+00 4.736491479565233753e+00 3.123935311395205083e+00
1.528476590991555861e+00 4.709417441764855994e+00 4.683465496555865748e+00 1.597239346990283471e+00
3.145506968537101766e+00 4.746429577225459440e+00 3.821293961155405872e-01 4.332225993529804420e+00
3.105696977998530617e+00 6.249486098594744909e+00 4.670241548419261868e+00 4.750204135981993758e+00
3.170807400629715556e+00 1.537045215493578088e+00 4.754196311887820769e+00 4.668329402341567125e+00
3.165576001861151401e+00 3.163790780147594628e+00 5.043552553123847176e-02 4.665684814524661661e+00
3.176354757175076760e+00 -1.174076854491030823e-02 3.173381097281118723e+00 3.109497296929823129e+00
3.491514291722708305e-03 3.419587113078972895e-02 2.191521550608724223e+00 2.522058143798053820e+00
4.677795929997879298e+00 4.680211135915175902e+00 3.123023355061357087e+00 3.155900915426555819e+00
3.128271939896620779e+00 4.729536595971350010e+00 1.474165194097378118e+00 6.380728662348377433e+00
3.127967834751289367e+00 6.244462090996134584e+00 1.483371830837822314e+00 4.795159447395478836e+00
3.101348959189380583e+00 1.097481688118364003e-02 3.121898126798853923e+00 3.159222797170286423e+00
1.566342873672131653e+00 2.295796481485050042e-02 5.949546040976094297e+00 1.908047393012973103e+00
2.810368669442194101e+00 7.726048655099021500e-01 5.074259634498184957e-01 4.343885403295133507e+00
6.240074670525523892e+00 6.272139166359088414e+00 1.544643213104886614e+00 3.164571950356388719e+00
1.551767786109954139e+00 4.726433975010129629e+00 6.223071327655184781e+00 4.773098345171024270e+00
3.192922037139337560e-02 1.544509877438982937e+00 4.747679869720077939e+00 6.246742895508886839e+00
4.723439530851247348e+00 3.086838702114350408e+00 4.822415917000917318e+00 1.455151301413295961e+00
3.154505068211025609e+00 4.739296995497290332e+00 3.240313976885800251e+00 3.045620458034907330e+00
6.236423910689119054e+00 3.119782611498990388e+00 3.115569648862404950e+00 4.733540772747625525e+00
3.113233031511959403e+00 1.600595252077864794e+00 -4.227038499592059712e-02 4.756958575454356186e+00
1.613760700781391888e+00 4.708757779018394984e+00 1.589072588638920980e+00 4.696199807742501342e+00
4.730885258341713140e+00 4.664154102581452577e+00 4.772472043609925940e+00 6.218923276976157766e+00
4.732040063984484846e+00 1.531580375599548072e+00 4.754879082800077761e+00 6.237790986806774463e+00
3.122035800052484766e-02 3.157791375702216907e+00 3.167873298445632813e+00 1.547503025920979880e+00
1.598998237912372389e+00 4.689080564063044854e+00 4.740770999631294558e+00 1.541699680843116260e+00
1.567504356722381420e+00 4.740597259001430253e+00 5.746129744122002059e+00 3.682292597683993751e+00
4.706236585472012734e+00 3.181654484801125893e+00 2.931086112894893958e+00 3.356172432378376147e+00
1.573676754467262295e+00 3.207261728084468633e+00 3.754763290380064511e+00 9.627745665670727204e-01
3.137578653593247058e+00 1.535757952635468104e+00 1.140433934033308505e+00 1.998212518903854207e+00
3.145056003897640284e+00 3.104151150260456848e+00 4.547835305961909214e-01 1.111980046520149479e+00
