2.356709975162754045e+00 5.498215328326099716e+00 5.497591811277482421e+00 3.926843062362538106e+00
7.846352933967714050e-01 3.926109939345171718e+00 2.356270509316862771e+00 7.853461981222351618e-01
2.157784863081388949e+00 2.593734709706868369e+00 2.580497691010309236e+00 4.986886358930368246e+00
1.484455264356548954e+00 7.858619416104043687e+00 2.940316969387576140e+00 1.816945778058733085e-01
6.362377084708757735e+00 1.734896140936583939e-02 4.939562605349701485e+00 -1.980689054881565048e-01
3.054095005583716382e+00 4.713605803358988489e+00 4.511878820747990737e+00 4.890986130132370491e+00
6.371073824890999937e+00 3.137139149049151587e+00 6.479859527186999202e+00 1.393995325332316959e+00
4.797299666497926829e+00 4.735868056527701597e+00 3.346005724011712257e+00 1.399991824176169963e+00
6.195221502715183348e+00 6.291881399040094358e+00 6.085523371450509700e+00 4.892756498360006034e+00
2.356203763937017914e+00 3.926791717646362923e+00 2.356070391817078669e+00 3.927090911134334394e+00
8.627933300559512131e-02 4.701330468111557082e+00 2.014999854678448110e-01 4.527953568752328017e+00
3.051148256855618079e+00 3.157116491136792824e+00 1.380502024484392631e+00 1.745685351946663300e+00
8.212971187263225226e-02 6.305144719003938469e+00 1.781236206187826632e+00 6.104725443891651615e+00
5.497181697379515342e+00 3.926271760311268011e+00 3.928040148442964341e+00 2.356704676778768270e+00
4.627447096123298742e+00 1.548778564314483130e+00 2.940018669954778563e+00 3.310953524637395784e+00
7.859224053451995262e-01 2.356877459968890420e+00 7.855073835461846565e-01 3.927323372920429101e+00
3.225847974899775483e+00 1.396763675597536549e-03 3.351058866169212447e+00 6.095853481944106811e+00
6.194750482274900882e+00 3.138895344026669587e+00 -1.953832508724508144e-01 4.884394159058319751e+00
7.856327016119786233e-01 5.497795132584468725e+00 5.497546353940701458e+00 5.497813107932890908e+00
3.227191360352340777e+00 4.740609742743225219e+00 1.987033838890124027e-01 2.978418087998354391e+00
6.196549678868845668e+00 1.563365935673347140e+00 2.941888841120192222e+00 1.742466745233383907e-01
7.858672105880886161e-01 3.927157129918370959e+00 2.356442154993910076e+00 7.854538505774880663e-01
3.229884868158133138e+00 4.722097676850456338e+00 3.338329821797110686e+00 2.971719658904597772e+00
4.800959829216651542e+00 4.721603653439619741e+00 1.933366472206794473e-01 4.546667266707807187e+00
8.708580605905989758e-02 1.585743755565733215e+00 1.987571276526467479e-01 2.972745936104123299e+00
4.627773782202241115e+00 3.106906569920727001e+00 6.082624460917333664e+00 1.618015932220986663e-01
-8.682561886983415633e-02 4.684554100683102185e+00 6.085533144509898129e+00 1.731961428303383954e+00
1.659582792041660149e+00 4.707701925752207472e+00 6.477594158423664261e+00 -1.747707326554523710e-01
4.631670354552053226e+00 1.602069081135264916e+00 6.068899136318570697e+00 2.099931742125766831e-01
5.497903209824587023e+00 5.497963970043397097e+00 2.356270595787979261e+00 7.854864618107514351e-01
7.849171477735346070e-01 5.497179304429549163e+00 2.356317866162849217e+00 3.927239585931712629e+00
5.496800383468820606e+00 3.926770386202134588e+00 7.849709777188612625e-01 3.926037148627033790e+00
3.227976508827498758e+00 4.699986272608346560e+00 2.003797739022935009e-01 2.957063950769125871e+00
2.355782282986794929e+00 2.355494900735396691e+00 3.927257782912704442e+00 2.356220062757968137e+00
2.356648238655218108e+00 3.927234045727786338e+00 7.850813945347601130e-01 2.355916617045062722e+00
4.627422692780044144e+00 6.297968257654336099e+00 2.937787642256314946e+00 3.331146787499749795e+00
4.623055677683328923e+00 3.138422136791366945e+00 6.090481485857967670e+00 3.310047366757371545e+00
1.483914349890598672e+00 3.159660777183618485e+00 1.374567822577059895e+00 3.324896686285568226e+00
3.926141914163930657e+00 7.847180956127360885e-01 5.496932526410330588e+00 5.497257630360820713e+00
6.193997447594280281e+00 1.574545448637257650e+00 1.376868206420296614e+00 1.743480260042377328e+00
3.046901662431877877e+00 4.713879885830243310e+00 2.958101346739955062e+00 6.442567315004609441e+00
3.052142134706370413e+00 3.145065745941386659e+00 2.947264606420260336e+00 1.730423643945018519e-01
1.488040879587109844e+00 4.686228713023946391e+00 2.930755452935299044e+00 1.766431576851234808e-01
4.625652098429781311e+00 6.288557898868160301e+00 6.083066917270530283e+00 1.751198901906016125e+00
1.481556773573704300e+00 6.284290123893080171e+00 4.518577882935253420e+00 1.742446229773003896e+00
6.193056918155647850e+00 4.715580827108738049e+00 2.947961081239100611e+00 4.885138156292960332e+00
-8.312386251454806363e-02 4.705983700793808566e+00 6.071511520174913024e+00 1.758006712214277512e+00
7.850516162007797893e-01 3.926761089302362784e+00 5.498491204235469887e+00 3.927216019998517993e+00
3.056148476920356405e+00 1.610491804573379149e+00 2.943187591149192261e+00 1.766849343848574394e+00
6.196714427319610863e+00 3.138240512529974158e+00 4.510649002160266541e+00 6.461320198097260104e+00
3.231153994595171053e+00 3.125571498546404037e+00 3.333097226445764782e+00 1.394023871793602654e+00
4.632818835007732616e+00 3.167491543913039553e+00 1.352222535450583685e+00 2.113910651854711831e-01
7.834424351975015632e-01 2.353536738458152922e+00 7.834891640529664247e-01 2.354580198979788985e+00
4.624941748887492210e+00 -1.764791637491331571e-03 6.083657839767685260e+00 6.459131967134273289e+00
3.054154045349922075e+00 4.714839061212753535e+00 1.372567472755444662e+00 1.748058505911433747e+00
3.229398495578946982e+00 1.574552344000739401e+00 1.984072749655208523e-01 6.109238952590830607e+00
1.653470029745214953e+00 1.542762048834394717e+00 3.352249522046272467e+00 4.508917134051336539e+00
5.497556522261825229e+00 5.497182854420781695e+00 3.927588117703045612e+00 7.852059156656094885e-01
1.484549995828876368e+00 4.707802481863600619e+00 6.079743908886741544e+00 3.320976449586404033e+00
3.926907049259332982e+00 2.356310813898772505e+00 5.497783324525271631e+00 2.356231384092493109e+00
1.658388342143519711e+00 3.142222890006763691e+00 4.911406595882528592e+00 2.965123113668229671e+00
4.793329651605523267e+00 1.553834461768630826e+00 3.358757687954693427e+00 4.506817287216753343e+00
8.678854713626306394e-02 4.706046577837201816e+00 3.341895967570275516e+00 2.959965591645014271e+00
3.049343304525121034e+00 6.286373100835962013e+00 4.528144504368023959e+00 4.874732882813859192e+00
4.628781330593752408e+00 3.153367460603908601e+00 1.362036493104394008e+00 4.905397456962078628e+00
-8.534630776681406683e-02 4.726449779873351353e+00 4.509857313068450502e+00 4.900639587369408190e+00
4.619323449558536687e+00 4.699523337897924868e+00 4.527171753874373650e+00 1.550580252717335961e-01
3.223090194244011997e+00 3.117603621623865617e+00 2.151785415578749971e-01 6.076111750222027652e+00
3.926807091034886454e+00 2.356259171927454599e+00 5.497252623974183017e+00 5.497606549420305910e+00
1.660035946128822770e+00 4.698059571211286922e+00 1.762830425374144694e+00 4.535647904402516417e+00
2.554865999703106461e+00 2.118163580960175540e+00 2.132279610246568424e+00 4.438225063396894932e+00
3.052049686964325215e+00 4.723094868785405964e+00 1.377621063001690960e+00 1.746870557412438130e+00
3.053379140861339991e+00 1.565024625398755420e+00 2.944169018527118986e+00 3.314170854233647656e+00
-7.850452520559740854e-01 5.498094640979639181e+00 7.863668990752317178e-01 7.857551678730311240e-01
7.856404622648315295e-01 3.927305810243404860e+00 7.853851833813989547e-01 2.355974981190926965e+00
6.201281337816058503e+00 3.170370757824520602e+00 6.072524612942746813e+00 4.916309615259477184e+00
4.633451208548890143e+00 6.303847411929895728e+00 6.059337563845478947e+00 2.136847625137515971e-01
3.050963093110977020e+00 3.144358823330259511e+00 4.521656687284975717e+00 4.881882697677998983e+00
1.486044010098045653e+00 1.568424969660008106e+00 4.506082417901886572e+00 1.840771320616651219e-01
3.054780989192552809e+00 6.276234043854932665e+00 2.940476129072215450e+00 1.746251727607652127e+00
4.802390345428429796e+00 4.729763741645855113e+00 1.760825864518466233e+00 1.412077619013348162e+00
1.659177353002486033e+00 6.276910853776239030e+00 4.907757512213956730e+00 1.395127793941523642e+00
5.299080832464147406e+00 1.023176356976329693e+00 4.149850088980104879e+00 4.985407173353734400e+00
5.499082956454838467e+00 7.869238351456921965e-01 3.929403339860615407e+00 7.863577681922412355e-01
3.054434113092367120e+00 6.274656431327572115e+00 6.084648927652439809e+00 3.313574540992969553e+00
5.498045543327941154e+00 2.356429779299212157e+00 2.355781040423166939e+00 5.497754326884771281e+00
1.479437423958124720e+00 4.689028869805305533e+00 4.522888422486636806e+00 4.866823722262902940e+00
1.655254629937344513e+00 3.146601493881933109e+00 1.778406924069564798e+00 2.958062298268500978e+00
3.230305747358564794e+00 6.286455910263844871e+00 4.908132680251784841e+00 1.398854412887722054e+00
1.653716676826995968e+00 3.162350376669499585e+00 2.077633829393350506e-01 4.535081162381285225e+00
-6.512734115211002428e-02 1.613588743202557074e+00 1.289801387556318568e+00 3.426913593541590863e+00
5.497908513097350180e+00 7.854908377445948275e-01 5.497833855714088891e+00 5.497537718540276508e+00
3.056840173920067905e+00 3.143364133355645240e+00 1.365199641520725038e+00 6.468052669467900806e+00
6.194430095813219239e+00 1.920367709647089263e-02 6.088008113305931168e+00 4.894180153751495510e+00
4.623641223777883447e+00 1.561692317432874733e+00 4.517682129544244418e+00 1.738658521997351825e+00
5.696220704622866116e+00 5.260146087183095176e+00 5.273691658976801477e+00 6.009422241727985003e+00
7.847746564909142686e-01 5.497125606950657328e+00 2.355780840662252018e+00 3.926952542143644642e+00
4.125713474187006291e+00 5.475730778790767195e-01 5.616026013091530711e-01 2.867205056288033127e+00
5.496911235834337717e+00 3.926089449352498484e+00 3.925685346183836799e+00 5.497330551799390896e+00
1.662253793006631675e+00 4.691543374144268697e+00 1.865807654696537143e-01 4.538872404214465917e+00
2.157687670538607438e+00 5.735564961773131465e+00 4.150762849247614739e+00 6.557180159128765062e+00
7.542172828701353138e-02 1.612501184301399215e+00 3.372158586972674232e+00 4.522406430435555791e+00
4.788859289560121191e+00 4.686934608443249495e+00 6.513947601426631984e+00 6.058880623918796005e+00
4.657673592484893099e+00 3.205831697808110725e+00 1.227029905269768628e+00 5.072286372900039808e+00
1.493017701990789536e+00 1.535556257505315436e+00 1.347557828541169567e+00 6.469151755602529086e+00
5.868897991804489234e-01 1.022910394041869120e+00 4.151430690162186465e+00 4.986624928039841365e+00
1.483752442635676516e+00 4.692439510787132839e+00 1.373158690905589729e+00 1.736493357786861313e+00
1.660725305192189749e+00 3.149577510385584311e+00 6.474715860653806665e+00 1.406301061255802898e+00
7.843074317112940230e-01 3.925845477285871077e+00 3.925568277328845834e+00 3.926212625704231574e+00
7.847882832989175883e-01 7.847624934159714849e-01 2.356016852681765084e+00 3.926679386953951134e+00
6.199770262281933952e+00 1.596209748073827983e+00 4.508169216146163727e+00 4.908236533665276013e+00
7.854516270203135697e-01 3.927010273711016630e+00 5.498627906699811163e+00 5.498068976436527144e+00
3.230500474236532416e+00 7.805711067175280862e-03 3.338082581804842075e+00 -1.696040155471198463e-01
8.516664689454192527e-02 7.375501181997728972e-03 1.774284874523650135e+00 2.963118929045766681e+00
4.790778016678855167e+00 3.150804077393416058e+00 1.800631125841593905e+00 4.506988459660105306e+00
3.232677228476653841e+00 4.728448360994906174e+00 4.900165833386838088e+00 2.985154327031980248e+00
3.052861158902332228e+00 1.566344262639821627e+00 4.519490886573658273e+00 4.880747772719425726e+00
7.849519320366710184e-01 7.849367227667677360e-01 3.927000049414306027e+00 3.927086494295688901e+00
3.926564237364051912e+00 3.926721079145937932e+00 5.497269373325240238e+00 2.356095901989224028e+00
1.482626950215925943e+00 3.134549543537489935e+00 4.517302101625627841e+00 4.881586274338176601e+00
6.198541023291707752e+00 4.679702759512492705e+00 4.512889391903410541e+00 4.874969199019484556e+00
4.800204239452262378e+00 3.152408202117137126e+00 1.976729379469943926e-01 4.543290700643193070e+00
5.497492919954699353e+00 3.926701297610617925e+00 7.854361895433750185e-01 7.852777631131968583e-01
3.229419600219462616e+00 6.290157963126103091e+00 1.767717774924468577e+00 1.399925982875747543e+00
5.498565851958245432e+00 3.927562832707656160e+00 5.498251460019944581e+00 7.857268783501418774e-01
6.705585411627586201e-02 3.177056840188889897e+00 3.415442600252213801e+00 6.044424081533574800e+00
1.480900884721245481e+00 1.558933634535526469e+00 4.520182169455270405e+00 3.304971996038207571e+00
1.653652705979493431e+00 3.132218910485853325e+00 3.354955893577458159e+00 1.374333170075012100e+00
4.788619487286190690e+00 3.091018359020119455e+00 3.360840866474428257e+00 2.915856032532269992e+00
6.199428398007380103e+00 1.988687992677076050e-02 6.075379386794076630e+00 4.909180499744127957e+00
4.625689728379873245e+00 6.270149594058947784e+00 2.942620393657613409e+00 4.882568635536700619e+00
1.485633424301857852e+00 7.625261924666395033e-03 6.078161513900348645e+00 4.899676013850482903e+00
4.800013013631717840e+00 1.978457967542967752e-02 3.336718542514249375e+00 2.978517506723663555e+00
3.229983839062006812e+00 4.725935714897767426e+00 1.765609747267706364e+00 1.405482631326358423e+00
1.490525375753475323e+00 6.299584410007869728e+00 4.492486824600002038e+00 4.920211107248831262e+00
3.055312323968444321e+00 3.142827936015490042e+00 4.510973766423031606e+00 4.892553746715154972e+00
3.221888401247694933e+00 4.748218107625324258e+00 1.784529656792206431e+00 1.394854280135402691e+00
3.927962306348421695e+00 5.498855703537410378e+00 5.497371638789124049e+00 5.497730236471776166e+00
7.853277192930986361e-01 5.497882891939680938e+00 7.851832110855256897e-01 5.497869669361106659e+00
3.223032028178674402e+00 3.124754079171084165e+00 1.784586024475086186e+00 2.940067485471644204e+00
8.320427517823635044e-02 6.252594236114778603e+00 1.780895353521704472e+00 2.937348888196838370e+00
4.624937028550151652e+00 6.290273148039585038e+00 6.085412854158939844e+00 4.891553440665431296e+00
9.836103688943670376e-01 5.260110121397602256e+00 2.132163637943018664e+00 -2.738378708714120369e-01
4.796639621535495834e+00 4.705788067541273101e+00 4.917766209069216465e+00 4.524952372295025782e+00
5.696335069042119947e+00 5.476336614901188282e-01 5.274221966143400664e+00 6.009362381307153278e+00
8.636944307156818601e-02 4.718980082671716758e+00 1.773420602526255552e+00 1.393748146362769225e+00
4.799710486316082658e+00 4.703303932227802520e+00 3.339865132672079628e+00 -1.809634808027653086e-01
9.838304641954229712e-01 5.259921106929724033e+00 5.273702977041171636e+00 4.438101566844339985e+00
5.498302644705112208e+00 5.497826759567877808e+00 3.926472539176649956e+00 5.497555391573303751e+00
1.481574504204357545e+00 4.703303331050030067e+00 6.088440008821352833e+00 3.308503892808525304e+00
1.469241587410185179e+00 6.266139335365094709e+00 -1.655872957026476855e-01 4.843225774576419340e+00
7.851154817891229376e-01 3.926590080451976661e+00 5.497229526503403463e+00 3.927218665872741710e+00
4.626340928183869217e+00 1.575115443584113040e+00 4.509732748179800410e+00 1.753702089318651458e+00
3.232172070175595824e+00 3.152319911055332380e+00 3.334052781131435772e+00 6.119284928762457554e+00
6.206151223448111764e+00 3.131473882395598540e+00 -2.311428336781222448e-01 1.777484783512729871e+00
4.800652845260111157e+00 6.270544039827159466e+00 4.907828299818642215e+00 2.961957783174530068e+00
-7.789824016594870670e-02 3.132987576276887953e+00 2.913326406458812468e+00 4.916854360428509985e+00
1.481547050733208248e+00 -4.114882944850956070e-02 1.382492708519403646e+00 4.857491090610037254e+00
4.639398299871636766e+00 4.755809538788296820e+00 6.047270552730461546e+00 1.809428866368120392e+00
4.800194530858227893e+00 4.714121156080284258e+00 4.910245968026272223e+00 2.966943981634254879e+00
4.632834522539988065e+00 1.609080201146950939e+00 1.356840190793930478e+00 3.355347302167786427e+00
7.111570969539832143e-02 4.681635086806015700e+00 4.961388570757720551e+00 2.894425740145532000e+00
4.629007663626276248e+00 4.698040566262073447e+00 6.073585695339323465e+00 1.812027684677258721e-01
3.229942058600777877e+00 1.562681391868520508e+00 1.767321864150836142e+00 1.392993164652018390e+00
6.197035148834489249e+00 6.281112034472779548e+00 6.081780351372706228e+00 4.890940490068107493e+00
5.498080241321155803e+00 5.498220554234941382e+00 7.857763780908769702e-01 2.356500443237583120e+00
8.696678866865131807e-02 1.566000369119176838e+00 1.996147242461246141e-01 2.961953333645071851e+00
1.487736288659228689e+00 4.739491040253681398e+00 4.504473200286831513e+00 1.771536300522843277e+00
7.858477290658650860e-01 7.858030932504290744e-01 2.356201936742461367e+00 7.857095469743861083e-01
1.647803250700410560e+00 6.318666154583699957e+00 2.249740407669205411e-01 4.524494487114341545e+00
1.656609477470326608e+00 3.134162280990470340e+00 3.343314666020899661e+00 4.528902762977367935e+00
4.634145836981727662e+00 1.588897304477353556e+00 6.059979481646251109e+00 2.126211186068766579e-01
1.660393906797205110e+00 1.568091423490244107e+00 1.765113787988319638e+00 1.398458890637604091e+00
4.631106892313033185e+00 3.115341853331375699e+00 1.358375143666727736e+00 6.461830506358624326e+00
1.657676200540242117e+00 4.725014571619031933e+00 6.484433184475300926e+00 2.969006549290078123e+00
2.157652943387507349e+00 2.593526217961202196e+00 5.721674322082760611e+00 3.415591105489453660e+00
1.481676873640724423e+00 3.135521272928293968e+00 6.089776028369849215e+00 3.308846238410815044e+00
8.413713651337730026e-02 3.160012339863850439e+00 3.348374182119239872e+00 2.964858253560973544e+00
2.356970140536185809e+00 7.860520203523675420e-01 2.358021505937844875e+00 5.498779778500842319e+00
4.787985499341490758e+00 6.237990355150620836e+00 3.365442439963543642e+00 1.342060897155846311e+00
7.854258224173896741e-01 3.926280035869703866e+00 3.925558296798709268e+00 2.355483435799629266e+00
5.497871212646203709e+00 3.926976195231638211e+00 2.355878894168705884e+00 5.497908556912011413e+00
5.497576481649216973e+00 7.852072998321557584e-01 3.927013204006200908e+00 5.497243226971951557e+00
5.497205483559430839e+00 5.497407219935196210e+00 5.497473321196290286e+00 7.852553180441160796e-01
6.195558435222595861e+00 4.713903682361595848e+00 2.944806555720171470e+00 6.457771924442268663e+00
2.355765089473162099e+00 3.926577343221953953e+00 3.926352116169570472e+00 7.849043432129310105e-01
3.060340190923507286e+00 1.600410864735630545e+00 6.069957134172989655e+00 3.349034170316345982e+00
3.927370696958270901e+00 3.927607478874695524e+00 3.926736909314689328e+00 5.497779591402464305e+00
4.787061510412390142e+00 4.753746153669440311e+00 1.800416028875455599e+00 -1.901826630319241596e-01
1.482253507065297349e+00 3.134667563154913239e+00 2.944901229672092224e+00 3.312594570368550428e+00
3.231090026287483319e+00 4.702702125629487639e+00 1.762993382882968030e+00 2.966873430012594959e+00
7.853943310401678701e-01 7.853860097501450532e-01 7.854113974722918279e-01 7.855174355769396488e-01
3.053030844642598662e+00 3.147111525074451688e+00 6.086416236430699733e+00 1.763101505654692813e-01
4.807185380044394662e+00 1.586551634155938251e+00 3.321529978315572507e+00 6.135750939688935368e+00
1.485033143130938038e+00 1.603076197298890282e+00 1.371938474976884370e+00 3.335117817151825648e+00
3.228347959083242458e+00 1.550217036802093329e+00 4.909284091114802351e+00 6.097505456058384787e+00
4.631478497833663610e+00 4.758525025004176179e+00 -2.102335642100685853e-01 2.076248030804151157e-01
4.625034408854562074e+00 4.709352541218950527e+00 6.084736403648363101e+00 4.887488261758180741e+00
1.481023915539118052e+00 6.291851818582164135e+00 4.520101104040749718e+00 3.314928337138287606e+00
7.854286140605639677e-01 2.356487473167239610e+00 7.860270266943150119e-01 7.858026736646875898e-01
4.625515606817874215e+00 -1.126845028399098454e-02 6.083131080940720636e+00 1.723159335444414408e-01
6.192714216571864050e+00 3.141722575645549131e+00 1.379276810685249766e+00 1.680675280208148714e-01
3.052996670768416188e+00 3.133731535599812545e+00 1.372846819714868882e+00 6.454711223501945483e+00
1.483497789726577309e+00 4.711899164670978024e+00 4.514815727819676106e+00 1.747417405322721495e-01
-8.411443994714840056e-02 6.260712024346926086e+00 1.365630437903462724e+00 1.743306405829947892e+00
3.230875980236098677e+00 1.583189848264557220e+00 1.765357706756265355e+00 2.976262834242542787e+00
4.807325448851156757e+00 -3.215795748070013338e-02 1.708820158514199328e-01 2.978188280853163228e+00
3.059037160779086495e+00 3.163590999464620968e+00 1.361786510937560646e+00 4.911444783713563744e+00
6.195444082106926764e+00 3.146176242198126527e+00 1.373510945712111964e+00 4.889519559882379518e+00
6.353955530493265336e+00 1.524326475695188199e+00 3.384391136896756080e+00 6.034776602712199178e+00
4.637832922738917674e+00 3.328419385452265067e-02 6.048539320136065101e+00 1.803481540584541687e+00
3.231976445930698549e+00 6.279830875750864294e+00 1.888606233880727181e-01 6.115904902271499743e+00
4.803347220533747297e+00 1.572049678144801677e+00 6.472108922721331759e+00 6.118380404449987431e+00
3.051385404434523441e+00 -6.800210924171942208e-03 1.379634089934552721e+00 1.645749940913114884e-01
4.125485809921383584e+00 5.477557336554733647e-01 5.273945889667039033e+00 4.438370832397138699e+00
2.356440187357084159e+00 3.926977631519592560e+00 3.926580861908411269e+00 2.355963820521816299e+00
8.848751995174597429e-02 3.138767867834906689e+00 3.337188290890959141e+00 4.537788827237887901e+00
5.498284807729883816e+00 3.927894431043812862e+00 7.069295111667633691e+00 7.856562751481818152e-01
4.623806819077897146e+00 6.290229814448782264e+00 4.516003949669915585e+00 6.460305954513886562e+00
4.628830073670220813e+00 3.155800698169628493e+00 4.504310902978438058e+00 4.906535496232509175e+00
-8.443647058245848380e-02 3.138419909043537182e+00 6.077362286686848414e+00 3.323563959767254605e+00
7.859987198831592803e-01 5.498675084428677806e+00 2.356022466000363913e+00 3.926838766025373850e+00
3.048245529269503873e+00 6.295334577199398041e+00 6.101547858741435348e+00 6.447257201033981033e+00
3.051251200737969516e+00 3.128354850373235685e+00 1.379415542962366681e+00 6.444889212260275002e+00
4.797177458817357909e+00 4.685892146722227203e+00 3.346177189771587290e+00 4.515916970897954741e+00
3.926740254322736323e+00 7.853311965006202211e-01 3.927043159683380136e+00 5.497627420220199568e+00
4.802808950164600077e+00 4.710837483442381846e+00 3.331088289297829963e+00 1.403871928021818594e+00
2.356563715853097651e+00 7.856194998147137953e-01 2.356807476713241645e+00 3.927398805305131191e+00
7.859203676642173564e-01 2.356647779178118185e+00 3.927396199993685055e+00 5.498533405818197828e+00
4.780002204662651799e+00 3.096392652493543896e+00 6.544559783350429427e+00 6.015802654315296927e+00
4.625088698627446426e+00 4.706314944443502846e+00 1.370957522485884983e+00 1.745130898235356609e+00
4.628725102731918284e+00 4.709421545689169264e+00 1.360954131966259695e+00 4.899035563319777964e+00
9.101921790764522235e-02 6.282797076036398920e+00 3.331372442892325036e+00 -1.661305654066961290e-01
4.802729524939613803e+00 -1.727867814874538971e-02 4.901785267700265791e+00 6.108258537150232925e+00
6.363526765807110408e+00 1.599390877995147786e+00 1.788088241194649042e+00 -1.831566228415227315e-01
1.480737607491976471e+00 1.591991212959052104e+00 -1.884614405085781041e-01 4.887932977781107802e+00
3.927059928310464354e+00 7.852432346469669922e-01 5.497676171709772852e+00 3.927237014550932770e+00
4.642509939614983594e+00 3.131943806911367645e+00 1.313134203206428596e+00 3.376811082079703485e+00
1.481326316022926415e+00 4.723193675936604663e+00 4.520400202194833739e+00 4.887626821475903327e+00
3.229987799073386068e+00 4.713789612458660017e+00 6.481700665609384515e+00 -1.753594699076156949e-01
2.356120928903073342e+00 7.856751755120228164e-01 5.497884891079714897e+00 2.355889141897191674e+00
3.225399769986075693e+00 6.271532762932474192e+00 1.777244295191701351e+00 4.521849937931484043e+00
4.769595244301346959e+00 3.068577852758151980e+00 2.986228061026036107e-01 1.249160350287122245e+00
-8.066615066043307525e-02 1.609963722673255715e+00 2.928113084842061564e+00 1.782201789092238364e+00
3.053465086106698312e+00 1.571339292501003237e+00 -1.969983080648516627e-01 3.315889575113438070e+00
-8.194607632022042620e-02 9.457103303483939058e-03 2.925465006916054378e+00 4.912469502981688052e+00
7.856396023387060001e-01 7.856730013949395630e-01 2.355825809858503206e+00 2.356207281586036206e+00
1.658958548308131054e+00 4.710583425103922472e+00 1.768172929847957153e+00 6.107286075155634819e+00
7.849648085647787932e-01 2.356015475405568882e+00 7.858623875706459705e-01 5.497792197887231502e+00
3.057129190120152717e+00 3.151156514821551458e+00 -2.066582797310802799e-01 6.472848082272332881e+00
2.355118472522747197e+00 7.841658951269006028e-01 7.850476986756236286e-01 5.497266062879846871e+00
6.195182653965696673e+00 3.139123650555242673e+00 4.516431213520402110e+00 4.884345927465696846e+00
1.660223096283497402e+00 6.283813472329427441e+00 3.334248972944178213e+00 -1.695526740984005798e-01
1.480160825991214901e+00 -3.161109969662582054e-03 4.520126945285944942e+00 1.737836240276790400e+00
5.870274972535571845e-01 4.164708683786964016e+00 4.150786192746917180e+00 3.415060665862608591e+00
3.055763576682960281e+00 4.699362367808840979e+00 1.368246476919649401e+00 3.316404138514711164e+00
4.801051302661205611e+00 1.600724694128393688e+00 4.901732268928064684e+00 2.989699789572721311e+00
4.798075816513201808e+00 4.715240235632863985e+00 1.775023781257385691e+00 2.960942587667824810e+00
4.622037412784441024e+00 1.588209190194733944e+00 4.520618746067758487e+00 1.748126545980566382e+00
3.055717746249190903e+00 6.281198027245268989e+00 4.511385861350722060e+00 1.782394628407311665e-01
9.010169097329785715e-02 3.145061954174555474e+00 3.333111438857693010e+00 2.975009862655111359e+00
1.480081945051329617e+00 1.541856980641903574e+00 2.958392837412129772e+00 1.716904998044419095e+00
6.366751494138268797e+00 1.560477454502909644e+00 4.924955849117982787e+00 2.945503966649993810e+00
4.620502617852549676e+00 3.117326057063916522e+00 2.956842833984445917e+00 4.861596722831830419e+00
4.798974621567638543e+00 3.146596881610159713e+00 3.342209010193216034e+00 4.536154313356443701e+00
3.228020677324630050e+00 -3.033631569614145956e-03 1.773241085227434732e+00 1.388623858541173428e+00
3.927481613624117962e+00 2.356583276448232400e+00 2.357497653039202667e+00 2.357056877794935001e+00
4.625615013381478846e+00 1.574268497525890709e+00 1.369441544126199561e+00 1.808627732812601308e-01
8.095130612575525408e-02 6.254972817258733997e+00 2.103222728076626358e-01 1.366156884897352430e+00
4.626970960851060966e+00 3.150258877816670466e+00 6.080247349401385115e+00 1.859554315982788752e-01
3.927324915828980689e+00 5.498079148335344613e+00 7.847624751774736618e-01 2.356013295673955454e+00
2.355403211079819314e+00 7.845115710949933652e-01 5.497259900206933558e+00 5.497737563822282958e+00
5.868654645996834729e-01 2.593707229419538240e+00 5.722129251956510565e+00 4.986609897579586281e+00
1.568126325334670002e+00 4.559328522404046069e+00 3.948206974838799344e+00 3.838896952802636875e+00
3.229459157580969020e+00 6.262673102399409331e+00 4.907458305613984884e+00 4.529644626127312890e+00
6.366771876547121067e+00 3.122424151937960080e+00 3.350254050415895524e+00 6.086650867356298455e+00
3.058721698740728190e+00 1.467135155903410027e-03 4.499578945478032388e+00 1.925769086065599045e-01
8.836139340224219429e-02 4.713786634458584146e+00 1.767797505284097070e+00 1.397009278980402502e+00
1.666173833893069611e+00 3.147206923984783966e+00 4.888326672821531993e+00 -1.485217280432955533e-01
1.659090544228661201e+00 4.706314926607808147e+00 1.766783810959679180e+00 2.965318111397110989e+00
8.765752077908771367e-02 4.538923797579443725e-03 4.909714238382222540e+00 1.398061741873996455e+00
2.157617820637558470e+00 2.593910417958979586e+00 1.009315087003253897e+00 4.986276312671082955e+00
4.623290453978463610e+00 4.710994319190641377e+00 4.517626050470918031e+00 6.454650784271507291e+00
3.926372207319075880e+00 2.355182496024092575e+00 7.849287446436356008e-01 5.497352560437198221e+00
4.628121551883330298e+00 4.703605812617285054e+00 4.503466243247854273e+00 1.830728506341251227e-01
6.371976311735650711e+00 6.288018340473415790e+00 6.478390230799720761e+00 4.541819507758090957e+00
-1.266507049981120637e-03 1.724145162804525677e+00 2.356150659900928979e+00 3.993207009993787526e+00
5.497471712254184517e+00 3.926387800007211659e+00 3.927502863442143610e+00 3.927126635674603516e+00
1.482564884274060191e+00 4.713410683236983090e+00 1.373270870800554766e+00 4.887902091369911162e+00
4.786649305145881605e+00 1.597544307850003564e+00 3.381496076702366516e+00 4.503867045292446747e+00
3.055597464087904225e+00 1.571169333632579157e+00 2.939859037988252322e+00 4.891875294938775376e+00
3.053933301254609489e+00 1.563087793004709347e+00 2.944027072615014617e+00 4.883649653943913371e+00
3.051867451154403277e+00 3.134208476133493626e+00 6.090383355078465399e+00 3.307591204535178964e+00
1.482721826573635493e+00 3.155108353895040185e+00 4.517015867896998493e+00 3.321664622478901041e+00
1.485578872694844677e+00 6.313852648319985050e+00 1.371008226134005081e+00 3.335295667688105148e+00
3.052492089660218788e+00 4.716047663652447319e+00 6.089815218923577689e+00 6.456328168082417385e+00
3.229166076946656361e+00 1.571671811184665923e+00 6.481070379935574444e+00 1.395901753076969065e+00
4.797844613252853385e+00 3.140759959846572524e+00 1.776373875236198607e+00 4.528346998629492859e+00
3.053898855928267153e+00 3.134356984779254063e+00 1.372443761092678960e+00 1.743098824486114973e+00
1.656879699077303369e+00 4.701477492807663694e+00 1.773136994015583001e+00 2.955658473147522169e+00
3.051254021992802379e+00 3.154910123462125959e+00 1.381441061643503110e+00 3.314638120565122303e+00
6.195011357307628863e+00 4.709863515397238132e+00 1.373782532972467330e+00 1.743697927521269175e+00
8.636454422644321283e-02 -1.348251256403000184e-02 1.771461531224821639e+00 1.385270744714481639e+00
3.926374136829804407e+00 7.848124453899545383e-01 2.355153622046873174e+00 2.355930137319028006e+00
1.658229971261403257e+00 3.150545533000241871e+00 4.910911759449659186e+00 4.539781434248589598e+00
3.053774417729361090e+00 1.368734503147207198e-03 6.085480011198075800e+00 1.763616515714740984e-01
4.780691298772122622e+00 6.249554281474265949e+00 3.396323392251439532e+00 6.028964382976548464e+00
5.696251626036893612e+00 5.475039703544277714e-01 3.703361976290320712e+00 2.868212130177433039e+00
1.656557480007221583e+00 3.128227114680848242e+00 3.344743285214279105e+00 -1.883863504791859211e-01
1.480109019283221583e+00 1.578424464477630851e+00 2.950263842574960993e+00 4.883835382345721676e+00
3.052143423883294293e+00 3.140196414938142944e+00 1.376453517715327202e+00 1.709621911822454265e-01
3.728518617443202565e+00 1.022900737262005588e+00 1.009602126525347865e+00 3.415959963332453775e+00
2.355667434842337205e+00 5.497528565119097266e+00 2.356439467756154205e+00 7.858489458504536174e-01
5.868779996178136171e-01 1.022743987484503236e+00 2.580028770771320978e+00 2.743077670107455512e-01
3.235122312487077156e+00 1.555146906188113576e+00 4.891730210838103332e+00 2.978007695597973292e+00
1.654122943099616938e+00 1.596707980500846391e+00 4.918776836745808900e+00 1.398161462419335255e+00
4.794314851119847454e+00 4.591865160537016849e-02 2.008009978934328366e-01 -1.580031579150152077e-01
6.200562977505809314e+00 1.562241181112245414e+00 2.930880049636404472e+00 6.468749254457661912e+00
2.356619287104001703e+00 3.927195982319636069e+00 2.355446536443557726e+00 5.496970701760063527e+00
6.193928773494380202e+00 4.735006993372438799e+00 2.949845252016125574e+00 3.321941548781682130e+00
8.859856524246141618e-02 -9.369970697369861545e-03 1.954881831407667414e-01 4.534456658967236820e+00
1.486244032999019860e+00 3.161967397151473236e+00 4.507487372486853161e+00 3.335690336398691613e+00
1.484717651251682202e+00 6.276442217923228206e+00 4.508634796118391463e+00 1.748466093736253724e+00
3.927221232874049228e+00 5.497876783909816822e+00 3.927238018835310651e+00 5.497787033782996602e+00
3.052133865229900600e+00 3.154939629133609813e+00 1.377148184228393468e+00 1.748395338602466209e+00
9.136411955151202413e-02 -1.413071561906551095e-02 3.328062487167937622e+00 6.112813475824586895e+00
7.856286872115714193e-01 2.356824477067789747e+00 5.497342489911003049e+00 5.496798467142701483e+00
4.632540675787148565e+00 4.743266773702540462e+00 6.068116717094314438e+00 3.352666851812670323e+00
8.441255874899006306e-02 1.588147509432576099e+00 1.775724110768013064e+00 1.395588527069829610e+00
1.658253241266110622e+00 3.132418509791495165e+00 1.982579943344698059e-01 1.390633050107802138e+00
2.355960748548011185e+00 3.926637310515066481e+00 7.859935373517643598e-01 3.927108239785916943e+00
-6.459956156746669842e-02 6.355654139680479098e+00 6.025946093026615991e+00 2.774620818225122520e-01
1.486162211974716874e+00 6.290879746042582710e+00 1.366267677949639214e+00 3.328598296302408333e+00
3.059376215546439237e+00 1.572877173883223012e+00 1.357652215661031780e+00 3.334564250043855704e+00
4.799408975189122906e+00 1.568773238058028888e-02 1.771249080297821354e+00 -1.707419646326412133e-01
3.925965281386080807e+00 3.925208638094969338e+00 2.355635134510683404e+00 5.497890863841765174e+00
1.483076261265614537e+00 1.571851923681117258e+00 1.373915309510118643e+00 1.746774114063709860e+00
4.789289628774719532e+00 4.738318956575326979e+00 3.372322746920716430e+00 1.372959563716937614e+00
8.648733468731355234e-02 3.152146798106268299e+00 1.991955869198057116e-01 1.398588651820947604e+00
6.984224762902448147e-02 1.623817837817350895e+00 4.957446441053692254e+00 4.510898688282777513e+00
3.232551047197115057e+00 8.925926299841771897e-03 4.902090058690310670e+00 2.979626400253098772e+00
1.663683449583960527e+00 1.571364671789167833e+00 3.321580576486702796e+00 4.555529758382614425e+00
4.622682631410888199e+00 4.723811423901199902e+00 6.093029004905657686e+00 1.736529706568246956e-01
8.195347345379962178e-02 1.546831631683980302e+00 3.354132639099594915e+00 6.079804875911961837e+00
3.059668199817483281e+00 6.270096303261107451e+00 6.070186687302353334e+00 3.326397423569862344e+00
3.138422504594112539e+00 1.723923019481094832e+00 5.508620595413483478e+00 8.404833456821203530e-01
1.655949278126474633e+00 1.562456108376428121e+00 1.777297210157360308e+00 6.094631632891825745e+00
5.696267840605075961e+00 5.477024657828201137e-01 5.614200342410995415e-01 4.438380708939895669e+00
1.481675263183134916e+00 3.137479608314325485e+00 6.090267591769200628e+00 3.309795625707685485e+00
3.229044800049758912e+00 6.282138057419714983e+00 3.340420717241575854e+00 2.964540520174690386e+00
9.203446220321286064e-02 1.583956997981958326e+00 1.758202109205836638e+00 6.125258990126396519e+00
7.852781248065900943e-01 2.356130905944524123e+00 5.498082846593900008e+00 7.856479488110611475e-01
4.623213050123657908e+00 6.289874971236187662e+00 1.376653926633084390e+00 6.457554399915238719e+00
3.055651040685919195e+00 1.557816363749402688e+00 7.653288208504467782e+00 1.723514158350366587e-01
-8.600304419137586032e-02 4.719797939519567720e+00 2.939504939024786268e+00 1.839605341951753292e-01
4.624284153986279122e+00 1.547921194825681912e+00 1.377206151814944990e+00 3.301140155285184452e+00
5.497623091890878833e+00 5.497661266061117935e+00 2.356385435022605890e+00 2.356461462680731866e+00
7.854332084770382361e-01 2.356012537597979239e+00 5.498689723995581424e+00 5.498421973241518046e+00
6.372022129081854835e+00 4.707979141094361886e+00 1.974251266175084674e-01 6.105766726910818676e+00
5.497790961652981423e+00 3.926717721135585482e+00 7.852779101555619201e-01 2.356251076129673994e+00
4.709050318662709955e+00 -1.537258517057386031e-01 8.101755217045720769e-01 2.264528995846302628e+00
3.224581882786455189e+00 3.120140586946271277e+00 1.777730845382673230e+00 2.944520462954908435e+00
4.795781040376563276e+00 1.557820539586380448e+00 4.921031810833305542e+00 1.377630839398292562e+00
1.661772613059308012e+00 4.722364852537565660e+00 3.326609721171227108e+00 2.985414022125310929e+00
8.906357461932695729e-02 2.365688575555082926e-02 1.760234447151781456e+00 4.556713916483766447e+00
3.057578900260220056e+00 4.723653704830994116e+00 2.932394836758786205e+00 3.335083050093468948e+00
6.377114041726188454e+00 3.157465382127919273e+00 1.799677459570823701e-01 2.993576218348565465e+00
5.497180946888578390e+00 3.926469472248946158e+00 2.355446460876634340e+00 3.926913680561981757e+00
4.804772369692498657e+00 4.724490301067686637e+00 4.897714632800449053e+00 -1.556385134825583605e-01
6.192479746326636558e+00 1.577958753884415088e+00 6.092475322779499436e+00 3.312556204425769035e+00
3.229803698722371053e+00 1.582881593936407150e+00 1.963775939961378281e-01 -1.681049195204146196e-01
3.053061310851620025e+00 4.712925670736502148e+00 2.942949886514937496e+00 1.746770641447305872e+00
5.299067947071138818e+00 2.594115759039509417e+00 5.721627538208655217e+00 3.415760605449844167e+00
8.762685371362702313e-02 3.137372188827583397e+00 4.909458115842660675e+00 4.535137761204271811e+00
1.656118754972332852e+00 6.442345048940529076e-03 1.773855496343612836e+00 6.105974584563178986e+00
3.926934426442781678e+00 3.926727420647824651e+00 5.497801612704091845e+00 5.497798080613716998e+00
6.200093435142107978e+00 3.096946336187388571e+00 -2.002248196880479503e-01 1.728085078401334851e+00
-8.581069458391737959e-02 1.576849980781775962e+00 6.078538500503004371e+00 3.327620960049479493e+00
3.062673219603063490e+00 5.041446045856748728e-03 6.056574663605702291e+00 4.921380075789501873e+00
4.629250016239860877e+00 1.554494220336540389e+00 1.361207381846521347e+00 4.892592938913664646e+00
7.069151214341006906e+00 5.498109561566738357e+00 7.857124322367272651e-01 5.497847713554294913e+00
3.926936240030626912e+00 3.926730382757781967e+00 2.355976159349326693e+00 2.356164129169071142e+00
1.652831631310025751e+00 6.316670893457933644e+00 2.028594220552882299e-01 6.116830561879524453e+00
-7.853546823361990947e-01 7.853930253849589205e-01 2.356234623346212143e+00 7.855561695186622506e-01
4.635105127294527172e+00 4.757842181022041927e+00 1.351438368608609997e+00 3.363800846430252012e+00
3.926364427411875635e+00 3.926111106934102146e+00 3.925093989051173793e+00 7.844122616665802905e-01
-8.520811515553886051e-02 1.582624824715885170e+00 6.079561813178727903e+00 1.879839413666645198e-01
7.847541330164621298e-01 3.926339158845090882e+00 7.857833985564374180e-01 3.927316807366135532e+00
3.054485192723303655e+00 1.575635964288982116e+00 4.512433801908298570e+00 1.750913234322264644e+00
8.842827953123794105e-02 3.333613362089495134e-03 4.907430782346065889e+00 4.540862855906619977e+00
2.355922296341787625e+00 2.355822558140752143e+00 2.355289544071338614e+00 7.845217450868863240e-01
3.927384938995950758e+00 3.927482789170639421e+00 2.356767879015448486e+00 5.498068065505811397e+00
4.804636060992227620e+00 3.135521997889661794e+00 1.859809351584128800e-01 4.546998411821358665e+00
3.053288667186310423e+00 3.637134027722201905e-03 4.515361640477317806e+00 4.888575772784837348e+00
-9.606546597213241889e-02 1.580162467798515546e+00 4.535103686702576020e+00 4.869743097722307290e+00
4.622212163777314586e+00 6.287319265726582174e+00 4.520873657313923211e+00 1.741228665152498856e+00
4.608948647500680451e+00 1.583693509523617760e+00 1.409442169675798606e+00 3.282409927580254738e+00
3.228193198219199811e+00 1.560124274162495439e+00 4.916338676292934196e+00 1.383665833566362080e+00
6.197666365106146102e+00 1.550223620947848824e+00 2.937190402724622285e+00 3.313984466481045388e+00
3.728616349011489639e+00 2.593893174079137331e+00 4.150842626811054537e+00 3.415749476814572638e+00
6.370369197250383309e+00 3.157138289540509124e+00 1.769109755801627326e+00 4.543470548289387345e+00
3.222560381144687902e+00 4.737138451341072809e+00 1.784611315347430560e+00 6.102546728220418437e+00
8.601689768020180649e-02 4.705863755514174684e+00 2.026892762207317122e-01 -1.845487037772412242e-01
6.366287874155571735e+00 4.708912092024315044e+00 1.779964817856238168e+00 1.381564173479444824e+00
2.355941303855552338e+00 2.356106273820647967e+00 2.355860169696031736e+00 3.926836205246125644e+00
3.926874811850374236e+00 7.068615882871469580e+00 5.498087532657910614e+00 7.856257688991422627e-01
4.616602507605617411e+00 1.563699888955940809e+00 1.392651047830175015e+00 1.720823153479976275e+00
5.497614889118588977e+00 7.853579200867548682e-01 7.848212101530718243e-01 3.926987538940892808e+00
6.193603012131930541e+00 6.271779091978957332e+00 4.518003827009651197e+00 6.448179989561096725e+00
1.491152089304007555e+00 1.575390705123607127e+00 6.061323981716800091e+00 1.775690249239711083e+00
8.890814643827744945e-02 7.263402340902266885e-03 4.907464933003671703e+00 4.543558194576270637e+00
2.157668638966942609e+00 1.022760506355113286e+00 2.580139396274535812e+00 4.986898681756384732e+00
8.676517307973162507e-02 4.721828540383981476e+00 2.016793894318765767e-01 2.966219818977274159e+00
3.234044189592801377e+00 1.580278425692161592e+00 1.754279548052448234e+00 1.415373768661730258e+00
1.655975353748685208e+00 6.272418320503437172e+00 4.916742823214830693e+00 2.953426148105569471e+00
7.850035166760394034e-01 5.497296648940162456e+00 3.927080347498388413e+00 5.497820690071383964e+00
3.235921528160412564e+00 3.140088199461925189e+00 4.894078625969833674e+00 1.412584930709646747e+00
3.059246924982966576e+00 1.562754985546759068e+00 6.070495449680421984e+00 1.879437333950948474e-01
1.632655467081956413e+00 4.652876865176564181e+00 3.423130955623584271e+00 2.845961583836802866e+00
5.299330427774048502e+00 4.164535505530106541e+00 4.151172857963074669e+00 1.844674929945815167e+00
4.799155644770558560e+00 3.139851012288014775e+00 1.770732332804511255e+00 4.533541863589168663e+00
3.926381262176553477e+00 3.926837433701598989e+00 3.926811376726090153e+00 7.849923385503504436e-01
2.554850326516906467e+00 5.480372550210688143e-01 5.615989030497141599e-01 2.867890673631019460e+00
2.356295679745826988e+00 3.926979105579381901e+00 7.068778373835672646e+00 2.356675628799739464e+00
3.228225349380545950e+00 1.575884188840362077e+00 1.770967600386460727e+00 1.395246657307515958e+00
6.366604599733579839e+00 -2.231851479571251434e-02 1.779558085109171905e+00 6.084394182083326719e+00
4.803560519521552941e+00 6.307917530355711122e+00 1.874176135202237914e-01 -1.516568255325717041e-01
1.486065674309856144e+00 4.711363061209732805e+00 2.936088487404373115e+00 1.754258377158829374e+00
1.483959524086247761e+00 3.130306728681770512e+00 2.941574153158367455e+00 3.313508588946843858e+00
5.497480500059666042e+00 5.497696875813780970e+00 7.858878170400466212e-01 5.497774208757795655e+00
4.789071789787398892e+00 -3.057492705984789921e-02 2.297616424535991742e-01 4.486713812834673298e+00
3.926722156122076424e+00 7.851267556129487568e-01 3.926894856316013094e+00 3.926971966992153007e+00
5.299391984343644779e+00 4.164516050670793668e+00 4.151215023392887282e+00 3.415833687678167419e+00
3.063365292834171250e+00 4.696531281608852915e+00 1.345459711206296927e+00 3.338772439325553343e+00
3.054552763072176713e+00 1.572788022811237196e+00 1.370740858319013933e+00 1.749525489841003534e+00
6.195113064216771548e+00 4.713452123210154276e+00 2.942100016525008854e+00 3.319000563331708786e+00
7.850799446891548738e-01 2.355763087517167342e+00 3.928126183832751028e+00 3.927207148628551803e+00
1.656678623580804643e+00 1.592232139257580670e+00 6.484222155983245806e+00 4.544086476026514276e+00
4.795605892810870685e+00 1.951053905920931489e-02 4.923398729163791288e+00 1.391388963621729147e+00
4.805296692577819329e+00 1.594424445233368015e+00 3.323844997595810646e+00 4.565532924401987991e+00
1.656185909476054041e+00 4.692309576183776976e+00 3.341986568871393448e+00 1.381840325489495980e+00
1.645130152088168263e+00 4.667632635707627209e+00 1.801279772144060765e+00 1.336534597423873594e+00
4.623144162417563763e+00 3.151257851039484414e+00 1.377153542679995679e+00 3.317672828627237891e+00
3.231283318866903898e+00 1.560031602342200951e+00 1.923677816104175653e-01 4.537345363237249352e+00
1.484982817280235512e+00 1.565864096050389564e+00 2.937778877938995059e+00 4.891685539336728006e+00
3.062358669163720570e+00 4.747828574432804594e+00 1.353343864414730646e+00 1.786093150957970499e+00
3.927080633107030483e+00 7.846829359526379388e-01 2.355452157172300165e+00 7.848080550452670723e-01
5.498224435908177554e+00 2.356510129018502653e+00 7.855673222190421301e-01 3.926744374324415698e+00
4.786933817264665159e+00 3.204255862023129175e+00 1.790165579522807304e+00 4.541756005073223967e+00
4.622764082646130035e+00 4.705762250176977801e+00 2.948396327368481007e+00 1.672107894386443971e-01
4.631510323012273389e+00 4.728824088158556371e+00 1.350953624236093109e+00 1.778291332230512056e+00
1.480191804409289213e+00 6.265578010160009370e+00 6.094046022902848136e+00 3.298507993069939914e+00
1.653941706177579185e+00 6.282651531600258465e+00 4.925009783632673610e+00 4.520522686407527857e+00
3.057681926589788990e+00 1.573099418860472776e+00 4.503662776867415118e+00 4.900722805358025624e+00
2.157752893623331669e+00 4.164390855732134966e+00 2.580335120556215944e+00 2.746008084054508691e-01
3.227886707213855733e+00 3.096844866027732124e+00 3.334040931323619450e+00 2.948556341857774932e+00
5.299207385093101408e+00 2.593791082194055519e+00 1.009151304725507181e+00 2.738107279212508849e-01
4.799575770860665003e+00 3.140548026329892828e+00 3.340292927794277222e+00 1.394188317212006201e+00
1.659141426561299371e+00 4.713201396482058492e+00 4.909771296196924872e+00 2.967405967143419421e+00
3.053499646123878364e+00 1.558249881763070332e+00 1.374301993862543592e+00 1.738853830676341694e+00
3.049653851566228369e+00 4.708967660740648320e+00 1.383023932186894456e+00 6.445531737049584819e+00
4.623121457079249375e+00 4.718461851384156525e+00 2.948710070084051615e+00 4.885745074612438898e+00
3.926955617984142499e+00 5.497836553489744205e+00 2.354844263382790626e+00 2.355515592468865993e+00
3.217831835361463888e+00 1.554941697514091503e+00 4.949740508604041800e+00 6.057777372948745409e+00
3.053044147660194607e+00 4.733149308568852298e+00 6.090536601396569161e+00 3.322761770915646284e+00
1.498665074167045974e+00 4.764842690148741511e+00 4.476456854983688061e+00 1.816746806620904042e+00
1.658488471636853534e+00 4.683645653620594373e+00 1.765224730109003159e+00 4.525785130302763193e+00
3.230160782188374657e+00 3.143481116815009191e+00 1.766481544408461613e+00 1.399130564257587306e+00
5.299306890072650766e+00 2.593834464509555460e+00 2.580351039086078213e+00 2.742073397668852719e-01
4.792183400412326044e+00 -2.939467927998235669e-02 1.789349354090163713e+00 2.928327801281350506e+00
5.498257922044365031e+00 7.860060763025320529e-01 5.497370127589254807e+00 7.857181701361041215e-01
2.356283026125997715e+00 7.854136716790780515e-01 7.849870170317990725e-01 3.926955748756230324e+00
8.945893574564901807e-02 4.702451516817846233e+00 3.333372515280080606e+00 2.966925553392947723e+00
6.197068538425685169e+00 4.703909411994096956e+00 1.370456413210554336e+00 4.886840266837685576e+00
3.229727388260925647e+00 4.717934347329755695e+00 4.909465724300748235e+00 1.399052154835248141e+00
2.356119741341327511e+00 5.497751634054679926e+00 3.926553852401087230e+00 3.926461100311879449e+00
3.057262217271810467e+00 3.141067646681651393e+00 1.366006378552355072e+00 4.895639974678062778e+00
7.842413598353874526e-01 3.925607614297852432e+00 2.356310256469734021e+00 7.857340827391734450e-01
3.137239245731114234e+00 1.521182553640013091e-01 2.376024850979448821e+00 8.301728841607581844e-01
1.480566161492047783e+00 -1.667106067783207662e-02 2.950115453006643129e+00 1.730723182303249175e+00
1.486094215787644890e+00 1.560593793397345053e+00 4.506622605700796313e+00 3.320405279071407811e+00
4.125616009639128556e+00 5.259910764223304724e+00 5.274038857096172705e+00 2.867485838798735198e+00
2.157656675187058060e+00 4.164535397157810515e+00 1.009388596300553109e+00 3.415484332545494883e+00
3.052996691528338413e+00 4.718190258863447895e+00 -1.945672729932373946e-01 4.886959292501342311e+00
7.760740176870563334e-02 1.602785432644890262e+00 3.366166833746551124e+00 4.524120312761330531e+00
3.926475529215923466e+00 7.851717445175649956e-01 5.497613477948329219e+00 2.355754167916536801e+00
3.054028379004685601e+00 4.711986074081726983e+00 6.084373973408354175e+00 4.888384671447450813e+00
7.854922876578187552e-01 3.926678027861636888e+00 5.496630213117964736e+00 7.847169677997385406e-01
4.621904099701214186e+00 6.297043107180842370e+00 6.094797994670148711e+00 1.724073655865184518e-01
1.489541947187429605e+00 3.169627041403108691e+00 1.356034368672391910e+00 3.349698181631668437e+00
5.497230301893210047e+00 5.497074472046678650e+00 7.839732046030413182e-01 2.355651727278127883e+00
4.801839004607628247e+00 3.129801278509844131e+00 4.907068001218922504e+00 6.105450639644362631e+00
8.771111427171068842e-02 3.155507306197166795e+00 1.965689263033670864e-01 -1.669615223170087537e-01
2.356541346785355984e+00 3.927031913829757581e+00 3.927207979699745888e+00 3.926998791559648261e+00
6.195545955435511232e+00 1.572986300239135105e+00 6.085655745853162379e+00 4.889238728427994118e+00
1.482472335481303860e+00 4.700734375861451042e+00 1.375116672521073502e+00 4.879467106275854782e+00
6.369735893274244276e+00 1.551543887729278204e+00 1.771031968064309847e+00 4.523924919682643875e+00
4.798549783759410658e+00 1.574150260021969672e+00 2.018906905177258460e-01 6.105104292904069752e+00
8.886713228691411892e-02 6.284397850984161593e+00 1.765372568974696410e+00 2.969991168887331057e+00
3.928175092482804498e+00 2.357379552987926008e+00 7.863919973891833060e-01 5.498143354906325442e+00
-8.770159979618280532e-02 3.131290364731665221e+00 4.513423375591760767e+00 4.883454417197711450e+00
1.652737305308194626e+00 4.713933663579328304e+00 2.146880617164136640e-01 2.948747678954471763e+00
4.623453377681872034e+00 4.723613386050200091e+00 2.944433373720793057e+00 1.750195917666821366e+00
3.226862584508446652e+00 -1.630512421627200795e-03 4.916416387590020420e+00 1.387803368456763220e+00
4.622025783391007003e+00 1.564200431880391040e+00 4.522844636568009058e+00 3.305929598696009997e+00
3.926741830766523389e+00 7.850914002440096962e-01 2.356254962085043925e+00 7.853490725166346609e-01
8.540325351200311887e-02 6.256012772111420261e+00 1.771485445474453302e+00 2.949149025587804562e+00
2.356106313945525610e+00 7.854654958396173337e-01 3.927526405168543455e+00 7.861455372578260992e-01
5.497765010591446178e+00 7.852840053202556625e-01 5.498021061646273466e+00 3.927265952480715860e+00
9.042841818877597748e-02 1.578906397658147887e+00 1.914125574283760955e-01 6.119213256872607865e+00
6.196223762211719333e+00 3.142441475215008495e+00 1.371518738697336870e+00 1.748765095057101204e+00
6.372033277962747988e+00 4.736178702889361603e+00 4.904114467487175055e+00 4.555244932243591727e+00
1.484739183364248927e+00 4.710099268175195419e+00 4.509016652858622187e+00 1.750588798553354808e+00
8.394532758775789805e-02 1.560336101817092702e+00 1.779566825536342822e+00 4.519286923775469589e+00
4.793848373617966452e+00 3.179632747902731538e+00 1.780709413668344343e+00 1.400410410572487940e+00
8.715910178571159572e-02 4.721173932598994760e+00 3.342108002563251912e+00 1.396683461513291924e+00
2.356180011786172201e+00 5.497627927532596992e+00 7.851387686360339346e-01 7.851267587219659116e-01
7.854835735396289431e-01 3.927083794952824558e+00 3.926815027764491539e+00 7.852767616070198686e-01
1.660300582571827110e+00 1.575694983142947869e+00 1.761999693390633448e+00 2.976173983804709433e+00
4.625694616050740393e+00 4.690059880598295372e+00 6.084714987222673344e+00 1.650233226247914131e-01
7.855744743847953293e-01 3.927128326716840423e+00 7.855380642802001212e-01 7.855159684676649157e-01
3.229503012764451064e+00 3.101536202696447031e+00 1.758724566985479409e+00 4.525668894034967416e+00
4.802697480848816092e+00 -8.741340415599766411e-04 4.904793780915567503e+00 4.542013030656836037e+00
3.926931637447398149e+00 2.356206514218990744e+00 3.926561041026596310e+00 3.926299227049257823e+00
3.927217023494108172e+00 3.927319358451223597e+00 5.497904016826854701e+00 5.497601008531851186e+00
3.053367193425891468e+00 1.771161020800282940e-02 1.378135065663224079e+00 3.320781447907913186e+00
2.356117422460378030e+00 2.355956407800123831e+00 5.497584422806638393e+00 3.926849739033687836e+00
4.800916074516239362e+00 1.582291395142971790e+00 4.908754039416822756e+00 1.402283179910880584e+00
3.926804447172539181e+00 3.926884281057822612e+00 5.497997632508091037e+00 5.497864482729796443e+00
3.225734620355648286e+00 -1.507899289165469739e-02 6.487799807947282282e+00 2.950316806216761290e+00
3.142056149814398847e+00 3.294264885321175118e+00 2.352714756712885880e+00 2.425357931803359346e+00
7.851344838200664533e-01 2.355765309500309268e+00 3.927251764909466925e+00 3.927131602475007366e+00
3.230667773927366149e+00 1.546547787598647972e+00 4.904143538918392053e+00 2.960137940433684278e+00
6.193382507082850097e+00 4.691398485751196112e+00 1.380076926436983653e+00 1.728123031404313448e+00
5.498016675223770910e+00 3.927337797324891522e+00 7.861032150375306671e-01 5.498145115812539174e+00
1.654286697568092102e+00 1.575850068853534403e+00 2.065981084256620637e-01 4.529775357599938879e+00
7.849496099588741949e-01 3.926884506237782180e+00 2.355880676017467756e+00 7.854651525028178982e-01
1.486279195773574813e+00 1.417467990089175435e-02 6.075656039405838982e+00 3.334539009076467053e+00
3.226511158493222897e+00 4.689238998986579254e+00 1.773784299079753435e+00 2.948633243044912255e+00
2.554635200014350627e+00 2.118628165617843173e+00 2.132577439245212592e+00 6.009707599565651925e+00
1.481721524314471017e+00 4.698787183397927336e+00 4.518331172292477937e+00 6.447536775842948487e+00
1.656865359200660803e+00 6.299770952540807656e+00 3.341660775387764293e+00 1.400308597181386228e+00
4.799967202675167854e+00 1.566535258191158020e+00 4.912019047390433713e+00 6.103490979240387304e+00
3.229739725567368325e+00 3.172447104203892643e+00 4.902270283500206993e+00 4.559940989778182185e+00
2.355763030177996598e+00 2.355889619880294106e+00 2.356261250997479184e+00 3.926754240670755181e+00
5.867941302180305074e-01 1.023157134329912843e+00 5.721856488835225463e+00 6.557382018519321676e+00
6.198361109194546081e+00 3.129239482665386873e+00 2.936886520508381171e+00 1.748008965726459474e+00
1.482721827228497657e+00 4.701438223790757931e+00 4.516871391715729267e+00 3.308770345005186186e+00
3.223431456630515335e+00 1.585980679431106433e+00 3.356896756691998274e+00 1.383424496704707574e+00
4.628935127467192601e+00 6.300299988146779384e+00 2.933244754793954190e+00 3.337484551029443303e+00
3.927094560519156730e+00 5.497696299274818621e+00 3.928506975640687848e+00 7.864603701770037647e-01
2.356455939759491969e+00 2.356433970502632924e+00 7.854549279947513618e-01 5.497792054649035087e+00
2.356134764474731469e+00 2.355822433235545077e+00 2.355242408088663364e+00 2.355749819147217039e+00
6.199763064245259692e+00 4.754982293175870289e+00 1.372246781714497432e+00 3.341070657186059556e+00
1.484580359266584271e+00 -1.082031275775766771e-02 4.510072193245484584e+00 6.458483642731402519e+00
2.356444252494164004e+00 2.356110821595575722e+00 2.355519309253072624e+00 3.926844259623716749e+00
3.225744448482277704e+00 4.713736998958231617e+00 2.085446066486559280e-01 1.383898633403465306e+00
1.498851608074026176e+00 6.298345053154265294e+00 6.029571975489437463e+00 3.384665942982753251e+00
3.053507939949706707e+00 1.579256484101512648e+00 2.944499784155941491e+00 4.891281472996412916e+00
5.497857649295702309e+00 7.851879674598580827e-01 5.498757771287585250e+00 5.498412696160024815e+00
3.054501644935874172e+00 1.571844756044079139e+00 1.371545874231094864e+00 3.319198574648927202e+00
4.125450646874631033e+00 5.259999059225334506e+00 5.615418925410244899e-01 2.867993311361330289e+00
4.799734133516444956e+00 1.565615129702806252e+00 1.769817026557612971e+00 1.390978099749422103e+00
3.053106921772411386e+00 4.702696815219551851e+00 1.373849492235175607e+00 3.310909519249608746e+00
6.193969834346442660e+00 4.712843664852629288e+00 6.088654101213288428e+00 4.884799177011473148e+00
3.048786608653720975e+00 1.569598658460145346e+00 4.527998824941482425e+00 6.442747053608800734e+00
4.795803213786074437e+00 4.699873189617007618e+00 6.493671564313935107e+00 2.946424291867798750e+00
4.782888685492153513e+00 1.516811498303810568e+00 6.523888671518588644e+00 4.463541928623587118e+00
5.498464216040582997e+00 7.859876288486989937e-01 3.927195108230494558e+00 7.860188130682729257e-01
4.801296699549312486e+00 1.573630135138849750e+00 3.336894140250900698e+00 2.970807472252185999e+00
5.497999995059941192e+00 3.927289812896733956e+00 2.356454536486896068e+00 7.856105227214512654e-01
7.854943376017727852e-01 5.497803130602888722e+00 2.356449187165444048e+00 2.356353770402831671e+00
1.656338010088259427e+00 1.555988042054733178e+00 3.343755061493477676e+00 2.953570825352909601e+00
8.862378154877983971e-02 1.567038446259791051e+00 1.953352696865351124e-01 4.537520335020407636e+00
5.498612377814715124e+00 2.356932613079658179e+00 2.357416526963682202e+00 5.498175518800390904e+00
4.799822485010905027e+00 4.727831255746165695e+00 1.766566955159183827e+00 4.546556734747259299e+00
4.631463785310349301e+00 3.128727371098860122e+00 1.354493746586457936e+00 1.760417366803854966e+00
1.659350556798860676e+00 6.274870052201786841e+00 4.907065359053579101e+00 4.535879104444151544e+00
3.228860943095863689e+00 4.729371266811246421e+00 4.910708568607282665e+00 6.115879543175841704e+00
5.498054359042437333e+00 2.356493465019101841e+00 7.850768529684807318e-01 5.497401265726063357e+00
4.125479560146726676e+00 5.479702853887346015e-01 2.132451172478928569e+00 1.296694042410002412e+00
1.643211287862719860e+00 4.737193120122306311e+00 1.815509015889111843e+00 2.925842983102976191e+00
2.355911159536455468e+00 7.853547728608121226e-01 3.926384330128043221e+00 5.497545993978757650e+00
3.234410338153117515e+00 3.133332491751334103e+00 3.323450307053265274e+00 4.549769866397206819e+00
1.484027057199083677e+00 6.284693822629971116e+00 2.941479023211730048e+00 4.890968071225278102e+00
1.660050227717919435e+00 4.719192670176643567e+00 1.765955374042502246e+00 4.543562545459872482e+00
1.653472574319512889e+00 4.717949622893227613e+00 3.352776494736106283e+00 4.524703774157365466e+00
3.056269369396451996e+00 3.157245625870026995e+00 1.366704148742905467e+00 1.761101077887335942e+00
6.199499003785599704e+00 3.145446703624694695e+00 1.359215477796970495e+00 4.904350576264820738e+00
1.566168123144198399e+00 1.541184499694960852e-01 2.371302666312097962e+00 5.547971850287312101e+00
3.051947017103731064e+00 4.716404864155904875e+00 1.376682266684069900e+00 1.731976913785800709e-01
7.851482628481568637e-01 7.851491018079699291e-01 2.356909747080174977e+00 7.851989952424820451e-01
1.481901668907612102e+00 3.147029623046673663e+00 -1.928015814685248852e-01 3.314241923625350417e+00
5.498094332452155619e+00 7.856611581950690981e-01 5.496888821375963019e+00 2.356193579663591553e+00
1.652585728816557520e+00 6.301226467264188003e+00 4.926568870982152681e+00 2.957616969616062796e+00
3.054226311066181143e+00 1.567556884177949694e+00 2.942041562864889048e+00 6.458584357771409046e+00
3.051414629845616844e+00 3.147286461228650190e+00 4.521216614259662592e+00 1.742258375528053183e+00
2.356459927999047910e+00 2.356784463025498599e+00 2.355680205439756314e+00 7.850580155746539335e-01
2.355817407828945775e+00 2.355635422765790743e+00 5.497196646054544722e+00 5.497499974443541326e+00
-8.974118277118088571e-02 3.148543614486539077e+00 6.091144326402346820e+00 4.885141427991179341e+00
6.375657031270735686e+00 6.286487031630116462e+00 4.900906968328968105e+00 -1.630218065621052426e-01
4.626224636682484181e+00 1.567060354082128626e+00 1.368151396319551516e+00 1.749698133916934184e+00
3.056213355375035690e+00 4.702128583790306848e+00 2.938057223605221147e+00 4.889268397761460605e+00
3.229275171789203647e+00 -3.187253789818386609e-03 3.339648367086586855e+00 2.964289873056798807e+00
2.355585084199481205e+00 5.497612595953988546e+00 5.497344057366729153e+00 2.355580699546119927e+00
1.497794326773695062e+00 6.305256738641090486e+00 6.035137783005151135e+00 2.406156409942160068e-01
4.800236271920982567e+00 1.585228840229241154e+00 1.976480255117802620e-01 4.544007220264406399e+00
4.797016523019871137e+00 4.679907659283810695e+00 3.345081730686430443e+00 6.085052483117794786e+00
5.498069556770651900e+00 5.497552218107824906e+00 3.926981780202022598e+00 7.856398164289264408e-01
1.660900103742779521e+00 4.718263183452349629e+00 1.762972014491102968e+00 2.975745773202900679e+00
3.214557399470475474e+00 4.768641491965546209e+00 1.801355792016092749e+00 1.385501399068301609e+00
-7.925216752365217554e-02 1.587681577439011393e+00 2.920090282531882853e+00 3.351408637319533756e+00
2.355875095170186562e+00 5.497190065428093853e+00 2.356784447374385305e+00 7.858523846430095494e-01
3.055375926791362939e+00 4.704295406476518338e+00 4.509082873145956682e+00 4.890275622041110104e+00
1.505743057625833270e+00 4.766513994361678108e+00 2.870665934436511524e+00 3.422212254058033754e+00
1.484722504968499779e+00 3.142100238856778915e+00 1.370634439413710215e+00 4.890756881995217853e+00
3.927400166197667186e+00 2.356752547433443645e+00 5.497768204856329888e+00 3.926812411556690030e+00
3.230852883860868108e+00 1.569291526882126142e+00 1.765348556095016619e+00 2.969491325996877151e+00
1.653423406090995584e+00 3.138778761328082645e+00 3.354371511252485227e+00 2.948221522875613232e+00
3.053601547642747160e+00 3.136419603361728203e+00 6.085675077425858781e+00 4.884591557461244626e+00
3.057404348370515113e+00 6.310214027384114743e+00 1.370222336801926843e+00 1.763604291976920813e+00
3.051430797029166087e+00 1.574912798092765964e+00 6.093834982827517344e+00 3.309410043948496138e+00
5.498343971312718459e+00 3.927436227444972783e+00 3.926543201942382488e+00 3.926586028297395892e+00
1.659860000717022110e+00 3.144023820564811000e+00 1.764610243103096776e+00 4.542150685643647989e+00
2.356202584249700749e+00 3.926360252667003614e+00 2.355692232418034937e+00 5.497531701139170224e+00
-8.994058309010366514e-02 1.579157628222329413e+00 4.521002119097575545e+00 6.456145364115241314e+00
4.801697341474537417e+00 4.710882070964110824e+00 1.931707933745175632e-01 2.970380562625398735e+00
3.052879504754007822e+00 4.716032795347828710e+00 2.946602707765411999e+00 1.745524332738477291e+00
-8.785464627226451106e-02 1.571607571680505133e+00 2.943572865846856956e+00 4.888261974863627124e+00
3.229622686386219410e+00 3.140381505832416487e+00 4.908026616135568787e+00 6.109246149119501368e+00
6.195453214535681319e+00 3.133509131371432055e+00 2.942878672535270024e+00 4.884687306360601333e+00
3.926680409112947245e+00 7.851509320761758115e-01 7.854188203151952763e-01 2.356052190513165723e+00
9.273233270719839771e-02 4.721110459587189112e+00 3.323997819936244547e+00 2.987376975375604093e+00
1.481920400015959371e+00 3.126880042628727541e+00 6.090317184785646099e+00 3.303881027481490928e+00
3.056403808433627578e+00 3.156024964015428314e+00 4.508238878214136491e+00 4.902669294202817163e+00
7.852073004037564141e-01 3.926830613130592784e+00 2.355065867358081988e+00 2.356125327702772942e+00
4.804958216636102009e+00 3.152697418646537297e+00 4.896146837216910797e+00 1.416299770737058594e+00
6.356725220331268744e+00 6.229811258488797243e+00 3.367198235338374701e+00 4.479264907333980972e+00
3.052259238271811892e+00 1.575968074441520539e+00 -1.914427889531198079e-01 4.883419726036993147e+00
4.623956130745921378e+00 1.564110250136742986e+00 1.374435520464061256e+00 4.882906814115579586e+00
6.371116461422566601e+00 5.279031723415998981e-04 4.911735583813873873e+00 4.535806602485545014e+00
1.660766067476809660e+00 1.571674286608466975e+00 4.905977965099500793e+00 1.400566243735018812e+00
1.482668354430363600e+00 1.189081770878946086e-02 1.373592181601643203e+00 1.809269676623863898e-01
3.053238084721117573e+00 -1.844127200296555996e-02 6.088463505246759944e+00 1.734061758632017503e+00
9.005609420176095836e-02 1.546015759346486718e+00 4.900259309020940535e+00 1.392123989351866875e+00
1.654610375492699070e+00 4.719567464183057837e+00 3.346448287752031181e+00 1.391170750292266778e+00
3.224113429723059365e+00 6.259255594379129484e+00 1.779870875627012738e+00 4.510604868263798473e+00
2.355836676059446244e+00 2.355769860216881728e+00 7.856481862321634813e-01 5.497815992372317773e+00
4.622555304604101245e+00 6.278104925096108069e+00 2.948391011969707431e+00 3.309160297545483687e+00
3.927071491323713470e+00 3.927101650630129726e+00 2.356945150291418045e+00 2.356606615389529757e+00
3.144485460216521311e+00 1.518655468166543732e-01 7.641069724874514080e-01 4.015188550730474759e+00
2.555004982837887351e+00 2.118075881750709932e+00 5.273835452997023943e+00 6.008266272379666262e+00
4.796905814617947961e+00 6.284358453714366632e+00 1.779420943978817782e+00 6.096697066749496408e+00
4.626531127060522053e+00 4.702676704011404141e+00 4.510772702067605167e+00 3.315918588464702665e+00
1.657826255497653056e+00 1.575767693065923902e+00 1.770821097097414532e+00 1.395348938466292266e+00
1.491714827798735543e+00 6.304467144254353173e+00 -2.230854862521492732e-01 1.784681685646242633e+00
2.356672333772746875e+00 7.859473633762615874e-01 3.927736748723345883e+00 7.859895288355178700e-01
1.570742438029063326e+00 2.988259650163167080e+00 3.933618012302380951e+00 2.283494281801250914e+00
7.855135284354145542e-01 2.356409868814335784e+00 7.856591471826482875e-01 7.855883819707598636e-01
4.795708724441007931e+00 -1.834153208368327626e-02 6.492178268316608936e+00 6.085734370072797716e+00
3.052681965599481462e+00 4.703463852004369450e+00 -1.964811248140029276e-01 3.310958174586839053e+00
1.661802289550045275e+00 6.272048118835090058e+00 3.332425506462203479e+00 4.539602705133582994e+00
4.629542658483608797e+00 3.124464655274648894e+00 1.360295191957604954e+00 3.321669415152570082e+00
1.480500628965079946e+00 1.569609189634178392e+00 4.520510562240410479e+00 6.451104464960550899e+00
4.622668247767247607e+00 2.257694086573565351e-03 6.091995916530994037e+00 6.452872573999339778e+00
6.385219738912900844e+00 6.285276551077827456e+00 1.638716911644612917e-01 4.575790041579380407e+00
6.369732947267525702e+00 4.721268484027602241e+00 1.772217901952060526e+00 1.395942545629980325e+00
5.867435269343946880e-01 5.735658131804225235e+00 5.721900782207121949e+00 2.741086888210651495e-01
4.626057583833314446e+00 1.572195300757022185e+00 6.082091441014951805e+00 1.750897472497390250e+00
2.554822801145757882e+00 5.260172443703660328e+00 2.132173684520644041e+00 4.438854898581823250e+00
1.657356192640734305e+00 6.264133061032555183e+00 3.339093042070812256e+00 2.955509526292739331e+00
-8.774794349285112982e-02 3.144422840871630154e+00 1.374013068367922585e+00 4.887799667907595236e+00
4.801196936105547763e+00 1.580313929484463698e+00 1.936378417011050124e-01 -1.663601723774059959e-01
3.926880254611472054e+00 3.927233811814205389e+00 2.357055702515837847e+00 3.927518769727208703e+00
3.052904377996449536e+00 3.109313573884016080e+00 6.096217877050991163e+00 1.720080231166442264e+00
5.497818095562848839e+00 7.854314691359832734e-01 5.498140523310295791e+00 2.356242026099384379e+00
4.804305608169262776e+00 1.583808515216391877e+00 4.900820712305965721e+00 -1.585519334648591572e-01
7.846764706286591951e-01 3.926260536411197766e+00 3.925883682618094284e+00 3.926736621576601305e+00
4.625932636105853035e+00 1.583450866251842948e+00 2.940715256965718893e+00 3.326561195039451579e+00
4.628570351886697409e+00 1.548798946835945545e+00 1.364191324911715242e+00 1.743831576303536968e-01
6.371955850026541412e+00 6.282133579796550293e+00 3.335842815506608883e+00 2.968982714321642291e+00
4.125669303578827218e+00 2.118702414218454955e+00 3.702830444251263842e+00 1.296916099390366339e+00
3.056351313531061376e+00 -6.206346384566619606e-03 1.366580626727971426e+00 1.749583599134890255e+00
2.356752173798006389e+00 7.859940843572444935e-01 3.927072489020452473e+00 7.856252242098725747e-01
4.645377233209105228e+00 4.762315439579668741e+00 2.877619635227866457e+00 4.984657341742908088e+00
1.644742409184914989e+00 1.616666824266496993e+00 2.334541216775452011e-01 -1.929886063972958699e-01
1.655639843596445671e+00 4.699682364775203958e+00 2.058398115691907893e-01 6.092755254710283452e+00
1.482437732345000869e+00 3.594732476065339716e-03 2.946064930930965442e+00 1.761281719494736109e-01
8.778937840051070918e-02 6.290829920135077025e+00 4.909792976795291253e+00 2.970222794200192862e+00
8.067332844738156483e-02 -3.939515125587497030e-02 6.495655343248703417e+00 1.358582284435388754e+00
5.869270393827150656e-01 5.735392362645294284e+00 1.009130648717496914e+00 4.986125026637997948e+00
5.299430939589443668e+00 2.593928724192535729e+00 2.580836668060842332e+00 1.845438501973457379e+00
7.854371904958030726e-01 5.498252405961190803e+00 2.357342008244554421e+00 7.856326600091186885e-01
1.495911263674839509e+00 6.307231893317342575e+00 6.045704602058034283e+00 3.372304064775005550e+00
3.053599103784712998e+00 3.242856060904891497e-03 7.655629742711917984e+00 1.747518922112629269e+00
4.795025417166566051e+00 2.368077250062906869e-02 3.351429585423565616e+00 1.393084767522389633e+00
3.927081188239494924e+00 2.356895348429408177e+00 3.928030011405990063e+00 7.863065118242399398e-01
8.365403966528779656e-02 4.412388529074925091e-03 2.103420483672845953e-01 1.385607816488335642e+00
6.375298863046332087e+00 1.461278770534639795e-02 4.896712205828814390e+00 6.129057567921504912e+00
8.126977531128282140e-02 4.734420516769644038e+00 2.179169143351667171e-01 2.955782746406284911e+00
9.838766785297395900e-01 2.118268275015489088e+00 5.273700909521616076e+00 4.438466025633641898e+00
4.626391025120971889e+00 6.292296703039621519e+00 4.506255110001998077e+00 4.901063607568236336e+00
1.473102770170659825e+00 3.106573302622485766e+00 -1.715269925319865829e-01 1.699903708054678164e+00
1.654292006592370523e+00 4.715445585999111344e+00 4.920788069768947004e+00 4.527009477068071774e+00
3.728398522026510786e+00 1.023333718123342617e+00 5.721992504254781231e+00 3.415704346516178713e+00
4.622912289743915437e+00 3.124453572375439858e+00 2.951639673448176016e+00 1.586730586391648656e-01
4.800502566640140856e+00 6.279366160911262540e+00 6.481612074717618910e+00 2.964040984460317052e+00
3.926973392910169558e+00 5.498051524580330529e+00 3.927245092086889322e+00 3.927111950840260768e+00
3.229917624009114974e+00 4.721537684988394545e+00 1.990702067195633251e-01 6.111487574767274999e+00
3.232302965399070249e+00 1.563667653152827519e+00 1.760379650078162772e+00 4.542355225535273711e+00
1.658192508572084556e+00 1.570485866546558196e+00 4.911216659808917306e+00 6.106205676320579201e+00
1.660371772594978923e+00 1.582608633740980375e+00 4.904354032788097228e+00 2.978581585628493844e+00
3.053028596101845071e+00 -1.706613792726257781e-02 1.375626884009074624e+00 4.876214962866582070e+00
4.624058075782522259e+00 1.577385429654565741e+00 4.517247886110185462e+00 1.756922020733931999e-01
3.927111261869921766e+00 5.497975573604631627e+00 7.857961769794381546e-01 3.927019789176117825e+00
7.859148317286608343e-01 7.859321515952495396e-01 3.927686025155246785e+00 3.927256223057820073e+00
2.356221034876715414e+00 5.497987500460054910e+00 5.498480108780941400e+00 5.498156067838745109e+00
4.786470387451927877e+00 3.102170356975485266e+00 1.804835574968870260e+00 4.476933784930457350e+00
9.627078723300647178e-02 1.581809427028860737e+00 4.888099943827421079e+00 4.565439822779471690e+00
3.053979410723363763e+00 6.289461019713074919e+00 4.513723764428321239e+00 1.795742960345540207e-01
4.628031744980049211e+00 4.685107619702225890e+00 6.079751289025595362e+00 3.310160106786315559e+00
3.058905653773697164e+00 3.152690683625408941e+00 2.928391053387368270e+00 3.339443029072506341e+00
3.237021102707986042e+00 6.275021108937232306e+00 3.320709159315313741e+00 2.983294543204155325e+00
5.867420210936452607e-01 4.164616192207145851e+00 1.009524349929437070e+00 2.743391637715921205e-01
5.496630562081602278e+00 2.355123905525477568e+00 2.356138142788184897e+00 7.845887932940035503e-01
7.849329144871393105e-01 7.849332759439019425e-01 5.497460589898553351e+00 7.852079153886099006e-01
3.189489824819366603e+00 6.189430307391566188e+00 3.642497436678539535e-01 4.313811447483963946e+00
2.357535609309864721e+00 5.499299983102714506e+00 5.499365910450796591e+00 7.856259664233032902e-01
5.867173678175149343e-01 1.022904446213763086e+00 4.150958697517556750e+00 2.737033958943450584e-01
4.798645184973052480e+00 6.288205803915433378e+00 3.343841062634341998e+00 6.105977625554880106e+00
1.657457389519095603e+00 3.132713153255669347e+00 2.018763446087339652e-01 -1.843911165164740795e-01
2.356342911082303093e+00 3.927045888213080982e+00 7.852323311715759813e-01 3.927280828326413342e+00
4.619550038227587585e+00 3.115821822122787133e+00 6.102589519134371976e+00 6.427098943820025667e+00
3.051384828898580981e+00 3.156884016156343176e+00 4.523184160263951981e+00 3.316086133522452073e+00
5.497741704579526711e+00 3.927185107637285899e+00 7.854642420996497121e-01 5.498261982221773536e+00
3.053514178537935830e+00 4.720988919224955893e+00 2.946345576386411924e+00 1.748743995184028455e+00
3.926490528887163212e+00 2.356089445123105364e+00 2.355913957779796508e+00 7.854856071142549689e-01
6.369131081896794555e+00 3.138419959886813437e+00 4.916134441726723203e+00 1.387716638123189572e+00
4.797935549444768633e+00 3.146591357485765794e+00 1.773318833312922616e+00 6.104824381817489432e+00
1.654865230226046036e+00 6.288807289409175105e+00 3.349785913705076723e+00 4.528273675965462708e+00
4.125624170044154049e+00 2.118527833017226580e+00 2.132451800752312110e+00 6.008916102335697396e+00
8.577040251551579231e-02 6.295046626622013086e+00 4.914959135125203993e+00 6.108513829180284738e+00
1.572014039463144774e+00 3.295173142645773101e+00 5.484106583706923388e+00 8.662171634814570531e-01
5.498001522063640678e+00 3.927411297646639987e+00 7.850806939144141516e-01 5.497874068358711952e+00
3.053760972720720002e+00 3.157713224247174821e+00 1.375768722739237893e+00 3.322284072109400022e+00
-8.799120061726189990e-02 4.713595863585538837e+00 4.515801736673739519e+00 4.886888018375544540e+00
6.204599018306012681e+00 -3.347540342143587311e-02 1.364113917595420666e+00 1.744892748714823860e-01
3.230372180995778830e+00 4.727172735628051292e+00 3.336172169903490303e+00 4.547600307638734130e+00
6.370434439435051388e+00 3.148116835188512042e+00 3.340495003778431560e+00 4.538389894087689669e+00
5.498151555213940611e+00 3.927598169951935336e+00 7.873702172372475383e-01 3.927781568469374651e+00
3.230553937906417872e+00 3.169617764915853897e+00 4.899894031207544742e+00 2.990335358216185124e+00
7.851800083410112041e-01 2.356037493506848879e+00 7.860953230299824179e-01 7.855071734383424209e-01
7.854726182736648799e-01 7.856318167340143876e-01 3.926567500947658829e+00 3.926960927990556627e+00
2.355920824574666117e+00 2.355866634468812393e+00 3.926399395921672753e+00 3.927039528954975545e+00
1.657017055043807918e+00 1.574401973055111981e+00 4.912826715371060970e+00 4.535806877136115745e+00
3.051459647369677342e+00 1.571304890583002489e+00 2.948990069462495978e+00 3.311697349913265587e+00
9.838293768141410656e-01 6.831076211377630436e+00 5.274236465760273163e+00 6.010137635198948836e+00
1.655681213674638386e+00 1.578395371121722901e+00 3.346352979768945080e+00 1.391681032932204021e+00
1.489564050113964422e+00 1.738816113542738379e-02 -2.169102297473645136e-01 6.488034443148692709e+00
1.658160491124472946e+00 3.137467535898245341e+00 3.341304880254647891e+00 4.532805113389517082e+00
1.500995875058120488e+00 -4.477997331723054808e-02 2.892722119274218517e+00 4.921982248548837369e+00
4.625116705829233510e+00 3.114218535827415923e+00 6.091270421354484377e+00 3.298378150801732023e+00
4.627879458115849332e+00 -1.030225445420167828e-03 2.935907901617656801e+00 1.754335247730489211e+00
2.355208622058729606e+00 5.497023000562151651e+00 2.357396419248260155e+00 2.356868057854633491e+00
2.157702279912803167e+00 2.593770057882728963e+00 1.009030619707088183e+00 2.738303645495800964e-01
9.115352495268466693e-02 3.169829753232768610e+00 3.327687935483192305e+00 1.422036484139539425e+00
2.356094089603076203e+00 2.356386166660684456e+00 5.497676170824765229e+00 5.497788605610316459e+00
3.926902575433621312e+00 2.356465310606129293e+00 3.926399599958554809e+00 3.926683234814307699e+00
5.498045432664357079e+00 3.926997620722781690e+00 2.355853803907168587e+00 5.497553893404807823e+00
1.497283777080175460e+00 4.752186432842110619e+00 1.334273087142429093e+00 3.379732145503444585e+00
3.229595878765553429e+00 4.710116819009567912e+00 1.967145820894122543e-01 2.966131567552380943e+00
3.927207278441589899e+00 7.854965411972544276e-01 3.927573059260377253e+00 2.356929935194540970e+00
1.483661241206694070e+00 3.128820514711366130e+00 4.515834194283737446e+00 4.880392856663680057e+00
5.299301083108351129e+00 4.164970706075639129e+00 4.150520301079633434e+00 4.985871937436836099e+00
4.779971099373850230e+00 1.509142364604369124e+00 4.959791283530313066e+00 6.023185235727111397e+00
4.624711036737258141e+00 3.139318028210141609e+00 4.513742080238866805e+00 1.745947164021943721e+00
5.869926569831026564e-01 1.022927584285944214e+00 2.579896417400522335e+00 1.844829092816299809e+00
4.631413424243281618e+00 1.519162634287253288e+00 1.368949709882477217e+00 4.868712691209037935e+00
1.658757282430876945e+00 8.998211626168860569e-03 4.907468813426150156e+00 1.402033206929646614e+00
4.797134078114745570e+00 3.126513775347822488e+00 3.348339695229725965e+00 2.948993116773360068e+00
3.049659894509004321e+00 4.728079185625300163e+00 4.523720320351098501e+00 4.885401210476493006e+00
3.230553904366212148e+00 3.122362437114327705e+00 3.335501963233403089e+00 1.389936870908555555e+00
5.498127491567456282e+00 7.856513923760025664e-01 8.639810867195217625e+00 2.356402198136164916e+00
4.799277755775679388e+00 4.709536197047930806e+00 3.341023331659148443e+00 6.104473650488310810e+00
4.625462490339667276e+00 1.567645102556316283e+00 2.941812299191370883e+00 1.746575469606394648e+00
1.480140452615905655e+00 3.125840686055938455e+00 6.095657225183673589e+00 4.869309789816163025e+00
2.356696111319948717e+00 7.856667066825974155e-01 3.926780073871339649e+00 5.497903199833439558e+00
6.189733627813200023e+00 3.158203333268081892e+00 2.960416859608909768e+00 1.737149401857878583e+00
1.663751736086205524e+00 1.590006120938723067e+00 3.317112523225023590e+00 -1.434914244478051604e-01
6.193521732473346475e+00 6.278170358235217741e+00 4.518125513747397015e+00 4.881705636055180264e+00
3.058233605135066924e+00 4.699793826846364375e+00 6.074295117934682686e+00 1.752042293430998265e+00
3.228152572785094598e+00 4.718498195707779175e+00 1.772481944054866698e+00 4.535279246063758762e+00
1.652563027419009289e+00 3.158163390850142971e+00 2.162103408623427259e-01 2.954306425328695695e+00
4.800111017684412396e+00 1.251330947335413564e-02 1.976522907547506869e-01 -1.695875949258318638e-01
6.196190843858520481e+00 4.703303353229681960e+00 1.372336079517152863e+00 4.884037586598174663e+00
6.197064218949659420e+00 1.576846760790664659e+00 -2.010894622981443114e-01 6.465323011760792937e+00
7.848679545007417602e-01 3.926876237865891905e+00 2.356008519675790502e+00 5.497347061537999124e+00
4.802918571670787173e+00 6.281127368596440164e+00 3.331606159837018577e+00 4.544311150214654482e+00
5.498292001489235581e+00 2.356784506339668628e+00 2.356307568238022121e+00 3.926990439774991071e+00
1.485548521720060799e+00 3.139932253802651285e+00 2.937196814223074437e+00 1.809972607447050130e-01
