-2.006425620615482330e+01
-2.006430658698081970e+01
-2.006409332156181335e+01
-2.006422105431556702e+01
-2.006427694857120514e+01
-2.006433884799480438e+01
-2.006429557502269745e+01
-2.006432023644447327e+01
-2.006435929238796234e+01
-2.006433337926864624e+01
-2.006435409188270569e+01
-2.006431561708450317e+01
-2.006431588530540466e+01
-2.006431075930595398e+01
-2.006416705250740051e+01
-2.006434045732021332e+01
-2.006434398889541626e+01
-2.006433732807636261e+01
-2.006423816084861755e+01
-2.006403376162052155e+01
-2.006431964039802551e+01
-2.006432989239692688e+01
-2.006435516476631165e+01
-2.006427752971649170e+01
-2.006430031359195709e+01
-2.006415623426437378e+01
-2.006424337625503540e+01
-2.006427578628063202e+01
-2.006428681313991547e+01
-2.006429322063922882e+01
-2.006430743634700775e+01
-2.006421639025211334e+01
-2.006432324647903442e+01
-2.006433673202991486e+01
-2.006434138119220734e+01
-2.006432174146175385e+01
-2.006430876255035400e+01
-2.006426370143890381e+01
-2.006432181596755981e+01
-2.006433403491973877e+01
-2.006428603827953339e+01
-2.006423510611057281e+01
-2.006430225074291229e+01
-2.006427869200706482e+01
-2.006300389766693115e+01
-2.006429086625576019e+01
-2.006431607902050018e+01
-2.006422851979732513e+01
-2.006436572968959808e+01
-2.006433723866939545e+01
-2.006427423655986786e+01
-2.006432051956653595e+01
-2.006426715850830078e+01
-2.006420530378818512e+01
-2.006429019570350647e+01
-2.006434886157512665e+01
-2.006433238089084625e+01
-2.006422890722751617e+01
-2.006431928277015686e+01
-2.006425072252750397e+01
-2.006435050070285797e+01
-2.006434953212738037e+01
-2.006430146098136902e+01
-2.006408239901065826e+01
-2.006420168280601501e+01
-2.006329746544361115e+01
-2.006436027586460114e+01
-2.006433796882629395e+01
-2.006427957117557526e+01
-2.006435102224349976e+01
-2.006423632800579071e+01
-2.006431570649147034e+01
-2.006428723037242889e+01
-2.006427828967571259e+01
-2.006424340605735779e+01
-2.006419393420219421e+01
-2.006437118351459503e+01
-2.006431667506694794e+01
-2.006430034339427948e+01
-2.006424516439437866e+01
-2.006385006010532379e+01
-2.006428608298301697e+01
-2.006432497501373291e+01
-2.006438584625720978e+01
-1.995142759382724762e+01
-2.006433779001235962e+01
-2.006433476507663727e+01
-2.006429708003997803e+01
-2.006425723433494568e+01
-2.006436203420162201e+01
-2.006429885327816010e+01
-2.006425857543945312e+01
-2.006429980695247650e+01
-2.006433123350143433e+01
-2.006419360637664795e+01
-2.006430032849311829e+01
-2.006427223980426788e+01
-2.006425724923610687e+01
-2.006432670354843140e+01
-2.006409202516078949e+01
-2.006429730355739594e+01
-2.006431356072425842e+01
-2.006434763967990875e+01
-2.006431737542152405e+01
-2.006427679955959320e+01
-2.006409294903278351e+01
-2.006434455513954163e+01
-2.006434176862239838e+01
-2.006426995992660522e+01
-2.006433677673339844e+01
-2.006432594358921051e+01
-2.006432130932807922e+01
-2.006427577137947083e+01
-2.006433485448360443e+01
-2.006433688104152679e+01
-2.006431970000267029e+01
-2.006432056427001953e+01
-2.006424561142921448e+01
-2.006429165601730347e+01
-2.006432829797267914e+01
-2.006427070498466492e+01
-2.006430736184120178e+01
-2.006436091661453247e+01
-2.006418719887733459e+01
-2.006432555615901947e+01
-2.006433475017547607e+01
-2.006422437727451324e+01
-2.006434451043605804e+01
-2.006432986259460449e+01
-2.006387746334075928e+01
-2.006431156396865845e+01
-2.006427821516990662e+01
-2.006426104903221130e+01
-2.006423513591289520e+01
-2.006423035264015198e+01
-2.006434085965156555e+01
-2.006426927447319031e+01
-2.006416487693786621e+01
-2.006429985165596008e+01
-2.006428557634353638e+01
-2.006420403718948364e+01
-2.006435273587703705e+01
-2.006428493559360504e+01
-2.006434288620948792e+01
-2.006424760818481445e+01
-2.006306058168411255e+01
-2.006440170109272003e+01
-2.006429810822010040e+01
-2.006418916583061218e+01
-2.006434969604015350e+01
-2.006426684558391571e+01
-2.006419397890567780e+01
-2.006392093002796173e+01
-2.006433981657028198e+01
-2.006428402662277222e+01
-2.006425330042839050e+01
-2.006424219906330109e+01
-2.006429091095924377e+01
-2.006431515514850616e+01
-2.006431335210800171e+01
-2.006428182125091553e+01
-2.006432521343231201e+01
-2.006434163451194763e+01
-2.006427811086177826e+01
-2.006423433125019073e+01
-2.006428587436676025e+01
-2.006422150135040283e+01
-2.006432506442070007e+01
-2.006433041393756866e+01
-2.006432752311229706e+01
-2.006408715248107910e+01
-2.006417353451251984e+01
-2.006433282792568207e+01
-2.006431087851524353e+01
-2.006431311368942261e+01
-2.006424652040004730e+01
-2.006434561312198639e+01
-2.006434190273284912e+01
-2.006430578231811523e+01
-2.006428310275077820e+01
-2.006427115201950073e+01
-2.006416796147823334e+01
-2.006428237259387970e+01
-2.006430627405643463e+01
-2.006425836682319641e+01
-2.006437528133392334e+01
-2.006430868804454803e+01
-2.006427922844886780e+01
-2.006434303522109985e+01
-2.006431694328784943e+01
-2.006429521739482880e+01
-2.006433124840259552e+01
-2.006432275474071503e+01
-2.006429138779640198e+01
-2.006431645154953003e+01
-2.006432875990867615e+01
-2.006431655585765839e+01
-2.006385770440101624e+01
-2.006401434540748596e+01
-2.006431590020656586e+01
-2.006428256630897522e+01
-2.006425017118453979e+01
-2.006421320140361786e+01
-2.006425748765468597e+01
-2.006423251330852509e+01
-2.006433005630970001e+01
-2.006430694460868835e+01
-2.006430028378963470e+01
-2.006418697535991669e+01
-2.006437011063098907e+01
-2.006426371634006500e+01
-2.006430220603942871e+01
-2.006427304446697235e+01
-2.006428568065166473e+01
-2.006429208815097809e+01
-2.006420953571796417e+01
-2.006430983543395996e+01
-2.006428346037864685e+01
-2.006430761516094208e+01
-2.006434139609336853e+01
-2.006434619426727295e+01
-2.006388695538043976e+01
-2.006432023644447327e+01
-2.006435990333557129e+01
-2.006435416638851166e+01
-2.006436800956726074e+01
-2.006435374915599823e+01
-2.006427571177482605e+01
-2.006405209004878998e+01
-2.006419955193996429e+01
-2.006432080268859863e+01
-2.006438732147216797e+01
-2.006432026624679565e+01
-2.006428392231464386e+01
-2.006431505084037781e+01
-2.006419420242309570e+01
-2.006430754065513611e+01
-2.006437237560749054e+01
-2.006430578231811523e+01
-2.006427180767059326e+01
-2.006437079608440399e+01
-2.006415076553821564e+01
-2.006435130536556244e+01
-2.006373690068721771e+01
-2.006437675654888153e+01
-2.006426310539245605e+01
-2.006429353356361389e+01
-2.006434482336044312e+01
-2.006422077119350433e+01
-2.006332992017269135e+01
-2.006430707871913910e+01
-2.006432832777500153e+01
-2.006436195969581604e+01
-2.006435702741146088e+01
-2.006429082155227661e+01
-2.006430067121982574e+01
-2.006409202516078949e+01
-2.006431581079959869e+01
-2.006432318687438965e+01
-2.006431320309638977e+01
-2.006412024796009064e+01
-2.006429795920848846e+01
-2.006360180675983429e+01
-2.006430187821388245e+01
-2.006430616974830627e+01
-2.006431117653846741e+01
-2.006412711739540100e+01
-2.006425173580646515e+01
-2.006430062651634216e+01
-2.006433793902397156e+01
-2.006431685388088226e+01
-2.006433366239070892e+01
-2.006429435312747955e+01
-2.006423109769821167e+01
-2.006415815651416779e+01
-2.006415525078773499e+01
-2.006423813104629517e+01
-2.006430618464946747e+01
-2.006431140005588531e+01
-2.006411406397819519e+01
-2.006434033811092377e+01
-2.006427538394927979e+01
-2.006425002217292786e+01
-2.006435211002826691e+01
-2.006431417167186737e+01
-2.006429585814476013e+01
-2.006433399021625519e+01
-2.006425298750400543e+01
-2.006434471905231476e+01
-2.006429797410964966e+01
-2.006429068744182587e+01
-2.006429944932460785e+01
-2.006422530114650726e+01
-2.006421345472335815e+01
-2.006435221433639526e+01
-2.006431035697460175e+01
-2.006432798504829407e+01
-2.006426733732223511e+01
-2.006432335078716278e+01
-2.006430585682392120e+01
-2.006432434916496277e+01
-2.006413878500461578e+01
-2.006430996954441071e+01
-2.006428253650665283e+01
-2.006422111392021179e+01
-2.006434434652328491e+01
-2.006429235637187958e+01
-2.006434644758701324e+01
-2.006421211361885071e+01
-2.006427343189716339e+01
-2.006432759761810303e+01
-2.006432041525840759e+01
-2.006414224207401276e+01
-2.006430372595787048e+01
-2.006425890326499939e+01
-2.006424258649349213e+01
-2.006343756616115570e+01
-2.006383842229843140e+01
-2.006435595452785492e+01
-2.006426016986370087e+01
-2.006366103887557983e+01
-2.006428229808807373e+01
-2.006429828703403473e+01
-2.006419500708580017e+01
-2.006429198384284973e+01
-2.006436549127101898e+01
-2.006423063576221466e+01
-2.006433264911174774e+01
-2.006433159112930298e+01
-2.006426110863685608e+01
-2.006429424881935120e+01
-2.006430368125438690e+01
-2.006423451006412506e+01
-2.006422448158264160e+01
-2.006431166827678680e+01
-2.006431894004344940e+01
-2.006399339437484741e+01
-2.006415466964244843e+01
-2.006434717774391174e+01
-2.006434315443038940e+01
-2.006439599394798279e+01
-2.006373843550682068e+01
-2.006431643664836884e+01
-2.006431844830513000e+01
-2.006433440744876862e+01
-2.006429129838943481e+01
-2.006432540714740753e+01
-2.006438282132148743e+01
-2.006417897343635559e+01
-2.006432443857192993e+01
-2.006421062350273132e+01
-2.006429226696491241e+01
-2.006432995200157166e+01
-2.006434606015682220e+01
-2.006433495879173279e+01
-2.006430445611476898e+01
-2.006419977545738220e+01
-2.006424698233604431e+01
-2.006413553655147552e+01
-2.006430131196975708e+01
-2.006432825326919556e+01
-2.006430608034133911e+01
-2.006428538262844086e+01
-2.006428086757659912e+01
-2.006432558596134186e+01
-2.006428998708724976e+01
-2.006422780454158783e+01
-2.006422585248947144e+01
-2.006379264593124390e+01
-2.006426808238029480e+01
-2.006434226036071777e+01
-2.006430231034755707e+01
-2.006431555747985840e+01
-2.006424105167388916e+01
-2.006425721943378448e+01
-2.006432311236858368e+01
-2.006428126990795135e+01
-2.006433878839015961e+01
-2.006420642137527466e+01
-2.006430208683013916e+01
-2.006425070762634277e+01
-2.006427666544914246e+01
-2.006432138383388519e+01
-2.006421844661235809e+01
-2.006420102715492249e+01
-2.006427000463008881e+01
-2.006420783698558807e+01
-2.006429378688335419e+01
-2.006433226168155670e+01
-2.006432391703128815e+01
-2.006434439122676849e+01
-2.006432287395000458e+01
-2.006433419883251190e+01
-2.006428728997707367e+01
-2.006431727111339569e+01
-2.006433084607124329e+01
-2.006430092453956604e+01
-2.006413625180721283e+01
-2.006429547071456909e+01
-2.006426191329956055e+01
-2.006427177786827087e+01
-2.006432749330997467e+01
-2.006430666148662567e+01
-2.006423658132553101e+01
-2.006417568027973175e+01
-2.006420195102691650e+01
-2.006429663300514221e+01
-2.006427033245563507e+01
-2.006427571177482605e+01
-2.006431761384010315e+01
-2.006429593265056610e+01
-2.006430082023143768e+01
-2.006421434879302979e+01
-2.006437510251998901e+01
-2.006427562236785889e+01
-2.006433250010013580e+01
-2.006436814367771149e+01
-2.006431324779987335e+01
-2.006413130462169647e+01
-2.006426851451396942e+01
-2.006433004140853882e+01
-2.006428214907646179e+01
-2.006433178484439850e+01
-2.006434738636016846e+01
-2.006361033022403717e+01
-2.006430681049823761e+01
-2.006426489353179932e+01
-2.006435650587081909e+01
-2.006429442763328552e+01
-2.006429196894168854e+01
-2.006432969868183136e+01
-2.006423287093639374e+01
-2.006435799598693848e+01
-2.006420458853244781e+01
-2.006436882913112640e+01
-2.006397961080074310e+01
-2.006431441009044647e+01
-2.006434674561023712e+01
-2.006432582437992096e+01
-2.006418347358703613e+01
-2.006432412564754486e+01
-2.006428466737270355e+01
-2.006425645947456360e+01
-2.006422848999500275e+01
-2.006340646743774414e+01
-2.006426487863063812e+01
-2.006436641514301300e+01
-2.006428913772106171e+01
-2.006429395079612732e+01
-2.006425292789936066e+01
-2.006430622935295105e+01
-2.006430369615554810e+01
-2.006429405510425568e+01
-2.006434172391891479e+01
-2.006428153812885284e+01
-2.006430748105049133e+01
-2.006434671580791473e+01
-2.006434516608715057e+01
-2.006431226432323456e+01
-2.006420706212520599e+01
-2.006424269080162048e+01
-2.006427273154258728e+01
-2.006434699892997742e+01
-2.006432339549064636e+01
-2.006423985958099365e+01
-2.006427699327468872e+01
-2.006427079439163208e+01
-2.006432577967643738e+01
-2.006428432464599609e+01
-2.006343546509742737e+01
-2.006430761516094208e+01
-2.006430740654468536e+01
-2.006435467302799225e+01
-2.006426946818828583e+01
-2.006436342000961304e+01
-2.006429339945316315e+01
-2.006428469717502594e+01
-2.006430026888847351e+01
-2.006411597132682800e+01
-2.006434215605258942e+01
-2.006424653530120850e+01
-2.006415013968944550e+01
-2.006417086720466614e+01
-2.006436456739902496e+01
-2.006429739296436310e+01
-2.006422375142574310e+01
-2.006429708003997803e+01
-2.006434454023838043e+01
-2.006434540450572968e+01
-2.006427219510078430e+01
-2.006431677937507629e+01
-2.006428411602973938e+01
-2.006405365467071533e+01
-2.006435379385948181e+01
-2.006429329514503479e+01
-2.006424921751022339e+01
-2.006432671844959259e+01
-2.006433857977390289e+01
-2.006437025964260101e+01
-2.006429491937160492e+01
-2.006426325440406799e+01
-2.006431083381175995e+01
-2.006429636478424072e+01
-2.006424854695796967e+01
-2.006425452232360840e+01
-2.006432846188545227e+01
-2.006433859467506409e+01
-2.006428189575672150e+01
-2.006418849527835846e+01
-2.006421042978763580e+01
-2.006434611976146698e+01
-2.006433963775634766e+01
-2.006435176730155945e+01
-2.006421992182731628e+01
-2.006429207324981689e+01
-2.006431819498538971e+01
-2.006433156132698059e+01
-2.006436865031719208e+01
-2.006425186991691589e+01
-2.006425927579402924e+01
-2.006435538828372955e+01
-2.006423991918563843e+01
-2.006432503461837769e+01
-2.006429943442344666e+01
-2.006419725716114044e+01
-2.006419329345226288e+01
-2.006386756896972656e+01
-2.006430786848068237e+01
-2.006432099640369415e+01
-2.006433181464672089e+01
-2.006423091888427734e+01
-2.006435787677764893e+01
-2.006419762969017029e+01
-2.006435886025428772e+01
-2.006426866352558136e+01
-2.006436285376548767e+01
-2.006428441405296326e+01
-2.006425954401493073e+01
-2.006424090266227722e+01
-2.006431731581687927e+01
-2.006418468058109283e+01
-2.006425283849239349e+01
-2.006436897814273834e+01
-2.006433837115764618e+01
-2.006435783207416534e+01
-2.006424953043460846e+01
-2.006429925560951233e+01
-2.006433014571666718e+01
-2.006430825591087341e+01
-2.006432215869426727e+01
-2.006426341831684113e+01
-2.006414094567298889e+01
-2.006420236825942993e+01
-2.006428159773349762e+01
-2.006434808671474457e+01
-2.006424236297607422e+01
-2.006434747576713562e+01
-2.006429277360439301e+01
-2.006436306238174438e+01
-2.006431061029434204e+01
-2.006428155303001404e+01
-2.006436136364936829e+01
-2.006433665752410889e+01
-2.006436195969581604e+01
-2.006430441141128540e+01
-2.006425285339355469e+01
-2.006435181200504303e+01
-2.006431809067726135e+01
-2.006415131688117981e+01
-2.006425838172435760e+01
-2.006428748369216919e+01
-2.006431943178176880e+01
-2.006417043507099152e+01
-2.006431585550308228e+01
-2.006393219530582428e+01
-2.006428162753582001e+01
-2.006424108147621155e+01
-2.006435978412628174e+01
-2.006432595849037170e+01
-2.006432256102561951e+01
-2.006424847245216370e+01
-2.006431341171264648e+01
-2.006437084078788757e+01
-2.006430797278881073e+01
-2.006433512270450592e+01
-2.006410694122314453e+01
-2.006426019966602325e+01
-2.006432473659515381e+01
-2.006419089436531067e+01
-2.006434357166290283e+01
-2.006424607336521149e+01
-2.006427527964115143e+01
-2.006403937935829163e+01
-2.006435394287109375e+01
-2.006421594321727753e+01
-2.006433483958244324e+01
-2.006397333741188049e+01
-2.006388458609580994e+01
-2.006428687274456024e+01
-2.006419853866100311e+01
-2.006427720189094543e+01
-2.006430366635322571e+01
-2.006425364315509796e+01
-2.006420059502124786e+01
-2.006430810689926147e+01
-2.006425751745700836e+01
-2.006430722773075104e+01
-2.006432947516441345e+01
-2.006424888968467712e+01
-2.006426940858364105e+01
-2.006431652605533600e+01
-2.006436640024185181e+01
-2.006432412564754486e+01
-2.006427928805351257e+01
-2.006430104374885559e+01
-2.006383080780506134e+01
-2.006436094641685486e+01
-2.006423862278461456e+01
-2.006431618332862854e+01
-2.006430755555629730e+01
-2.006436496973037720e+01
-2.006421723961830139e+01
-2.006432874500751495e+01
-2.006432148814201355e+01
-2.006436298787593842e+01
-2.006429812312126160e+01
-2.006419204175472260e+01
-2.006410783529281616e+01
-2.006425349414348602e+01
-2.006430290639400482e+01
-2.006357647478580475e+01
-2.006392000615596771e+01
-2.006427280604839325e+01
-2.006438319385051727e+01
-2.006404192745685577e+01
-2.006416739523410797e+01
-2.006426149606704712e+01
-2.006430046260356903e+01
-2.006429482996463776e+01
-2.006365956366062164e+01
-2.006434337794780731e+01
-2.006426846981048584e+01
-2.006433752179145813e+01
-2.006429079174995422e+01
-2.006424322724342346e+01
-2.006429490447044373e+01
-2.006423895061016083e+01
-2.006433074176311493e+01
-2.006431470811367035e+01
-2.006387701630592346e+01
-2.006434115767478943e+01
-2.006430527567863464e+01
-2.006410302221775055e+01
-2.006435708701610565e+01
-2.006365357339382172e+01
-2.006417244672775269e+01
-2.006423629820346832e+01
-2.006430675089359283e+01
-2.006431338191032410e+01
-2.006432521343231201e+01
-2.006429006159305573e+01
-2.006429240107536316e+01
-2.006427171826362610e+01
-2.006427519023418427e+01
-2.006314577162265778e+01
-2.006340806186199188e+01
-2.006432822346687317e+01
-2.006396353244781494e+01
-2.006425341963768005e+01
-2.006436400115489960e+01
-2.006372478604316711e+01
-2.006432922184467316e+01
-2.006426958739757538e+01
-2.006432867050170898e+01
-2.006432868540287018e+01
-2.006431908905506134e+01
-2.006431613862514496e+01
-2.006428840756416321e+01
-2.006436663866043091e+01
-2.006428539752960205e+01
-2.006422995030879974e+01
-2.006429174542427063e+01
-2.006433616578578949e+01
-2.006434479355812073e+01
-2.006431338191032410e+01
-2.006431905925273895e+01
-2.006428597867488861e+01
-2.006431178748607635e+01
-2.006421361863613129e+01
-2.006434410810470581e+01
-2.006417669355869293e+01
-2.006430871784687042e+01
-2.006427407264709473e+01
-2.006429667770862579e+01
-2.006426617503166199e+01
-2.006406052410602570e+01
-2.006429958343505859e+01
-2.006429873406887054e+01
-2.006412933766841888e+01
-2.006429788470268250e+01
-2.006428888440132141e+01
-2.006431825459003448e+01
-2.006433674693107605e+01
-2.006428244709968567e+01
-2.006428712606430054e+01
-2.006415472924709320e+01
-2.006433276832103729e+01
-2.006435510516166687e+01
-2.006433892250061035e+01
-2.006373482942581177e+01
-2.006417158246040344e+01
-2.006436799466609955e+01
-2.006433595716953278e+01
-2.006433151662349701e+01
-2.006423127651214600e+01
-2.006427815556526184e+01
-2.006426972150802612e+01
-2.006433545053005219e+01
-2.006378166377544403e+01
-2.006427864730358124e+01
-2.006432987749576569e+01
-2.006433153152465820e+01
-2.006434485316276550e+01
-2.006429058313369751e+01
-2.006431950628757477e+01
-2.006427547335624695e+01
-2.006427118182182312e+01
-2.006433545053005219e+01
-2.006430998444557190e+01
-2.006420794129371643e+01
-2.006437690556049347e+01
-2.006426757574081421e+01
-2.006431852281093597e+01
-2.006434062123298645e+01
-2.006424508988857269e+01
-2.006393438577651978e+01
-2.006430689990520477e+01
-2.006428204476833344e+01
-2.006429226696491241e+01
-2.006434041261672974e+01
-2.006428545713424683e+01
-2.006437681615352631e+01
-2.006422773003578186e+01
-2.006419835984706879e+01
-2.006424313783645630e+01
-2.006440018117427826e+01
-2.006435456871986389e+01
-2.006404145061969757e+01
-2.006428238749504089e+01
-2.006439040601253510e+01
-2.006431023776531219e+01
-2.006426079571247101e+01
-2.006433621048927307e+01
-2.006383337080478668e+01
-2.006425662338733673e+01
-2.006339345872402191e+01
-2.006400026381015778e+01
-2.006429800391197205e+01
-2.006430768966674805e+01
-2.006434558331966400e+01
-2.006427071988582611e+01
-2.006429105997085571e+01
-2.006423087418079376e+01
-2.006430128216743469e+01
-2.006428115069866180e+01
-2.006434522569179535e+01
-2.006419773399829865e+01
-2.006432223320007324e+01
-2.006424413621425629e+01
-2.006408627331256866e+01
-2.006429433822631836e+01
-2.006421250104904175e+01
-2.006428639590740204e+01
-2.006379650533199310e+01
-2.006426216661930084e+01
-2.006435859203338623e+01
-2.006433460116386414e+01
-2.006434902548789978e+01
-2.006435061991214752e+01
-2.006430038809776306e+01
-2.006430961191654205e+01
-2.006430518627166748e+01
-2.006432950496673584e+01
-2.006407333910465240e+01
-2.006425520777702332e+01
-2.006432546675205231e+01
-2.006432817876338959e+01
-2.006418582797050476e+01
-2.006422486901283264e+01
-2.006433281302452087e+01
-2.006428351998329163e+01
-2.006435042619705200e+01
-2.006429389119148254e+01
-2.006427200138568878e+01
-2.006434907019138336e+01
-2.006430757045745850e+01
-2.006403043866157532e+01
-2.006429930031299591e+01
-2.006430552899837494e+01
-2.006430982053279877e+01
