-5.397223584820737941e+00
-5.397202528739337701e+00
-5.397233534665431876e+00
-5.397177782752220487e+00
-5.397219791893263618e+00
-5.397142651308050709e+00
-5.397218751014019489e+00
-5.397215435848127463e+00
-5.397229717653187819e+00
-5.397233321326303290e+00
-5.397189933411328688e+00
-5.397209835994817517e+00
-5.397199830280171362e+00
-5.397200469308057968e+00
-5.397226506581367822e+00
-5.397231969107227023e+00
-5.397159345478564241e+00
-5.397104638085239436e+00
-5.397217732755867026e+00
-5.397229998088144853e+00
-5.397229912001927588e+00
-5.397213352321828417e+00
-5.397222141238584570e+00
-5.397231308700106034e+00
-5.397231116166364195e+00
-5.397224066025139599e+00
-5.397184909009109077e+00
-5.397205552770895309e+00
-5.397150506841587259e+00
-5.397195324549226569e+00
-5.397231873083284448e+00
-5.397196064614224298e+00
-5.397227377779810986e+00
-5.397230762658651315e+00
-5.397114979926801226e+00
-5.397203127664198519e+00
-5.397220728127059886e+00
-5.397231732185022501e+00
-5.397232020604121772e+00
-5.397225874975128512e+00
-5.396980693093684778e+00
-5.397213088801515291e+00
-5.397221138979477750e+00
-5.397226054898249359e+00
-5.397231679257546766e+00
-5.397228746068626570e+00
-5.396938495236790700e+00
-5.397225241887630531e+00
-5.397183688065917195e+00
-5.397215581663335371e+00
-5.396955657498131664e+00
-5.397225995059255155e+00
-5.397219590623336671e+00
-5.397224637316517359e+00
-5.397231670570857176e+00
-5.397225649346022891e+00
-5.397230161427845729e+00
-5.397223243383653113e+00
-5.397232497508203330e+00
-5.397228535692874196e+00
-5.396966090781768699e+00
-5.397089614290131010e+00
-5.397227846833260401e+00
-5.397232176428440553e+00
-5.397232481323245956e+00
-5.397209399430494159e+00
-5.397208947798423750e+00
-5.397228386121772914e+00
-5.397205754783551690e+00
-5.397227317519185164e+00
-5.397189676604905451e+00
-5.397211596188793870e+00
-5.397217672915297193e+00
-5.397232477179222165e+00
-5.397220734700924005e+00
-5.396939608859367965e+00
-5.397160310677442396e+00
-5.397202367587329519e+00
-5.397207765257744150e+00
-5.397219195679577197e+00
-5.397225941023000573e+00
-5.397178678562795540e+00
-5.397230108138453275e+00
-5.397210428406350680e+00
-5.397226255614062218e+00
-5.397216848844123227e+00
-5.397224111958258241e+00
-5.397222037777270387e+00
-5.396949978084807142e+00
-5.397227777903907509e+00
-5.397211300991028970e+00
-5.397236414399317006e+00
-5.397229579104521058e+00
-5.397223567846728187e+00
-5.397214397564455091e+00
-5.397156469664966316e+00
-5.397211669914820042e+00
-5.397170703860878938e+00
-5.397235883174886339e+00
-5.397154308396335587e+00
-5.397203872854720252e+00
-5.397230415784975754e+00
-5.397179577165456266e+00
-5.397227092402619775e+00
-5.397221711691327251e+00
-5.397206732576620425e+00
-5.397230197675594532e+00
-5.397206976909694198e+00
-5.397232364323773623e+00
-5.397171668380781107e+00
-5.397214163414219001e+00
-5.397103794708777436e+00
-5.397228127239696249e+00
-5.397215884720332646e+00
-5.397160850002315158e+00
-5.396942757941286750e+00
-5.397068943341730041e+00
-5.397222776784747822e+00
-5.397229711287218734e+00
-5.396977027113408099e+00
-5.397226134296863265e+00
-5.397079819893895625e+00
-5.397176855688680774e+00
-5.397234030502156443e+00
-5.397201358248316261e+00
-5.397227948929210761e+00
-5.396987047295588980e+00
-5.397004010290197051e+00
-5.397214230488094344e+00
-5.397227256774250748e+00
-5.396996822532002192e+00
-5.397223511055864620e+00
-5.397232870320903153e+00
-5.397226184360140344e+00
-5.397229292508496812e+00
-5.397187199661687806e+00
-5.397169646292007350e+00
-5.397221672468827336e+00
-5.396940474376934915e+00
-5.397001442974833196e+00
-5.397229113755897423e+00
-5.397224145751647661e+00
-5.397210905995132535e+00
-5.397034233401564407e+00
-5.397217915075636085e+00
-5.397214399007345342e+00
-5.397037743953955413e+00
-5.397203566802153851e+00
-5.397229573606299624e+00
-5.397055090879796957e+00
-5.397220395914525071e+00
-5.396952119692920213e+00
-5.397107401873380006e+00
-5.397214879438514856e+00
-5.397230884426102548e+00
-5.397229514562986274e+00
-5.397228122364708724e+00
-5.397230337847128467e+00
-5.397230418920096362e+00
-5.397036809012877967e+00
-5.397233210717226726e+00
-5.397229778105653075e+00
-5.397228092335998539e+00
-5.397230390647772325e+00
-5.397227973513914812e+00
-5.397211607976919012e+00
-5.397204766374237295e+00
-5.397232007167497514e+00
-5.397228871176844578e+00
-5.397221026905862473e+00
-5.397228671027890279e+00
-5.397230433065439925e+00
-5.397224802652038633e+00
-5.397142773357615830e+00
-5.396940330170433953e+00
-5.397230778635011106e+00
-5.397229009509302955e+00
-5.397198528276575757e+00
-5.397216935567582752e+00
-5.397167069517172067e+00
-5.397174579759456137e+00
-5.397227864053684598e+00
-5.397229341839032912e+00
-5.397206097627194943e+00
-5.397206070774132058e+00
-5.397228451083535994e+00
-5.396965407742223775e+00
-5.397224529331790421e+00
-5.397217472855823317e+00
-5.397192132761123418e+00
-5.397208773330675058e+00
-5.397150634901092481e+00
-5.397148954993667758e+00
-5.397229268179671635e+00
-5.397221874590369062e+00
-5.397226008258098950e+00
-5.397191497804739058e+00
-5.397216811730150887e+00
-5.397228893914920000e+00
-5.397229590679144096e+00
-5.397214310467995269e+00
-5.397229973297239525e+00
-5.397220381469095329e+00
-5.397231452983484168e+00
-5.397180313239277716e+00
-5.397201092068582007e+00
-5.397233253915527662e+00
-5.397210991018357440e+00
-5.397230392952042877e+00
-5.397094916947854593e+00
-5.397232225073075540e+00
-5.397234814670360592e+00
-5.397233954272832257e+00
-5.397218719428781064e+00
-5.397200201445480516e+00
-5.397211027838580755e+00
-5.397121417904744867e+00
-5.397222354064076022e+00
-5.397235926957824503e+00
-5.397018574977221483e+00
-5.397195429529069166e+00
-5.397229908050812597e+00
-5.397230699671187182e+00
-5.396961483753535127e+00
-5.397217532073543822e+00
-5.397235018069348023e+00
-5.397217803642769596e+00
-5.397183036893911101e+00
-5.397202019173550802e+00
-5.397227744526813531e+00
-5.397219153104706457e+00
-5.397226788821763321e+00
-5.397228588058706755e+00
-5.396973781513265678e+00
-5.397206880645677884e+00
-5.397222390600927788e+00
-5.397229883437825393e+00
-5.397168766660104033e+00
-5.397199303524137903e+00
-5.397222001684951920e+00
-5.397224862957417990e+00
-5.396953101779451423e+00
-5.397214380520580335e+00
-5.397227534857362841e+00
-5.397227533020870993e+00
-5.397038717031873212e+00
-5.397230579815276208e+00
-5.397227943287956187e+00
-5.396833170879426156e+00
-5.397228640236414243e+00
-5.397215855666757101e+00
-5.397224959518457155e+00
-5.397224225285693677e+00
-5.397101719314295387e+00
-5.397231762523079901e+00
-5.397174714779242599e+00
-5.397224105059032162e+00
-5.397222309743907154e+00
-5.397211663361504819e+00
-5.397169774294146016e+00
-5.397229370180078867e+00
-5.397210241549887932e+00
-5.397205611989250862e+00
-5.397228139437081573e+00
-5.397235949034214109e+00
-5.397219959601236461e+00
-5.397094924906696178e+00
-5.397222221491531968e+00
-5.397226332828619633e+00
-5.397229835243670060e+00
-5.397230384521921387e+00
-5.397204030986102019e+00
-5.396953255535223981e+00
-5.397210744259052895e+00
-5.396927341312919069e+00
-5.397235124404355489e+00
-5.396932419341917253e+00
-5.397230857970993334e+00
-5.397229120473091335e+00
-5.397232423829287029e+00
-5.397227755286763795e+00
-5.397214350260464144e+00
-5.397096745393696438e+00
-5.397223165541981338e+00
-5.397230915977324628e+00
-5.397138793706119486e+00
-5.397210526997111124e+00
-5.397217993035813954e+00
-5.396943853557993442e+00
-5.397191946141345120e+00
-5.396937425304813907e+00
-5.397187476675026296e+00
-5.397224321696623583e+00
-5.397227495195131119e+00
-5.397170560994579702e+00
-5.397230756628252912e+00
-5.397233542419477281e+00
-5.397224500483138954e+00
-5.396783814887863073e+00
-5.397222424138241159e+00
-5.396984167920160225e+00
-5.396939669178072663e+00
-5.397229394294222438e+00
-5.397218588445883647e+00
-5.397181087859964421e+00
-5.397135679993061430e+00
-5.397229646207328813e+00
-5.397224118745862498e+00
-5.397109572529540600e+00
-5.397231830101350880e+00
-5.396939643836598854e+00
-5.397231826193208626e+00
-5.397138816815425955e+00
-5.397235375302327220e+00
-5.397232487178184712e+00
-5.397145719345289194e+00
-5.397195729909214812e+00
-5.397226668309892617e+00
-5.397192224143457118e+00
-5.397227211192380913e+00
-5.397221204987556753e+00
-5.397212092869989597e+00
-5.397206116856500202e+00
-5.397221040851680307e+00
-5.397227059814544425e+00
-5.397232586783296426e+00
-5.397233071876975430e+00
-5.397092277298292551e+00
-5.397228506058456610e+00
-5.397216193005085039e+00
-5.397225849224466465e+00
-5.397023112168261250e+00
-5.396934895684650790e+00
-5.397188075942267460e+00
-5.397208998983910710e+00
-5.397222486751256376e+00
-5.397233355624533324e+00
-5.397198213943818601e+00
-5.396953156777429150e+00
-5.396939551445424144e+00
-5.397225441482891739e+00
-5.397227414140027157e+00
-5.397118829699948606e+00
-5.397226133542030624e+00
-5.397015796153035616e+00
-5.397225178935219247e+00
-5.397200881486639901e+00
-5.397227915030436307e+00
-5.397228018732781685e+00
-5.397193439786633462e+00
-5.397036952355072970e+00
-5.397170741033938235e+00
-5.397219246954470862e+00
-5.397199222544400321e+00
-5.397222518742929687e+00
-5.397163303489167951e+00
-5.397230289067367792e+00
-5.397197689725476977e+00
-5.397198195530520159e+00
-5.397229347873863325e+00
-5.396968990086039142e+00
-5.397233634990194595e+00
-5.397214509063570809e+00
-5.397236549350585832e+00
-5.397229968663705968e+00
-5.397226839224407158e+00
-5.397229495816907807e+00
-5.397228186671237715e+00
-5.397109521931668041e+00
-5.397227047988320869e+00
-5.397050908903265665e+00
-5.397224758494916230e+00
-5.397225633276742762e+00
-5.397233942820358621e+00
-5.397229964843722527e+00
-5.397167243651893820e+00
-5.397226034223949753e+00
-5.397221318776445287e+00
-5.396938877562156733e+00
-5.397221941112451127e+00
-5.397002464186944515e+00
-5.397008565443207395e+00
-5.397223084940520721e+00
-5.397097114187482170e+00
-5.397212795365020632e+00
-5.397231652819505676e+00
-5.397213336074940138e+00
-5.397232435003200379e+00
-5.397136354717877005e+00
-5.397195551789724988e+00
-5.397228243794438107e+00
-5.396920341529630960e+00
-5.397230270356413229e+00
-5.397214766808498432e+00
-5.397226983200869022e+00
-5.397221179192175811e+00
-5.397227785941441702e+00
-5.397143836886824531e+00
-5.397223784577855454e+00
-5.397225227367618672e+00
-5.397229495196314453e+00
-5.397102272284297619e+00
-5.397226301592311870e+00
-5.397130675637879627e+00
-5.397212226849042338e+00
-5.397221972119684352e+00
-5.397228639525827987e+00
-5.397229565476183488e+00
-5.397224571535418569e+00
-5.397067531249903460e+00
-5.397206396370785697e+00
-5.397225295132915157e+00
-5.397219116627352875e+00
-5.397228255037871847e+00
-5.397222930250322293e+00
-5.397232526687496978e+00
-5.397209320833968427e+00
-5.397197610899557851e+00
-5.397174848720870166e+00
-5.397229181631638895e+00
-5.397220514141326753e+00
-5.397006332248971638e+00
-5.397228149701135180e+00
-5.397229182444459816e+00
-5.397225631841960691e+00
-5.397186954350393862e+00
-5.397226849579423558e+00
-5.397231949223246339e+00
-5.397213338062136323e+00
-5.397218503446151949e+00
-5.397229324449787313e+00
-5.397235971165966539e+00
-5.397226704466331348e+00
-5.397217779368809865e+00
-5.397225951248019626e+00
-5.397229395712699329e+00
-5.397207552000145903e+00
-5.397230075468046451e+00
-5.397211358470218379e+00
-5.397234766597057032e+00
-5.397223621371926683e+00
-5.396913621662611682e+00
-5.397223738777301882e+00
-5.397230495814245188e+00
-5.397205073599428360e+00
-5.397126989013747433e+00
-5.396906623555401517e+00
-5.397195407792810151e+00
-5.397235528208744526e+00
-5.397224144764492415e+00
-5.397224904015749836e+00
-5.397203612056999944e+00
-5.397220150658393223e+00
-5.397232682116830382e+00
-5.397230525359056230e+00
-5.397228590870492226e+00
-5.397221415825816493e+00
-5.397227333399729154e+00
-5.397211943834844483e+00
-5.397175608463033569e+00
-5.397119131665408354e+00
-5.397234208463731697e+00
-5.397216645311895711e+00
-5.397217915892830398e+00
-5.397231546805323354e+00
-5.397218797358168452e+00
-5.397227604812513846e+00
-5.397222333472133649e+00
-5.397222810752696276e+00
-5.397219105207249790e+00
-5.397223966943419882e+00
-5.397184123396517208e+00
-5.397193031223201487e+00
-5.397217780387720154e+00
-5.397231371854610771e+00
-5.397204703896293587e+00
-5.397229528608415983e+00
-5.397230123664693124e+00
-5.397193116296573834e+00
-5.397203139021996776e+00
-5.397227962203819729e+00
-5.397226374636811208e+00
-5.397224187239519466e+00
-5.397235407065185342e+00
-5.397229059505775695e+00
-5.396991526197565392e+00
-5.397212571834687722e+00
-5.397222238469908895e+00
-5.397221120281374240e+00
-5.397235644353347794e+00
-5.397230398889344194e+00
-5.397215106756499736e+00
-5.397224986942586789e+00
-5.397233116469084990e+00
-5.397199788448358682e+00
-5.397229307106104379e+00
-5.397191453399987182e+00
-5.397233245669983859e+00
-5.397150172329158835e+00
-5.397114003530091964e+00
-5.397207852628137736e+00
-5.397205198442799556e+00
-5.397139695879692667e+00
-5.397121775600028926e+00
-5.397230494929568856e+00
-5.397228042365069811e+00
-5.397192386929975605e+00
-5.397226518776037985e+00
-5.397229030404227856e+00
-5.397198425662252497e+00
-5.397222136919782365e+00
-5.397207446141897513e+00
-5.397227948235842732e+00
-5.397232025201591732e+00
-5.397226789870205543e+00
-5.397235001088268369e+00
-5.397228384149928893e+00
-5.397227455725919221e+00
-5.397231945258861074e+00
-5.397229755886257863e+00
-5.397217573582100414e+00
-5.397231734699128758e+00
-5.397230105830181479e+00
-5.397224462848360105e+00
-5.397201408536722589e+00
-5.397233619261258220e+00
-5.397221619388210989e+00
-5.397229131539702962e+00
-5.397227576578845110e+00
-5.397229761925524727e+00
-5.397227995751505247e+00
-5.397225536957154013e+00
-5.397229522829608328e+00
-5.397213863936697109e+00
-5.397226021338812352e+00
-5.397231480349390154e+00
-5.397223612002426840e+00
-5.397214679176550511e+00
-5.397224885445988107e+00
-5.397225762305941643e+00
-5.397181783286788992e+00
-5.397186814643969655e+00
-5.397230040525891503e+00
-5.397162441733735605e+00
-5.396958302410746811e+00
-5.397208348555155411e+00
-5.396964415700942652e+00
-5.397225242524911870e+00
-5.397227388882354759e+00
-5.397223515707809227e+00
-5.397228151223588455e+00
-5.397227515411036514e+00
-5.397230986958038379e+00
-5.397224221561266688e+00
-5.396884067488531223e+00
-5.397223624316864310e+00
-5.397211133597363819e+00
-5.397228926238970992e+00
-5.397227047508380338e+00
-5.397231511524037906e+00
-5.397234481142872298e+00
-5.397211576689046275e+00
-5.397211074566439670e+00
-5.397229109066826958e+00
-5.397218142611194480e+00
-5.397231245780006681e+00
-5.396933968425908112e+00
-5.397076252834120069e+00
-5.397209624288103136e+00
-5.397045221050149166e+00
-5.397144212949012143e+00
-5.397217496839544992e+00
-5.397212073515805564e+00
-5.397168800639830621e+00
-5.397209550049740123e+00
-5.397226614587787630e+00
-5.397217516494198897e+00
-5.397228062102357171e+00
-5.397217195122612665e+00
-5.397207904876541562e+00
-5.397202470374400818e+00
-5.397189221412610927e+00
-5.397235478356068761e+00
-5.397172071939143834e+00
-5.397059011236569503e+00
-5.397234161411287978e+00
-5.397062275917070551e+00
-5.396988834841124572e+00
-5.397216785739114009e+00
-5.397234437254996742e+00
-5.397230726598425399e+00
-5.397204285244596278e+00
-5.397227678910430093e+00
-5.397218523340086449e+00
-5.397226823054038114e+00
-5.397226931026944285e+00
-5.397207077589848190e+00
-5.397220709184151310e+00
-5.397224447721599816e+00
-5.397213692818332298e+00
-5.397231958235349403e+00
-5.397221696333367014e+00
-5.397217682006032469e+00
-5.397222772372330724e+00
-5.397231618328381053e+00
-5.397216159066601016e+00
-5.396960135593885433e+00
-5.397223468081574715e+00
-5.397215135674462871e+00
-5.397210089692294765e+00
-5.397209742927464582e+00
-5.397225371280416795e+00
-5.397229455206439042e+00
-5.397208515936472217e+00
-5.396943593186375843e+00
-5.397159342093559076e+00
-5.397237304666859359e+00
-5.397220099916796521e+00
-5.397224338377464292e+00
-5.397228823846666579e+00
-5.397225338556084218e+00
-5.397192611283627706e+00
-5.397234719881083720e+00
-5.397149874285843474e+00
-5.397231927089838344e+00
-5.397153787160037020e+00
-5.397229377112632953e+00
-5.397228417722712557e+00
-5.397010983486716817e+00
-5.397210010469480679e+00
-5.397203684658013145e+00
-5.397223253925901965e+00
-5.397219594286338129e+00
-5.397205288096977860e+00
-5.397202274192245852e+00
-5.397225545990855800e+00
-5.397110482186971758e+00
-5.397177767717550978e+00
-5.397223059210598528e+00
-5.397200265858800527e+00
-5.397229185165692833e+00
-5.397228871648510840e+00
-5.397231335997357604e+00
-5.397220394880969607e+00
-5.397206141177337102e+00
-5.397226054220424452e+00
-5.397229310732314822e+00
-5.397227610728586811e+00
-5.397233044567516735e+00
-5.397233723947952200e+00
-5.397221713859026160e+00
-5.397195356393979182e+00
-5.397226257640634017e+00
-5.397205254209040959e+00
-5.397222092898889656e+00
-5.397229094138605632e+00
-5.397110582560889824e+00
-5.397209937784452904e+00
-5.396979840453795418e+00
-5.397225378671173246e+00
-5.397213172517534296e+00
-5.397174376047240152e+00
-5.397230338168150787e+00
-5.397234305650073338e+00
-5.397185828967534071e+00
-5.397224971034717989e+00
-5.397232896765964405e+00
-5.397230984413565302e+00
-5.397122531130799317e+00
-5.397223744430707626e+00
-5.397222391023259291e+00
-5.397217640648552361e+00
-5.397207821384761850e+00
-5.397197820785642364e+00
-5.397081395179027297e+00
-5.397216579625107258e+00
-5.397224953368257694e+00
-5.397204522789683878e+00
-5.396957316162652063e+00
-5.397228062077812361e+00
-5.397184231663669784e+00
-5.397233490592747707e+00
-5.397215698100393588e+00
-5.397225420891243353e+00
-5.397153215420424921e+00
-5.397218155991293287e+00
-5.397097515290648850e+00
-5.397234358745385485e+00
-5.397227129767512288e+00
-5.397229793066563808e+00
-5.397227367282281030e+00
-5.397225950915233383e+00
-5.397222769873699200e+00
-5.397116274880374043e+00
-5.397223727669702598e+00
-5.397205757336570819e+00
-5.397233500671524631e+00
-5.397221929427558962e+00
-5.397225736600026913e+00
-5.397228736296640683e+00
-5.397224493871654261e+00
-5.397224224924233482e+00
-5.397221875076177788e+00
-5.397230706260838673e+00
-5.397206069156913699e+00
-5.397224853610933515e+00
-5.397224344735752410e+00
-5.397007735252404181e+00
-5.397231211423942909e+00
-5.397225879001945614e+00
-5.396926921368105035e+00
-5.397227271291090922e+00
-5.397230814200091764e+00
-5.397227084421825971e+00
-5.397232111688110123e+00
-5.397162052704488566e+00
-5.397089352526029948e+00
-5.397216590638032940e+00
-5.397220721578457336e+00
-5.397235670189653334e+00
-5.397230598256058443e+00
-5.397232219914654294e+00
-5.397226674198966734e+00
-5.397224617795666646e+00
-5.397231736747448494e+00
-5.397196462533297989e+00
-5.397234159480552407e+00
-5.396944118503871124e+00
-5.397208488814993821e+00
-5.397194402861385853e+00
-5.397228876594382108e+00
-5.397208504663613127e+00
-5.396930461430970993e+00
-5.397217877365699579e+00
-5.397232211022124915e+00
-5.397227976355862822e+00
-5.397220987924693070e+00
-5.397213527440573699e+00
-5.397174876290733891e+00
-5.397230039677296531e+00
-5.397220612564893827e+00
-5.397230964982486334e+00
-5.397220662338270358e+00
-5.396941787048081807e+00
-5.397200664609857590e+00
-5.396973199015603129e+00
-5.397121798837702045e+00
-5.397229896714097030e+00
-5.397142883846562711e+00
-5.397227404484246094e+00
-5.396949703329585013e+00
-5.396946297216264732e+00
-5.396993408775934142e+00
-5.397223661921884741e+00
-5.397226642544941555e+00
-5.397230810350761132e+00
-5.397231466322784499e+00
-5.397233142498087943e+00
-5.397225864619542790e+00
-5.397229276632472761e+00
-5.397202471475000429e+00
-5.397223932736492813e+00
-5.397222346261585812e+00
-5.397019239770329158e+00
-5.397227198192218189e+00
-5.397227658538075623e+00
-5.397028258621729968e+00
-5.397155325816448190e+00
-5.397212673773451819e+00
-5.397100843656923885e+00
-5.397215595095707918e+00
-5.397227094669911018e+00
-5.397192584193835074e+00
-5.397233651215865180e+00
-5.397219082526198086e+00
-5.397234148330587900e+00
-5.397204313207875082e+00
-5.397224605334201009e+00
-5.397227444049386591e+00
-5.396929510660438467e+00
-5.397232357956369242e+00
-5.397225223203693467e+00
-5.397175123527278906e+00
-5.397227816297530012e+00
-5.397212146540625533e+00
-5.396976749461603440e+00
-5.397231016928916603e+00
-5.397233268492334979e+00
-5.397224910549906163e+00
-5.397227237489306439e+00
-5.397230329184031561e+00
-5.397212299032053906e+00
-5.397154666530261657e+00
-5.397115947436851968e+00
-5.397090974402841468e+00
-5.397184732727658307e+00
-5.397231822043792704e+00
-5.397226388526024543e+00
-5.397141912730330837e+00
-5.397214681595993824e+00
