3.765946646902371686e+00 1.801720435334624559e+00
2.168643710729340146e+00 5.705987839231265291e+00
5.284396224601196401e+00 8.582569659758809699e-02
1.334658065268292226e+00 1.281210927157067303e+00
8.282465102060605489e-01 6.277827224706630460e+00
6.732074307888200604e-01 7.635845448696053639e-01
2.411496477503685121e-01 1.122824387870191787e+00
9.441388991810456544e-01 2.552877684491708710e+00
4.714603584669082359e+00 3.803337534855645519e+00
5.980855225477905712e+00 3.052573812557476618e+00
9.095662106144675185e-01 4.108364506240604008e+00
5.748994645900165956e+00 3.315094022628807924e+00
3.959841132509994033e+00 3.792151980846460158e-02
5.255236290889931716e+00 3.869349788000306045e+00
3.488877027067498915e+00 2.517346388232275078e+00
6.265697187147535097e+00 1.925101145823547577e-02
7.814213874560824169e-02 2.484542215774652618e+00
2.039398664077996859e+00 5.403438791172288092e+00
1.267903637012646856e+00 4.211798798682306000e+00
3.972779722880878328e+00 1.112396664127313223e-01
4.043471984980905987e+00 1.226621169119634258e+00
1.767913000885973585e+00 3.564214331984153272e+00
2.231518971833493126e+00 8.664465301653466733e-01
2.801850788336932130e+00 1.804409912196558441e+00
2.978340390519926384e+00 6.595206388134576825e-01
4.382176456088734184e+00 8.850405443625852797e-01
3.219875990472247818e+00 3.310542128557869730e-03
5.102849576031568191e+00 7.607546902525794685e-01
6.152527843190170209e+00 5.751624785252493766e+00
1.425816358974716591e+00 5.388947359469367981e+00
4.885857904788475814e+00 5.504990295030392389e+00
2.108627716501707994e+00 2.192019711625861067e+00
6.239776883548308284e+00 8.752855140887580987e-01
4.055154088920110311e+00 1.319667643773922983e+00
9.487682592754029809e-01 8.656213118774990223e-01
5.465003841814051633e+00 4.808049517329010314e+00
2.680411885072775835e+00 3.964993897351106078e+00
2.090745759553254146e+00 4.339697918752809969e+00
6.261250563892434506e+00 4.834094864980101214e+00
1.829703025251756321e+00 2.464360366098005350e+00
4.884290602063736664e+00 4.660172850179176152e+00
9.846643116155358033e-01 5.379380012560521784e+00
4.304618010554343677e+00 1.199684345193921864e+00
6.177064283800564048e-01 6.626658083896884432e-02
3.559050490278060863e+00 6.868406093127047418e-01
1.800038434086351558e+00 3.074356501730743929e+00
3.948056343928523670e+00 7.858485784612380398e-02
1.456923373356624918e+00 1.729309305014111064e+00
7.956122811300838649e-01 4.313504883877039120e+00
4.231030225724689231e+00 7.610274562063956694e-01
5.469792030019927864e+00 3.996954493843798417e+00
3.524601176237703193e+00 5.396931876742915080e+00
5.176019735521889764e+00 4.543429348403317469e+00
2.224276545502108071e+00 1.384947437802042103e+00
5.229485408750830899e+00 5.272460642639267725e+00
3.682756468826963836e+00 5.324858262786342777e+00
1.020551831492850114e+00 2.976653207367602860e+00
5.065371949055026413e+00 1.063925319055152530e+00
4.312506629616175702e-01 3.512196885965675364e+00
2.003843156101682510e+00 1.350664895262507326e+00
9.241142176931664842e-01 1.613416589361821585e-01
1.411318074973217707e+00 4.344511514819475728e+00
6.886365556282483258e-01 3.702067615341662510e+00
4.033390409887015693e+00 8.550856137717638417e-01
3.498999260164648906e+00 3.291970779508420542e+00
2.892631817079825418e-01 2.680561289980801565e+00
5.559239410745722587e+00 4.199151441279669328e+00
5.261658530632038477e+00 6.250516013271821159e+00
3.938264480180524441e+00 3.701115384975960598e+00
5.039108903147171858e+00 8.091060853145392029e-01
2.219420016777917670e+00 2.769730103955139633e+00
3.145823979263115966e+00 1.040830368438161457e+00
2.505246415810824967e+00 4.922868964809470782e+00
2.187359054962494387e+00 3.721295300501207937e+00
3.478665902138140087e+00 3.573611475388397629e+00
6.092397761931938049e+00 5.400008935932730125e+00
2.211269040317760837e+00 3.469271867755324923e+00
2.404970624390275091e+00 1.886208590775003469e+00
3.373386607902740142e+00 3.084812960913755564e+00
6.123967293746005680e+00 8.731976582781244556e-01
3.228391718528980547e+00 2.126122804594434257e+00
4.964777239257116115e+00 9.039502493017490536e-01
5.755679051275500058e+00 2.006774550915560784e+00
1.193473115562381226e+00 3.490247316486724483e+00
1.190732620660168273e+00 2.615575049245806305e+00
2.262361976136034070e+00 2.722594172877745855e+00
2.556940606649757086e+00 5.536919113505975432e+00
6.215773940368321426e+00 2.262664154658361237e+00
4.982295069812966659e+00 7.308278828339586086e-01
3.925633970296343200e+00 2.109012793187726054e+00
4.166435247166738520e+00 3.947238361477170887e+00
2.123294435231724453e+00 3.583273906470281212e+00
2.498019483279640962e+00 5.238602252076031363e+00
3.805736887852170902e+00 3.546333216679718792e+00
5.554133888513894668e+00 5.677348501045298867e+00
2.865821343109810071e-01 2.637126859246807786e+00
4.577493716363003173e+00 4.010352352702966527e+00
4.631460055777320561e-01 3.362888331915160567e+00
4.469359863440684144e+00 4.970085114261747483e-01
5.907741410353589018e+00 4.647833616451411132e+00
5.318222016451785272e+00 3.523622681198499418e+00
9.957986158945639765e-01 2.700487903893423525e+00
3.829171606183680687e+00 5.053110261145181248e+00
5.605287530812431918e+00 4.882444231747826713e+00
1.560878597819856717e+00 2.101913770417582761e-01
2.596026110980539592e+00 4.637091938639420263e+00
5.282008661431688346e+00 4.956733813217596207e+00
1.607377116849170395e+00 5.192679699120533954e+00
1.825322744001214081e+00 2.862522663332190298e+00
5.132622807256145059e+00 5.793116639906010334e+00
5.508824993881628274e+00 3.082149664337710426e+00
1.737376154067098000e+00 4.538409742033657324e+00
1.869545938654318729e+00 2.723413658040958474e+00
5.178683640975432212e+00 2.511124500937738979e+00
3.936944733373468619e+00 1.238048874044973546e+00
3.760308176033887673e+00 6.153015934531259390e+00
3.145181736746492263e+00 5.353703136406920748e+00
1.727192350108182950e+00 5.846350722868557170e+00
3.779690614787938774e+00 4.323760419518727360e+00
4.907370179781715969e+00 1.560730302228747535e+00
2.039089102220863037e+00 5.521348137256346433e+00
3.379389239427102343e+00 5.232129446758972513e+00
3.129200976313938121e+00 3.468547962597633649e+00
1.017193713767015284e+00 3.038254355847581856e+00
5.273255502371465564e-01 3.683449872795496294e+00
2.493290183718048780e+00 3.335721535463398002e+00
2.284381268983933566e+00 1.542572717014555561e+00
1.835477221287790339e+00 4.481818545434637535e+00
7.887221348438013813e-01 3.501216510502251911e+00
1.676872786002575832e+00 2.791256718721524699e+00
1.136731716115629176e+00 3.616588206912589420e+00
2.240773552982466388e+00 6.216670318371896542e+00
4.447341278794334940e+00 6.151537230982591531e+00
3.619321033607921123e+00 2.657709788743122026e+00
1.112189928801035288e+00 3.984143291113832142e+00
7.467509971184933537e-01 4.539459367039236914e-01
5.079718506049851534e+00 9.104191926953546510e-01
4.881703102940482708e+00 5.463905052542436636e+00
4.972567947976306080e+00 4.713268934701061674e+00
5.636713924644243257e+00 5.607409526821558465e+00
1.545634804166864607e+00 6.048719297797989780e-01
1.378644709485463249e+00 1.122451715978760811e+00
5.396088311663724824e+00 4.205227864064785548e-01
1.682020966956679464e+00 4.990113313702794429e+00
1.312392781111310081e+00 3.133860450339745807e+00
2.256835622971587796e+00 1.678755605801991457e+00
3.547016256606177365e+00 2.770189097555907587e+00
1.029734675996644144e+00 1.746836912320188562e+00
5.711715872783170056e+00 6.013733612850119314e+00
5.943202896061204221e+00 5.594458782656011042e-01
1.388881901184650491e+00 2.948171511609372519e+00
4.632160055565177181e+00 1.666910398389656267e+00
4.326280071603846977e+00 2.480693774006194285e+00
1.358587488013189293e-01 3.307589016132315596e+00
1.316012100394649664e+00 4.286632947890355538e+00
2.573939373987322310e-01 2.601637556245800731e+00
1.164507697982624101e+00 1.616554288867076083e+00
3.891009623225864633e+00 1.543378298136974802e+00
4.607539496253634681e+00 1.872723736234899183e+00
1.605568065490399210e+00 4.552446436334404822e+00
2.596621763123422966e+00 2.224804811358220835e+00
1.707755342610802973e+00 1.391737852743613502e+00
6.201638270061134328e+00 2.413577864528447581e+00
3.648413939179374843e+00 1.595173491803569821e+00
5.816735183515276297e+00 1.491033188907787466e+00
5.933182690620319555e+00 6.069652354837266728e+00
4.724621279497986492e+00 5.240361289783483478e+00
2.573388277118803025e+00 1.682441257948651625e+00
2.314680448853158046e-01 2.170499162562578022e+00
3.749657436925324383e+00 3.593755784732400316e-01
4.730772080154263537e-01 2.204760796026277614e+00
1.104466822901724710e+00 3.475644013127985765e+00
6.910946929843371223e-01 2.437176888102787764e+00
1.519589062759514775e+00 3.694143913039028781e+00
4.422438320198314621e+00 4.701372957573646261e+00
5.226487193240565432e+00 2.030902950378447258e+00
2.170825772493112815e+00 2.780425168394098367e+00
3.449086423418770142e+00 5.656592452845255359e+00
4.082116592358497442e+00 5.608374734304661935e+00
6.251262567556688410e+00 3.650805445959611983e+00
5.615708436227703437e+00 2.893554296283196159e+00
5.146550359011620834e+00 3.819285649495904433e+00
3.512584229430744553e+00 4.892503515351479315e+00
4.379745600642244163e-01 6.235855867494609406e+00
2.798737421099326994e+00 3.769909135136888079e+00
5.958000653375936650e+00 1.142962408760131110e+00
1.957699390283897056e+00 2.707382384359060534e+00
6.099951923199151693e+00 5.384489958410577870e+00
3.953759365853041885e+00 5.004772866633285133e+00
3.626109920235161876e+00 4.434691500963691801e+00
3.643336437542243011e+00 5.323836136944458453e+00
2.372264411689003705e+00 1.753359840718155871e+00
4.644686652811154559e+00 9.875539568112148836e-02
1.265099676677839291e+00 2.685926232361447674e+00
4.371125122480617797e+00 3.951236481154897451e+00
1.585362787844826427e+00 3.966582628615423989e+00
5.775630143791904203e+00 9.930140913028807637e-01
3.510560056893581748e+00 5.667388118947335407e+00
4.818375451805031240e+00 3.623916410186787673e-01
2.840571851739390197e-01 6.066221376107261420e+00
3.328432492208634130e+00 3.283641468573635702e+00
6.206047919289231274e+00 4.702153318975748064e+00
2.205853910539797624e+00 6.015273275954416299e+00
5.072576050451379714e+00 6.939042403216244548e-02
4.051122394080076461e+00 3.382181785608932012e-01
1.671196152623630193e-01 7.703171427441223296e-01
1.182347814597696445e+00 4.587067910452864439e+00
9.645064318233154133e-01 9.751603338750177707e-01
4.754736693764736621e+00 5.040844601725513741e+00
4.906710447801161834e+00 5.955621810479834188e-01
1.781158839438650388e+00 1.499173877654520481e+00
6.235222749396718278e+00 3.334361808083539103e+00
2.090142315379202920e+00 2.707447964587208933e+00
3.789940627236554338e+00 3.624326341357832604e+00
5.299010708035525319e+00 3.927315584110387281e+00
2.876786990491949081e-01 2.338837299585919016e+00
3.736225233966054660e+00 5.703953655351920560e+00
5.473229564940305103e+00 2.213604927434717595e+00
5.153155188903792094e+00 3.543617180424761592e+00
1.891428347703897561e+00 3.172948977089968370e+00
5.892104306575154382e+00 4.275677147547726875e+00
1.029203846836483915e+00 5.986029321594263375e-02
5.915424736598640543e+00 5.374982615252872353e-01
3.861821280881326590e+00 3.222231087691623141e+00
1.347516954342156570e+00 5.645063099417185093e+00
7.744618564947159944e-01 4.688093647879187031e+00
1.712107850628900252e+00 4.933981534532722590e-01
3.610244557788995667e+00 2.017530126000296686e+00
3.004943224656932976e+00 3.024612508328814897e+00
3.609223192330497820e+00 4.344909568816397005e+00
2.262640654876387991e+00 5.159266902673016908e+00
3.483958099565923838e+00 1.409054755016836635e+00
2.722078126778121554e+00 2.729304606149018930e+00
2.471426797270205977e+00 4.733462372173459443e+00
2.220675522959965953e+00 1.429970011334570634e-01
6.142989923040353517e+00 2.870536210031191526e+00
2.180976082701949093e+00 5.814695744982476988e+00
4.427937478845523245e+00 1.022548255526229743e+00
1.654397978791998014e+00 3.758555741479790324e+00
1.417361018196436895e+00 6.081429358007128805e-01
5.244883648156656974e+00 2.199844709432246859e+00
4.424254004978375399e+00 5.342394493319991611e+00
2.766332058468960131e+00 6.151386927077425071e+00
3.347421942045127441e+00 5.799441881661625331e+00
5.062116339631534956e+00 5.608596576371720488e+00
3.175091539178340305e+00 3.161747764315502862e-01
1.944180285753391857e+00 3.776516927482850949e+00
3.483448966044067063e+00 1.831928502497365274e+00
1.500273262099050209e+00 5.756495506205324686e-01
3.153118502917068078e+00 1.213304322768011916e-02
4.598286833643856042e+00 3.023836807534146409e+00
2.506485496518506828e+00 5.839447817502617433e+00
3.662508168728580760e+00 1.120558547677826144e+00
3.616514158920681510e+00 3.329825001726050893e+00
3.003301274171809254e+00 3.791557540672261251e+00
9.249509949839592737e-01 1.867224550298128172e+00
5.870213400103702739e+00 1.998816166459736143e+00
6.025039205774302964e+00 1.303999802126800445e+00
1.552472083258521929e+00 4.174788394610668973e+00
3.831005040883240564e+00 3.459905914666849824e-01
2.131720510850260708e-01 3.560958492599333614e+00
3.876702416519877570e+00 4.786744993030103146e+00
6.251374068209104351e+00 3.598759886966485411e+00
5.943986514729501458e+00 4.047664179395352946e+00
5.265089474362902422e+00 5.089619273304023750e+00
2.002543983009235529e+00 3.887849308482684396e+00
2.326058401093072270e+00 2.842100078402861607e-01
2.537233058943615838e+00 1.305879345805560199e+00
5.000737921482576454e+00 2.889411564595729232e+00
3.998435625641864277e+00 2.600556214860224813e+00
3.705443228353928031e+00 2.537788968227240094e+00
1.835748430781641849e+00 5.074161824377558361e+00
6.354839426765708232e-01 6.051732792557842799e+00
3.058546173632388232e-01 3.586291284799188350e+00
2.108483285837050580e+00 4.897537909686399793e+00
6.012764793424194565e+00 9.155183731089897581e-01
3.183811450985605251e+00 4.649654430899023083e+00
2.859045169343050308e+00 2.075583539631505658e+00
3.855010024750544328e+00 4.564578366530984255e+00
4.374219413321450700e-02 2.104673830383589350e-01
6.256417988048688983e+00 4.658570799247114813e+00
1.872584674897388890e+00 3.491518561218101446e+00
2.839594501580981582e-03 4.891342854240092741e+00
3.009754747682831688e+00 1.772836678454211556e+00
3.811414322848563629e-01 1.576362668593917382e+00
5.588883637164077989e+00 6.017563691085598521e+00
3.347791921023234529e+00 4.180862602757816404e+00
3.813456380441414773e+00 6.206569645845248395e+00
1.037496012789238753e+00 4.022136086249227027e+00
3.525664740548926535e+00 5.338257603521058492e+00
1.219158101418291507e+00 5.400779733302594643e+00
4.248245163377015743e+00 8.760837977290348855e-01
1.462933575072426162e+00 4.166639630497139812e+00
1.396928799408589050e+00 1.450635518610326136e+00
1.303254154685222765e-01 3.338853731147785719e+00
3.910761246700277916e+00 3.698057107786591580e+00
5.128365988690250177e+00 9.710680404905019936e-01
3.855180941241719506e+00 2.597489212128734515e+00
5.897169503129985335e-01 3.326229107525641382e+00
9.525267421687828584e-01 8.190190681674189843e-01
9.843047238090411044e-01 1.133292983908048779e+00
4.388105170434768887e+00 5.753384508662064967e+00
3.112216403204451698e+00 2.389450821098741073e+00
1.709974040942244145e+00 6.255003458191996657e+00
3.813978165706820356e+00 1.921701754980500887e+00
2.834976966286191224e+00 1.329603462185803719e+00
4.845964702077865560e+00 2.327098192940454613e+00
9.478646078456410828e-01 1.767050101123136097e+00
3.934810444347870417e-01 5.614543040879322433e+00
1.251166768651768901e+00 4.562410278385532258e+00
4.805481508991010564e+00 3.522780167828718056e+00
4.815668225241746647e+00 5.885426132248129605e+00
3.260230446495805179e+00 7.147811028368548092e-01
1.716902903218513243e+00 4.302410118572990605e+00
6.673705714611443129e-01 3.244736483465330057e+00
2.060178929844822981e+00 3.912171436779348088e+00
2.974648656610667352e+00 4.292367990231483077e+00
6.221868610388082921e+00 1.730977654411273825e+00
2.541272319254449741e+00 4.182859881130513102e+00
2.413801538481645803e-01 4.729262121924220907e-01
3.730217556377631194e+00 3.854292782582231958e+00
4.576241112742261308e+00 4.424355479791491241e+00
3.289845620849492835e+00 3.477305909305502318e+00
7.184416154751881445e-01 5.509668249673180362e+00
3.713140605402289296e+00 5.869238797934760221e+00
2.743590559915805027e+00 4.091009894586119522e+00
5.985605162388063505e+00 3.976671647724050906e+00
3.992222751333906139e+00 5.206760021435331787e+00
2.611231463222577265e+00 5.878129638741239837e+00
5.347996405749105620e+00 5.227337067722126029e+00
4.419042747390201420e+00 1.763969676932194197e+00
3.290254225136855837e+00 3.785735641996640588e+00
4.130532345453399756e+00 4.722213193131494791e+00
1.283604232932233025e+00 4.556724882353848649e+00
1.230062535969842941e+00 1.891993494391190467e+00
5.697974969291648151e+00 2.505317150976585694e+00
5.274393112239067705e+00 9.178132583258262478e-02
1.875768417687339040e+00 9.878306990250597108e-01
1.998608658990380649e+00 3.652687091451217949e+00
1.884481538128153222e+00 5.737116103842853754e+00
3.150154866090453809e-01 1.444212885497914378e+00
4.794121434659363246e+00 4.770348898092152012e+00
4.377833444262476448e+00 3.596561716396601049e+00
8.011560206906246373e-01 4.846569320231974842e+00
8.600619566806826377e-01 5.790775524608029023e+00
2.143377701605730656e-01 5.501370628220105807e+00
3.659953968812195146e+00 5.202426946165182642e+00
3.309751095437848623e+00 8.115347334272631219e-01
2.615942719928183280e+00 5.833456557177704838e+00
5.636568813315505189e+00 6.105296961663841948e+00
4.924502638181382785e+00 4.143842518011180864e+00
5.724595159183000881e+00 3.742499311365604875e+00
3.933331851120758671e+00 3.347860065997906975e+00
1.899547739491994180e+00 4.991403728277479246e+00
3.317882178076251520e+00 5.699635979290831322e+00
5.032670652585985671e+00 3.430587828819311014e+00
3.320565390286763230e-01 6.044715240037806803e-01
5.590493530802624456e+00 4.673070828441325375e+00
4.465151782413641079e+00 2.949872740148729466e+00
4.373878402092345574e+00 1.519381547312844694e+00
3.388310673346630164e+00 5.255455015849157085e+00
4.535954285146067910e+00 5.026041098921272265e+00
3.689024925365431695e+00 3.309877307810836111e+00
3.574025607015385742e+00 1.316207266048628366e+00
3.959213500461119306e+00 1.169089991421527142e+00
1.800722708642309211e+00 1.825941433681484538e+00
4.969526743449406703e-01 1.075115297886259924e+00
6.270034601836112387e+00 3.549351275388596072e+00
2.602845313770142610e+00 1.265697073096449243e-01
5.963558424380530631e+00 1.461016965862058203e+00
1.837811011458843291e+00 3.764854557796374124e+00
2.644757351432717840e+00 2.962904578329609073e+00
6.190274218647651594e+00 6.268771828534023705e+00
9.881949932477503973e-01 1.449233423175382951e+00
5.447943483444099844e-01 8.795629475193765812e-01
2.648869299064852689e-01 3.608670788375432981e+00
1.612021037205940477e+00 3.757735254523853374e+00
3.947737802725176159e+00 4.797725461802388125e+00
4.359100174730990318e+00 1.485118168614607770e+00
4.799049851747276385e+00 6.646792420644939137e-01
4.768242911477661217e+00 2.372221449532410986e+00
7.168598962928685037e-01 3.175733238095795663e+00
5.585110264695978266e+00 2.442370532672295091e+00
4.268507645506957715e+00 3.861988950473987381e-01
2.068818047477497313e+00 3.440150953589824923e+00
4.548277386958587520e+00 4.639943916652716993e+00
4.142957094600133061e+00 2.897824649597352309e+00
1.617335189788974281e-01 4.783047396019992625e+00
2.217794451776440745e+00 2.767437003782061478e+00
6.773489951639257711e-01 1.168926881224672254e+00
1.373143926507235379e+00 2.299768849753343503e+00
2.659535177035758924e+00 5.158318206220780411e+00
6.120008168425113304e+00 4.242028472480109613e+00
1.034589965125700228e+00 2.418683275739262228e+00
8.584121248756743094e-01 4.327045868085336089e+00
1.561882703208144596e+00 2.997316589403516751e+00
4.720189398484956556e+00 2.011479041939796986e+00
3.884576063510368105e+00 5.664050037261814552e+00
3.169221257958697358e+00 1.774948213151168686e+00
3.110227492441028918e+00 8.221984612286226124e-01
1.910013456852204916e+00 9.674719379580734024e-01
6.148593000319432456e+00 3.639730254951662580e+00
4.000019183431274605e+00 1.710537611159505644e+00
6.118204622246463664e-01 9.718822858071965998e-01
4.342751559503862602e+00 4.332499922317271768e+00
5.926739188490959265e+00 2.645375981623674377e+00
1.546008154265869683e+00 4.009637024937205418e-01
2.336100790065761545e-01 2.394657227869517069e+00
4.066234473088260692e+00 8.846420286690521717e-01
2.977483551944198226e+00 5.958129578256810888e+00
1.015613768985192289e+00 3.324717676800302169e+00
3.552273211323117241e+00 1.300114305879544352e+00
4.647910798115008291e+00 2.648156630680591928e+00
2.983968784044543021e+00 1.536815155205839556e+00
3.020201414333264722e+00 5.567634291338572794e+00
2.006364934391493271e-01 5.273832575580298609e+00
2.778277704707139861e+00 3.099970526101922808e+00
5.920460155910245881e+00 3.922143350733708012e+00
1.961926742868907558e+00 3.393547413723476680e-01
4.862946236123002031e+00 2.029598326797120045e+00
3.810693267401644935e+00 3.841795335910220821e+00
1.143007509653603870e+00 6.067782213541053515e+00
6.259622936071313148e+00 8.276238658195814724e-01
6.128319363654855856e+00 3.785384835971794093e+00
5.714454232122548660e+00 4.791701940566276186e+00
1.425903015651924566e+00 3.314584588868362047e+00
2.428362219011442225e+00 2.434474291186857098e+00
2.956579057124180121e+00 1.916007951935404519e+00
5.518267151785765101e+00 3.029409260907006907e+00
3.389123588042564528e+00 1.953701371228429906e+00
1.234419336772522691e+00 4.896571245190138588e-02
1.698194127790608299e+00 5.773530317588162042e+00
4.016502714054905887e+00 1.142834712310920597e+00
5.462981247216028180e+00 2.629686574634825247e-01
1.588660659937015218e+00 9.100498461957027274e-01
8.214044262409889718e-01 1.401860622621742269e+00
4.434953448214363547e+00 5.070651752662828748e+00
3.643234057918852020e+00 4.665915952120041510e+00
2.656564174338828521e-01 1.163823657967451464e+00
3.102446650948178064e+00 4.145637749626334134e+00
6.836060273182129055e-02 1.913301198334040401e-02
4.837417536343372682e+00 5.922502913281487480e+00
2.299702921525147992e-01 4.691885179126276673e-01
6.336678024293395106e-01 1.887080763159643126e+00
2.745382608741641306e+00 4.740430421407483053e+00
4.788896370693873195e+00 5.152511282330642928e+00
1.443000743296865895e+00 8.756748649758026026e-01
1.121028815402369094e+00 4.350071951344808951e+00
5.698629291799723884e-01 5.867144445348379200e+00
1.390537162065170973e+00 1.112471078389109413e+00
5.910657321786310980e+00 3.024260162170746113e+00
5.486483685717119307e+00 5.168404590558595579e+00
2.555948158499636413e+00 1.496516103182963464e+00
6.129035387490523235e+00 4.500972419298525651e+00
9.063824122868566757e-01 1.491047402519069864e+00
4.373755152301244564e+00 6.114164964033010463e+00
1.479143930507017979e+00 4.913429462258845914e-01
4.535979276086496981e-01 4.433689868581277338e+00
3.009170135618741249e+00 5.143564000087510912e+00
5.575275538005948661e+00 6.239215438345898868e+00
5.853374116303278640e+00 3.505298749895002342e+00
4.333683996840764330e+00 5.413394994257678228e+00
4.395735673435878788e-01 5.353596219923090871e+00
1.065212486510658030e+00 5.843968704914999535e+00
3.731900256159035756e+00 1.615052320465570013e+00
8.081991194201693096e-01 1.074935068034097663e+00
4.949350353287437221e-01 3.354675047319952697e+00
3.059506036093471160e+00 3.733782708463975641e+00
3.131423884711961314e+00 1.993359338755515964e+00
2.075186010375689616e+00 3.697949076625825171e+00
5.932012768339431474e+00 4.625383716791354516e+00
3.930760857670340780e+00 9.822157065573181578e-01
4.659113547094498209e+00 3.984668293193910138e+00
6.162339576760541782e+00 4.643745296575610304e+00
3.897103628677789811e+00 4.792152431631325982e+00
2.681917294975419530e+00 3.506827237752547788e+00
4.040873905361610952e+00 1.976733976885654887e+00
2.285863592108618558e+00 2.611530809315497415e+00
1.454715119604909068e+00 5.236277216881412677e+00
5.326092781606005744e+00 4.724390384738853532e-01
2.277655987554783490e+00 4.508137494475614737e+00
2.237995368746697356e+00 2.054043684060341768e+00
2.192274102042694572e+00 3.615881429063602104e-01
2.243823539214921947e+00 5.186857597900166539e+00
9.205659266110163275e-01 1.571719560381624303e+00
4.914684211285096360e+00 2.798470350686560471e-01
4.473277534885881757e+00 9.785982349455586427e-01
2.550302120160867214e-01 4.268538011193787618e+00
2.633892962654831305e+00 9.044344571055304982e-01
6.209732355972399809e+00 1.984970613426260133e+00
7.879621943962069608e-01 8.539980486991622932e-01
2.367362700281386179e+00 2.969577804845997093e+00
4.844535798922026792e+00 8.056488032658154497e-02
1.326427896189132039e+00 3.154548116876568109e+00
3.972316235289837794e-01 4.695743508591601056e+00
4.742185424476097921e+00 3.890721876692823322e+00
6.098663329113524156e+00 4.962755254574712893e+00
5.995235227592704552e-01 4.460961522395790801e+00
3.128931672364984706e+00 3.065047583775815987e+00
4.292280987123219482e+00 1.849331152290033753e+00
5.787189455507283364e-01 3.190554056561599960e+00
3.701736306570585278e+00 5.274935850791114156e+00
5.865481815149061084e+00 4.670739078785830500e+00
9.257366944189463487e-01 2.158004379361392111e+00
1.242704270823162371e+00 3.956674211442458677e+00
4.260948381038159871e-01 5.747042418943991926e+00
5.936444792973459172e+00 2.945055951817873385e+00
1.482466607396308866e+00 1.648153488460804894e+00
3.485276307436204313e+00 5.613410910520022945e+00
2.621089595335908129e+00 1.559376981639439552e-01
4.612415797616296942e+00 4.713967198615897303e+00
4.457136712773316134e+00 3.562201658784804437e+00
7.575276590383599462e-01 3.344844703525275964e+00
5.952823375038247988e+00 5.231274456851759069e+00
1.275933923772593515e+00 4.570361630932738561e-02
7.724111456934144027e-01 4.583423623395820989e+00
2.323332867445401018e+00 1.946143273437531018e+00
5.762070258046762206e+00 4.719052954842158698e+00
4.952259567869270462e+00 1.685568334104808441e+00
4.740599047033680513e+00 4.430466602687956446e+00
5.413095299709714148e+00 5.610740040250199456e+00
3.948003722054879372e+00 5.884310236708560460e+00
6.129996910822621992e+00 6.729850597818035629e-01
3.225734728696192821e+00 6.259862986706209220e+00
4.338690831593188690e+00 7.467964688916229887e-01
1.004603902027269458e+00 4.823898821974600182e+00
1.252073820927428693e+00 6.551883721217212075e-01
3.216333703805995370e+00 1.568408549885315750e+00
6.247983663455580761e+00 2.363991966148957680e+00
3.383854617475829496e+00 1.677289271807228255e-01
3.950614485538011866e+00 5.926981424708912982e+00
4.706987901640712124e+00 5.739474515157605872e+00
1.813906215720094028e+00 5.477190366955844603e+00
1.116876550601673790e+00 1.734440119482878684e+00
3.254142383695579621e+00 4.278606005570250836e+00
1.615830022664374477e+00 1.675524399463802716e+00
1.009111156649973751e+00 6.202030848077072278e+00
5.826879862405316413e-01 4.502026150300284968e+00
3.506707067581834369e+00 4.044585848811996343e+00
6.050181765123446631e+00 5.766351305622551493e+00
2.513915301550109227e+00 8.043361709824924377e-01
1.993375676389614215e+00 2.923095175772520093e+00
1.207264932657449608e+00 4.649617916135960094e+00
2.656947571812023678e+00 5.287903418873040273e+00
3.349679695241661648e+00 2.947176117257554129e+00
5.862053386915487829e-01 2.059490206846421145e+00
4.129781343000111377e-02 9.885702662399292739e-01
1.638120642085339584e+00 5.875956907060443157e+00
3.440960242380363354e+00 2.068239339334389637e+00
1.680126032054346963e+00 3.244804537692718593e+00
4.683532008678687575e+00 1.860941414060863774e+00
2.631920071753463208e+00 1.206737056943175235e+00
4.233803765624877258e+00 3.484378584410189550e+00
2.642726140434582316e+00 4.064621788253040435e+00
2.580899417874857882e+00 4.939633738288658371e+00
3.489727304629651083e+00 1.866984363898449351e+00
3.119968235041186699e-01 1.998313440799753815e+00
6.726319222732998204e-01 6.224386349213696157e+00
1.088687242712506942e+00 3.500930757853557007e-01
9.248210055726653958e-03 4.476553709878724696e+00
4.147994968113297154e-01 1.513951926165069128e+00
2.377636164859226575e+00 6.238738792642287478e+00
4.674896602802921741e+00 3.340368213567708189e+00
1.224026964146688545e+00 3.662828119495850743e+00
4.809856889066582042e+00 9.912662551671570510e-01
2.164073303874729959e+00 9.769533524318269047e-01
1.082411724153112154e+00 6.079167198974699815e+00
2.387165308539718200e+00 2.861581180765061738e+00
4.206421163818045095e+00 4.300212229018665622e-01
3.014076957926760780e+00 1.392350269874414348e+00
5.363488915901972742e-01 3.764673741981608313e+00
3.234253308836349650e+00 6.123480069593051134e+00
9.105351708683073753e-01 8.166362215094724597e-01
2.795869858205453973e+00 6.235004883526978681e+00
8.694754998069550433e-01 3.560146199543140266e+00
1.629549870636036513e+00 1.654504860621827333e+00
1.893158896473100983e+00 3.786118442836846842e+00
4.774724857481838391e+00 1.056183028491496145e+00
1.861755105541310851e+00 6.171179448319203509e+00
2.145729671442106579e+00 2.473658238644079077e+00
6.267742221455673501e+00 4.743306822083334318e+00
4.801809794132876341e+00 3.832312735957436600e-01
1.815871435320391303e+00 1.944681308250310714e+00
2.393455294730071792e+00 5.548786354293302026e+00
2.806972216408295751e+00 3.253002062746287670e+00
7.804522171853869317e-01 4.980840126917320809e+00
1.565056185438812086e+00 4.528939080608251011e+00
6.012749687759841422e+00 3.576022707635071018e+00
4.347405622798353880e-02 3.148964368508867295e+00
2.154224704173522409e-01 6.209509159165649272e+00
6.016669255019876372e-01 5.128099158751280306e+00
6.030698888256656787e+00 4.867026243870842706e+00
3.892423112591194556e+00 4.538477179640480585e+00
3.660073411847624136e+00 2.641535959073884499e+00
6.196529182362172428e+00 1.623867553071397518e+00
2.697838652099044499e+00 9.548692207586261249e-01
2.698657452257179123e+00 1.444697758617272898e+00
5.095661085251001587e+00 5.018278324499847010e+00
4.352785692758052605e+00 1.297973182200016007e+00
2.248005337211325561e+00 2.237653674795591741e+00
5.711736004550701296e+00 3.934920736113552753e+00
2.941968153122818119e+00 4.362393011833146872e+00
1.364196353967842334e+00 6.053248574213550448e+00
2.308907548429401935e+00 5.069169823425030419e-01
3.469992764159770537e+00 1.580253623498957261e+00
4.654344402686789728e+00 4.043655634126337439e+00
2.808039245152131436e+00 4.492140782398277743e+00
2.203691495131198871e-02 1.298082184341701417e+00
4.092166029381912651e+00 3.451667998423974648e+00
2.665932474958044196e+00 5.553896278565412459e+00
5.321434127199078379e-01 6.224890809999383379e+00
3.025324042611249986e+00 4.046111409041596829e+00
2.588063058127712868e+00 1.073170166273932580e+00
3.275862264864519258e+00 2.518859784383661982e+00
9.613240470092579981e-01 6.201617954882677530e+00
1.430211690417134474e+00 2.930609883386515957e+00
1.565082632975115740e+00 3.471472018377659730e+00
2.533971797884662980e+00 2.068153845992308781e+00
1.497223231956110956e+00 6.113044568278314550e+00
6.094487818995459882e+00 1.256731980244368385e+00
3.250074478025425595e+00 2.074129465456686638e+00
5.632090595692345936e+00 4.529046273572434167e+00
3.232210302521378031e-02 5.991061789889472244e+00
5.064174393311536626e+00 1.013799547256990508e+00
2.124192656960648684e-01 3.811051970737558303e+00
6.736157830458439078e-02 5.286555552133458846e+00
5.143067937813188273e-01 5.123997235678609208e+00
3.015621428671108717e+00 2.349390463407586171e+00
1.904531312128307396e+00 5.594682707961250223e+00
3.727996367483252804e+00 2.953646407513547345e+00
1.892897674925797302e+00 1.618807161894948221e+00
3.206516766001243912e+00 4.496265905296192855e+00
1.104363998159365812e+00 5.479391534173572165e-01
4.489961843311450096e+00 4.642088578215372685e+00
1.984677846619157915e+00 4.286812015112205110e+00
4.812353070573114344e+00 2.220456770529935231e-01
8.007759376581614630e-01 5.181146855269671114e+00
2.570229478481405483e+00 9.623674947231670718e-01
9.994849089035807710e-01 4.366096422643641617e+00
3.163603935123591615e+00 3.662473801782335059e+00
2.456598706098548079e-01 8.623963616205833349e-02
1.440227890274047740e+00 2.389078760459358186e+00
2.030167242140808792e+00 2.829450443789047753e+00
4.767315904908199009e+00 5.395888296834565168e+00
2.666932998649406805e+00 4.211583612141891031e+00
4.788292377903025532e+00 1.510168414814334337e-01
4.358371368895826770e+00 5.519958603214611514e+00
5.654227721617646196e+00 6.275139356089391107e+00
4.020565101496724192e-01 2.891426264686720038e-01
3.287844830316492661e+00 5.343504929549604654e+00
4.195450914137721199e+00 1.319202085501972155e+00
3.232509304681312035e+00 8.424760152952114334e-01
5.923074831855658751e+00 1.152137125387131311e+00
5.435373725328599193e+00 1.943172005201021513e+00
3.145664708736957138e+00 2.130283700553325943e+00
4.807250742664654908e+00 2.406268338220000302e+00
4.168874470610150484e-01 5.875831784056321894e+00
4.524505904812388124e+00 3.581678699165369295e+00
6.273102680674350395e+00 1.803811203332128965e+00
5.339333503053387275e+00 1.655408947715947487e+00
5.544289891266697801e+00 5.039985321383288586e+00
3.992566394822958387e-01 3.982223227974150515e+00
5.914146668137098217e+00 5.073023007449408261e+00
5.019461263814666729e+00 6.189518824929611363e+00
5.467055703810957290e+00 8.938296366080361599e-01
5.733860173282057993e+00 4.574860437916387745e+00
2.719515768956250135e+00 5.854528259482555619e+00
1.028091064186143377e+00 5.969820243377994551e+00
1.025527657491557942e+00 3.146497524203252794e-01
3.267267564819608339e+00 5.480587677399536339e+00
5.930234429424610987e+00 4.978280172878465915e-01
5.503019093848259047e+00 3.540700024674404034e+00
7.286285196455433155e-01 6.258982496513658678e-01
1.305005495501670998e+00 5.917749123507803910e-01
4.645985122588339955e+00 2.044930518522817930e+00
3.994468755045609498e+00 1.378556289054661654e+00
4.755080669050999909e+00 5.181304408063567735e+00
4.010209232053423278e-01 3.443683093816016783e+00
9.149387649065012784e-01 1.215357443072972110e+00
2.896314922333967257e+00 5.372806610483544354e+00
4.709450316194986108e+00 5.799115653823163186e+00
5.101090173612984557e+00 4.416355643255273300e+00
3.345887384464650172e+00 5.434911789838357876e+00
2.332046459466939670e+00 2.501560915173451694e+00
5.951920323503574473e+00 4.976493281794300394e+00
2.283190459842817432e+00 2.772349209845529350e-01
2.828426702272473836e+00 2.478547234782013317e-02
4.527325698799576359e-01 2.546539197005432076e+00
2.293945079464420722e+00 1.032326940871148624e+00
3.132370070105546578e+00 5.052644577071643717e+00
2.887054905341919220e+00 4.875240405341910943e+00
6.225513431423257416e+00 1.341488595694239283e+00
3.185060245020955083e+00 3.556884778517574119e+00
2.409396337940633348e+00 5.248785348222883229e+00
1.470560036172742668e+00 3.144322811418158281e+00
4.156568680039530506e+00 4.221290476469660824e+00
4.922636551636784041e+00 1.147934253191338128e+00
5.204075841470389818e+00 1.167933158928445181e+00
4.639386226155351345e+00 4.191094907864784780e+00
2.254793294353200306e+00 4.706567016520376789e+00
3.295713918584321611e+00 4.167518243147513290e-01
5.117367596253602713e+00 8.025563117867356988e-01
1.811945971027025593e+00 5.949197858678736850e+00
9.789098340230890649e-01 1.771855094730131031e+00
5.633613986124440309e+00 3.615368476100590200e+00
5.551261085218651692e-01 1.832500932870553711e+00
4.318314531475634155e+00 3.994964069689496355e+00
4.363509022768543133e+00 1.376110572614609007e+00
1.297667829411081053e-01 1.559532029900576600e+00
3.400574783604204399e+00 2.968981359666254427e+00
6.261260213780377448e+00 4.599354863294233375e+00
3.548998908916615402e+00 4.447800537496094719e+00
1.622240933758493986e+00 1.975316756730515433e+00
5.406694759672975081e+00 4.405999543980301247e-01
9.074210852748515466e-01 1.204285525503030474e+00
4.272491130957065231e+00 4.619810001135832067e+00
4.321896827954006426e+00 2.728913922588284358e+00
3.872887643110015876e+00 1.943571134545232892e+00
5.033337103795855860e+00 6.241088037058820426e+00
2.707471782233910051e-01 1.313054677046022301e+00
4.657442908496489231e+00 3.439349639901068567e+00
2.769626644833421025e+00 1.703650650031382607e+00
5.479707664331617600e+00 4.456798211439145785e-01
5.598436534988708857e+00 8.575803888798354535e-01
6.280785526499945703e+00 6.217517542795434338e+00
4.915363647810908065e-01 3.295198364435118488e-01
1.129528608380471422e+00 5.455708849301903030e+00
1.319571643417303930e+00 2.635417365484494567e+00
1.700436502477567169e+00 1.913748586731581769e+00
5.996298905095137854e+00 1.114037157770901842e+00
4.716961693143722378e+00 9.382313693255383003e-01
5.526918165186199161e+00 3.202074153117732358e+00
4.233217347397241426e+00 3.979869209783196915e+00
2.670969493257914884e+00 1.631979599467330733e+00
2.772616587252890064e+00 4.952667722174056708e-01
1.330579497213495888e+00 4.601360798154964904e+00
1.022703303944576758e+00 1.980379815740311633e+00
1.585185556008029684e+00 4.053262917327747239e+00
4.576814843847513359e+00 6.772339628469530304e-01
5.751050071135965780e+00 5.027226975225258521e+00
3.723579217552395182e+00 1.014889136852608065e+00
2.145309213736534826e+00 5.674315571668281599e+00
2.286557233302683567e+00 1.274495646091413859e+00
1.492194383094538557e+00 4.845915130685476413e+00
1.273587859898244856e+00 2.071855813697899507e+00
4.934263545731291778e+00 6.183851700955784736e-01
1.356061273759691099e+00 3.540517814476633607e+00
2.427155190670607254e+00 5.365680763913009521e+00
3.412649704006773810e+00 2.635691057048847430e+00
2.646434864178518698e+00 2.445511079193592341e+00
5.396497770743600597e+00 2.301068851602735776e+00
2.529357601609254047e+00 2.596760092394168051e-01
4.422364713630625666e+00 2.186449678390125051e+00
1.279578450066806594e+00 4.876672721203770600e+00
1.392589337223642199e+00 1.767438805229728738e+00
3.244433372768488422e+00 1.570842821931678124e+00
4.749573227343248383e-02 3.761599744372639886e+00
1.730923814272183892e+00 3.089250323625682526e+00
3.086433882848972576e+00 4.269725185944246881e+00
3.345537304369553766e+00 2.027918982662916925e+00
2.545166961621867507e+00 3.367786926553076654e+00
7.236439975135903202e-01 3.341455228940270583e+00
1.218200564865135505e+00 3.866559525100303762e+00
3.481519514802574822e+00 5.405940216568488665e+00
8.688805366370915273e-01 4.316240325765143382e+00
5.094664835473092346e+00 1.834444448778523418e+00
4.487744587813002006e+00 1.336699935338341749e+00
5.850169670025073820e+00 3.430544750384150632e+00
3.883788938687875447e+00 1.357721564998387365e+00
3.670979335099875840e+00 6.275615756824808322e+00
5.023645990602079170e-01 2.877675466014925298e+00
4.110930524373610062e+00 3.219992079890949377e+00
1.271121028510366346e-01 1.617784216065166536e+00
1.618630440166910933e+00 4.869951575686890521e+00
6.472010846367955983e-01 9.855438273167209662e-01
1.971530099521532353e+00 2.639737259224542054e+00
2.418826090236181336e+00 2.458361929991095707e+00
6.156956109044313230e+00 5.745254580206724526e+00
3.129275352830809709e+00 2.296154443778410492e+00
2.982706674321751183e-01 5.293155952228555172e+00
2.317201987951486686e+00 2.800345877495766245e-01
8.092989708333452326e-01 2.042970227392829075e-01
3.251907662262481402e+00 5.516294999401923249e+00
4.546165184942097426e+00 2.256505959740775502e+00
3.938042208022790813e+00 5.971132649447988605e+00
1.378561945194213489e+00 4.778796998661371198e+00
4.834608046702846273e+00 3.997510172033409859e+00
8.690520429207634345e-01 5.572580527839929410e+00
9.349587357570585677e-01 2.358039786470299326e+00
2.561155926190298970e+00 6.110375670835817452e+00
5.566832819276762656e+00 3.257445106350203012e+00
5.895096289356074770e+00 5.101768451293887452e+00
2.237000074663398230e+00 3.314123270115784781e+00
5.284990366889992686e+00 1.430814975336928807e+00
5.872182153726829945e+00 5.148514662425700550e+00
7.739686275235267976e-01 1.869228175256950619e+00
2.138413096544344416e+00 1.144581605295184712e+00
2.984726090072686411e+00 1.101111174447981927e-01
5.454661020443244190e+00 3.337798275131381942e+00
1.662162329505331437e-01 7.441396694941255774e-01
