-1.889980617165565491e+01
-1.891742460429668427e+01
-1.889457875490188599e+01
-1.893883252143859863e+01
-1.892921106517314911e+01
-1.896833983063697815e+01
-1.898003289103507996e+01
-1.891149395704269409e+01
-1.896171624958515167e+01
-1.896388946473598480e+01
-1.890918257832527161e+01
-1.897414042055606842e+01
-1.891462375223636627e+01
-1.886868791282176971e+01
-1.892855010926723480e+01
-1.891873410344123840e+01
-1.891171103715896606e+01
-1.893533127009868622e+01
-1.889492340385913849e+01
-1.896343600749969482e+01
-1.889312359690666199e+01
-1.884847234189510345e+01
-1.892183788120746613e+01
-1.890631569921970367e+01
-1.891425487399101257e+01
-1.894165606796741486e+01
-1.893037602305412292e+01
-1.895134703814983368e+01
-1.897574338316917419e+01
-1.895092950761318207e+01
-1.898590287566184998e+01
-1.891723389923572540e+01
-1.895278194546699524e+01
-1.892499253153800964e+01
-1.895556575059890747e+01
-1.892388577759265900e+01
-1.893244466185569763e+01
-1.887883189320564270e+01
-1.889943833649158478e+01
-1.892309810221195221e+01
-1.893559224903583527e+01
-1.890186390280723572e+01
-1.896244749426841736e+01
-1.891593830287456512e+01
-1.893030218780040741e+01
-1.892284892499446869e+01
-1.889581765234470367e+01
-1.892320926487445831e+01
-1.892958779633045197e+01
-1.889825525879859924e+01
-1.891185435652732849e+01
-1.898282997310161591e+01
-1.891953332722187042e+01
-1.897416298091411591e+01
-1.893028323352336884e+01
-1.892190921306610107e+01
-1.889742313325405121e+01
-1.887725193798542023e+01
-1.893400663137435913e+01
-1.570301777124404907e+01
-1.886695416271686554e+01
-1.893785202503204346e+01
-1.892301613092422485e+01
-1.888356955349445343e+01
-1.893686629831790924e+01
-1.900099177658557892e+01
-1.892878232896327972e+01
-1.895573306083679199e+01
-1.890217632055282593e+01
-1.896332815289497375e+01
-1.885258148610591888e+01
-1.894534762203693390e+01
-1.893457092344760895e+01
-1.887420448660850525e+01
-1.897467264533042908e+01
-1.892318497598171234e+01
-1.898316709697246552e+01
-1.894018313288688660e+01
-1.893858084082603455e+01
-1.892877019941806793e+01
-1.892144289612770081e+01
-1.888842609524726868e+01
-1.890665709972381592e+01
-1.894464288651943207e+01
-1.895500388741493225e+01
-1.892352552711963654e+01
-1.888115097582340240e+01
-1.892998063564300537e+01
-1.895347532629966736e+01
-1.891126729547977448e+01
-1.893504321575164795e+01
-1.895616175234317780e+01
-1.895212388038635254e+01
-1.891561810672283173e+01
-1.891950696706771851e+01
-1.896286855638027191e+01
-1.893535132706165314e+01
-1.894358314573764801e+01
-1.893735888600349426e+01
-1.892478370666503906e+01
-1.895992174744606018e+01
-1.893414345383644104e+01
-1.891055800020694733e+01
-1.892224606871604919e+01
-1.898305486142635345e+01
-1.890440045297145844e+01
-1.890784491598606110e+01
-1.892618089914321899e+01
-1.891879808902740479e+01
-1.896549367904663086e+01
-1.892918710410594940e+01
-1.896936355531215668e+01
-1.893955616652965546e+01
-1.890523523092269897e+01
-1.895360676944255829e+01
-1.889382147789001465e+01
-1.894166404008865356e+01
-1.892272025346755981e+01
-1.891920143365859985e+01
-1.896744827926158905e+01
-1.891503942012786865e+01
-1.896995565295219421e+01
-1.895193673670291901e+01
-1.892511509358882904e+01
-1.892082709074020386e+01
-1.900291886925697327e+01
-1.892285220324993134e+01
-1.894204942882061005e+01
-1.887243485450744629e+01
-1.892414602637290955e+01
-1.897013533115386963e+01
-1.892411474883556366e+01
-1.894048924744129181e+01
-1.893491774797439575e+01
-1.893432193994522095e+01
-1.894374991953372955e+01
-1.891438783705234528e+01
-1.892152339220046997e+01
-1.892520454525947571e+01
-1.892421112954616547e+01
-1.892500580847263336e+01
-1.893927200138568878e+01
-1.893695750832557678e+01
-1.894789926707744598e+01
-1.894960588216781616e+01
-1.891138699650764465e+01
-1.896761494874954224e+01
-1.894432888925075531e+01
-1.895243243873119354e+01
-1.889919441938400269e+01
-1.893969883024692535e+01
-1.892149470746517181e+01
-1.893553927540779114e+01
-1.893724116683006287e+01
-1.900413726270198822e+01
-1.890206399559974670e+01
-1.892677505314350128e+01
-1.892546749114990234e+01
-1.895216941833496094e+01
-1.891708199679851532e+01
-1.887447777390480042e+01
-1.896195818483829498e+01
-1.893577010929584503e+01
-1.887395264208316803e+01
-1.895672531425952911e+01
-1.893451239168643951e+01
-1.892133526504039764e+01
-1.894792610406875610e+01
-1.895447961986064911e+01
-1.893755650520324707e+01
-1.893135467171669006e+01
-1.892718435823917389e+01
-1.892156159877777100e+01
-1.883521094918251038e+01
-1.892217226326465607e+01
-1.893144513666629791e+01
-1.892034588754177094e+01
-1.891195577383041382e+01
-1.896338321268558502e+01
-1.891883577406406403e+01
-1.892100450396537781e+01
-1.893223758041858673e+01
-1.890129937231540680e+01
-1.892016264796257019e+01
-1.891847713291645050e+01
-1.892152558267116547e+01
-1.895230540633201599e+01
-1.891647735238075256e+01
-1.894350875914096832e+01
-1.886212813854217529e+01
-1.892652179300785065e+01
-1.884294335544109344e+01
-1.885933977365493774e+01
-1.893021090328693390e+01
-1.892219318449497223e+01
-1.893562981486320496e+01
-1.892940877377986908e+01
-1.888751888275146484e+01
-1.893252256512641907e+01
-1.889265513420104980e+01
-1.888238872587680817e+01
-1.892732244729995728e+01
-1.893436297774314880e+01
-1.888959747552871704e+01
-1.893007154762744904e+01
-1.887557584047317505e+01
-1.891990260779857635e+01
-1.895072570443153381e+01
-1.892633347213268280e+01
-1.891859573125839233e+01
-1.892627966403961182e+01
-1.889899890124797821e+01
-1.893298171460628510e+01
-1.891630360484123230e+01
-1.897585694491863251e+01
-1.897321449220180511e+01
-1.892773950099945068e+01
-1.885249224305152893e+01
-1.892071321606636047e+01
-1.895541031658649445e+01
-1.889617140591144562e+01
-1.890894040465354919e+01
-1.891621607542037964e+01
-1.892159029841423035e+01
-1.897107900679111481e+01
-1.897066998481750488e+01
-1.892170158028602600e+01
-1.893307778239250183e+01
-1.897887551784515381e+01
-1.895616757869720459e+01
-1.893222393095493317e+01
-1.887872840464115143e+01
-1.893660260736942291e+01
-1.891787746548652649e+01
-1.892119841277599335e+01
-1.897739724814891815e+01
-1.892133788764476776e+01
-1.894532936811447144e+01
-1.889242355525493622e+01
-1.892112077772617340e+01
-1.881867666542530060e+01
-1.888908885419368744e+01
-1.892219634354114532e+01
-1.890912988781929016e+01
-1.892105117440223694e+01
-1.894296503067016602e+01
-1.895487985014915466e+01
-1.891979756951332092e+01
-1.892494063079357147e+01
-1.894706203043460846e+01
-1.894276165962219238e+01
-1.893177032470703125e+01
-1.900472311675548553e+01
-1.891250833868980408e+01
-1.892896868288516998e+01
-1.887643237411975861e+01
-1.892161199450492859e+01
-1.890887926518917084e+01
-1.894404266774654388e+01
-1.891045117378234863e+01
-1.893209724128246307e+01
-1.890939804911613464e+01
-1.893136253952980042e+01
-1.892126709222793579e+01
-1.893489645421504974e+01
-1.892751401662826538e+01
-1.881329499185085297e+01
-1.896568271517753601e+01
-1.892487220466136932e+01
-1.893103398382663727e+01
-1.869491748511791229e+01
-1.892446070909500122e+01
-1.893801294267177582e+01
-1.891801345348358154e+01
-1.891428577899932861e+01
-1.897948475182056427e+01
-1.891492246091365814e+01
-1.889231815934181213e+01
-1.892093059420585632e+01
-1.893554638326168060e+01
-1.897199951112270355e+01
-1.891725088655948639e+01
-1.893815955519676208e+01
-1.885642059147357941e+01
-1.897189553081989288e+01
-1.890746130049228668e+01
-1.895296174287796021e+01
-1.894038601219654083e+01
-1.897905555367469788e+01
-1.892393825948238373e+01
-1.891738075017929077e+01
-1.894530101120471954e+01
-1.894588972628116608e+01
-1.887058094143867493e+01
-1.895300363004207611e+01
-1.893566346168518066e+01
-1.889546704292297363e+01
-1.892233653366565704e+01
-1.888889861106872559e+01
-1.898321205377578735e+01
-1.888303270936012268e+01
-1.896237672865390778e+01
-1.895781882107257843e+01
-1.892428496479988098e+01
-1.891726867854595184e+01
-1.892520506680011749e+01
-1.892069226503372192e+01
-1.890501427650451660e+01
-1.899184152483940125e+01
-1.893395167589187622e+01
-1.897198364138603210e+01
-1.894113434851169586e+01
-1.889058491587638855e+01
-1.891814395785331726e+01
-1.898233948647975922e+01
-1.890890105068683624e+01
-1.891496643424034119e+01
-1.893516080081462860e+01
-1.885213167965412140e+01
-1.892848725616931915e+01
-1.896858499944210052e+01
-1.886483550071716309e+01
-1.890895457565784454e+01
-1.896602404117584229e+01
-1.887614351511001587e+01
-1.893427361547946930e+01
-1.895572184026241302e+01
-1.891823452711105347e+01
-1.895450404286384583e+01
-1.895773950219154358e+01
-1.894226327538490295e+01
-1.893683311343193054e+01
-1.888973490893840790e+01
-1.893364974856376648e+01
-1.892820540070533752e+01
-1.893386508524417877e+01
-1.882584670186042786e+01
-1.893902394175529480e+01
-1.892734411358833313e+01
-1.897839586436748505e+01
-1.898567344248294830e+01
-1.897836834192276001e+01
-1.893254686892032623e+01
-1.890492151677608490e+01
-1.893379773199558258e+01
-1.890871833264827728e+01
-1.892345644533634186e+01
-1.897503060102462769e+01
-1.898501816391944885e+01
-1.892834213376045227e+01
-1.890694458782672882e+01
-1.894625400006771088e+01
-1.893244902789592743e+01
-1.898234991729259491e+01
-1.892614661157131195e+01
-1.892059873044490814e+01
-1.894452346861362457e+01
-1.889577475190162659e+01
-1.893717764317989349e+01
-1.889092816412448883e+01
-1.894210270047187805e+01
-1.886361932754516602e+01
-1.889137543737888336e+01
-1.869748513400554657e+01
-1.892601045966148376e+01
-1.897458609938621521e+01
-1.893493738770484924e+01
-1.887482365965843201e+01
-1.899696554243564606e+01
-1.898552013933658600e+01
-1.894025732576847076e+01
-1.889173083007335663e+01
-1.893508654832839966e+01
-1.894148340821266174e+01
-1.890004286170005798e+01
-1.892051626741886139e+01
-1.880848947167396545e+01
-1.882285393774509430e+01
-1.891571263968944550e+01
-1.883780492842197418e+01
-1.889585418999195099e+01
-1.892732231318950653e+01
-1.890134555101394653e+01
-1.892999507486820221e+01
-1.892017081379890442e+01
-1.895600263774394989e+01
-1.898066006600856781e+01
-1.884340734779834747e+01
-1.893217077851295471e+01
-1.891887187957763672e+01
-1.896918031573295593e+01
-1.892065688967704773e+01
-1.891860707104206085e+01
-1.886054086685180664e+01
-1.897362774610519409e+01
-1.898167176544666290e+01
-1.891804902255535126e+01
-1.891780956089496613e+01
-1.888782609999179840e+01
-1.882477498054504395e+01
-1.892009593546390533e+01
-1.894288942217826843e+01
-1.892229184508323669e+01
-1.894316716492176056e+01
-1.895833845436573029e+01
-1.884647031128406525e+01
-1.897305178642272949e+01
-1.892972126603126526e+01
-1.890120270848274231e+01
-1.892052644491195679e+01
-1.884377667307853699e+01
-1.893245293200016022e+01
-1.890746481716632843e+01
-1.892569874227046967e+01
-1.893166366219520569e+01
-1.889561855792999268e+01
-1.892071944475173950e+01
-1.894006887078285217e+01
-1.899469600617885590e+01
-1.896745164692401886e+01
-1.893483509123325348e+01
-1.894363649189472198e+01
-1.891809862852096558e+01
-1.892399598658084869e+01
-1.891882203519344330e+01
-1.893909350037574768e+01
-1.894649867713451385e+01
-1.890463091433048248e+01
-1.893329373002052307e+01
-1.894654807448387146e+01
-1.891870357096195221e+01
-1.900187936425209045e+01
-1.893519848585128784e+01
-1.891727548837661743e+01
-1.892555363476276398e+01
-1.890200515091419220e+01
-1.894154617190361023e+01
-1.885121390223503113e+01
-1.895610861480236053e+01
-1.890464310348033905e+01
-1.888131505250930786e+01
-1.889776264131069183e+01
-1.891712839901447296e+01
-1.892695488035678864e+01
-1.893753151595592499e+01
-1.892942884564399719e+01
-1.889197252690792084e+01
-1.893482536077499390e+01
-1.896720479428768158e+01
-1.893746772408485413e+01
-1.892070280015468597e+01
-1.892874668538570404e+01
-1.896420587599277496e+01
-1.891544160246849060e+01
-1.890753032267093658e+01
-1.894684199988842010e+01
-1.883933816850185394e+01
-1.892201457917690277e+01
-1.891956184804439545e+01
-1.893767602741718292e+01
-1.889294791221618652e+01
-1.891552186012268066e+01
-1.889268541336059570e+01
-1.889431700110435486e+01
-1.892202724516391754e+01
-1.888085478544235229e+01
-1.883832246065139771e+01
-1.899485167860984802e+01
-1.885890556871891022e+01
-1.892876462638378143e+01
-1.893667891621589661e+01
-1.887016147375106812e+01
-1.892859783768653870e+01
-1.895168691873550415e+01
-1.886850816011428833e+01
-1.891239146888256073e+01
-1.886880239844322205e+01
-1.894260051846504211e+01
-1.887969838082790375e+01
-1.895662117004394531e+01
-1.571225234866142273e+01
-1.887912184000015259e+01
-1.894965700805187225e+01
-1.893108355998992920e+01
-1.892527422308921814e+01
-1.891717211902141571e+01
-1.895247341692447662e+01
-1.891440291702747345e+01
-1.898270478844642639e+01
-1.886630497872829437e+01
-1.890646615624427795e+01
-1.893614728748798370e+01
-1.898819532990455627e+01
-1.893592852354049683e+01
-1.894238393008708954e+01
-1.893669869005680084e+01
-1.894121330976486206e+01
-1.897054459154605865e+01
-1.898380598425865173e+01
-1.889019122719764709e+01
-1.893269512057304382e+01
-1.892714686691761017e+01
-1.887942500412464142e+01
-1.893287555873394012e+01
-1.889504615962505341e+01
-1.897182656824588776e+01
-1.893105755746364594e+01
-1.891502656042575836e+01
-1.882701762020587921e+01
-1.898421382904052734e+01
-1.894709612429141998e+01
-1.893796116113662720e+01
-1.892859290540218353e+01
-1.893181931972503662e+01
-1.892565512657165527e+01
-1.896198625862598419e+01
-1.890228670835494995e+01
-1.897299332916736603e+01
-1.895452836155891418e+01
-1.898875194787979126e+01
-1.891520465910434723e+01
-1.890927201509475708e+01
-1.892063204944133759e+01
-1.892808763682842255e+01
-1.892346401512622833e+01
-1.895011629164218903e+01
-1.891970837116241455e+01
-1.889626862108707428e+01
-1.899524067342281342e+01
-1.894862359762191772e+01
-1.896282711625099182e+01
-1.888583074510097504e+01
-1.899349106848239899e+01
-1.893833488225936890e+01
-1.896945492923259735e+01
-1.894871717691421509e+01
-1.898479539155960083e+01
-1.884806039929389954e+01
-1.895420384407043457e+01
-1.894560833275318146e+01
-1.894567209482192993e+01
-1.888388778269290924e+01
-1.896161690354347229e+01
-1.892443406581878662e+01
-1.892497281730175018e+01
-1.887635064125061035e+01
-1.885242888331413269e+01
-1.900170302391052246e+01
-1.894674809277057648e+01
-1.894401213526725769e+01
-1.890706180036067963e+01
-1.886277538537979126e+01
-1.890263113379478455e+01
-1.890923300385475159e+01
-1.891806513071060181e+01
-1.893666946887969971e+01
-1.889922057092189789e+01
-1.894199560582637787e+01
-1.893323348462581635e+01
-1.894693128764629364e+01
-1.897799751162528992e+01
-1.890434201061725616e+01
-1.891406382620334625e+01
-1.894896525144577026e+01
-1.893732352554798126e+01
-1.897911031544208527e+01
-1.890476471185684204e+01
-1.895326673984527588e+01
-1.883608368039131165e+01
-1.892970427870750427e+01
-1.895707719027996063e+01
-1.895305404067039490e+01
-1.887108580768108368e+01
-1.892438560724258423e+01
-1.892917607724666595e+01
-1.894762028753757477e+01
-1.890346413850784302e+01
-1.898005554080009460e+01
-1.888193367421627045e+01
-1.893389703333377838e+01
-1.889308027923107147e+01
-1.895032384991645813e+01
-1.886474111676216125e+01
-1.888061846792697906e+01
-1.891867598891258240e+01
-1.893184411525726318e+01
-1.891561771929264069e+01
-1.900429520010948181e+01
-1.888674756884574890e+01
-1.893715186417102814e+01
-1.893218822777271271e+01
-1.892387293279170990e+01
-1.886609959602355957e+01
-1.891827791929244995e+01
-1.893883232772350311e+01
-1.897589613497257233e+01
-1.897610779106616974e+01
-1.892134280502796173e+01
-1.894389015436172485e+01
-1.886750942468643188e+01
-1.885725791752338409e+01
-1.892859008908271790e+01
-1.893285244703292847e+01
-1.894679962098598480e+01
-1.885065117478370667e+01
-1.893871496617794037e+01
-1.897193391621112823e+01
-1.892462500929832458e+01
-1.893162682652473450e+01
-1.893908073008060455e+01
-1.888616351783275604e+01
-1.894737192988395691e+01
-1.893095418810844421e+01
-1.893411961197853088e+01
-1.896931160986423492e+01
-1.883802741765975952e+01
-1.891400089859962463e+01
-1.895808327198028564e+01
-1.890816996991634369e+01
-1.896676215529441833e+01
-1.892886054515838623e+01
-1.894809700548648834e+01
-1.893276233971118927e+01
-1.896136356890201569e+01
-1.893056181073188782e+01
-1.892264272272586823e+01
-1.892873018980026245e+01
-1.892230030894279480e+01
-1.511604595184326172e+01
-1.887739464640617371e+01
-1.892239899933338165e+01
-1.890716356039047241e+01
-1.892975743114948273e+01
-1.882608106732368469e+01
-1.897776287794113159e+01
-1.892131885886192322e+01
-1.897578011453151703e+01
-1.894143420457839966e+01
-1.887913843989372253e+01
-1.892791040241718292e+01
-1.892566530406475067e+01
-1.892558489739894867e+01
-1.888433955609798431e+01
-1.890206135809421539e+01
-1.897078606486320496e+01
-1.886848384141921997e+01
-1.893807335197925568e+01
-1.890676525235176086e+01
-1.896809631586074829e+01
-1.891950207948684692e+01
-1.896881976723670959e+01
-1.897516548633575439e+01
-1.897005492448806763e+01
-1.891138342022895813e+01
-1.891287679970264435e+01
-1.891990990936756134e+01
-1.889428053796291351e+01
-1.883029569685459137e+01
-1.891874763369560242e+01
-1.893374946713447571e+01
-1.897668471932411194e+01
-1.889964021742343903e+01
-1.895758475363254547e+01
-1.898230221867561340e+01
-1.890070097148418427e+01
-1.896906247735023499e+01
-1.891751828789710999e+01
-1.898183801770210266e+01
-1.888924345374107361e+01
-1.889312338829040527e+01
-1.890558063983917236e+01
-1.890903061628341675e+01
-1.894504497945308685e+01
-1.894041882455348969e+01
-1.893817085027694702e+01
-1.897399754822254181e+01
-1.898312830924987793e+01
-1.893706299364566803e+01
-1.892125865817070007e+01
-1.892809996008872986e+01
-1.897458207607269287e+01
-1.887470155954360962e+01
-1.892090362310409546e+01
-1.891540835797786713e+01
-1.890589833259582520e+01
-1.895307792723178864e+01
-1.892204214632511139e+01
-1.890262041985988617e+01
-1.892349411547183990e+01
-1.891041314601898193e+01
-1.891522848606109619e+01
-1.892451469600200653e+01
-1.893836985528469086e+01
-1.893839636445045471e+01
-1.892676855623722076e+01
-1.893309234082698822e+01
-1.896571473777294159e+01
-1.893125435709953308e+01
-1.892565040290355682e+01
-1.896395164728164673e+01
-1.897757434844970703e+01
-1.891853128373622894e+01
-1.885916665196418762e+01
-1.890281483530998230e+01
-1.890829227864742279e+01
-1.894065426290035248e+01
-1.892299529910087585e+01
-1.894029968976974487e+01
-1.892838710546493530e+01
-1.892486897110939026e+01
-1.887671771645545959e+01
-1.888442881405353546e+01
-1.894515398144721985e+01
-1.893816044926643372e+01
-1.895575086772441864e+01
-1.897639411687850952e+01
-1.886181706190109253e+01
-1.511685009300708771e+01
-1.896492114663124084e+01
-1.896229372918605804e+01
-1.897194038331508636e+01
-1.894567072391510010e+01
-1.895861420035362244e+01
-1.890151958167552948e+01
-1.894566023349761963e+01
-1.890350160002708435e+01
-1.898425140976905823e+01
-1.892786346375942230e+01
-1.895552481710910797e+01
-1.894028621912002563e+01
-1.892632769048213959e+01
-1.893101944029331207e+01
-1.880737049877643585e+01
-1.887302732467651367e+01
-1.895496426522731781e+01
-1.894781242311000824e+01
-1.894367416203022003e+01
-1.897747297585010529e+01
-1.887654806673526764e+01
-1.893643620610237122e+01
-1.892480595409870148e+01
-1.897339200973510742e+01
-1.891588775813579559e+01
-1.890332844853401184e+01
-1.889627684652805328e+01
-1.889597079157829285e+01
-1.891352196037769318e+01
-1.511697734892368317e+01
-1.889917656779289246e+01
-1.895235620439052582e+01
-1.892251515388488770e+01
-1.892973883450031281e+01
-1.891719427704811096e+01
-1.891777229309082031e+01
-1.895216284692287445e+01
-1.880645082890987396e+01
-1.897508807480335236e+01
-1.890654787421226501e+01
-1.891607283055782318e+01
-1.892401511967182159e+01
-1.895962417125701904e+01
-1.887789551913738251e+01
-1.884535869956016541e+01
-1.892391912639141083e+01
-1.888419806957244873e+01
-1.891607913374900818e+01
-1.891607172787189484e+01
-1.891647426784038544e+01
-1.898020887374877930e+01
-1.894543215632438660e+01
-1.887272377312183380e+01
-1.892221119999885559e+01
-1.893531239032745361e+01
-1.897604241967201233e+01
-1.898100465536117554e+01
-1.892319832742214203e+01
-1.892877018451690674e+01
-1.894031897187232971e+01
-1.891967324912548065e+01
-1.888680167496204376e+01
-1.895527508854866028e+01
-1.897843657433986664e+01
-1.892153435945510864e+01
-1.893313932418823242e+01
-1.895995260775089264e+01
-1.890389268100261688e+01
-1.893221797049045563e+01
-1.892799749970436096e+01
-1.895539166033267975e+01
-1.571128851175308228e+01
-1.895007705688476562e+01
-1.888920724391937256e+01
-1.891617627441883087e+01
-1.892952707409858704e+01
-1.892843039333820343e+01
-1.893163287639617920e+01
-1.891911587119102478e+01
-1.894894145429134369e+01
-1.888949498534202576e+01
-1.892588962614536285e+01
