5.840225382246972075e+00 5.338590347431120264e-01 4.479211328533309056e-01
2.970316936271033548e+00 4.690702698565854867e+00 2.050558701374987081e+00
6.000477569501696529e+00 4.849338453691001583e+00 1.886252501672888382e+00
1.385907630878052910e+00 5.103162091422034585e+00 1.987845368452473949e+00
6.002310406754446603e+00 2.367849808536953482e+00 4.084682666346544977e+00
1.071752583854239216e+00 5.577773705100877777e+00 8.597800290649946220e-01
3.479416057371854887e+00 1.097365785375246539e+00 4.022727582529068258e+00
4.050963501872080208e+00 1.557080492084021772e+00 2.069521871054599060e+00
5.096550208157418993e+00 4.531989114052500156e+00 2.855934382631883373e-01
3.950007649861492887e+00 2.983779158905146001e-01 5.570368716594908065e+00
6.008919211007077266e+00 3.551988054620866642e+00 2.051917165405841459e+00
2.242476515099036227e+00 2.796527148485405956e+00 4.029377784509510896e+00
7.402265882022779353e-01 1.564162316780408402e+00 3.991665330593443084e+00
3.636898396099447428e+00 3.613169986113132920e-02 4.804926338066311864e+00
3.800979492534999338e+00 5.662416334622236036e+00 4.143153484169603828e+00
4.347296468523926261e-01 9.684294486319252604e-01 1.500498731617273540e+00
1.187231034813521734e-02 4.285334179583845327e+00 5.800371556097572157e-01
2.069777133480892317e+00 4.430028331686687082e+00 4.383931689665859111e+00
5.276241274753519228e+00 1.422602918401635996e+00 5.993153255958465486e+00
2.719596585305783965e+00 5.400012768654849360e+00 4.595599277846841524e+00
4.931282317680321547e+00 5.511337846387528216e+00 2.986002929561707209e+00
2.840253673613229779e+00 4.015200787493762746e+00 4.881927666988913117e+00
1.248239256106665335e-01 2.828822913036104225e+00 4.767943113330285421e+00
2.685160722318243876e-01 5.394634109381383880e+00 5.582703150531896696e+00
4.026278402390852662e-01 2.432862845322993017e+00 2.253957021635720093e+00
4.229273093861955601e+00 3.290890829290109565e+00 4.232160742561865141e-01
5.069899087172730745e+00 5.222159189430838566e+00 1.351303117738295034e+00
5.935762655850968628e+00 1.457481288068301462e+00 5.353469941491209916e+00
5.003215486579346560e+00 6.006375922550537538e+00 9.474668291778847173e-01
1.674592201229402777e+00 2.792064861633345441e+00 3.649112699108240321e+00
5.862896021180473483e+00 3.250508089413348234e+00 3.275002769542282977e+00
3.577503792830723395e+00 1.098594504141532813e+00 3.404770623568721177e+00
1.885477166678118710e+00 2.990964080717574358e+00 2.938855254702011699e+00
5.331136988165672719e+00 8.955297434415245839e-01 4.957958441032214836e+00
1.215989823443414997e+00 2.227364840856605799e+00 2.384341972842702884e+00
4.324236848881525930e+00 1.392289879591519952e+00 3.625470295819224642e+00
2.405747058830900453e+00 5.776442743249937450e+00 2.809163838186838902e+00
1.881845115866855433e+00 3.995435291720000670e+00 5.552389279790601151e+00
1.196251104536112664e-01 2.331922937286568853e+00 2.136079986476010273e+00
2.539195804322719185e-01 4.884904393160478975e+00 2.174771770087504663e+00
2.786768250233219835e+00 4.463444578206786417e+00 6.008352255115101404e-01
6.057814613692407590e+00 2.294026850987592070e+00 3.148715513287474455e+00
2.041761476456706692e+00 4.588882735239851129e+00 7.644673752570357861e-01
3.053524968892254332e+00 3.573939021157506168e+00 3.595129208761963291e+00
3.340170450971042815e+00 5.483783207972140694e+00 2.113683731361781781e+00
6.183732847118625031e+00 2.731276544409311224e+00 2.637790246949653472e+00
4.033118419894864637e+00 6.204064118022858842e+00 5.378659423352245561e-01
6.584550488666043866e-02 5.935429242256899052e+00 2.114384058088278451e+00
2.837552377021161476e+00 1.891731977101883899e+00 4.915106753630102077e+00
2.157648441661000227e+00 5.666754043388827711e+00 5.647562352872528280e+00
1.073945134888912856e+00 3.155775713473074617e+00 2.196473017829781771e+00
5.020621542826614991e+00 8.180752377420484889e-01 2.050233933623653027e+00
3.434403131595863634e+00 3.305369353595712933e+00 5.707779151480797175e+00
1.914388288654161663e+00 2.504512089357718185e+00 1.352118809683595657e+00
3.972976228250092223e+00 2.272880917370120546e+00 4.090982480746107264e+00
1.938387313880664431e+00 4.884761859563835906e-01 5.000023426333404686e+00
1.217391603114855059e+00 3.792241849626944106e+00 5.268136296300724580e-02
4.833831100343921605e+00 1.265426451630640381e+00 3.352560401507280297e+00
5.776890975473802037e+00 3.883758490811340724e+00 4.475103312630156260e+00
5.451509341477438930e+00 2.187618453179361211e+00 4.063024491168042651e+00
5.525016318881702304e+00 4.423656293433858799e+00 3.906529689272161932e+00
4.571292665573724712e+00 6.173480344448922352e+00 1.907305664894766384e+00
1.098280192063654237e+00 4.438124519338026097e+00 4.607502622535622372e+00
4.075551388504634609e+00 3.752388645230236630e+00 2.394131006616310842e+00
3.005603106106948808e+00 5.373056325732764371e+00 2.584253442254956568e+00
6.978578824698395966e-01 3.552084295900410194e+00 4.487844174880807557e+00
4.706990351070788670e+00 2.676518978948918992e+00 5.156644290508820561e-01
3.314726343797522290e+00 6.189048811778390835e+00 4.348991157916381134e+00
2.391070992771961556e+00 7.354788404990240114e-01 4.303422091649641956e+00
3.839078620630416605e+00 3.288406754252248820e-01 3.417947189905017336e+00
4.105152925631998073e+00 1.748786484698599208e+00 5.815417019907534346e+00
1.818618244149488028e+00 2.856531252572740875e+00 3.778791149194336452e+00
5.581053179679879683e+00 4.437518324236453537e+00 5.626037082720851679e-01
5.712547700926947414e+00 4.072441264663758886e+00 3.977271366763292626e+00
2.090015115763261266e-01 3.852235857069029823e+00 3.690200565811287525e+00
5.785293146685983601e+00 1.607502073190871794e+00 1.546951637482861797e+00
5.184758604188044018e+00 1.942989429447290028e+00 2.773447980773954269e-01
4.570558976728415601e+00 2.314386850229265047e+00 2.708213716549647820e-01
2.227193560376988124e+00 1.566986692773151280e-01 6.227170862402974905e+00
8.514530872501628878e-01 4.945619755434922382e+00 4.491210214337725048e+00
5.898224420019571035e+00 1.732884541565851144e+00 4.136360564522090222e+00
1.859882384795259469e+00 3.355001044260316867e+00 2.736260804659663926e+00
1.803707645795820103e+00 1.758450365200727505e+00 2.290581328533842775e+00
3.065982733062887267e+00 1.849994228953934172e+00 3.947615838628435458e-01
9.785418981284402240e-02 4.253888153043727804e+00 3.620543639874544084e+00
4.740636273649400323e+00 3.018339836819785571e+00 1.558477594974291947e+00
4.530908232306118499e+00 3.953336014172085022e+00 4.654013530558914979e+00
3.942247205493068840e+00 5.551952862102515596e+00 5.264980479570334104e+00
2.303624516673362432e+00 4.422557386233416210e+00 5.682224262763997835e+00
5.067410534651671128e+00 5.914838741987870741e+00 6.102834625603956731e+00
3.648031447523716775e+00 1.269310564775081085e+00 5.388205422825619983e+00
2.521765945417123067e+00 5.482797050292896657e+00 1.152557960109763968e+00
5.681831827379910216e+00 5.555187520838354764e+00 6.692526598916502811e-01
1.184151889840488581e+00 4.346000729351168212e-01 5.173314648343040334e-01
2.733039681223539574e+00 4.822131164962480732e+00 5.871531610450087868e+00
1.482446251039051033e+00 4.303197655942279098e+00 5.196303455908909186e+00
8.951192344729322903e-01 3.961017772138775594e+00 2.216059170425408453e+00
5.659819779375484750e+00 6.098371045264627810e+00 4.345673054785911482e+00
9.655116508992462876e-01 5.110338667329161311e+00 3.878923228969535231e+00
5.446968512013310004e+00 1.140133777959848743e-01 5.074515593689125303e+00
4.293895755844229889e+00 9.707431182592902719e-01 4.097690434568687756e+00
2.561014589754160742e+00 3.728807474290158464e+00 4.783227721472187888e+00
1.513756452390047302e+00 2.400440160984396165e+00 2.172970036946116679e+00
5.242549698093047716e+00 5.871660397440412460e+00 3.505106747210270157e+00
5.327709650960597010e+00 6.026930599082062301e+00 5.908060029611616137e+00
6.188393218127675510e+00 4.468352142774954849e+00 1.016264950613791962e+00
1.806937984586827195e+00 1.764529808091849672e+00 1.167445841489648806e-01
3.570987139877523475e+00 5.661140461620008502e+00 5.448377775315097260e+00
4.028904030760431354e+00 1.624338842229401614e+00 8.429659684148290699e-01
3.486431521862623395e+00 4.898988454917188595e-01 5.863756945396604081e+00
2.412373537424339798e+00 1.366290441848032611e+00 4.991019373921757207e+00
4.707938280735397996e+00 1.201142055072187409e+00 5.180148252440613277e+00
5.218419792289926917e+00 5.818078883344287355e+00 4.423680703972069139e+00
5.055543047904487608e+00 1.060972933436011845e+00 1.445896090376834087e+00
4.792523859112144180e+00 3.085726634518530354e+00 9.260563029156703152e-01
5.708574399904483426e-02 4.455358893987067859e+00 4.639761224128742256e+00
1.224742329045569678e+00 2.839698749126620125e+00 6.134151692120009436e+00
2.005033002021766375e+00 6.193188202434058987e+00 2.150917326432552346e-01
2.537551655211726764e+00 5.443508217007080319e+00 3.624064291499835111e+00
5.234273741661818136e+00 4.040222834994354528e+00 5.576588978843136424e+00
8.552558984408885623e-01 3.797055068734399796e+00 2.877217972924362765e+00
6.091228734098207198e+00 6.157514525610011447e+00 1.671983141449600307e-01
4.329888025455524314e+00 3.083003997736976309e+00 5.226522354778354362e+00
2.883106114026222411e+00 4.492164378373663780e+00 1.604045708183982955e+00
6.243641416896412721e+00 4.855861271372549304e+00 5.217346019419138337e+00
3.788457787247377695e+00 3.216088333259617293e+00 5.646660544534055859e+00
3.982313266954026432e+00 5.420765901995260982e+00 4.982494561428450375e+00
5.577258595424258836e+00 2.908165086062563631e+00 4.198229003271747750e+00
3.762453719545389430e-01 5.237251446664035193e-01 2.022066718852922218e+00
4.358628455590797479e+00 5.957665020828954994e+00 5.676745093075021842e+00
1.187833389083239322e+00 6.135694678130173330e+00 1.042737193171899390e+00
3.865342859328101954e-01 4.921154543205697784e+00 2.125813116122245994e+00
3.327054531668987014e+00 5.714089787062158088e+00 3.715584526910554075e+00
5.570869970410152305e+00 3.125074501170575392e+00 2.663951783842614246e-02
5.931381415467534168e+00 5.751465787296417886e+00 4.003459662991045498e+00
6.177757609742515754e+00 4.076599753284237515e+00 4.635891587079323806e+00
4.322187916819678399e+00 2.139020177573192072e+00 1.589819208549859475e+00
3.845855239251572577e+00 2.494588007955295339e+00 4.746230572436995310e+00
1.315270640314592510e-01 3.692450202536412984e+00 1.074784575387728092e+00
5.089267926314438029e+00 3.710286465285121515e+00 5.266341392814388733e+00
2.854297811076192293e+00 5.414802741428383914e-01 2.288811300412283867e+00
3.069242758519347691e-01 5.822077954090064011e+00 3.815283806397592237e+00
1.967865322203139755e-01 3.515310794592033439e+00 2.607036677621668019e-01
5.628436036310842105e+00 3.899219688607669099e+00 5.585601217462706991e+00
5.894670179805716614e+00 1.844373213642681586e+00 5.108095683232553696e+00
8.355113775520227604e-01 1.772103645602690625e+00 5.998102027207410814e+00
3.530064304224234117e+00 5.482674844605564424e+00 7.647292476487920210e-01
1.297369354312208012e+00 5.691323278451018375e+00 1.573360598218195516e+00
1.398791917495984860e+00 4.577665796296777501e+00 4.403334630537614203e+00
3.047506313574739778e+00 2.068697211999002583e+00 1.362109158425833799e+00
5.551590136114578300e+00 1.412793719741149534e+00 2.376733531180752923e+00
2.697744595620064634e-01 1.158095334279977129e+00 6.814242655885598410e-01
1.162144819784010297e+00 2.870889365181064967e+00 3.370983700096811031e+00
2.888002078466342493e+00 2.637354804262903030e-01 2.736433991184192838e-01
3.630196163320996927e+00 5.781969143958262336e+00 3.113469116524548053e+00
6.092293010490325678e+00 9.597773046642575911e-01 2.388497199322270337e-01
4.819585783686272329e+00 2.624641045629701352e+00 4.447551070708772869e+00
3.457580834842582718e+00 5.502879023950283610e+00 5.538127593705237217e+00
3.694019089313401505e+00 6.140335337044570352e+00 5.558114491944472491e+00
4.276398730491829392e-01 4.138520805664592572e+00 4.970499614921296327e+00
1.827027968777358069e+00 1.670705093236357852e+00 2.215005004553926238e+00
5.686425993530024314e+00 6.152772180213045949e+00 9.816022734854011889e-01
3.932397243965591649e+00 1.345256777292355599e+00 3.394276653834636726e+00
1.260680595801473958e+00 5.120961567830125460e+00 1.757330474601516590e+00
3.385754203062585344e+00 3.436770487053078860e+00 4.536886609083998323e+00
5.737960080352746850e+00 3.406512451273111974e+00 5.647288352981497006e+00
3.185229460743316032e+00 3.215774350564539752e+00 6.151074585661044480e+00
5.043040300973881784e+00 4.568134989744846997e-01 1.830299720510236483e+00
5.213581135490074736e+00 3.630932669486524489e+00 1.156368520747012907e+00
2.402071796808923576e+00 2.809814217654672319e+00 3.916403714361631927e+00
3.322499814971002774e-02 4.080484480079067389e+00 1.539930653815376971e+00
1.886209622676265463e+00 3.023415524150148581e+00 1.560337421472901831e-01
1.418894652658492517e-01 5.925943700556898897e+00 4.467052539241642251e+00
5.055509257358807851e+00 3.596787332896133726e+00 2.465689050855162545e+00
3.511680625703141434e+00 3.004621010389662006e-01 2.852059139024673229e+00
3.049042231317089069e+00 3.825207462783625001e+00 3.249698985592261447e-01
4.063657131598091610e+00 5.449891965728223653e+00 2.876616864016942721e+00
2.221458588782308230e-01 1.987945918653017952e+00 5.141565331733236377e+00
3.125985569021098254e+00 3.602280314749085832e+00 3.807508883005871425e+00
7.117479281748316511e-02 6.520724230619997508e-01 3.210727003507500843e+00
4.857007205660027083e+00 7.546069443696566958e-01 5.540923742743493641e+00
2.534430576752808584e+00 1.725935463267949332e+00 4.113261577928001955e+00
4.303739619743369715e+00 2.269379654018847781e+00 1.309612029489605645e+00
5.600797968149073824e+00 1.168413647291655977e+00 6.132961521128983406e+00
1.349344817971582344e+00 4.251890726341888360e+00 5.746450424074418528e+00
2.149147880947757994e+00 4.791493260753649785e-01 1.408181971202687510e+00
9.559922342736499878e-01 7.273657587079834785e-01 1.679488642420110311e+00
1.543733882703429483e+00 2.141601154808434160e+00 7.484369506294995533e-01
5.908550916675421760e+00 1.930522479968753480e+00 1.396499357061119495e+00
9.196697912204094827e-01 4.124008111456066494e+00 1.741419999532842100e+00
4.963702461122682763e+00 5.894635157941812587e+00 4.183451321187085625e+00
8.172227400496863137e-01 1.988139511268060267e-01 2.736950893710557331e+00
6.210104644111718031e+00 1.435395320343464176e+00 1.987915974779035366e+00
4.354356111437716059e+00 5.264767760463674229e+00 3.561166810684026629e-01
1.446461046231176883e+00 5.336755388346153595e+00 5.221329907808795134e+00
5.095712049435288105e-01 4.221468134713715514e+00 1.363481668345611686e+00
4.879977048708443732e+00 4.470508522001745533e+00 2.703231398048403289e+00
5.179596380017669199e-01 3.708856387761754192e+00 4.960865272855499164e+00
1.512297893631184387e+00 2.959786861442506911e+00 5.862490817970871682e+00
6.136867338560172414e+00 4.038784816438540481e+00 2.248679896435323844e+00
2.177299265719500720e+00 5.697013276172655516e+00 5.432726877396289566e+00
4.231979441444817525e+00 4.436710936158476670e+00 4.234479697615632254e+00
4.029065624859721417e+00 1.738630064177977497e+00 4.920126544975997440e+00
4.507760692625996768e+00 5.283004491967236760e+00 9.573407513588556572e-01
4.659394964609947287e+00 5.188409856061317882e+00 4.701213557623426631e+00
2.360793118464425078e+00 5.764480128630233402e+00 3.836054719147379721e+00
5.676620154002248064e+00 2.618687267394481655e+00 5.143520923821515822e+00
3.483479360766822186e+00 4.909379240732755889e+00 1.044721239406646518e+00
4.678600521595869033e+00 3.603397208688274400e+00 4.398461693252030180e+00
2.316480758980814930e-02 5.040964739016017049e+00 4.417854542981674904e+00
1.655887630985236170e+00 5.078924091302739363e+00 2.329012923838130078e+00
6.186191562711858438e+00 3.277141717823051081e+00 4.507607416530706956e+00
3.783731557473832385e+00 2.153307420775531167e+00 5.802417511460100208e+00
5.139513609531076721e-01 3.119868511320071924e+00 1.899508965286685003e+00
5.809651518518347935e+00 3.939111401521491640e+00 2.967009893295609047e+00
3.093885597550361855e+00 1.568464280804589217e+00 4.570288555647331386e+00
5.642866455208727094e-01 5.292719638216688338e+00 2.039132702287627108e+00
7.656128470066089209e-01 4.183253047398921787e+00 4.222985794508434587e+00
3.495353255915802482e+00 4.581679459635204843e+00 2.271815356254369700e+00
6.007547625010801084e+00 1.216541964173550872e+00 2.775056506253824384e+00
6.086693903666724470e-01 2.355098324397412179e-01 1.527161186814857574e+00
3.681097495166096412e+00 2.785482219256077752e+00 6.009595425685130721e+00
2.150991927800546488e+00 5.900845461677506343e+00 5.415653558581791316e+00
4.437847453999803626e+00 1.738927560001205075e+00 5.759341721552625692e+00
1.423181733131892779e+00 1.469026023528529956e+00 5.751056004579987224e+00
3.469684968360595700e+00 3.743322910214464283e+00 6.473361795017021914e-01
2.765071438541366611e-01 3.869061663053967148e+00 3.871232637710294577e-01
2.104603921495526553e+00 2.666402331376133805e+00 2.669540280509874020e+00
6.820815715315189376e-01 4.236751720322111225e+00 6.035262639284926678e+00
2.494589453371920396e+00 1.538925252423678725e+00 1.773073231735970090e+00
2.946105140129472666e+00 1.748667217080548841e+00 2.468412036390131625e+00
3.788907707753810694e+00 1.314966578215220006e+00 6.930040147735235800e-01
3.401438527334439410e+00 4.392640851468606833e+00 3.550962809988448488e+00
4.506460657301750494e+00 1.687290191507827775e+00 3.929658050763188193e+00
5.010026131109893838e-02 2.923230839334554965e+00 4.240007121544033253e-01
1.383142125388297838e+00 3.610853387298043060e+00 4.685488517259713603e+00
1.942592415915560533e+00 3.833498609563584569e+00 1.108767435217370645e+00
4.151799717974673953e+00 2.574538554485187980e+00 6.258419221387421238e-01
1.174572005569763711e+00 2.998626377248294173e+00 4.477979662196238664e+00
1.365424149381776253e+00 4.735436722088792294e+00 2.998272076870089009e+00
1.199051669717255297e+00 4.855403799177758550e+00 8.877562392216981069e-01
3.791282141150184692e+00 3.608398861383231626e+00 4.972903218205535936e+00
4.708835306464846937e+00 2.908062181724332174e+00 3.905103188317903484e+00
5.525335409537060372e+00 2.834761399978092289e+00 3.074585259806488224e+00
4.084778152109060478e+00 2.422591075076755196e+00 6.108956425942401403e+00
5.501490688926068628e+00 3.524115016433395642e-01 3.067694497455652147e+00
2.428248888633171898e+00 1.695999106362422459e+00 3.777092699281478616e+00
2.345271080992320234e-01 2.448209665126122925e+00 4.461796296776618043e+00
3.226860249888035437e+00 1.087634284225765358e+00 3.853458480576823053e+00
6.029288709447544470e+00 4.552232927280197572e+00 2.829995417849514361e+00
3.352905129055667732e+00 8.393185037985432251e-01 8.697372933281791729e-01
1.471353219852531646e+00 9.306207120816296918e-02 3.000343559613082967e+00
1.582017940896951469e+00 2.850823711274399486e+00 6.220675200476533995e+00
4.477753914689593800e-02 6.123128691884724084e+00 1.634435421501317265e+00
5.591844219450804232e+00 3.634856395739419987e+00 3.080663879918334125e+00
3.128975675269624723e+00 2.017202570266229955e+00 2.814593553829202399e+00
7.936146870324710667e-01 3.983943390304030885e+00 3.557288620413554980e+00
4.638125307889217730e+00 5.819381919691701377e+00 1.097841909315292463e+00
6.055125963488658059e+00 4.996635136286085910e+00 1.607783302020234562e+00
5.206351822174962507e+00 5.404979165186756696e+00 1.183252426342950470e+00
3.215074817400371376e+00 5.776598667203978188e+00 1.757438922442800644e+00
6.209732404455030608e-01 2.949679997892308059e+00 1.785878802079807093e+00
2.402330602785388569e-01 3.700169744677737960e+00 3.770986458642301642e+00
4.415779077194869728e+00 5.491344965687292579e+00 4.745815216788754398e+00
5.109411218873888494e+00 4.953913342193280833e+00 3.398569820277019815e+00
3.320956112940639304e+00 3.378520877329954875e+00 5.354287739016769798e+00
5.925256822298637260e+00 3.593385685631492965e+00 3.768152983075543916e-01
4.383985972145377552e+00 5.270075086805187325e+00 5.447400604922743028e-01
5.051730368899606027e+00 5.667258476381081600e+00 3.609659747706763788e+00
1.629612297666609422e+00 4.708853669294274624e+00 4.858360460238529299e+00
1.248408396468108972e+00 3.757344389100822912e+00 1.197640052469960859e+00
5.784639987897076452e+00 1.130183113287547725e+00 5.655557119943789068e+00
2.846091908514568392e+00 3.953293116320476752e+00 1.063691019481748823e+00
4.805932931741085490e+00 8.752402297819869004e-01 6.963062143566177420e-02
4.338619720466883933e+00 2.581300691042848428e+00 3.658908578114652865e+00
2.147508173379536256e+00 4.911733655275773991e+00 3.312727318430564782e+00
5.122436557343880814e+00 4.459885923875308578e+00 5.877433984647120191e+00
4.072988954589042088e+00 1.780516686648691671e+00 4.069564619914283199e+00
4.604657013570995439e+00 3.395454499996672038e+00 1.102159595542772319e+00
2.195496130548851177e+00 1.634655402768211196e+00 4.378704005113201347e+00
6.350683721882474098e-01 6.857187579874843841e-01 3.202490614342129671e+00
3.006413168198597941e+00 4.339704117663433891e+00 9.922066972442680211e-01
2.457856502160160161e+00 4.594329218042848773e+00 2.275743531015631760e+00
5.333985322335803581e+00 1.962604934544858848e+00 2.400950596497041012e+00
2.885637902078638461e+00 1.742394521282010444e+00 5.364869862371494769e+00
4.486136728223195647e+00 9.310069098596273074e-01 3.850486404148425024e+00
7.623987631545624533e-01 8.753515508027266412e-01 7.658111601924232348e-01
3.755035150612606287e+00 5.997123078078435476e+00 5.739314104255435645e+00
3.276507581956079385e+00 7.708170705443997406e-01 5.578914496030550119e+00
1.150433912540941295e+00 2.687043900514274331e+00 3.815706514548531381e+00
5.845003469670531082e+00 4.520837491902828909e+00 4.008657612384170649e-02
3.489899237596766568e+00 4.318437803497543470e+00 5.381378340362577894e+00
6.291096691807633867e-01 1.972132980638624966e+00 4.643265026405993368e+00
5.543067032466161059e+00 6.755483832144144607e-01 3.241749129986337685e-01
5.245435906579159813e+00 3.414472106294251574e+00 1.624770319146847219e+00
4.683504690262276782e+00 2.105942958458077996e+00 1.504462431072268735e+00
2.836837241342470062e+00 2.051522676605631812e+00 3.787376158380776126e+00
4.237580508417396530e+00 2.067551554930796343e+00 3.291970665861473355e-01
1.684950710623202674e+00 4.244445341858064324e+00 4.831475786434236142e+00
4.829536789390997065e+00 7.528516534487788014e-01 4.420603987610767227e+00
3.519054983289802596e+00 1.833568245720929246e+00 8.254424113058026480e-01
1.340459683636849197e+00 2.050836837599680162e+00 3.977384774389447930e+00
2.948533677531716801e+00 4.806875118446878759e+00 1.049078642831311248e+00
6.122819885347452029e+00 3.853821538337120156e+00 3.555696580180916389e+00
1.992984357690015806e-01 1.145404101834087252e+00 4.490102300050499373e+00
3.687590862266705738e+00 2.734532620630518274e+00 1.482648496549122674e+00
1.228468874734772315e-01 2.527620350991898190e-01 5.231588664717580883e+00
3.804964261346723831e+00 2.269363890153258900e+00 5.907641124148005574e+00
6.211452518324882988e+00 4.075630465132173086e+00 3.510193388623783051e+00
4.906294127827679930e+00 6.276544018871289543e-01 2.469494838510935875e+00
6.160506184265435614e+00 1.310624115813635138e+00 2.354677338072469261e+00
6.261347023493488706e+00 4.052400188463290753e+00 6.707583725353515325e-01
1.747857153000895503e+00 1.752015655024853791e+00 8.598744355777933057e-01
2.940338227795498138e+00 4.067138736436271884e+00 4.825237942618927356e+00
8.821618916731267523e-01 1.704819797752373356e+00 2.839404829033805200e+00
5.467495714276121355e+00 2.597784256674454006e+00 4.764341576292166813e+00
3.846765670116063962e+00 3.516747231294015563e+00 5.559656775706570464e+00
4.644906992462303208e+00 5.486825810602016240e+00 1.644316256975445700e+00
5.820524964613759122e-01 5.966428707861285652e+00 5.276012629275121490e+00
6.666872947308913333e-02 7.123402765465373099e-01 3.197820816681062883e+00
6.911319534484832161e-01 2.235729662701905429e+00 5.075917101885561777e+00
1.621322215046239856e+00 1.090482990667887231e+00 4.483882486469501494e+00
3.022319884995114392e-01 3.657238121618681337e+00 5.823320231815302783e+00
4.666496939822206258e+00 2.608134761730795947e+00 1.811642849990971804e+00
3.695168750274242520e-01 5.136000298784922258e+00 5.446620836495116080e+00
5.274837190203619741e+00 4.051720033039510227e+00 2.079589442401463817e+00
2.957801417653580955e+00 2.518022980084560825e+00 5.246147436320734769e+00
5.821253275031294194e+00 3.426831256893380750e+00 2.802786482827071435e+00
5.715142571988011788e+00 2.941158359154879776e+00 2.924103718547809372e+00
4.818681372523835327e-01 6.923168613297215890e-01 2.243039806321939889e+00
1.566726799967427031e+00 2.272401158474676441e-01 4.210131528532009781e+00
4.901940681302617620e+00 5.218159061323734527e+00 4.238819710290679943e+00
1.486468344725001778e+00 5.292959231018062205e+00 1.062688983894689132e+00
4.316247482905904320e+00 1.485028223574929029e+00 5.420456216390496351e+00
4.468519823280020731e+00 5.625616729979928010e+00 3.739342146639788922e+00
4.972873668898656341e+00 4.984847003015905109e+00 3.030446668993742154e+00
5.732565760963405310e+00 3.473459106706199506e+00 1.898851851073310337e+00
4.729986295635348448e+00 1.418631898089396381e+00 3.963626229884693597e+00
2.085645938048683146e+00 1.317772727613015504e-01 1.197556718581825885e+00
2.224538851827632779e+00 3.254784440830447600e+00 3.510871522962454083e+00
2.655875211427353833e+00 4.745782336557344827e+00 2.534139570015727094e-01
5.571705398987895741e+00 5.216589933134369694e+00 2.015233808322977271e+00
4.443187921413513486e+00 6.256377023328147047e+00 6.119860130753495220e+00
4.619248867051115592e-01 2.799224214816070422e+00 3.201791509140685221e+00
2.997094146050387486e+00 2.462434472680801623e+00 1.969082241348507401e+00
4.118596465636467308e+00 4.588347708847265949e+00 3.855948718872973302e+00
4.605662056984862751e+00 1.978658442370595294e+00 3.509497320530923226e+00
5.499799339071417492e+00 5.213906528184004685e+00 5.775677552062860265e+00
6.232997748685897399e+00 1.962679321831266810e+00 1.901270620185709026e+00
5.891484441531441796e+00 1.330071881776255793e-01 9.810191883592016548e-01
2.537844105666547598e-02 2.460937025154148916e+00 6.042854979680162053e+00
3.927243054072649286e+00 3.082968025941000612e+00 5.607502343094861175e-01
5.140042913117296663e+00 3.708802799596525812e+00 3.755627520691008137e+00
5.735364258147034988e+00 4.329873481301953042e+00 2.158675803302578355e+00
5.587938928109755565e+00 4.386575942970194930e+00 4.986666161618460436e+00
4.218531615739143703e+00 1.523547890538145655e+00 5.927724781610967497e+00
4.306950924497058075e+00 6.872437849034006563e-01 2.210883524854696081e+00
5.829687870831855356e+00 9.724264365978496638e-01 4.154521509021528836e+00
3.448084806431297888e+00 2.539826365245354101e+00 5.744865952223868533e+00
1.645428158427001408e+00 5.221372036648936010e+00 2.845058319227959487e+00
5.956929909385597632e+00 3.775091441965907624e+00 2.184549300454929899e+00
1.401598910909763518e+00 5.506431819112712844e+00 5.423805121835865606e+00
5.317035344973722211e+00 2.552663686591965853e+00 3.853620270024220140e+00
3.837795954970484757e+00 4.832479675490726656e+00 1.702229645055124641e+00
1.085639730404557968e+00 2.754858948707246125e-01 5.825830880950811697e+00
4.119709896081832134e+00 5.796559734557968468e+00 3.754650606326839224e+00
4.124197296140967417e+00 5.487392700698315195e+00 6.072291043775659425e+00
5.759065757892873449e+00 3.382152728591267810e+00 2.424222588684713298e+00
2.644102827952584889e+00 5.743272830783472394e+00 1.465051169945865928e+00
1.615349728191506351e+00 4.079561622188384362e+00 4.801850142084921336e-01
5.328015228851592511e+00 2.425856693737661107e+00 2.332249864833449315e+00
4.341053487703896430e+00 7.659148792477291634e-01 4.532748486360320683e-01
3.000130227621770729e+00 4.990826783112832787e-01 4.962221371467789410e+00
1.638497888266996938e+00 7.068986847682089403e-01 5.673881310983608373e-01
4.414957158729912123e+00 1.316445144902924635e+00 3.078055392464789097e+00
4.024867674190067746e+00 4.545889967524740172e+00 1.753298229197578273e+00
1.936097025343213041e-01 3.674631190648236512e+00 1.215300604025782771e+00
1.428470878415411427e+00 2.323643859778274035e+00 4.773411127893559147e+00
3.485834532013039055e+00 3.198442468697625163e+00 4.279728826890717208e+00
3.048460073708692875e+00 7.940797474171803483e-01 4.601648797697952098e+00
3.108080141005385766e+00 3.285941400344006613e+00 3.838178506825271064e-01
4.367082641172972401e+00 2.054731392476993435e+00 2.664488832042755551e+00
2.267559756585534547e+00 6.130257177224466503e+00 9.403014717439578396e-01
2.666806923212928782e-01 3.479116358450728086e+00 3.182962271179741620e+00
1.551295023186404887e+00 2.300087544963550223e-01 7.949533117306678554e-01
5.420745243074851061e+00 5.181584697002043605e+00 4.765945317517306989e+00
1.150359608268653799e+00 4.376141261224047341e+00 5.420082020110815968e+00
4.063462313343416454e+00 6.148109518153253461e+00 4.307690549627355980e-01
3.699138209864947235e+00 5.282948808695222986e+00 2.738936695903082974e+00
3.643740128470820849e+00 2.665750807049835469e+00 5.593324016322167580e+00
1.681760463179919229e+00 3.980204437304633469e+00 2.945861662641949819e-01
5.896390641305264246e+00 4.602742965406469544e+00 2.389167179560438115e+00
1.450496110990234566e+00 3.645017967509467383e+00 1.166726940079019920e-01
1.675982315670819567e+00 3.995077496771040071e+00 5.524911095398099548e+00
8.606481530687777326e-01 8.406026972382110163e-01 7.765772566136475152e-02
5.187235755600915432e+00 2.346066656749568491e+00 2.585651739886226874e+00
7.835997947996893309e-01 4.504987074332932329e-01 2.189455330693609092e+00
1.194043720967267186e+00 5.773314255980818821e+00 4.002061830992184710e+00
3.314145318895058701e+00 7.299031963231811249e-01 3.007005745146329456e+00
4.820997908090363104e+00 2.571370354132388236e+00 2.034208143211900133e+00
5.811857228698402267e+00 5.600090401798653694e+00 4.405989956367619698e+00
5.098986110118866044e+00 1.612782891723942402e+00 6.228304102655166652e+00
4.693477271739125101e+00 5.465445174538348105e-01 2.019526728382487146e+00
7.673823863054427541e-01 5.976801913769414831e+00 4.860998655154875614e+00
4.638071817776778794e+00 5.446730047337666747e+00 3.531051490443510410e+00
3.070305323599527458e+00 4.465849545208943283e+00 2.436358618578177371e+00
5.767881713384114484e+00 2.784210557094573435e+00 3.687201341918547648e+00
2.262049289633651927e+00 5.337851946383455726e+00 3.365367935238149588e+00
8.569814503575577946e-01 4.589115487218772493e+00 4.058194007862605979e+00
2.794377476126823634e+00 6.080855188452963134e+00 2.435255329784224987e+00
4.981523830403155273e+00 3.121332700644497304e+00 9.968501310690736084e-01
2.478724637562484290e+00 1.927389845924698086e+00 5.535780800001819379e+00
5.083741064606609683e+00 2.493851600039754146e+00 6.224615616710275745e+00
2.982764068307035554e+00 5.773436877727445626e+00 3.032710614213541600e+00
7.575652555643008768e-01 4.686146670735589659e+00 5.553476589395693885e+00
3.670951307499790595e+00 2.910712430328856737e+00 5.642622188183989529e+00
3.169781396141939656e+00 5.560302493327591300e+00 3.346516128046158833e+00
4.506135022868093643e+00 2.059000858282079349e+00 6.210183100349683905e+00
3.205243605803811846e+00 5.452005039528611263e+00 5.903227478103683090e-01
9.240384795499090309e-02 1.126385348879144654e+00 2.466503708792717187e-01
3.421964062258252781e+00 4.691038769495399774e-01 4.523479369218370572e+00
6.273775648056577836e+00 3.878078132872783357e+00 4.684349038484564964e+00
1.994079259466436937e+00 4.509602645253449005e+00 3.460902307849866411e+00
3.398069757425755011e+00 3.320482795147272181e+00 4.546077678577989722e+00
2.734514112128274554e+00 2.639708059892006631e+00 2.099014148829321691e+00
5.493496285098989240e+00 1.341546059930954549e+00 2.974653773025275783e+00
5.276856825892338954e+00 2.617226679061236960e-01 2.349460245891077825e+00
3.147572635795208296e-01 3.919952701690439856e+00 6.247256599045202918e+00
1.945430130682805070e-01 2.537572214130111359e+00 2.129109405911726594e+00
1.963587599611439138e+00 5.874184309193469566e+00 2.894703649396723311e+00
4.500235605983500697e+00 3.080324026887199640e+00 4.881004567151324913e+00
3.197883891685298074e-01 2.520566189512236099e-01 5.284882033609773266e+00
5.079358149072861650e+00 6.025081519155277121e+00 1.973608595051852266e+00
2.244602030543514370e+00 1.243354000223037659e+00 4.293708590880136455e+00
4.839449172046447423e+00 1.835568282294413933e+00 2.565572200537787673e+00
2.637829305833274240e+00 2.227246181717545959e+00 4.859197439494219450e-01
1.107842579362656732e+00 1.999864171769915266e+00 1.717819906941495445e+00
5.668695735031609395e+00 5.155342981574637662e-01 1.286028075229331824e+00
1.319282097018622757e+00 5.519146213814443591e+00 8.958915473055585332e-01
2.770634575449159587e-01 3.121886642970834735e+00 2.872286068023388150e+00
5.206384020115401690e+00 5.081784027967649386e+00 2.942051060881420099e+00
2.286329566790400669e+00 4.370235021369871298e+00 2.935714506858470241e+00
5.378248881370943479e+00 4.855115755331977923e+00 2.859323085847610191e+00
2.615265833681232444e+00 5.693588647875832187e+00 3.363242836932173740e-01
5.201108291618842250e-01 2.412969368768513589e-01 5.442729238327669528e+00
2.007460346425716580e+00 4.593425575215868584e+00 5.434039051353042993e+00
2.909052496997917014e+00 5.621724821637452685e+00 1.548363575870730147e+00
3.430946354713883206e+00 2.319725076832580335e+00 6.062652333931602300e+00
2.815059786517044138e+00 4.222132399436782646e-01 1.508707145455046028e+00
1.626964270067384755e+00 1.411753319515187899e+00 5.945109689581141943e+00
4.788616539537197347e+00 3.691070128132393879e+00 2.786876405981707272e+00
1.118000276098702672e+00 1.799469572707071530e+00 3.550742011146888366e+00
4.770634635920016464e+00 5.972415664276334857e-01 3.128274533439856508e-01
2.177220292064103280e+00 6.192478508857910846e+00 3.331799405846064488e+00
2.891805810159936208e+00 5.853339971533515040e+00 3.292743268840484294e+00
8.331489633587592369e-02 2.408656255974135352e+00 4.197365105816496467e+00
3.901196841205399668e+00 3.602266716666564061e+00 1.806854254153291928e+00
1.844246219089032524e+00 3.694873404622159629e+00 3.013665526853491095e+00
3.085474002870995491e+00 5.895769576547863267e+00 2.199660353882057606e+00
3.265991252308667825e+00 4.247857641021957953e+00 1.940398809812765801e+00
2.582746932799147022e+00 1.642496078488190570e+00 5.017298529416273745e+00
3.557777519901924368e+00 3.276616286395251265e+00 4.440268230035928632e+00
5.390808099516461560e+00 5.809979540900532591e+00 1.669823762943074552e+00
2.078277351370494852e+00 1.594257245576311988e+00 4.781603754103734616e+00
5.015795939254537039e+00 4.845823416749165169e+00 1.819068824444507460e+00
3.700955755045625573e+00 1.003149289761932517e+00 1.307015884899938030e+00
4.860723070296089077e+00 1.067618369879864137e-01 4.965999404157702912e+00
1.079348832696838789e+00 1.534529061080501133e+00 4.824322822041289704e+00
6.947352193054732172e-01 4.867737120058496458e+00 2.185623149157774614e-01
2.300471364671742514e+00 4.940705886245445599e-01 5.791172030145036231e+00
3.673361561739713066e-01 6.054514183870437272e+00 7.891811386030165298e-01
8.384163537585299641e-01 2.064865768080603736e+00 3.501687666897748574e+00
1.689641293344592565e+00 1.792262481767449511e+00 6.404843669090608538e-01
2.358729633199164066e+00 4.695185681415903645e+00 3.077139130343113926e+00
1.262960098143623257e-03 5.820312743851483894e+00 1.771071945927005231e+00
4.383666509719617466e+00 4.004641551438348657e+00 3.912576387604997041e+00
1.390786973580340646e+00 5.535534827721818374e+00 4.759169144373384341e+00
4.474521255191161728e+00 2.321329887139117254e+00 1.974289793476821653e-01
2.552594291784179070e+00 1.390102146150462743e-02 2.920584000897325616e+00
5.850280368664151354e+00 3.234230024648810708e+00 3.679610876483101478e+00
1.955312688481160688e+00 4.820900248237520280e+00 5.790432850780811158e+00
3.119749708909402397e+00 9.765241176644617882e-01 2.871721627587181302e+00
3.430067588702667258e+00 4.216077324809068827e+00 7.044178772336001648e-01
1.684286350228444640e+00 2.571855748545413434e+00 3.872946497392585563e+00
5.849574551840291292e+00 2.122569929387844390e+00 4.917279264151509288e+00
2.918708920936154527e+00 4.619070799847739828e+00 5.804752649113717133e+00
6.027873827876318202e+00 2.308578422490710214e+00 1.160001905955702739e+00
5.910158460383242662e+00 1.742877570422514122e+00 9.575850427971213663e-02
2.836355648356912340e+00 2.487903765718638027e+00 3.890924277073427806e+00
4.835937788502029377e+00 5.765291799182778121e+00 3.295909314140112456e-01
2.969295705422257292e+00 6.224925496932927516e+00 1.856070004326729306e+00
6.207731114151434859e+00 3.329222796356980929e+00 5.303106205512468918e+00
2.063903923486595016e+00 4.878761326071168192e+00 5.051107437754644991e+00
1.261058626066008381e+00 2.700397926491764800e+00 1.920987664302226117e+00
5.823202504769701804e+00 2.292752502407073845e+00 9.909572577890811695e-01
1.828475713767561350e+00 1.544543311255146989e+00 5.389104736846539012e+00
6.074924518847714339e+00 4.595798404870461873e+00 6.275496224533501533e+00
5.194489193404634442e+00 5.755665742836169940e+00 4.406719669131981654e+00
2.058013322681643942e+00 4.162885160910041016e+00 2.820763274594432879e+00
3.775895705580474826e-01 4.007588769513381166e+00 2.540993941293423486e+00
1.638891479129741757e+00 2.341911292510018505e+00 5.370403766001103030e+00
5.232143851931765788e+00 2.168503582494153648e+00 4.583661836028962711e+00
3.760822988544876733e+00 4.638461712450471230e-01 5.044260818765094356e+00
1.544545395105508812e+00 5.909655840745475786e-01 1.403518979553094459e+00
2.375014514958523115e+00 4.845439428033742502e+00 6.257344041729980155e+00
5.067511868751832793e+00 1.156095856037050451e+00 1.768008585905818775e+00
3.501302731905317600e+00 7.391394347185631375e-01 3.587880182970012211e+00
2.364610683809480474e+00 1.054906083512001436e+00 3.659197824883797523e+00
5.845198429121623462e+00 5.381873691074728683e+00 2.974460600132049048e+00
2.674464709218030478e+00 3.285058394503161505e+00 4.570071627689990201e+00
7.410653795312366343e-01 6.091424629455445550e-02 4.645565528205423789e+00
4.613069142694945057e+00 6.085760490171709058e+00 2.685813211197195294e+00
3.110785149348029854e+00 5.169799523982174350e+00 3.412777740784641356e+00
1.391856628019778164e+00 4.466374741299212192e-01 5.512841954494525076e+00
3.087127037899050741e+00 5.336585226699701145e+00 6.090223124761419804e+00
6.218074173684923878e+00 4.878075468213710408e+00 4.464441058940347595e+00
4.450847338246319396e+00 4.626981993783110703e+00 1.885660695534705777e-01
3.772909111456996367e+00 2.523452182432719404e+00 5.509579228432029296e+00
1.295009023245838442e+00 1.770135337986667556e+00 1.014558072392076848e+00
3.518168280870436426e+00 5.566485215068512460e+00 4.414042091620902220e+00
3.208912830041805719e+00 1.190493938361123272e+00 5.308094256517799536e+00
7.904565225765723957e-01 3.473183777762999025e+00 2.354237005067960187e+00
5.930748253928467051e+00 3.686211091429768327e+00 5.076694558960883619e+00
3.653473979316579801e+00 7.350874534153550854e-01 2.437516578152366442e+00
3.343736035443796162e+00 5.615344827609406231e+00 5.204854522929586835e+00
1.570251388021126404e+00 4.654852139635749508e-01 6.178191104458592875e+00
5.317073932192196928e+00 5.044798282309420401e+00 4.229225451533393354e+00
3.629626672160571665e+00 4.782893510996195197e+00 3.607653667842384060e+00
5.937308689831612085e+00 2.867283231011554800e+00 1.444358081304070000e-02
1.544450982807086703e+00 4.076480560965550559e+00 2.093473728337850392e+00
4.263364135861659854e+00 5.483082414173733099e+00 3.129493470642272790e+00
5.419521114641002946e+00 4.096488918619885844e+00 3.992617605389746860e+00
1.700633734187813939e+00 3.660659632947093733e+00 9.071603758615010005e-01
5.592980448191703147e+00 6.799292424969642923e-01 2.742922445507169904e+00
8.726144749022108904e-01 6.118688132918974176e+00 5.616326382938725104e+00
3.079540221757317120e+00 5.518970459469315415e+00 5.514083626622055867e+00
1.974820146806853138e+00 8.709868487435771245e-01 6.249768445211657308e+00
5.114783959256561374e+00 3.174076016516886867e+00 4.866387517607389412e+00
3.864567995969562908e+00 2.210795328284994365e+00 1.199952005408863043e+00
5.589834400077772436e+00 7.544968498951163394e-01 2.059873275949548166e+00
2.640993014369668934e+00 4.511842916018666827e+00 4.429008975397645820e+00
3.811174635401062716e+00 5.648345211912150887e+00 1.793395368932777512e+00
1.774889704424650105e+00 7.515051938136743104e-01 1.247124421768962987e+00
5.516198759843477184e+00 5.334880961716367054e+00 4.932621373002463727e+00
4.377539570670013092e+00 3.744231428266088790e-01 5.757509540750945121e+00
4.849931114307191926e+00 5.906989607444103285e+00 1.926714560183771630e+00
9.076058028069345918e-01 6.082911375609845628e+00 1.398131553536255400e-01
4.776363602533343133e+00 7.756735415157766100e-01 3.689596896601590625e+00
5.095010186793768270e+00 4.605271464520642510e+00 1.909880792833683838e+00
6.189791554730108558e+00 3.395413153394093997e-01 2.092865482614819417e+00
1.743320180584579493e+00 5.629012116702806878e+00 1.366955390934241343e+00
3.030147973191164912e+00 4.403465166583094614e+00 1.620522753615924794e+00
1.982288156977921600e+00 7.902414826291559447e-01 4.848735439961026294e+00
3.533535376024423247e+00 3.537358760222020226e+00 3.984413601450535580e+00
4.781551968566843946e+00 2.893310713953531010e+00 2.254227509948343755e+00
1.492323120289957616e+00 5.596355233831224574e+00 4.597323887220455596e+00
2.423410469419723379e-01 2.038742425615394982e+00 2.603973341854500800e-01
6.203489276774755368e+00 1.067640676045058079e+00 3.127980518406443533e+00
4.733689986216619516e+00 5.307708942794656437e+00 5.709646933302237493e+00
3.378331151674300425e+00 1.069316220814874319e+00 4.530150575043435879e+00
6.229580704191622686e+00 6.996461259265482902e-01 3.325050094944765888e+00
3.312766800520295263e+00 2.206491977920499892e+00 5.655299219388194132e+00
5.565716703065084481e+00 4.923403957243441265e-02 3.125592655544948834e-02
3.075828050639653366e+00 3.029781059492356210e+00 8.381956285598112233e-01
4.858284221476805165e+00 4.503479637813472714e+00 3.183579774123698858e+00
1.621073033776060601e+00 3.371932410805162483e+00 5.492400191665710585e-01
1.732121154462743506e+00 6.009478991914080304e+00 2.500869887696099969e+00
5.486760394120588025e+00 3.246601537854276742e+00 3.524646057772290231e+00
4.076376334828832881e+00 1.333374674892163769e+00 3.139706373800720929e+00
8.648581872518800173e-01 5.064467986599036742e+00 3.835301802508198410e+00
4.728490506640074642e+00 6.766728566027960801e-01 2.909747135968782761e+00
4.909297048992405266e+00 1.458524966685486479e+00 2.615245139162198473e+00
7.043376624783960205e-01 3.830003763398596828e+00 9.865310705675367497e-01
4.664824054548426524e+00 1.713646847730925238e-01 2.047558671020430321e+00
2.874320619860772918e+00 6.056734476158471381e+00 5.364154896975148468e+00
4.880217865015428202e-01 5.523920654961552934e+00 5.338475668878439606e-01
1.388772223147408447e+00 2.508365057025048195e+00 3.434906871532616535e+00
4.185419854445300569e-02 1.131200045721335368e+00 2.459137887895000707e-01
2.677466331938612498e+00 4.111888591957875150e+00 4.948172359401707077e+00
1.511081562903262565e+00 5.514524289827294368e+00 2.516004851812654319e+00
2.608465159448936976e+00 1.741147099887869754e+00 2.634486956659819246e+00
4.355606052605753398e+00 3.591973956337985996e+00 5.796883456248293598e+00
4.345957192932252688e+00 4.318611278865775449e-01 3.375745551382581588e+00
1.721827116671510671e+00 3.219428651338357650e+00 3.353036127413646650e+00
1.901435572397284224e+00 5.231653299016288727e+00 2.030646197979082412e+00
4.499146066836833491e+00 1.951705745024195249e+00 2.294962287522327227e+00
3.219905567343691377e+00 1.818513787033823270e+00 6.220512867159829540e+00
2.065766118894501790e+00 3.856464046315421168e+00 4.595669484822652251e+00
5.665278888155683923e+00 1.390306277648486466e+00 5.085103717073816476e+00
2.067098899383021049e+00 6.161799080993717759e+00 1.706402168321613733e+00
4.675600731439731206e+00 4.022777970331016806e-01 1.579011009578068947e+00
2.261274540814687040e+00 1.363218527808830682e+00 3.754819427542132271e+00
5.752035843028348028e-01 3.787673975438774931e+00 9.837362729241645731e-02
4.926500114654284168e+00 6.223568308550916361e-01 2.223253841807650844e+00
3.344659511831433729e+00 1.056328031314272969e-01 4.793277276280587529e+00
7.193996145485542781e-02 3.814507095764568145e+00 5.311057756885896097e+00
2.897261071623696838e-01 5.381972552966773904e-01 5.812611991982235438e+00
3.118289190988666526e+00 4.282848006804131025e+00 4.020334811313130530e+00
3.231120159533109604e+00 2.075302910573052273e+00 2.701882197963973553e+00
1.878893643688420267e+00 3.845833806315174019e+00 4.221350432529257013e+00
1.758209056678921439e-02 3.266222074748463822e+00 5.937398041392542680e+00
3.321297807775608568e+00 6.184569116330596472e+00 1.454771466197269492e+00
2.317630439536410680e+00 4.790471463919261375e+00 5.870227404597266663e+00
3.495274357936287046e+00 5.547525643492466685e+00 1.768043038959201008e+00
2.498488217353662666e+00 5.540994213300646898e+00 2.670089684628581317e+00
2.863637241594162663e+00 6.154719781535896495e+00 5.682408797294335123e+00
4.112610687278269062e+00 4.370893205777750978e+00 1.552341090508978283e+00
4.696806144558940410e+00 2.666099829950103750e+00 1.061422253110836600e+00
1.928842341376683533e+00 4.661980994818441637e+00 1.396113732768075044e+00
5.479851789848822818e+00 1.446543886139347368e+00 2.069234019003977298e+00
8.522318338631611478e-01 2.695682188302104709e+00 4.975196253819791359e+00
4.128615987542228360e+00 5.638754176594887646e+00 1.911681657704744630e+00
3.208977657696661989e+00 3.189499371021582430e+00 1.604741936015010584e+00
5.023584017841148608e+00 5.236047526386809814e+00 4.901562401774380184e+00
4.217215354172711095e+00 6.273748190665862090e+00 4.048120643549848907e+00
3.605029404564606743e+00 5.502346403253537410e+00 1.515039854387803864e+00
5.655924666283153712e+00 4.630311656252803942e+00 2.557193177428485509e+00
2.208846018797415045e+00 4.924450587588817818e+00 6.025399009931099670e+00
3.368206747909806786e+00 1.651348791697308638e+00 2.355865910652314987e+00
6.050724564904831126e+00 2.248855859728200013e+00 1.060140378124686311e+00
3.333404717582888921e+00 1.469253029726155013e+00 1.990316599941484466e+00
1.271359534550293491e+00 3.847475803177255127e+00 1.249978628414644799e+00
2.462340756285369192e+00 5.886413499031431407e+00 3.324303802326347146e+00
5.063583627168274148e+00 1.706756009576270827e+00 5.396751977558147395e+00
1.098111135490406287e+00 1.865868412531347831e+00 4.133660572687824164e+00
3.380137324128642984e+00 5.758010486914461268e+00 2.834559736106269767e+00
5.009585737340165323e+00 3.055564970337977027e+00 4.139832707919360644e+00
5.506562240640148431e+00 1.217333509431125504e+00 2.189620262486338564e+00
2.887610268085731402e+00 9.493363637971105051e-01 3.911171487875652275e+00
3.527892466616593392e-01 4.794169184205139267e+00 1.715629934799069334e+00
1.357161519219729717e+00 9.279701910069079740e-02 2.034630754695173849e+00
4.829670913868659099e+00 5.674618419934929214e+00 2.436002426313289337e+00
3.926701082757843686e+00 5.434229999346218420e+00 4.816362639418437119e+00
2.982384187956879984e+00 1.385115018243001650e+00 2.118889214467859272e+00
5.078464835180178660e+00 3.312401585117024094e+00 3.806025713058366122e+00
2.108254467571400337e+00 2.501593103054298606e+00 6.070209272525527666e+00
1.260183205272853657e+00 4.188417677087328816e-01 5.711785039080965021e+00
2.161966759324319476e+00 6.314128547626297605e-01 5.773928131899060290e+00
2.588799944986125645e+00 5.313887583350876298e+00 5.404301986001235569e+00
4.383355696506457733e+00 4.457683338939285589e-01 9.099944115216901386e-01
3.171967513045281795e+00 3.440645890509808069e+00 3.275363850597766024e+00
3.926485873957104022e+00 1.767507579546126362e+00 4.447460118112890548e+00
3.031971117452030295e+00 2.395406756954783667e+00 2.187157233273816725e+00
5.032360320528371567e+00 5.999965538025199052e+00 2.516137209503837013e+00
1.947790688355432787e+00 2.183794730753471747e+00 3.918528281459587426e+00
5.291473266208629234e+00 5.289987985415979921e+00 6.039434855487779696e-01
7.333918638570180448e-01 4.843580383668583345e+00 6.227337477986274905e+00
4.310807131891729149e+00 5.988722776683986559e+00 4.247808067716335678e+00
2.862712327558945447e+00 3.309319183754922733e+00 1.816300309634266252e+00
2.057700882129394060e+00 6.099523776016408938e+00 1.542090653431629654e+00
4.770255145450896350e+00 3.845219152200933799e+00 2.726885621792691339e+00
2.873999224265761487e+00 5.311286621316152257e+00 5.471837307228115677e+00
5.933174594669960555e+00 3.757248787816490410e+00 2.696877485560936760e-01
3.886050027162101239e-01 2.464377780906898519e+00 4.909293511545751443e+00
2.823258686509486193e+00 2.464689405797726884e+00 1.626683724775723983e+00
1.324792497624496024e+00 3.270147548686170413e+00 4.038492934401819667e+00
2.032099119685005117e+00 2.544219888841939614e+00 2.868673773333192845e+00
5.722670196681892030e+00 6.280348186724831194e+00 5.236639510225094440e+00
1.645069163913827515e+00 1.901816021439156845e+00 5.171465344902138384e+00
1.737649357018992813e+00 6.913447539395711772e-01 3.545902975425877290e+00
3.215449739903220472e+00 4.125507384125962851e+00 5.054360774296922543e+00
2.067240933870920561e+00 5.686340226374571927e+00 4.951220697930427406e+00
3.240301225179230027e+00 3.861478376251197275e+00 5.707597937513587461e+00
1.718346690830963475e+00 2.460310109263004197e+00 6.058082141868415427e+00
4.025775567663628429e+00 3.148120696709050259e-02 1.101291478109794220e+00
3.692286509360608093e+00 2.753259605491790385e+00 6.171904858892852452e+00
5.733845596250087162e+00 2.179322177293446572e+00 1.804592465459035289e+00
4.592505741631500271e+00 2.425263743294059804e+00 8.759333199800490855e-01
3.508716312409496219e+00 1.104918803214902212e+00 5.555264455240473964e+00
2.172966042256184505e+00 1.430039396868955981e+00 5.383403602678007438e+00
4.140446420957123230e+00 6.526716365052650515e-01 4.862273319369045055e+00
1.395520146696830999e+00 7.908154390070588624e-01 2.023143770505701766e-01
2.637045831092186710e+00 5.310562911826275823e+00 4.321547353874231057e+00
4.429518394373379131e+00 1.015732561719784321e+00 4.999132263455874359e+00
5.787278958627513958e+00 2.666325376447303164e+00 1.118529292969776989e+00
1.530043973831219262e+00 4.940064504908741050e+00 1.496666236953887230e+00
4.070149101151394611e+00 5.020055816920103275e+00 5.380696382058166805e+00
6.010854508952515829e+00 2.338275468869461360e+00 5.835898178359715693e+00
2.984741771607198668e+00 1.208719407992650652e+00 4.595898577085710812e+00
4.374294705468868116e+00 1.426888951821528195e+00 4.272555389131250436e+00
2.121456215005043777e+00 5.628031689857142084e+00 5.067726152498041259e+00
5.670402662223117396e+00 7.359060254502693965e-01 1.752902004548079207e+00
5.293738816497607580e+00 1.308409381195973831e+00 2.542195191443349600e+00
2.672897535447972484e+00 3.626046621026552508e+00 1.804454045499767734e+00
3.606297708765397569e+00 5.546023591102682282e+00 3.130810979205731037e+00
5.788100601602789830e+00 3.167397766088923206e+00 3.692610700756637776e+00
3.234826554862145098e+00 5.280160498110383571e+00 3.405535336654366585e+00
2.828000348070681902e+00 5.157092266378105805e+00 4.411302651477825520e+00
4.181985035755412916e+00 3.743996538997348633e+00 1.451256250920943014e+00
2.220548758501301734e+00 2.384124443062595411e+00 2.816935173019965877e+00
5.101882103943445657e+00 2.354343274355969573e+00 3.751292801532865706e+00
3.386379103284500758e+00 9.603197383442690915e-01 1.943910207043873406e+00
5.515227732124014182e+00 3.650618248505364427e+00 6.034660256788218824e+00
5.515264118365689860e+00 9.044095453694199760e-01 2.878861069837534092e+00
2.152100394817697993e+00 1.317200897325308644e-02 2.515359644365610770e+00
2.090236203929356940e+00 1.177156694832271810e+00 2.364779437732223766e+00
2.358108654429516449e+00 2.858262075810287683e+00 2.270684742019701274e-01
1.138874231909610790e+00 6.169871609689722369e+00 3.102919120991199708e+00
5.142069471507091372e-01 2.191735709476261729e+00 5.450049564356857168e+00
4.600956125718749234e+00 6.208339665365090632e+00 2.855043470388333393e+00
4.662398621568823565e+00 7.224982330048212997e-01 6.741196003980001739e-02
1.002147775744787417e+00 1.514226614008187255e+00 5.120455229601693858e+00
4.937546511115820658e-01 4.911929105498706871e-01 3.512417817103596462e+00
2.852755661827362510e-01 5.492786379052420287e+00 3.720130655240165396e+00
5.043601349463318506e+00 3.730259121432829339e+00 5.857572065025201447e+00
3.000333408145582914e-01 1.724463882030310868e+00 2.963936257184885736e+00
5.104369286754867341e-01 1.529279846035317414e+00 3.678640254980876101e+00
4.613383123881510173e+00 2.056276814667092001e+00 6.223403362283169926e+00
4.167790809469980928e+00 4.313217447251312286e+00 4.536195265091219397e+00
2.149065156406369859e+00 4.389313404512045658e+00 5.456005800884042856e+00
2.623431555116846337e+00 1.096058724315436939e+00 6.975170061069279059e-01
6.057646896300308725e+00 1.499821469037666555e+00 4.136121111946462925e+00
5.003000779583392621e+00 2.555688261080093504e+00 4.346719269554352394e+00
3.273570375348528128e+00 3.203804371946181728e+00 1.105795832368941800e-01
5.290874205319728851e+00 2.723847485073334074e+00 4.428022106136368929e-01
4.367286202749228075e+00 3.108450246051324140e+00 6.136084750627592399e+00
3.199542493883245076e+00 5.027103263962550805e+00 2.065204382271712102e+00
3.552250071519141628e+00 2.827458925077397378e+00 4.723076130662977157e+00
1.318977064798444010e+00 5.345089273120019691e+00 4.223383988700270208e+00
5.281500821376088339e+00 3.543547399339905257e-01 2.733977641324568442e+00
2.226851651112168096e+00 3.293191714919043278e+00 3.854657808421480869e+00
2.028261290780184467e+00 4.329253883506902767e+00 1.371988853692553079e+00
4.168277092959184138e+00 2.890464899619871186e+00 5.862271591005093541e+00
5.382773449399439691e+00 1.063314852096892027e+00 3.525558661519738290e+00
1.206904449209424302e+00 5.848865924213659362e+00 3.782124314893413164e+00
4.898621402519891532e-01 3.602790405975695442e+00 3.533111387217672816e-01
3.347948065838370013e+00 4.317906583848227342e+00 5.256709590827419731e+00
1.812421267042626238e-01 4.497030886945544204e+00 5.836805378333255190e-01
2.240356350282335818e+00 7.708541533535656631e-02 1.348132446760643144e-01
4.447071673919401391e+00 5.818850305856567040e+00 5.836087361161120590e+00
3.333098551239490170e+00 1.125800304478290714e+00 5.048549197292733659e+00
6.164090683429026996e+00 2.183895805369347354e+00 6.343811779086080405e-01
2.777682724395362790e+00 6.210906819048660488e+00 5.755451238617671272e+00
4.051182075231659852e+00 3.236206856214836058e+00 2.011865934669636147e+00
4.391466925546292366e+00 2.004988104679151117e+00 4.906820906513789993e+00
1.031337409278845207e+00 3.573297821574060507e+00 2.881662940834074149e+00
3.787495579183722150e+00 4.952453540086623196e-01 5.277980449172729571e+00
1.609167606706199516e+00 6.213278555129949865e+00 5.822618041693180757e+00
1.413584255707275972e+00 2.046991354755880010e+00 1.037336506592235752e+00
4.012359078548092484e+00 5.639216300050111208e+00 4.919509928358435147e+00
4.651285844641019906e+00 5.898214534480885618e+00 4.479805568923962422e-01
3.628375462320040157e+00 5.812302223299630199e+00 7.464452031534444254e-01
4.253213047307020211e+00 5.570531798601542128e+00 2.164401047125301680e+00
4.527875511466820102e-01 5.801472077360307011e+00 3.963538418292205989e+00
3.525823988159110467e+00 5.423497804621987051e+00 4.419330147670050835e+00
1.771649631660245250e+00 2.894457380504240174e+00 2.078537609297699706e+00
1.520976198631463827e+00 3.870195273617581311e+00 1.199736514853755986e+00
1.885805541082041792e+00 3.613417045905283675e+00 4.311941216963482759e+00
1.245670496808001237e+00 1.259259234924889892e+00 3.534232553935021670e+00
3.521165238356911420e+00 6.198334235634699318e+00 4.277469985922759399e+00
6.126039718022038727e+00 6.212194347894985036e+00 3.485281063851884742e+00
1.779329632615614054e+00 3.163691180602697717e+00 3.527509870353554344e+00
1.409926270128398551e+00 5.308091699373541417e+00 2.060323222516089459e-01
9.939299839381589008e-01 3.594474379903624062e+00 4.726736699654355611e+00
4.837613484639776695e-01 5.748496539261856775e+00 1.753817713282185720e+00
5.842840391584463333e+00 1.607059839346307140e+00 4.445961201737194557e+00
4.329895966657635320e+00 5.496000818586740166e+00 1.396527192676550788e+00
9.261818942747268579e-01 3.771051624742079333e+00 4.625687798243917292e+00
4.113913827031858261e+00 6.031900356032170230e+00 1.827029285164309957e+00
1.450289855524571070e-01 2.711422041977169073e+00 4.298128835562792460e+00
5.259042289607814169e+00 5.394247244703032074e+00 3.902085875288221928e+00
3.622433368798884779e+00 4.322260864677860859e+00 2.824520791319985680e+00
3.044717959016297826e+00 1.872248334946842396e+00 4.698620602257827628e+00
5.391765512895975831e+00 3.952174257756719822e+00 2.757060009342025442e+00
2.898944460887597607e+00 4.496127100003125321e+00 1.143383091340055779e+00
6.246527874275984438e+00 4.120056818940112997e+00 5.978872364218760893e+00
6.198650638003084801e+00 3.060922665949221244e+00 2.559657696188734288e+00
2.810266171111687417e+00 1.832503495916640412e+00 3.544046445862538253e+00
1.073090911432718064e+00 3.842048172578386822e+00 4.004212754643012850e+00
5.892893931042223699e+00 5.003466590231775868e+00 1.875874028588319309e+00
3.128927283199983922e+00 2.263538172591140096e+00 1.566471510583354654e+00
3.599186004769916902e+00 5.724783622926725712e+00 5.093840539894473274e+00
3.299843854426157463e+00 2.810453320468025762e+00 9.191346767572808885e-01
1.473282739088467075e+00 5.998335891834387645e+00 3.792104147381572421e+00
3.859962841397226452e+00 3.343780988981583047e+00 4.525447212182886148e+00
5.064621213085580109e+00 4.909338084332354746e-01 6.276835775416592433e+00
3.846913738911521996e+00 4.827506339872794427e+00 9.516669512146813670e-01
5.410528189208866578e+00 1.577465124736055158e+00 4.357243537346938034e+00
1.290371406565767209e+00 5.399080445031378517e+00 3.252437728793051264e+00
3.620230770323756619e+00 3.738800498799139671e-01 2.356609775098497117e+00
2.773166106611002046e+00 5.113102256907277265e+00 4.685074110656034740e+00
4.218025935953682470e+00 5.372465447519123138e+00 1.782862565401632349e+00
5.200735738546651277e+00 1.971411455330653428e+00 6.226551658007827506e+00
4.875604613440357227e+00 5.699703085129194768e+00 2.064160943283187333e+00
3.805329855635078973e-01 4.661035434523855159e+00 4.314819074694011825e+00
4.239601815765936976e+00 4.890632005115347347e+00 4.836983484180582771e+00
4.275128222185952787e+00 3.029022504374220492e+00 3.669525875788934854e+00
5.349289965973223815e+00 4.751304135684252472e+00 3.553907156985601112e+00
4.162220197072609373e+00 3.931583976421476834e+00 8.641709236910589675e-01
3.659939786002356588e+00 2.557677216140314957e+00 6.281737431194637011e+00
3.180313118749985346e+00 3.439075361553497245e+00 3.417271767331923726e+00
2.080453672863247672e+00 6.167174189382645721e+00 4.965433790225896260e+00
4.378962428172602728e+00 6.212045755654010293e+00 6.246341654606067939e-01
4.711328180675246280e+00 6.267390417712691786e+00 4.100694559553247132e+00
6.248137807404774868e+00 3.324379104495775561e+00 8.526353356952449669e-01
4.765689209693065642e+00 2.594082076272830939e+00 5.335157072071695872e+00
3.839825216340864600e+00 4.579622404294159566e+00 3.941430358783143628e+00
1.187320992710581891e+00 2.243539322818136894e-01 5.131018830550812204e+00
9.229979044546711142e-01 2.372200334386127984e+00 2.351691680067557133e+00
1.081505570381833259e+00 1.271237713578527329e+00 3.277376535229137300e+00
