6.389243540768302587e+00 4.500251278514658115e-02 1.093113234570449038e-01
3.034745063204056681e+00 4.666663096764938068e+00 1.461207993143198935e+00
6.390496622191144560e+00 4.757444420382126005e+00 1.679972374068661400e+00
1.468434079556579119e+00 4.667413814448780229e+00 1.467957358003760371e+00
6.389481307182263592e+00 1.615982951911486332e+00 4.822153470418188981e+00
1.464300496818188968e+00 4.667377751343341430e+00 1.462215426499289483e+00
3.247756259586804806e+00 1.615832353928668974e+00 4.821288476722295435e+00
3.247973049944977486e+00 1.616175321411327914e+00 1.679744697143591203e+00
4.819144432655666499e+00 4.757982408266634877e+00 1.095092796800516688e-01
4.820175726045963671e+00 4.490084272283326183e-02 4.823064852836532523e+00
6.390154044170420100e+00 3.186899505962715207e+00 1.680201995979883067e+00
3.035411234879517473e+00 3.096296626485180781e+00 3.033255517401700629e+00
1.677803386025426002e+00 1.615666407798529214e+00 1.679984069402301827e+00
3.246640850292005887e+00 4.424942742117005806e-02 4.820199932176208790e+00
4.605587878024274495e+00 4.667076931025764708e+00 4.603231415808039628e+00
1.059673711188455908e-01 1.615623661387500798e+00 1.679258837048777098e+00
1.062410028761920228e-01 4.757288233554484158e+00 1.093855422736212946e-01
1.464381156046853372e+00 4.667348166403044729e+00 4.604387366443562613e+00
4.605721920018793547e+00 1.525931007126469785e+00 6.174658641449327412e+00
3.034789381851609846e+00 4.666873434914584173e+00 4.603348926762890869e+00
4.820326063059154897e+00 4.758315909557091494e+00 3.252942086239705155e+00
3.034556267741796098e+00 4.667214169076481234e+00 4.603128182599718343e+00
1.083343946890281684e-01 3.186888863623891233e+00 4.822848984285121432e+00
-1.069022149644095893e-01 4.667361118901740547e+00 4.603213510345980808e+00
1.066087044496152325e-01 3.186230215689942913e+00 1.680825242844062650e+00
4.818180785725203918e+00 3.185910878460933127e+00 1.083289730750661012e-01
4.818577078251301771e+00 4.757108596153894808e+00 1.679791709801896848e+00
6.175446387346195998e+00 1.525612087166009490e+00 6.172438249819088618e+00
4.818896832683674525e+00 6.328036310844061596e+00 1.084159340524689374e-01
1.677182098476872607e+00 3.186617371266276866e+00 3.249889856542432121e+00
6.389582800829797016e+00 3.187053626675799389e+00 3.250420300787283612e+00
3.248007659841935624e+00 1.615998511191737208e+00 3.249778714649114608e+00
1.463469508947730979e+00 3.095942092271720458e+00 3.033226162478134924e+00
4.819831215765890242e+00 1.616532859634107977e+00 4.822562075864825104e+00
1.679055539175317247e+00 1.617447957736357633e+00 1.682261786036308049e+00
4.605620198179537716e+00 1.525672255188359028e+00 3.031714208314771231e+00
3.031292334865535398e+00 6.236653032521878082e+00 3.028570415196590204e+00
1.462380300920471443e+00 4.666995684011425283e+00 6.172840460404189322e+00
1.074749713636513060e-01 1.616252600655469163e+00 1.680000281821164565e+00
1.061763156549737214e-01 4.757089789191492279e+00 1.678738707128458740e+00
3.035077789495866707e+00 4.667716596072847501e+00 -1.081148135979643349e-01
6.390058984894573690e+00 1.615325179856015536e+00 3.250769422193041436e+00
1.675597378586651365e+00 4.757121827361165955e+00 1.077574309428816907e-01
3.245529434496145171e+00 3.186438352674670682e+00 3.248908348815202185e+00
3.035248422546239944e+00 4.667663964353129025e+00 1.462738424421546446e+00
6.176823801750066956e+00 3.096758547560025665e+00 3.032960850089489124e+00
3.250825465823033333e+00 6.329568666893959694e+00 1.116296609336065865e-01
-1.061301877073405203e-01 6.238868250872827481e+00 1.462258852616054039e+00
3.248837627730407185e+00 1.615788652041402429e+00 4.822249303486786154e+00
1.463220957074641726e+00 4.666742682365940809e+00 6.172497042033538328e+00
1.462995345853794538e+00 3.095881164001994534e+00 1.461409002939264123e+00
4.820055520561372653e+00 1.616714660232335676e+00 1.680648842288628542e+00
3.249347591532787405e+00 3.186953896909826334e+00 6.392945249008286090e+00
1.463134278001966271e+00 3.096277466174593318e+00 1.460846459903292205e+00
4.818013374587789777e+00 1.615288516117118212e+00 4.820031638205111157e+00
1.676982558195677653e+00 4.547765745547489163e-02 4.821766403488587649e+00
1.464232057713595436e+00 3.095648613024063689e+00 -1.087784150862042831e-01
4.818929867723885430e+00 1.616674282140879937e+00 3.250478006731614133e+00
6.176680225384367340e+00 3.096135492091772079e+00 4.601865295659012034e+00
6.176064935797762168e+00 4.667804977803844402e+00 3.031432518195726900e+00
6.176229605682857837e+00 4.667575282435861617e+00 3.031730874312510871e+00
4.605583161607870402e+00 6.238071928976719249e+00 1.461483128736337234e+00
1.462954457390871932e+00 4.666002224263085196e+00 4.602190172851926775e+00
4.603993655231584547e+00 3.096415520521885956e+00 3.032039647061858467e+00
3.034787697539026219e+00 4.667036307886147206e+00 3.031952349092496668e+00
1.064327750262354516e-01 3.187450016190925606e+00 4.822228164436349829e+00
4.604479988174997374e+00 3.094982704538807194e+00 -1.125752789000959014e-01
3.250519566218696532e+00 6.328509937770813387e+00 4.822621108488691632e+00
3.034971224793335143e+00 -4.434992495574637678e-02 4.603451999373293191e+00
3.247921460657080317e+00 4.500218209819720899e-02 3.249785251340536085e+00
4.604959798796493864e+00 1.525453954605191509e+00 6.172107175489501607e+00
1.463834401659907414e+00 3.096585349417237065e+00 3.032339933319061487e+00
4.821378585306063336e+00 4.758955670413515193e+00 1.117579265623378920e-01
4.606062451067599817e+00 3.096560983216607887e+00 4.604304869367478403e+00
1.063855714454940565e-01 3.186610893274470779e+00 3.250263465803639118e+00
6.389679350537349478e+00 1.615968602595350134e+00 1.679030524857180184e+00
4.820699762524437659e+00 1.616897785805814891e+00 1.104202580668817296e-01
4.819031041240364743e+00 1.615828482646547881e+00 1.091352512546295700e-01
1.677929002516692414e+00 4.523296524660959383e-02 6.392456523974859195e+00
1.464878493112309332e+00 4.667391058378469459e+00 4.604120279633753476e+00
6.176962022118074103e+00 1.526026880901136806e+00 4.604344613172566270e+00
1.677888769584391815e+00 3.187231256584240668e+00 3.250135730854473604e+00
1.676601746429071005e+00 1.615870422519513738e+00 1.679012155147157737e+00
3.247848615594115529e+00 1.616407932841796846e+00 1.091306326663959436e-01
1.056399466065940512e-01 4.757750941910665610e+00 3.249784544087461313e+00
4.605882308582821771e+00 3.097251054295824702e+00 1.459795733148323338e+00
4.605581778484662436e+00 4.667678628484387637e+00 4.602997216527458413e+00
4.604535413629104568e+00 6.237337166635098740e+00 4.602811778516342045e+00
3.035903730753944263e+00 4.667139783792633168e+00 6.174521858226780680e+00
4.604501480362850785e+00 6.237711668210752514e+00 6.171936631342084034e+00
3.250580031438873529e+00 1.616685766140648184e+00 4.824005423026696882e+00
3.034139245353541625e+00 4.666848585235679359e+00 1.460367830118769694e+00
6.175371756395148459e+00 4.667045515714955961e+00 -1.108317010270955111e-01
1.677760373075877665e+00 4.518121229103150283e-02 1.096222287680477109e-01
3.035879668088223404e+00 4.668362724025575616e+00 6.174713452465335095e+00
1.462874359324764839e+00 4.667256565806404467e+00 4.602101538942428682e+00
1.464544888866656791e+00 4.667733668545821502e+00 1.462031583558522696e+00
6.177786540930475745e+00 6.238130343433879510e+00 4.604198960468846913e+00
1.678570073364072268e+00 4.758231733740832858e+00 3.251397699436833211e+00
4.818156602845105496e+00 4.476515375751629472e-02 4.820907573683913760e+00
4.818418616305964797e+00 1.616049332841523301e+00 4.820497274480909589e+00
3.036947017808132365e+00 3.097003641696880472e+00 4.604854619244221681e+00
1.676642440500415221e+00 1.615906363272414215e+00 1.678861766177191406e+00
4.818738897272325516e+00 6.328855826051985822e+00 3.250542492330382949e+00
4.605284661372742505e+00 6.237689543229630651e+00 6.173712128217951012e+00
6.176080870151968938e+00 4.667037484286646887e+00 1.461196330952124756e+00
1.678245615601319463e+00 1.615940069197867368e+00 1.093504877611471415e-01
3.247939798215345508e+00 6.327976247726482484e+00 4.821132915220794679e+00
3.248434243714368730e+00 1.615561740923108225e+00 1.679668513718352463e+00
3.246681337173395132e+00 4.472921972148528186e-02 6.390395351564555959e+00
1.677025488030268852e+00 1.615685067796579499e+00 4.821106771013680792e+00
4.820731201655536147e+00 1.616882597187669246e+00 4.822502628096672517e+00
4.605301929639718850e+00 6.238588656980562419e+00 4.602977239452509473e+00
4.820499788241596306e+00 1.616232227233254326e+00 1.680971167854176551e+00
4.818955132694708432e+00 3.186431906156315108e+00 1.680021709651970507e+00
-1.074878187188214318e-01 4.666903915296651384e+00 4.601533311490878297e+00
1.463733502327479785e+00 3.095994035332148453e+00 6.174330198506662093e+00
1.677165029071689961e+00 6.327821792611461937e+00 1.084020531278425681e-01
3.034888557366094197e+00 6.238420053347299543e+00 3.032337444829080741e+00
4.818669402826067483e+00 3.186112012730858201e+00 6.392100359297779200e+00
1.463429522342972966e+00 3.096293623983020105e+00 3.032300399983562045e+00
6.177885028371242093e+00 6.238109801205787619e+00 -1.080960214335716096e-01
4.606321592969631951e+00 3.096364008253523536e+00 4.603309791378503490e+00
3.035087723610404353e+00 4.666945057308075739e+00 1.462625709136258889e+00
6.390213752294407357e+00 4.757476667686381333e+00 4.820770539561266332e+00
3.247936009084782860e+00 3.186797771242404931e+00 6.392863333162508432e+00
4.607057704139102761e+00 6.238987473955224239e+00 4.603860940830568182e+00
6.175300856983117370e+00 3.097063643999153904e+00 4.602692498789460629e+00
1.062558521784375820e-01 4.468640368595892809e-02 1.679397667856507903e+00
4.605343193289265891e+00 6.238373313207211446e+00 6.173541676962255309e+00
1.465873916347808059e+00 6.239060268703185308e+00 1.462947610857046499e+00
1.060747961069789386e-01 4.756710439401921064e+00 1.679678959098007240e+00
3.249367003600132087e+00 6.329088036182715094e+00 3.252259123155708753e+00
6.176939357658600471e+00 3.096204347088371112e+00 -1.086504337745164833e-01
6.175027220165603126e+00 6.237415943776578153e+00 4.601162280682735251e+00
6.176850122299125445e+00 4.667576805354356928e+00 4.603696790246099901e+00
4.605689674619114271e+00 1.525506556363522837e+00 1.461754258817810292e+00
3.248778732670622560e+00 3.186914796809553252e+00 4.821022645675286711e+00
-1.066567097039145817e-01 3.096531712526359836e+00 1.461756454736660160e+00
4.819441971843307471e+00 3.185895992153251477e+00 4.822137169295828585e+00
3.033860450245555285e+00 -4.575479620695126204e-02 3.031641629774968205e+00
1.069210531469980269e-01 6.328100108854076034e+00 3.250884764728910081e+00
1.060427462175915075e-01 3.187179784670525429e+00 1.077255477590940702e-01
6.176412705452039020e+00 3.096513973021456145e+00 4.603900648532382789e+00
6.390075266211998617e+00 1.616436239234708028e+00 4.821850047611721202e+00
1.463481084261684995e+00 1.525765231798943633e+00 6.172875342374034346e+00
3.248124344832988175e+00 6.328088989744238724e+00 1.092659907889866056e-01
1.464501590202661241e+00 6.238450512649415636e+00 1.462497459872506678e+00
1.463993328584362041e+00 4.667368569841126025e+00 4.602638744911830671e+00
3.034118811708476304e+00 1.525131404570973181e+00 1.462196608903941319e+00
6.176664835762198713e+00 1.526040525359249056e+00 3.032287436907556089e+00
1.067556252233427261e-01 1.616323671438077758e+00 1.091204001418987629e-01
1.463870628808449537e+00 3.096096658468614482e+00 3.032380219009991773e+00
3.248198882174957891e+00 4.569441341362842635e-02 1.088190693512623569e-01
3.246227663991583690e+00 6.328347560742759725e+00 3.249634910038077251e+00
6.388939308792822125e+00 1.615491731943143217e+00 1.085827957487789514e-01
4.606737606936489371e+00 3.097463209891972991e+00 4.604792411510291394e+00
3.248642417278178929e+00 6.328130714246574584e+00 4.821990691828118791e+00
3.247302230135771683e+00 6.327822583446967464e+00 4.821144488990545263e+00
1.081597745075811995e-01 4.757997167721125464e+00 4.821774174144421110e+00
1.677324479852464467e+00 1.615425146372765353e+00 1.679300299403805763e+00
6.176810764128796372e+00 6.237301418807458475e+00 1.463033757857526762e+00
3.034577013706729165e+00 1.524853318126782042e+00 3.032781456507246176e+00
1.677760370546660829e+00 4.757758418586176319e+00 1.680573804248667091e+00
3.247317714638577879e+00 3.187388984004437820e+00 4.821702996025861054e+00
6.173461409094870511e+00 3.094046380627360371e+00 6.170061893632719396e+00
3.134938082512936486e+00 3.138353360875619558e+00 6.276849930762152141e+00
4.819356011955333585e+00 4.514056292825987388e-02 1.679764729818742808e+00
4.606087556387709725e+00 3.096239656430844089e+00 1.462027349718204583e+00
3.033723524925053816e+00 3.096093653262099288e+00 3.031425237287024288e+00
1.066161414226395737e-01 4.757578807619443850e+00 1.678800994566599147e+00
1.677908864797500677e+00 3.186466781118600267e+00 1.097515964181197817e-01
-1.063207458811904482e-01 6.238534236940187938e+00 4.603700522325956612e+00
4.818384956494782934e+00 3.187105984051652907e+00 3.250314727063019937e+00
3.246925401128341715e+00 4.449402543171350477e-02 3.248668731662747167e+00
3.248772700478293363e+00 3.186733455844065421e+00 1.089562012031287802e-01
4.606658038863875149e+00 4.667475750335031037e+00 3.032986946787646243e+00
1.067706685279406209e-01 1.616681805145319117e+00 4.821785551516529544e+00
3.036066632670461285e+00 3.096087350705343688e+00 3.033679471401161010e+00
1.052072516769917143e-01 4.549025840263908049e-02 3.249872221371599146e+00
4.605989558099077286e+00 1.526135359643756351e+00 6.176058029938626959e+00
3.036304184449801546e+00 1.526327966282521542e+00 4.604326541645223259e+00
4.606146894307969752e+00 1.525586833623995497e+00 1.462226721412715369e+00
6.177185293664832599e+00 1.525548314467809252e+00 6.174487198826290602e+00
1.462945026685780192e+00 4.666826568390885832e+00 6.172599014954141872e+00
1.464041790777794283e+00 -4.512432971589058067e-02 1.461584761603665017e+00
1.463657426510928339e+00 1.525640500534306332e+00 1.461680159509658683e+00
1.677885489658984319e+00 1.615635296957222300e+00 1.088794203035276797e-01
6.176432838754174703e+00 1.526125611507430646e+00 1.461026972403415058e+00
1.463976676511286490e+00 4.667425405920877068e+00 1.461841266774656756e+00
4.605032197537406446e+00 6.238228570578684185e+00 4.603249452574873501e+00
1.464397186511301907e+00 -4.496292854762997532e-02 3.032636664882228050e+00
6.176699443533551381e+00 1.525165269268078827e+00 1.461877444171549190e+00
4.819823570281029035e+00 4.758570324131135898e+00 1.092972982602694876e-01
1.677870342274141446e+00 4.757875223665022801e+00 4.822081697506836129e+00
-1.066881997348668731e-01 4.666739893293060604e+00 1.461500173762931620e+00
4.607731031075572581e+00 4.667362144456633111e+00 3.034013150899530498e+00
1.080612464684548857e-01 3.187529852685316634e+00 4.822493849862921955e+00
1.464267116093916909e+00 3.095984046614408847e+00 6.174029195952745575e+00
6.390064939649382936e+00 4.757696331053348437e+00 1.679996694292453796e+00
1.459577977947756455e+00 4.665905586690746176e+00 6.169815551602128245e+00
4.605697923457014120e+00 4.667224343126084030e+00 4.603511596795875960e+00
3.249301843270023582e+00 1.616289565325448319e+00 4.821366326283153647e+00
4.605745901007006537e+00 4.667300126233774549e+00 1.461719311673485677e+00
4.606402352927636557e+00 4.666784668796755575e+00 4.603054038642649282e+00
3.034737378008566022e+00 6.237924701533941629e+00 3.032186913242838067e+00
6.176255444658519167e+00 3.096325921364047495e+00 4.602541026426727022e+00
3.246954065470097905e+00 4.756536049596848059e+00 1.678083318378880806e+00
4.605120557304571705e+00 3.096135614543298331e+00 4.601966667688980550e+00
-1.060968145081535169e-01 4.666524879519134750e+00 4.604591568622287134e+00
1.673756367600375938e+00 4.755922032357882578e+00 1.676700294063255825e+00
6.181258946397043097e+00 3.097798176934580372e+00 4.605950992268867061e+00
3.248751808291455934e+00 1.616260782635561943e+00 6.392937748541650755e+00
1.066181388083292242e-01 3.186268260284139231e+00 1.680471385344618040e+00
6.176449491040505002e+00 4.667409707428046950e+00 3.031939684407258362e+00
3.041830375002818165e+00 1.528863160937752985e+00 4.609385428706563204e+00
1.067307290233929368e-01 4.757642360453372632e+00 1.679130682436971833e+00
1.464726898171452074e+00 4.667526397742267186e+00 4.604291399065358448e+00
3.249854872314740906e+00 4.758504304436858234e+00 1.680003998281948130e+00
6.176149080420525017e+00 1.525732192854405866e+00 3.033037892244923484e+00
1.062689446388314363e-01 4.500581102728248156e-02 1.680008394429837182e+00
3.036480620895966265e+00 3.096067093461732700e+00 6.175892126945679017e+00
3.036246234148420875e+00 6.238493138970458318e+00 4.604836133769790507e+00
4.605773693854105844e+00 1.525451168029734017e+00 6.174596872899845046e+00
1.464387321049813062e+00 1.525713969484778110e+00 6.174651510575308144e+00
3.247848286240477389e+00 3.186345911787606511e+00 1.081792109216195563e-01
1.058478046788726562e-01 3.186604309897478782e+00 1.080972789774567594e-01
1.464207314504876845e+00 3.096637580140388923e+00 3.033180351492958948e+00
1.462908943926777949e+00 4.666656495438171959e+00 6.173416286023505783e+00
3.040313836183802021e+00 1.529919460370638751e+00 1.470863268667333079e+00
3.037743288953946852e+00 1.526521039296385940e+00 3.034507762584033319e+00
3.248299416372570469e+00 1.615616516252156076e+00 1.087645732517445035e-01
3.247810499474171220e+00 4.756426512380654614e+00 3.248795544005497415e+00
4.606067715126707540e+00 1.525434689145921840e+00 4.604027968592214748e+00
1.042213056507627911e-01 3.186391201783971283e+00 1.075068981117732470e-01
1.462918109877507256e+00 3.095967483227772821e+00 4.602415827863086228e+00
1.678037565283454713e+00 3.187603839107903791e+00 1.680459264491403593e+00
4.606662696262139534e+00 3.096929955280673052e+00 -1.083686596004037606e-01
1.462745064534142214e+00 3.096489124389252279e+00 4.602393016151937744e+00
1.463893052224489955e+00 4.666780524158725463e+00 3.032752754438752252e+00
1.462827515802637812e+00 4.666987780725692758e+00 1.460884509114553031e+00
3.034592078832205164e+00 3.096538308387050797e+00 4.602871594652286014e+00
4.818781273939844567e+00 3.186482564888154290e+00 4.821425068927763569e+00
6.177073710065832834e+00 3.096617572452629474e+00 3.033278868524412086e+00
4.817694314353413887e+00 3.185627870575610476e+00 6.391176414231467540e+00
4.607676255308782665e+00 -4.450575476081078397e-02 3.035211646496222215e+00
1.677706301617795326e+00 1.616018352994751606e+00 3.250794807815413634e+00
1.072685956235026189e-01 3.187112061315669376e+00 4.821442127149556001e+00
3.036454847427477954e+00 1.525717631024198440e+00 3.033755873278975557e+00
6.176241144729525345e+00 4.666941023296778290e+00 3.032346969220963917e+00
3.034814514215812054e+00 1.525660361574597168e+00 1.461688395127393347e+00
1.464637940006933370e+00 -4.545407968807934490e-02 3.033364822418030293e+00
1.464979124106556840e+00 3.097375624896170354e+00 6.175879123391748493e+00
1.057135928418491688e-01 6.328556639550523499e+00 1.679012681321530698e+00
6.176186862101228137e+00 3.095470226736582120e+00 3.031939060058642443e+00
3.035217401339455279e+00 1.526156961644634436e+00 3.032936783485892018e+00
-1.059796794925498969e-01 4.667154237764867375e+00 1.461642476249165101e+00
4.604050060759734997e+00 6.237448215183805544e+00 1.461254074775456990e+00
6.391055891535422084e+00 4.758511186184515296e+00 1.680082859846577792e+00
4.819745805664611638e+00 4.757884656007130175e+00 1.679895511186204393e+00
3.250161994380929897e+00 6.329102625770206991e+00 1.681464378457905529e+00
1.070645730017649733e-01 3.186954533201531881e+00 1.681290830989222718e+00
1.072045139927765844e-01 3.186863331125593835e+00 3.251717634075944385e+00
4.605147591431707710e+00 6.238048456821020160e+00 4.603075692679287734e+00
4.819317410043805872e+00 4.758044137795390149e+00 3.251663634844590423e+00
3.248834857460352499e+00 3.187055057222986321e+00 4.823180674938850387e+00
6.391473558801751054e+00 3.187403803607809394e+00 1.106346140848939175e-01
4.820426562093047096e+00 4.757846243857668966e+00 1.094037506921153868e-01
4.818797309524042838e+00 6.327391260630116143e+00 3.250420397831723651e+00
1.677289645648736949e+00 4.757449220345018048e+00 4.820595337813892378e+00
1.463521149621265893e+00 3.096338525541814768e+00 1.461494308434915235e+00
6.390160492971953765e+00 1.616562755849429989e+00 6.391938524263252042e+00
3.035610067534044720e+00 4.666574352340836285e+00 1.462202164984450992e+00
4.605790483749589548e+00 1.525582964800190844e+00 -1.090252490786377676e-01
4.606236974575328880e+00 3.097036974077084448e+00 3.033172905748084958e+00
1.676865949958059598e+00 4.757733673181999023e+00 3.249886414895637010e+00
4.605073437603517839e+00 4.667299292940525035e+00 6.173054193960615166e+00
4.605734747702337373e+00 1.525917298447994286e+00 4.603337513268702885e+00
4.605364478952211016e+00 3.096596187598852801e+00 1.461027043226760247e+00
3.035731176737996861e+00 1.526473050342612270e+00 4.603334999961696816e+00
1.073292177996710839e-01 4.497400191103752970e-02 3.251062097510116544e+00
3.035496211332061822e+00 4.666949700602965656e+00 1.462592743587406652e+00
3.035177759249028551e+00 4.667253499150888274e+00 1.461694503146795387e+00
4.604163977079791970e+00 1.525081590747047633e+00 3.030632175972109099e+00
3.034961080802052180e+00 1.525477613442345559e+00 6.174493481153853658e+00
4.818853002347707637e+00 1.615552012569214435e+00 3.249726158014367705e+00
-1.077362646534975321e-01 1.525733572137661254e+00 -1.102708166342829255e-01
3.033623535506953850e+00 6.238007368772855443e+00 6.173368382027433654e+00
3.035083472243330416e+00 1.525190117523296252e+00 6.173788698706720979e+00
1.463981436162398397e+00 3.096432690785710484e+00 3.032936820720464333e+00
6.175480637205970957e+00 4.667174438894969413e+00 -1.102584899036010702e-01
3.248421452610815496e+00 6.328289354925039412e+00 3.250794717706135373e+00
-1.062845333512035667e-01 1.525682215548948673e+00 4.603045942419484504e+00
6.176232455768627005e+00 1.525430313830901108e+00 -1.093822118532317561e-01
4.818233433505801244e+00 3.186450755639246513e+00 1.678684315847106090e+00
4.606170263398407627e+00 1.525292387340094313e+00 1.461990722539092014e+00
3.247735164029360355e+00 1.614813512381922944e+00 3.250192283172347096e+00
4.819904990012020107e+00 1.616291203041409164e+00 1.093280994522828758e-01
1.676560743032663225e+00 4.756292509144709690e+00 4.821135022875055576e+00
4.605932173392207396e+00 1.525806368132583524e+00 4.603526057912626257e+00
3.247523967190650840e+00 1.615207194423760484e+00 1.084176546487633647e-01
1.463804119046336227e+00 1.526295616632354468e+00 4.602347273757846580e+00
3.036521690950927166e+00 4.668001604990545950e+00 1.463599626401197007e+00
6.388178227721472702e+00 3.186231221981320250e+00 3.248885404602003923e+00
1.053865291888072264e-01 1.615534768760734208e+00 4.820781293326841244e+00
3.245935137930189285e+00 3.186140163110413592e+00 1.678112247791979872e+00
1.080109460840769642e-01 4.588772452944337582e-02 4.822842198457140128e+00
3.248389940081576555e+00 1.616432270579941211e+00 6.392568364920132140e+00
6.391181869844590580e+00 4.757737230717284049e+00 3.251240309505722959e+00
4.604998671210294603e+00 -4.516322922429990422e-02 3.032255869622518141e+00
6.174451325495661891e+00 1.526146918734955227e+00 3.029720487482715718e+00
6.389733931373227982e+00 4.757358256504407912e+00 1.100559078530111978e-01
1.463109538166645684e+00 1.525735533742074823e+00 -1.093276213537030528e-01
3.034640241278363071e+00 4.667004410264912195e+00 4.602876387407230041e+00
1.464226460598949675e+00 1.526049863372034965e+00 3.032209348219222722e+00
4.819157480064878207e+00 3.187270814454670642e+00 4.821542532003097570e+00
3.248472547273923983e+00 3.186729929560509600e+00 6.392599419328847787e+00
4.820481843150832724e+00 4.758026975808984815e+00 1.682774254327816799e+00
-1.677416000676422270e+00 6.238428322135507464e+00 4.603954558586822898e+00
1.051931355249779709e-01 4.410018981370410207e-02 3.249237824806193942e+00
-1.061172797799201095e-01 1.525227434590214814e+00 4.604291968802744606e+00
1.678059326952602737e+00 1.615996336256224630e+00 4.822328271386926879e+00
1.072964343626424122e-01 3.187283682497920267e+00 6.393539853579197185e+00
4.605560364036827892e+00 3.096783402781861927e+00 1.462248786017095625e+00
1.077861618140837502e-01 4.758171584278581889e+00 4.822153342196875414e+00
4.819964411347781308e+00 4.757745517377333755e+00 1.681355232234205355e+00
3.247910358563911082e+00 3.186515022721987389e+00 6.391969289937962095e+00
6.176449480893445809e+00 3.095482536294506648e+00 3.031836390993102537e+00
6.175492093915422309e+00 3.096589883716340363e+00 3.032196503760848483e+00
1.061133538741420856e-01 4.472870869863038168e-02 1.679362583120499020e+00
1.677061071885057153e+00 4.503896840233017479e-02 4.822174743864763080e+00
4.819929570107181149e+00 4.758174880813757390e+00 4.823957419733682528e+00
1.464657704183059295e+00 4.667475821269345460e+00 1.462450184927256425e+00
4.605052211541994289e+00 1.525123758803405227e+00 6.173823615953015320e+00
4.819611586608823828e+00 6.329064745804404701e+00 4.821949217413341593e+00
4.819588192419466566e+00 4.756971075129476922e+00 3.250972976683295101e+00
6.176094270873185188e+00 3.096374875056613796e+00 1.461930396673145172e+00
4.605790741266705624e+00 1.525593261373270115e+00 4.603842983878204898e+00
1.677844986260355498e+00 4.584305543748936479e-02 1.680427815363631838e+00
1.679185161089633782e+00 3.187869258510202641e+00 3.252540076432131055e+00
3.248452914233915134e+00 4.756820841319805204e+00 1.092211733130310641e-01
4.818847778097493872e+00 4.757605296781055593e+00 1.680138765469076922e+00
4.605134671327533624e+00 6.237475722899470831e+00 6.172730184989299929e+00
1.077135421766296647e-01 3.187682725029863828e+00 3.251917388962899391e+00
3.248457767611286684e+00 3.186434943245791462e+00 1.678715704156553690e+00
4.604095772413252519e+00 4.666406264196658604e+00 4.601433793786761761e+00
4.606928772062481414e+00 1.526523182078810104e+00 3.034265321240874336e+00
7.960432737870449138e+00 4.757406520167028141e+00 7.962214064261604385e+00
6.390171554610549975e+00 1.616612494560845548e+00 1.680810114021015655e+00
6.175621453650585124e+00 -4.546791132915251055e-02 1.461426621856014796e+00
-1.076514919086396516e-01 3.095756509319020022e+00 6.172708747287678932e+00
3.248209045319089938e+00 3.187080519749302621e+00 1.085151395699029964e-01
4.817269465228315006e+00 3.185992254134939472e+00 3.248199652076309896e+00
6.177709150526394133e+00 4.667919407417712385e+00 1.463268550683540115e+00
4.608076064792269833e+00 4.667755297664403002e+00 4.605594185293046650e+00
4.605639132037651962e+00 1.526232833676465450e+00 6.173923101797057278e+00
4.817664637735184385e+00 4.482400465545044455e-02 1.679223211989222531e+00
6.177837767263966384e+00 1.525082270357672964e+00 4.604530673602955204e+00
3.248813408840928396e+00 3.186494779772144348e+00 6.392188854906835083e+00
1.464448715616491148e+00 4.667023802695930534e+00 3.033236751119641195e+00
6.389054868774491247e+00 3.186728991167053326e+00 1.679002897484731527e+00
1.677316146089085303e+00 4.757524511543589796e+00 4.821919646264450243e+00
4.819865278262425612e+00 3.186841295344222669e+00 3.251542291737988144e+00
3.250872039903517141e+00 4.759485546479765183e+00 1.681722054382709386e+00
1.461079195347793735e+00 -4.586625598379057839e-02 6.171197881955181153e+00
4.605435098436529984e+00 6.237882230085040725e+00 3.031382592459653136e+00
4.818875755978189623e+00 6.328357704559783414e+00 6.390990286557219235e+00
6.176760449950085885e+00 3.096714305027471692e+00 3.032380730162895333e+00
3.033973026134446194e+00 6.237556194775676133e+00 1.460549193081090102e+00
1.678098100899005907e+00 4.757655959739423679e+00 1.097426348202378971e-01
4.818458077908188919e+00 1.615476729994702154e+00 1.679670204706214198e+00
4.820804265533475075e+00 1.615925159117033605e+00 1.098002696855329002e-01
3.249005789233538000e+00 4.479441197472160130e-02 4.821464388928737854e+00
1.677180198206542627e+00 4.469611588503440147e-02 1.087108452485665011e-01
4.605620460671008942e+00 1.526118187974687901e+00 3.032687162349371413e+00
3.036738316461490506e+00 4.667728667407325283e+00 1.462933169822086210e+00
-1.080732343424001124e-01 3.095621709253413734e+00 1.459626192670026246e+00
1.462651167771868543e+00 1.525443825606865866e+00 4.601340047956113288e+00
3.247369998131507618e+00 3.186319110186493830e+00 4.820532143703116112e+00
3.034149888738378209e+00 1.525007091816431348e+00 4.602951058767621006e+00
3.247949525394622672e+00 3.186769805943479028e+00 1.087561825204431537e-01
4.606155831346917751e+00 1.525471032714915909e+00 3.031033905866695743e+00
3.035000754695248215e+00 6.237367843023189806e+00 1.461508479007455286e+00
1.056536061260497511e-01 3.185922395897986981e+00 3.248946184143379767e+00
1.466609866938264117e+00 -4.400439829970240191e-02 -1.064373652428237671e-01
4.607794001209008172e+00 4.667765975707608206e+00 4.605534774462110015e+00
1.463718194055912081e+00 4.667050311416627295e+00 4.602910151930267091e+00
3.248503628449273872e+00 6.328610126220310939e+00 1.089145365934748033e-01
3.250398122980667992e+00 4.758841995496687183e+00 3.252691732433487193e+00
3.035873300878168202e+00 3.096901885026421830e+00 6.175785813594067974e+00
1.676640776022662926e+00 3.186783232186431114e+00 1.087257335575668865e-01
6.176346568473510601e+00 4.667424254538633299e+00 3.032608453982915009e+00
1.675074721731763638e+00 3.186109132882255501e+00 1.072585878519730501e-01
1.462986519052186241e+00 4.666074848109626139e+00 6.172130611508245934e+00
1.064132639922495960e-01 1.616050925542147132e+00 1.089464641273457240e-01
4.608614282486756863e+00 1.526659744394604168e+00 3.035534460704407245e+00
1.056248068163969933e-01 4.443790314154501958e-02 1.679211166469259275e+00
1.461506031549090645e+00 6.236576516711644480e+00 4.601088878364710588e+00
3.248194475058259645e+00 4.506806316357538783e-02 3.250107713211890736e+00
4.819195884834817534e+00 3.186447945188358499e+00 1.679572484569196611e+00
6.174529215036369756e+00 6.237869305488274563e+00 4.601664000059454196e+00
4.603279307594615233e+00 1.525393572776378104e+00 6.171630948822413032e+00
4.820449725262897722e+00 4.498589180874076887e-02 1.680932481645582177e+00
1.068792483230141532e-01 6.328373608364057823e+00 4.821465921346036687e+00
4.819457233430039622e+00 4.757037725053804955e+00 3.251693118638340430e+00
3.032278075982680399e+00 4.666531765958281675e+00 3.028916054380165868e+00
6.177510332632859757e+00 3.096613477998313879e+00 3.033593485217600527e+00
1.677365660459265939e+00 4.757524411307544554e+00 3.250363305340669307e+00
1.464136241985201980e+00 4.667202194246561575e+00 4.603434271581068771e+00
3.034200635583766736e+00 6.237779355453753283e+00 3.031114496127289115e+00
4.818955117457805137e+00 3.186958509814772356e+00 1.679579309393611330e+00
3.247862892790954970e+00 1.616019941093106205e+00 4.821272064003598423e+00
4.818902766720893460e+00 3.186640787436778588e+00 6.392541550996979183e+00
3.034172939721597739e+00 6.237568537164327687e+00 3.032818767256954207e+00
1.463779666630222964e+00 4.667030458952590166e+00 6.173771203340705505e+00
3.034503489670564935e+00 3.096919281189636663e+00 6.173585248495060185e+00
3.033637052288869373e+00 6.237794484721288057e+00 3.032254740743332011e+00
4.605012631880061491e+00 1.525089945357285925e+00 6.173488012371298517e+00
3.248805576473726031e+00 4.758165322569631428e+00 1.100062294971300425e-01
1.068070876930156676e-01 1.616223972317566204e+00 1.090273632605494314e-01
3.249123004609469678e+00 4.595625436362315436e-02 4.822664452548012903e+00
6.385487632770986188e+00 3.186226548132170766e+00 4.819154550796498349e+00
1.677319816186587431e+00 4.757375819542882134e+00 3.250872108040596675e+00
3.249487381426980903e+00 3.186841243263558887e+00 4.821619823947853156e+00
3.033659745101106697e+00 3.096095385011395695e+00 1.459840787244983451e+00
6.175976029898910369e+00 1.526162411785509265e+00 3.031574834515805339e+00
4.820348163538136887e+00 4.515114511068164804e-02 1.680259446183494765e+00
1.073647401335266205e-01 3.187049294182079606e+00 6.394105245795072889e+00
1.081011650774277300e-01 3.187052041961587090e+00 1.680787920063168572e+00
1.463041152209290097e+00 6.237586159021259569e+00 3.030592859818479479e+00
4.605473649473321274e+00 3.096366422388174389e+00 4.603316115040522405e+00
1.100597542825389463e-01 4.591493372590512573e-02 4.825401865504198362e+00
4.820612184800249445e+00 6.328996690468307484e+00 1.681726038389669498e+00
3.036754692788203869e+00 1.526318120072160944e+00 4.605457530705810321e+00
4.819165557047394799e+00 1.615959636666366883e+00 3.250554236143218034e+00
3.036688229856143728e+00 3.097510525131775605e+00 -1.078004827018335110e-01
1.676842977485171637e+00 1.615696593066253905e+00 1.678887785614705086e+00
6.175526526723476017e+00 -4.541003014285421163e-02 1.460165468948897427e+00
1.463118899009564045e+00 6.238022390592893984e+00 1.460839894940814787e+00
-1.057655194063291948e-01 3.096896807527584006e+00 3.032866854412118673e+00
4.818982332506661415e+00 4.758445369676976178e+00 3.250492357533503629e+00
3.035628488827526894e+00 4.667248005708501957e+00 3.033072669511343467e+00
6.176775730609328718e+00 4.667090653241221965e+00 3.032367318126270472e+00
3.034056461019428497e+00 6.236495486806122202e+00 -1.101896715098570484e-01
-1.069389996060176595e-01 -4.486298565549265427e-02 4.603369126088821872e+00
1.679168536851125326e+00 4.758091309705146266e+00 4.822395965931344008e+00
3.034938382520262490e+00 6.238089967720676476e+00 1.462052081950604654e+00
3.249068993594649069e+00 1.615435503660930694e+00 6.391724610501491100e+00
3.034948291205365134e+00 -4.447277891321405746e-02 1.462635250570132106e+00
1.464515490441069323e+00 1.525753336537937432e+00 6.174773973929903903e+00
4.818643820392980892e+00 3.186435938911414301e+00 3.250423718859380529e+00
1.678496559618451345e+00 1.616320305491209863e+00 3.251301742856511190e+00
4.821052124853806298e+00 4.534867017244377518e-02 1.115394834099941307e-01
1.677566693771919359e+00 6.328642080923371438e+00 3.251226272164063680e+00
3.035087717841687738e+00 6.237748715374022979e+00 3.033508605079969556e+00
-1.066565730768633258e-01 3.096398835247957226e+00 4.603444078370285020e+00
1.467342171349808932e+00 3.097524672759582653e+00 1.465384416558924707e+00
1.677652222468418053e+00 3.186420287556483544e+00 3.250808310293593184e+00
3.034852260905658294e+00 6.238208033966206933e+00 3.030955610082231910e+00
3.248406198116837729e+00 4.757844244530521571e+00 1.679447005645616331e+00
3.246009472209201885e+00 1.615265655933669331e+00 4.820253837586395029e+00
3.249179646507247110e+00 3.187614676845764272e+00 4.823459600922683777e+00
4.820346225031889809e+00 6.328691931146135374e+00 1.681458733634711988e+00
1.677639516038199829e+00 1.615303725913400879e+00 4.821132503035907568e+00
4.820021156501468340e+00 4.757382509397682924e+00 1.679772982731887243e+00
3.248777154771783859e+00 1.616800096533298037e+00 1.681272064859906434e+00
4.818035133012625870e+00 4.532627415114241776e-02 4.820981252077356949e+00
1.467241115890881797e+00 1.527009940874006100e+00 4.606346741184116134e+00
1.081330406713592596e-01 4.757682263198739214e+00 1.099122257649400858e-01
3.248024454923694293e+00 4.513682605083040728e-02 6.391724673676317359e+00
1.096386750320725023e-01 6.329084215396076019e+00 1.110139864346323529e-01
1.064087946865336226e-01 1.615945987461634425e+00 3.250696107154448899e+00
1.677500583912489684e+00 1.615967943580942423e+00 1.092217113436188686e-01
3.034579559971311902e+00 4.667325151489520429e+00 3.033920971375522857e+00
1.012650805092278061e-01 6.326110830745318658e+00 1.673698890757841840e+00
4.818647007306936736e+00 4.757307979769053397e+00 4.820784721154395491e+00
1.465950731268714113e+00 6.239047320863480905e+00 4.606139102329192880e+00
4.815673079774986043e+00 3.186095546029555692e+00 1.044992078979644634e-01
3.034800752502047061e+00 -4.599505481883423702e-02 3.032143257080015974e+00
6.391134799975174197e+00 3.187325323200388638e+00 3.250023438908499873e+00
1.679021504148331401e+00 4.759438624415158081e+00 6.394902510928111461e+00
3.034261812001005421e+00 1.525036892429274760e+00 3.031630496979770495e+00
3.249473972630300356e+00 4.758165352342143883e+00 1.104563852671275603e-01
1.466162871517944888e+00 3.097050370066651404e+00 3.034429173585353912e+00
6.389902200223893658e+00 1.616345925730928279e+00 4.820973797895122814e+00
3.033017422180452449e+00 4.667197874732882390e+00 6.172875427996342701e+00
6.176308831659447662e+00 1.526373543291097645e+00 1.462439305179778826e+00
6.390327294697530469e+00 1.616133024865191725e+00 1.095269672635448971e-01
3.036239726374883929e+00 3.096121720475041084e+00 4.604964905065650704e+00
4.818831578710016217e+00 6.328789130947072294e+00 1.083702624013555410e-01
3.033658584140606074e+00 6.237900213204198074e+00 1.460704722300785185e+00
6.390048550500401880e+00 3.186983133272232482e+00 4.821468158700199069e+00
1.463084443447237204e+00 4.666620428673794230e+00 4.602156337565451949e+00
1.464062108330735690e+00 3.096962386873433726e+00 1.460829212094917562e+00
6.177280181450728769e+00 1.525700904029338334e+00 1.462238847451402535e+00
1.681084818019567217e+00 1.618190497095306490e+00 4.826017475282246671e+00
6.179066786627235075e+00 4.668566776868066981e+00 6.176730568216785677e+00
4.605670457490917080e+00 6.237518235644394338e+00 4.600999467726380132e+00
1.464698242814029827e+00 4.667663841287883031e+00 3.032955850035016887e+00
-1.060331040442729078e-01 4.666856163709035776e+00 3.033523866852652962e+00
1.677664358940408329e+00 1.616444924151966944e+00 4.821483059394825688e+00
4.603348624455671612e+00 1.524660464884867839e+00 4.600806851949355902e+00
3.035492362360146412e+00 -4.544859804362718497e-02 4.604056619929297156e+00
1.464314427583355727e+00 -4.502870839933954816e-02 1.462599285857445253e+00
1.676611442781156258e+00 4.757834493740373816e+00 6.391785176666132884e+00
4.818489012229410839e+00 1.615324912263459645e+00 1.679074439768074578e+00
3.246669640905966325e+00 4.491846100181870471e-02 3.250453503718095050e+00
1.075830867809348668e-01 1.616437415264642796e+00 3.251384256285291485e+00
6.177203134976672949e+00 4.667455977730901040e+00 3.033519858662041102e+00
3.036743132990810778e+00 3.096524674070552319e+00 4.604826736401160581e+00
-1.060384567337186029e-01 -4.491889201163126732e-02 4.604501596398154817e+00
4.605623134329913881e+00 6.237671127383664249e+00 3.032370834217518851e+00
3.035793260760388357e+00 4.668609381449134510e+00 3.033002249015601226e+00
1.464259049231332543e+00 -4.495496841599785909e-02 6.174099981787965596e+00
3.036492013475286189e+00 4.668267878276705751e+00 6.175903744158673270e+00
6.176998860948222259e+00 4.667442131623251278e+00 4.604633609190772248e+00
4.603019321517619389e+00 4.665678570475860987e+00 -1.117721845030931332e-01
3.248063004386742669e+00 1.615664849952031856e+00 4.821616876473441948e+00
1.465239424521040501e+00 1.525809014169612343e+00 1.462386559882186576e+00
3.248156766553326857e+00 4.757825868641824663e+00 4.822226624496142477e+00
3.247442699012639711e+00 1.615882219376135742e+00 4.819437620466064054e+00
1.062767354384233781e-01 3.186120219247700280e+00 3.250011413592182929e+00
6.389781972412958311e+00 3.186993655472200260e+00 4.822216498776409566e+00
4.819952553529555317e+00 4.586270081078491767e-02 4.822510094779134171e+00
3.248825712394629139e+00 6.328528499267647156e+00 4.822077975935219918e+00
1.465123671057185106e+00 -4.450959420091529090e-02 6.175048340046713768e+00
4.819990988806440946e+00 4.757653011705813562e+00 4.822001877055363650e+00
3.035425431655780049e+00 4.666936713614903809e+00 3.031971155183531330e+00
6.175922849324664732e+00 3.096066279529932519e+00 -1.101863442025649703e-01
1.677748696648304172e+00 4.758049280883927423e+00 1.679809072075521881e+00
4.605492399072713461e+00 6.237039723734441488e+00 3.032489074105650051e+00
6.176223277589785177e+00 3.096405452368962141e+00 4.603200942837323062e+00
1.463991314305387981e+00 3.096092577926683020e+00 1.461246555405070646e+00
6.176317008615546555e+00 -4.464649239741745601e-02 3.032404666698746976e+00
1.467443212842791000e+00 6.237196884588822599e+00 6.182495266570000148e+00
3.034349840105699414e+00 6.237581322019202901e+00 4.603190073874789512e+00
1.464767954382687920e+00 -4.521850241679801347e-02 6.175123773467964483e+00
4.820713944945731910e+00 3.188128547404170288e+00 4.823582235494750847e+00
4.604986302572778634e+00 1.525064329258768225e+00 1.460997654809992996e+00
7.960038538635967775e+00 1.615458405154007293e+00 1.679645429043963301e+00
3.037074213900228692e+00 4.668429286756231811e+00 4.605808997504689195e+00
3.248439209002912609e+00 6.328746780296973462e+00 1.680211453812491262e+00
1.465432298985444248e+00 -4.466100390890931360e-02 1.462791901791310023e+00
7.747208183944220394e+00 4.667022994640943168e+00 4.603179750410906657e+00
4.603145350133465818e+00 -4.704548180053377132e-02 6.171782317267420659e+00
4.816574501217827375e+00 6.327152075544488774e+00 1.677305007475613285e+00
1.464585551421598852e+00 6.238128644743499152e+00 -1.083989420653963531e-01
4.605578310527920216e+00 -4.517889150802477383e-02 3.032384211952241060e+00
4.821103491209338010e+00 4.757362705133856728e+00 1.681970177065829297e+00
6.390358230882359436e+00 4.535328349227926020e-02 1.680819041937305247e+00
1.464563868665565316e+00 6.238116259445953382e+00 1.462868452246975481e+00
3.028842979920607803e+00 4.665674215559183935e+00 1.455778512729698715e+00
1.678445876776140544e+00 4.504150943547285957e-02 4.821109382058403448e+00
3.035120308024744862e+00 3.096455842617048759e+00 3.032390196644741298e+00
4.605809220804247595e+00 3.097938506257254421e+00 1.461934100872840592e+00
1.464048473753972734e+00 6.237750971421315960e+00 4.603419520359289585e+00
1.073557940061714705e-01 1.616104321604044269e+00 1.091640541104585138e-01
6.390091390489226697e+00 1.616248834169029314e+00 3.250470865129151399e+00
4.606750851409283420e+00 4.667313280078517757e+00 6.174716942458176483e+00
3.035392845993696742e+00 1.525452604797758127e+00 4.604126814750984842e+00
6.388052495421758792e+00 4.458513939724658565e-02 3.248329498625705192e+00
3.035356261059891647e+00 1.526099113940391439e+00 6.174769269623705092e+00
6.176889836659259281e+00 -4.600915747723244298e-02 -1.094377947754984898e-01
3.034867693603763961e+00 3.096169378361675495e+00 1.461337559273999664e+00
4.819043093746011586e+00 4.758028371218559371e+00 3.250807187366982376e+00
1.676904452547857804e+00 3.186652380623943071e+00 1.088040521917926495e-01
1.677666113615480015e+00 6.328703257355686063e+00 3.251046507117132389e+00
4.820817248893297879e+00 3.187895019209173064e+00 3.252584290784242160e+00
4.818493453774366664e+00 1.615911469208030304e+00 3.249224054943330220e+00
1.675433952027313822e+00 4.756977367666348044e+00 3.248189391438619733e+00
4.818993586667389195e+00 4.520814282735145101e-02 3.250243683881638201e+00
4.607093366670613754e+00 1.525872798734908997e+00 3.033437534633832033e+00
1.465500373238522780e+00 3.096918022420616978e+00 1.462425606896943675e+00
4.822282320404594813e+00 4.587693245609757164e-02 1.682950730458365518e+00
3.033174423520930141e+00 6.239027198626076576e+00 6.173009949346380587e+00
1.052721471095290351e-01 6.327559438766106048e+00 1.075721093426360020e-01
1.677751903992373395e+00 3.187306361766066853e+00 3.250667808262735381e+00
1.065275231431743602e-01 1.616403862612864506e+00 1.089241140423117121e-01
3.248890393193589521e+00 4.758628302222148498e+00 4.821811493292173623e+00
1.463953362958067661e+00 6.237743380012323868e+00 3.032683653787215938e+00
3.034985589002169082e+00 1.525656269751713312e+00 3.033412857281974517e+00
4.605128666166245388e+00 3.096283876365056642e+00 6.173517238744217650e+00
4.819156771650482618e+00 4.481640379333615143e-02 3.250615207546569074e+00
1.678678337085631966e+00 3.186963755255861397e+00 3.250673885004795594e+00
1.677192014310545876e+00 4.757534838221979534e+00 1.679207839324760254e+00
4.815218398223758633e+00 1.614504932218236100e+00 3.246524313840057463e+00
3.247704367527352698e+00 1.616096447410676928e+00 6.391991474203349455e+00
1.677575643986436438e+00 3.187084214628870704e+00 4.821438835218440744e+00
4.820240086201565077e+00 1.616867202763917932e+00 4.822895505526328286e+00
1.463631968049664778e+00 6.238213654082792381e+00 1.461343673023498768e+00
4.606731181411752196e+00 -4.555350037813367392e-02 1.463528210118177686e+00
1.676677405372276608e+00 1.616900858398055751e+00 3.250456974894143869e+00
1.063301184110468367e-01 3.186071746841352859e+00 1.086879225880703487e-01
4.818258731422669250e+00 4.496451423583745777e-02 1.679465319338522056e+00
3.249738523939291301e+00 4.578675712125123559e-02 4.822502232027635394e+00
1.072206008523255566e-01 3.187010016755964070e+00 4.821352085224814843e+00
1.067685951856047200e-01 4.550833839696613592e-02 6.391722832253232234e+00
3.248746232381704235e+00 4.757147128259868296e+00 4.822162982623098060e+00
3.035254644167638016e+00 1.525796769876819114e+00 3.032660629604013725e+00
1.464807780830878370e+00 3.096766135556842325e+00 4.603930018024316340e+00
1.072056980285670119e-01 3.186676846667093166e+00 6.393873793392637950e+00
3.034336252500401176e+00 6.238529524334463616e+00 1.462408998932703819e+00
3.034616572076850094e+00 4.667166399242581143e+00 6.172964919232927450e+00
3.248420783572891324e+00 6.328774018681833091e+00 1.680227610462714516e+00
3.035244472781639224e+00 6.238429476828780018e+00 3.033065901941146780e+00
3.035701084133805683e+00 6.238235224101750021e+00 6.175106673381496769e+00
4.605985026393272896e+00 4.667224195161405298e+00 1.461334092645976579e+00
4.605578179720589027e+00 3.096673862029080571e+00 1.461747003627399843e+00
1.462613910386541871e+00 4.667225778822181148e+00 1.459547519678904060e+00
4.818850090959633015e+00 1.616699967355884615e+00 1.678848217168469104e+00
1.678906227825249342e+00 3.188137821178928633e+00 4.823813699030583102e+00
4.603897785180759428e+00 6.237661583201203008e+00 1.459635526080598655e+00
3.247878900668984326e+00 3.186403189078509612e+00 1.679592634079239977e+00
4.819426546488403851e+00 4.757691316101920087e+00 4.821170856719351860e+00
4.603958050748292230e+00 6.236921027065658762e+00 4.601568654987071127e+00
3.246694592981867800e+00 4.757312335122842128e+00 1.677776712322731179e+00
6.177011962126179867e+00 4.667247735592222391e+00 3.033379007799040572e+00
3.035268112142793573e+00 4.666674305424777458e+00 6.174739547941405782e+00
3.247210985670431871e+00 1.615562107008361004e+00 1.678625127826038899e+00
6.176679198757184963e+00 1.525563693930819698e+00 1.461539653204654732e+00
3.248139141668352270e+00 1.615642332345903265e+00 1.680569170408631186e+00
1.464030604660750079e+00 3.096134589839759865e+00 1.461679255858253423e+00
3.247284499506188471e+00 6.328386599737577001e+00 3.249478355727745793e+00
4.819505442216126312e+00 1.616036326305867021e+00 4.821857601210504995e+00
1.464080829103096892e+00 1.525666073029855241e+00 4.604921663133763943e+00
3.248544027613965657e+00 6.329260316938889019e+00 3.251680688099175764e+00
4.819056630666578300e+00 3.186371882148707702e+00 4.821536627838606037e+00
4.818812707298710585e+00 1.615839163039380910e+00 1.680520814022409271e+00
3.033544277080291174e+00 1.525976867211310983e+00 3.031917885554455960e+00
1.059443910940314065e-01 4.757089793963745095e+00 1.679192690910448205e+00
1.678683655639851890e+00 4.498728045530861475e-02 1.681231717068411458e+00
4.606419635909175803e+00 6.238323883889495214e+00 1.461842090660213644e+00
4.604944350750824533e+00 4.667218778849864691e+00 4.603595941479402320e+00
3.035819289563958634e+00 1.525854170510575480e+00 1.462842083553968386e+00
4.818782121329183710e+00 3.185888864495797446e+00 3.249317661269771396e+00
1.678115382276011536e+00 1.616022794494087922e+00 6.393548611342885657e+00
1.463287453728915777e+00 -4.549993640737565181e-02 6.173433448229213028e+00
1.464546282041419012e+00 -4.495030066442290417e-02 6.174910690681475245e+00
4.605868239316809998e+00 7.809297980546105578e+00 6.173505497946072396e+00
4.606853357858349263e+00 -4.568926847159366506e-02 1.462176198059085497e+00
3.249572085729857118e+00 3.187039285032332803e+00 3.252059768253091843e+00
4.605453948228808159e+00 1.524863057881055806e+00 4.603142979730040274e+00
3.036635400312121646e+00 1.525264882173063219e+00 1.464875108806495074e+00
4.819786434426023725e+00 6.328258103565862491e+00 1.681408498982148059e+00
1.677541796605727109e+00 1.615488997219589162e+00 3.249908561519780914e+00
4.818688215321730084e+00 4.757760907882879309e+00 1.085568493610515467e-01
1.057169897242513090e-01 4.757823113774385604e+00 6.391702630341983493e+00
4.605958527909020717e+00 6.238296220374790479e+00 4.604146620398957168e+00
3.249654643486598715e+00 3.186230911332169846e+00 1.680429703366562277e+00
1.463488270301389393e+00 6.238342742924328554e+00 1.461631256687375258e+00
4.606806706668587381e+00 4.667141445265577282e+00 3.033235036393357120e+00
3.248057498936820497e+00 4.757897689546245701e+00 4.821209676545452183e+00
6.177711396723187143e+00 3.096746243255263042e+00 -1.079462076434230672e-01
1.088809409899859776e-01 3.187199074308910252e+00 4.823312257522223589e+00
3.034429069482143859e+00 3.095985316011433675e+00 1.461218503981776440e+00
1.463255368953934710e+00 3.096258483888596924e+00 4.602001601407067710e+00
1.678017013008558544e+00 3.186795907484479162e+00 3.251284984436832115e+00
6.389055930215810086e+00 6.327808374136763447e+00 4.820285554820282314e+00
1.679542872294011335e+00 1.616721404791156891e+00 4.823593327979418532e+00
1.678524430627804209e+00 4.485572148869583498e-02 3.251545582858968331e+00
3.247754285794155482e+00 4.757516270256174629e+00 4.821816449563893769e+00
1.678263248400217345e+00 6.328316811293391630e+00 4.821828925583769632e+00
3.033377176218910343e+00 4.666665365484107930e+00 6.172670285360733367e+00
1.465793539974459714e+00 3.096430184238379901e+00 6.176103939139704124e+00
4.606598642861211346e+00 -4.547845665861271341e-02 1.462329882051706997e+00
3.034719051284559210e+00 3.096326405828901951e+00 6.173496715214180419e+00
6.176279133282358558e+00 3.096172967243405516e+00 1.461816203150382742e+00
4.820066035097189783e+00 3.187128643121107885e+00 -1.460237281373488960e+00
3.248757430623145037e+00 1.615824390096969987e+00 4.821275468032902189e+00
1.678221536236740086e+00 1.617116239872715688e+00 4.821751630678487111e+00
3.247991967126881541e+00 1.615525244030062701e+00 4.821255050875916659e+00
1.464282715008403457e+00 1.525755473460291611e+00 -1.086525429878390792e-01
3.034723367808557004e+00 4.667245551611157950e+00 4.603153961329609523e+00
4.819983060645381734e+00 1.616253961861263688e+00 4.821524259052472061e+00
6.177152597644922416e+00 3.096625411978023656e+00 1.462704618219837549e+00
1.677153563861078833e+00 4.757064481398360911e+00 1.679439560699946599e+00
4.818631906066507042e+00 4.757250833890961594e+00 4.821099285850042548e+00
6.173852480195331616e+00 3.095298353048465678e+00 6.171355056017355345e+00
3.034963075711721192e+00 1.525667647171689234e+00 4.603744585293878977e+00
4.605816779250725190e+00 1.525915376968523862e+00 4.603623346609723832e+00
1.679373566801703133e+00 6.330244873542096862e+00 4.823216927816940114e+00
6.390318365946512813e+00 1.615846666415063027e+00 1.680269828423162970e+00
4.606644370543184763e+00 1.525460483679977886e+00 3.033073847797127520e+00
3.247898805432524405e+00 3.186450583485521015e+00 1.679291008030769916e+00
3.250527740471224281e+00 4.758931974974278667e+00 3.253468067682144138e+00
6.390417907485159255e+00 3.186949158606950050e+00 3.251121963393937442e+00
3.246448963971444446e+00 4.756706964148804673e+00 3.248570816891109381e+00
3.032812362152667696e+00 4.667576800710308227e+00 4.601604911006775822e+00
4.605700573556543276e+00 3.096118918116659291e+00 1.462494132685760562e+00
1.677052448985447031e+00 1.615919598978457383e+00 3.250679440961582678e+00
4.818293514552585144e+00 3.186251854098826719e+00 3.249256721840339424e+00
3.246917170890854631e+00 1.615956590459784570e+00 1.678399784213878698e+00
6.176865960022712265e+00 3.096105809192702729e+00 6.174504575885940483e+00
4.817454220228958306e+00 1.615947151060846076e+00 3.249270270986332143e+00
1.464215201917852704e+00 -4.468807983471879963e-02 3.032576982837557722e+00
1.463321529824338052e+00 1.525699374256509033e+00 1.459905317373653144e+00
1.679623649290132414e+00 3.188038508254479542e+00 1.104851853546578305e-01
1.677423491315033877e+00 6.328420443456495903e+00 3.250242594750471170e+00
1.070144257625683659e-01 1.615948387865504321e+00 6.391790193619044658e+00
4.604672777575803622e+00 6.238254439599187684e+00 3.032178631352682618e+00
4.818260138315114460e+00 4.508597118840302481e-02 1.077514711426846433e-01
1.677421728150070290e+00 1.616054433888917119e+00 4.821600340696821974e+00
1.076686657596423180e-01 4.497531655087824709e-02 3.251670758613830259e+00
1.077061362710732828e-01 4.757919816111821909e+00 3.251599136430049164e+00
4.603900629810211420e+00 3.096137790540000267e+00 6.172823248791800665e+00
1.060180699780583907e-01 1.616079758037970660e+00 3.250103683162463231e+00
-1.070031036075397984e-01 1.525652137392150998e+00 3.032461720972767782e+00
4.606941713921573367e+00 1.526231262609265338e+00 6.175609530082197374e+00
4.606255463565759101e+00 4.668193518213680449e+00 4.604150847803438751e+00
1.678309777611038722e+00 4.758631605937000408e+00 4.822010167445240469e+00
3.036288164385639199e+00 1.526379925547461491e+00 -1.082109173071390540e-01
6.174794166510499949e+00 1.524979611974737193e+00 4.602361830391984654e+00
4.818732823063498039e+00 3.186423187026998782e+00 4.821511346057913983e+00
3.249660819871876605e+00 3.187445380411185081e+00 1.095774555160221875e-01
4.818294723937387225e+00 3.186773168208442364e+00 1.086916754580499744e-01
4.604703978435774836e+00 3.095749613376342690e+00 6.173419760473573881e+00
3.246552856599424164e+00 4.756866763113904106e+00 1.678612363664305107e+00
3.248390165331552559e+00 3.185974551943562272e+00 4.821861637999494299e+00
1.463794775969692985e+00 4.666777298981563682e+00 4.602230880738446217e+00
4.819014235181291461e+00 4.484108591476890920e-02 3.250312090260754072e+00
1.677565376856055890e+00 3.186621034335747726e+00 3.250370549158252853e+00
1.463767997505456275e+00 4.667536022789113836e+00 1.460610429607491323e+00
4.606901530765690644e+00 3.096390072801145976e+00 6.174847832510621970e+00
4.820130422463732245e+00 1.615681163710109391e+00 3.251245550683411700e+00
1.678057863556326357e+00 6.328834178702939184e+00 3.250410617799565305e+00
-1.068792467983304545e-01 3.096106207313316538e+00 -1.094882254523741882e-01
3.248260540173577127e+00 4.757922113319343005e+00 4.821492355045322142e+00
1.051425419575484355e-01 4.756925570419920923e+00 1.080872938320326521e-01
1.678164776820609605e+00 4.564706506161675392e-02 1.095324813553232995e-01
4.605291601546194435e+00 6.237548982420896060e+00 6.173392876666812690e+00
3.248875501010674682e+00 1.615933016528772859e+00 4.821760667263708555e+00
6.177765263534141127e+00 1.525818507644193245e+00 1.463010431020563162e+00
3.248044079795742167e+00 6.328453499787967118e+00 6.390966620652901220e+00
3.252026166206616331e+00 3.188844556947280751e+00 1.683808991682720579e+00
4.816174727823962165e+00 1.614860776568301182e+00 4.818092022869614688e+00
1.463831054349157945e+00 3.096925856505583496e+00 3.032323378618727361e+00
3.034874297812917732e+00 -4.533695548946348186e-02 4.603238871931182530e+00
1.677216758863236956e+00 6.328300372528997464e+00 6.392691730985040621e+00
1.464601541646202598e+00 1.526012938619129233e+00 1.461955072532499456e+00
3.249847875791431306e+00 6.328259675990726585e+00 4.822942128766045222e+00
4.607116570351052154e+00 6.239226051363346848e+00 -1.072796692035708210e-01
3.034197504470596662e+00 7.808764143514209444e+00 -1.680935826893057650e+00
4.818274095220652420e+00 6.328135375474974289e+00 1.680008021021363263e+00
-1.046724435125011426e-01 6.237974597128027376e+00 3.032996411537232095e+00
3.034541405562924510e+00 4.667384205981635503e+00 4.602568643576748109e+00
1.677512222235050920e+00 3.186212618468320379e+00 1.680708475068122265e+00
1.464189037203422084e+00 4.667468447071601467e+00 1.461984354392064978e+00
1.678295427211370594e+00 3.186163094501430315e+00 4.821731027628060495e+00
1.465647370776171021e+00 1.525723480314788549e+00 3.035699900695583153e+00
3.249337794886415498e+00 6.329340395593974655e+00 4.823056087368014389e+00
6.176430153118086075e+00 6.238305447518776248e+00 3.032448204708340977e+00
1.679553796556951362e+00 3.187693795170591038e+00 3.252009435661860515e+00
1.675011938586193239e+00 4.756736614126242380e+00 1.070991254521827390e-01
1.677029255400573238e+00 3.186667369607903755e+00 4.820963910212388903e+00
1.058614582050710906e-01 6.328804206667040688e+00 1.679092907070397711e+00
6.176720851244310140e+00 1.525938654730759181e+00 4.602947644182877163e+00
4.604684496462923882e+00 6.238196701228097218e+00 1.461256472142754115e+00
1.465438601314355660e+00 3.096947553903276695e+00 4.604073148348978073e+00
4.817693292725653720e+00 6.327826480771343576e+00 1.677993956073794646e+00
-1.049231998224047224e-01 3.096564501014209103e+00 4.604923392556082185e+00
3.248393408268781535e+00 6.328416574013539631e+00 3.250703680723385336e+00
3.034726646906411140e+00 4.667222714631441782e+00 3.032507257448112892e+00
3.247703735319099394e+00 1.616024839024301274e+00 4.820951531553836489e+00
4.817746774222040784e+00 3.186944580424360129e+00 3.250714732167662380e+00
3.034777693923972119e+00 4.667157636708773261e+00 1.461758091466711429e+00
6.178302519466763343e+00 4.667310668183242583e+00 6.175647224454889006e+00
6.177159757439329546e+00 3.096845792772373596e+00 3.034492729924243015e+00
3.248457817425506544e+00 1.616000330263753781e+00 3.251208311631844428e+00
1.464626466275303684e+00 3.096599947332325353e+00 4.604485681800537300e+00
6.390361639143119277e+00 4.758121623779617337e+00 1.680136602729480622e+00
3.247282839802831500e+00 1.615767060855389126e+00 1.678692238862429020e+00
3.250026702740532958e+00 6.329544714850431575e+00 4.823522038206602858e+00
3.035497323445689677e+00 3.096199044688157986e+00 1.462170410840235357e+00
1.463816704712662231e+00 6.238227172435367507e+00 4.603057521300694788e+00
4.816358657293259959e+00 3.185191938394821953e+00 4.819563876988625317e+00
4.823322088974490107e+00 4.685820823729590356e-02 6.395747774929944285e+00
4.604615389085487287e+00 4.665695448403710088e+00 1.459666989608277898e+00
6.175323121492668044e+00 1.525600180951036000e+00 4.603161840430048279e+00
1.463880776163208663e+00 4.667272298571397471e+00 3.032184792848827026e+00
3.246950323897881407e+00 4.485170737509894950e-02 1.678765728573293536e+00
3.036558943206383532e+00 4.667423006722796863e+00 4.604618670794227597e+00
4.604106521076252179e+00 6.237383921193655034e+00 1.460034322668249063e+00
4.820594831330021535e+00 1.616417218587676174e+00 6.392978785785110141e+00
4.819786226781946681e+00 6.328317556176854985e+00 1.679744462303427888e+00
-1.072055924531352539e-01 4.667334611879362605e+00 4.603189959629769845e+00
4.819091941749465313e+00 4.758060988026875826e+00 4.821389017732871096e+00
4.605939871073323033e+00 3.096244909625985198e+00 3.032995204764411756e+00
4.819373793982693499e+00 4.757987969646404913e+00 3.251461883440152967e+00
4.604410073287212413e+00 3.098473520095077038e+00 1.462014571781539596e+00
3.248081704364724764e+00 3.186752930751839408e+00 6.391564926230510757e+00
3.248772316040383856e+00 3.186349533498125108e+00 3.250862344506531443e+00
1.679271157371378331e+00 6.329527821979620050e+00 4.823624003228306201e+00
4.602124640641941156e+00 6.237031065576340794e+00 1.458451460141073186e+00
4.818470434334715335e+00 6.328510852967531797e+00 4.820934048499105451e+00
6.177779357338585520e+00 3.096537739691587188e+00 1.462177697614765126e+00
4.819968020604934011e+00 3.187091321888313455e+00 4.822126253249713557e+00
6.176689387491123284e+00 4.667569237078140532e+00 3.032488477599136090e+00
1.677155687509735538e+00 4.455715514689000123e-02 4.821642167005144586e+00
1.070724230583044029e-01 3.187581644962276251e+00 3.251555593152303469e+00
1.464978932226635333e+00 1.526084746975072681e+00 3.033340974932615897e+00
