-6.475881323218345642e+00
-8.145294860005378723e+00
-8.201756536960601807e+00
-7.016824632883071899e+00
-8.156560480594635010e+00
-8.131332039833068848e+00
-8.083533272147178650e+00
-8.190892830491065979e+00
-8.143021285533905029e+00
-8.189962521195411682e+00
-8.188643187284469604e+00
-8.153815075755119324e+00
-7.281860128045082092e+00
-8.077200636267662048e+00
-8.145050451159477234e+00
-7.267355233430862427e+00
-8.175817191600799561e+00
-8.168269872665405273e+00
-7.337767183780670166e+00
-8.161423921585083008e+00
-8.176679894328117371e+00
-8.133064925670623779e+00
-8.183397933840751648e+00
-8.154364749789237976e+00
-8.128288641571998596e+00
-6.600041940808296204e+00
-8.188676670193672180e+00
-8.169255897402763367e+00
-7.611362695693969727e+00
-8.138253092765808105e+00
-8.144102513790130615e+00
-7.713929101824760437e+00
-8.126853913068771362e+00
-8.189089864492416382e+00
-7.632912889122962952e+00
-8.176266074180603027e+00
-8.188470780849456787e+00
-8.112427398562431335e+00
-6.801280587911605835e+00
-6.178724639117717743e+00
-6.651819378137588501e+00
-6.816052064299583435e+00
-7.323097437620162964e+00
-8.129964396357536316e+00
-8.161005347967147827e+00
-7.845606714487075806e+00
-5.110540933907032013e+00
-8.184294342994689941e+00
-5.406880877912044525e+00
-8.181027248501777649e+00
-8.189845710992813110e+00
-8.163096219301223755e+00
-8.144360288977622986e+00
-8.197984412312507629e+00
-8.141605660319328308e+00
-8.170443400740623474e+00
-8.144439414143562317e+00
-6.309339612722396851e+00
-7.012878850102424622e+00
-8.148235186934471130e+00
-8.145079448819160461e+00
-8.151345074176788330e+00
-8.192601561546325684e+00
-6.776603683829307556e+00
-8.163726851344108582e+00
-7.151408880949020386e+00
-8.161373525857925415e+00
-8.147898480296134949e+00
-8.152984812855720520e+00
-6.671447291970252991e+00
-8.179809659719467163e+00
-8.152067482471466064e+00
-8.183463722467422485e+00
-5.943050391972064972e+00
-8.165155023336410522e+00
-7.860676407814025879e+00
-7.031103342771530151e+00
-8.164275273680686951e+00
-8.182508423924446106e+00
-8.146623909473419189e+00
-8.180538237094879150e+00
-7.324271976947784424e+00
-7.516837656497955322e+00
-8.179111778736114502e+00
-8.183575898408889771e+00
-8.157195806503295898e+00
-8.200584113597869873e+00
-8.162914082407951355e+00
-8.182677090167999268e+00
-8.173938274383544922e+00
-8.156301781535148621e+00
-8.193968743085861206e+00
-8.144685342907905579e+00
-8.194264382123947144e+00
-8.143082588911056519e+00
-8.150887101888656616e+00
-8.198007628321647644e+00
-8.141269564628601074e+00
-5.675515353679656982e+00
-8.134520217776298523e+00
-6.849338948726654053e+00
-6.662443578243255615e+00
-8.179637297987937927e+00
-8.137852668762207031e+00
-7.114467531442642212e+00
-8.158494412899017334e+00
-8.132922425866127014e+00
-8.160091266036033630e+00
-8.200602844357490540e+00
-8.152743801474571228e+00
-8.184267163276672363e+00
-6.901313170790672302e+00
-8.060316577553749084e+00
-6.323772430419921875e+00
-8.154622197151184082e+00
-8.187416493892669678e+00
-8.150685310363769531e+00
-8.200254485011100769e+00
-8.098578751087188721e+00
-7.804262340068817139e+00
-6.218813791871070862e+00
-8.147249773144721985e+00
-7.128600060939788818e+00
-8.154118657112121582e+00
-8.147738143801689148e+00
-7.988572835922241211e+00
-8.154672235250473022e+00
-8.162469476461410522e+00
-8.175595775246620178e+00
-8.157425284385681152e+00
-8.144440159201622009e+00
-8.170451387763023376e+00
-8.146013587713241577e+00
-8.179800674319267273e+00
-8.173871800303459167e+00
-8.150399997830390930e+00
-7.473778605461120605e+00
-6.690861061215400696e+00
-8.133320823311805725e+00
-8.144870236515998840e+00
-8.158188909292221069e+00
-8.133894637227058411e+00
-8.174971014261245728e+00
-8.163697823882102966e+00
-8.167623043060302734e+00
-7.720848962664604187e+00
-8.178412079811096191e+00
-8.134410843253135681e+00
-8.180379971861839294e+00
-8.189511120319366455e+00
-5.494099423289299011e+00
-8.143270224332809448e+00
-8.182008191943168640e+00
-8.176068633794784546e+00
-5.824533216655254364e+00
-8.185926198959350586e+00
-8.124490380287170410e+00
-8.159166708588600159e+00
-8.182582616806030273e+00
-8.149911865592002869e+00
-8.123507753014564514e+00
-8.182134166359901428e+00
-8.186103656888008118e+00
-7.036463230848312378e+00
-8.151888549327850342e+00
-8.192268684506416321e+00
-6.894193142652511597e+00
-6.861502110958099365e+00
-8.174007594585418701e+00
-8.168581798672676086e+00
-6.854570835828781128e+00
-8.193027898669242859e+00
-8.185036361217498779e+00
-8.178030028939247131e+00
-8.175470814108848572e+00
-8.190149888396263123e+00
-8.146333038806915283e+00
-8.157019957900047302e+00
-7.215386599302291870e+00
-8.201431438326835632e+00
-8.178064063191413879e+00
-8.132422342896461487e+00
-8.182603359222412109e+00
-8.138727709650993347e+00
-8.139238104224205017e+00
-7.828901275992393494e+00
-8.148908644914627075e+00
-8.108993694186210632e+00
-8.150762557983398438e+00
-8.176903575658798218e+00
-6.289534687995910645e+00
-7.862943723797798157e+00
-8.146448016166687012e+00
-8.153273835778236389e+00
-6.193797260522842407e+00
-8.152635529637336731e+00
-8.153491750359535217e+00
-8.138862594962120056e+00
-8.154370829463005066e+00
-7.377710565924644470e+00
-8.168372109532356262e+00
-8.085928753018379211e+00
-8.198131233453750610e+00
-8.189230158925056458e+00
-8.179016560316085815e+00
-8.148664563894271851e+00
-7.991654619574546814e+00
-8.154492840170860291e+00
-8.183361455798149109e+00
-7.798987209796905518e+00
-8.168075755238533020e+00
-8.168842464685440063e+00
-8.147996351122856140e+00
-8.162365704774856567e+00
-8.147246316075325012e+00
-8.129135951399803162e+00
-8.069754973053932190e+00
-8.079298228025436401e+00
-6.580554544925689697e+00
-8.160661637783050537e+00
-7.061662897467613220e+00
-8.137095838785171509e+00
-8.153503686189651489e+00
-8.166436716914176941e+00
-6.954512208700180054e+00
-7.077024742960929871e+00
-7.244144514203071594e+00
-8.190622448921203613e+00
-8.180705890059471130e+00
-8.145152002573013306e+00
-8.150629356503486633e+00
-8.178814351558685303e+00
-8.187888771295547485e+00
-7.657024055719375610e+00
-8.170554772019386292e+00
-8.108978986740112305e+00
-8.141516953706741333e+00
-8.142551168799400330e+00
-7.262473404407501221e+00
-8.170150071382522583e+00
-8.180273696780204773e+00
-8.187773331999778748e+00
-7.851015508174896240e+00
-8.159961163997650146e+00
-8.158931747078895569e+00
-8.146579578518867493e+00
-8.168252199888229370e+00
-7.245595410466194153e+00
-6.806805446743965149e+00
-7.014042332768440247e+00
-6.130250230431556702e+00
-8.181928053498268127e+00
-8.075842887163162231e+00
-7.895295977592468262e+00
-8.167718365788459778e+00
-8.161578431725502014e+00
-8.165276437997817993e+00
-8.141308218240737915e+00
-8.171874150633811951e+00
-8.163567677140235901e+00
-8.135869234800338745e+00
-8.147896185517311096e+00
-8.137457534670829773e+00
-8.178417339920997620e+00
-8.199466615915298462e+00
-5.548884719610214233e+00
-8.141365915536880493e+00
-8.192933276295661926e+00
-8.108568280935287476e+00
-5.827321805059909821e+00
-8.170780226588249207e+00
-8.186203286051750183e+00
-8.169277161359786987e+00
-8.170130893588066101e+00
-8.168509423732757568e+00
-8.165675804018974304e+00
-8.069771796464920044e+00
-8.184380516409873962e+00
-8.140742927789688110e+00
-8.137396261096000671e+00
-8.199483141303062439e+00
-8.173483550548553467e+00
-8.196889355778694153e+00
-7.062047466635704041e+00
-8.079390659928321838e+00
-7.773276686668395996e+00
-7.265125468373298645e+00
-8.151181310415267944e+00
-7.650216951966285706e+00
-8.174871534109115601e+00
-8.141658604145050049e+00
-8.187477841973304749e+00
-8.153356373310089111e+00
-7.168760582804679871e+00
-8.141373500227928162e+00
-6.970403045415878296e+00
-8.184521809220314026e+00
-6.783575743436813354e+00
-8.171212479472160339e+00
-6.966364502906799316e+00
-8.040992930531501770e+00
-7.360794082283973694e+00
-8.189278647303581238e+00
-8.190298050642013550e+00
-8.136561512947082520e+00
-8.140598922967910767e+00
-8.176508769392967224e+00
-7.837504431605339050e+00
-8.175915405154228210e+00
-6.915892854332923889e+00
-6.098936259746551514e+00
-8.172366991639137268e+00
-6.820172443985939026e+00
-8.189915835857391357e+00
-7.847074821591377258e+00
-8.134111776947975159e+00
-8.156584247946739197e+00
-8.158808127045631409e+00
-8.141483366489410400e+00
-8.140926793217658997e+00
-8.190125286579132080e+00
-8.126377731561660767e+00
-8.175663307309150696e+00
-8.176416933536529541e+00
-7.687265157699584961e+00
-8.167612850666046143e+00
-8.190374940633773804e+00
-8.142719492316246033e+00
-7.157557219266891479e+00
-8.154765322804450989e+00
-8.113290399312973022e+00
-8.139249056577682495e+00
-7.598283708095550537e+00
-8.179117068648338318e+00
-5.730359703302383423e+00
-8.168853476643562317e+00
-6.551953539252281189e+00
-8.192105695605278015e+00
-7.088288217782974243e+00
-8.152827307581901550e+00
-7.471713528037071228e+00
-8.182120919227600098e+00
-8.182080879807472229e+00
-7.863957613706588745e+00
-8.164600253105163574e+00
-8.002576157450675964e+00
-6.743240505456924438e+00
-8.188997149467468262e+00
-8.140775963664054871e+00
-7.135128989815711975e+00
-7.172919198870658875e+00
-8.150418251752853394e+00
-8.186245590448379517e+00
-8.130923137068748474e+00
-8.185710459947586060e+00
-8.188922986388206482e+00
-8.152054011821746826e+00
-8.163685217499732971e+00
-8.062744095921516418e+00
-8.114716634154319763e+00
-7.419015407562255859e+00
-8.178222060203552246e+00
-8.038583174347877502e+00
-8.113445714116096497e+00
-8.153987973928451538e+00
-8.118562981486320496e+00
-6.874920859932899475e+00
-8.195926249027252197e+00
-8.155879005789756775e+00
-7.783315837383270264e+00
-8.152214705944061279e+00
-8.147765129804611206e+00
-8.159755513072013855e+00
-8.124251917004585266e+00
-8.177704110741615295e+00
-8.187126234173774719e+00
-8.136470258235931396e+00
-7.635567083954811096e+00
-8.134284511208534241e+00
-8.095430999994277954e+00
-8.145715266466140747e+00
-7.712927430868148804e+00
-8.164916992187500000e+00
-8.179583847522735596e+00
-8.182014808058738708e+00
-8.153957307338714600e+00
-8.162337675690650940e+00
-5.274583697319030762e+00
-8.151042342185974121e+00
-8.166366145014762878e+00
-8.192339882254600525e+00
-8.184313535690307617e+00
-7.046099439263343811e+00
-8.186672806739807129e+00
-8.074750632047653198e+00
-7.760258957743644714e+00
-8.153958827257156372e+00
-8.192769810557365417e+00
-8.137580588459968567e+00
-8.146714389324188232e+00
-8.184374764561653137e+00
-8.187940239906311035e+00
-8.165513694286346436e+00
-7.705902978777885437e+00
-7.528369277715682983e+00
-8.161416679620742798e+00
-6.540369227528572083e+00
-8.155238389968872070e+00
-8.144174173474311829e+00
-8.118913203477859497e+00
-8.178987681865692139e+00
-7.446624219417572021e+00
-8.154416427016258240e+00
-7.390080660581588745e+00
-8.158456131815910339e+00
-7.144080683588981628e+00
-8.166717872023582458e+00
-6.765725940465927124e+00
-7.150976583361625671e+00
-8.174717590212821960e+00
-7.229362383484840393e+00
-7.524779558181762695e+00
-8.147428944706916809e+00
-8.164538070559501648e+00
-8.200418382883071899e+00
-8.192717492580413818e+00
-6.523037299513816833e+00
-8.185205549001693726e+00
-8.153982192277908325e+00
-8.192375168204307556e+00
-8.192033097147941589e+00
-8.195739805698394775e+00
-8.086276113986968994e+00
-8.157067358493804932e+00
-8.171245142817497253e+00
-8.162662684917449951e+00
-7.161211356520652771e+00
-8.154997855424880981e+00
-8.176362156867980957e+00
-7.278911009430885315e+00
-6.605796173214912415e+00
-8.198084086179733276e+00
-8.182834997773170471e+00
-7.020369678735733032e+00
-8.163517951965332031e+00
-6.524193227291107178e+00
-8.188396975398063660e+00
-8.165501028299331665e+00
-8.164273962378501892e+00
-7.553892984986305237e+00
-6.160811573266983032e+00
-7.738044440746307373e+00
-6.152489319443702698e+00
-7.104511857032775879e+00
-8.174710884690284729e+00
-6.144135177135467529e+00
-8.186081692576408386e+00
-8.151989161968231201e+00
-8.143922194838523865e+00
-6.597968429327011108e+00
-8.147530332207679749e+00
-8.137445896863937378e+00
-7.301035478711128235e+00
-6.777570068836212158e+00
-8.173189073801040649e+00
-8.181228131055831909e+00
-8.175249382853507996e+00
-8.160722419619560242e+00
-7.380277708172798157e+00
-8.190554410219192505e+00
-8.127490520477294922e+00
-7.767686516046524048e+00
-8.142269626259803772e+00
-8.146330624818801880e+00
-8.172712877392768860e+00
-8.119344562292098999e+00
-8.145399942994117737e+00
-8.073442980647087097e+00
-8.189470529556274414e+00
-8.184201225638389587e+00
-7.458979323506355286e+00
-6.465214014053344727e+00
-8.133680224418640137e+00
-8.129856854677200317e+00
-8.190310090780258179e+00
-7.388520032167434692e+00
-8.123430401086807251e+00
-8.162050738930702209e+00
-5.533908925950527191e+00
-6.864172473549842834e+00
-8.142620384693145752e+00
-8.195938870310783386e+00
-6.634295880794525146e+00
-8.171387985348701477e+00
-8.141803249716758728e+00
-8.139474660158157349e+00
-7.352568581700325012e+00
-8.132034778594970703e+00
-8.012489691376686096e+00
-8.140703901648521423e+00
-7.614482596516609192e+00
-8.183908134698867798e+00
-8.151105090975761414e+00
-8.164015084505081177e+00
-8.155796006321907043e+00
-8.173797249794006348e+00
-8.167476058006286621e+00
-7.548473209142684937e+00
-4.829051367938518524e+00
-7.848907738924026489e+00
-8.140044420957565308e+00
-8.186964452266693115e+00
-7.248653292655944824e+00
-8.177628144621849060e+00
-8.164618939161300659e+00
-6.344366356730461121e+00
-6.502109020948410034e+00
-8.192947015166282654e+00
-8.164595142006874084e+00
-8.195729896426200867e+00
-8.099244371056556702e+00
-8.144766703248023987e+00
-6.724394842982292175e+00
-8.170046657323837280e+00
-8.178851842880249023e+00
-8.162160679697990417e+00
-7.237618252635002136e+00
-8.136390000581741333e+00
-6.878231868147850037e+00
-8.197878539562225342e+00
-6.523283228278160095e+00
-8.193846702575683594e+00
-8.184159591794013977e+00
-6.925800144672393799e+00
-7.057419881224632263e+00
-6.536836534738540649e+00
-6.381804719567298889e+00
-7.380114719271659851e+00
-8.159837007522583008e+00
-8.192318156361579895e+00
-8.147516429424285889e+00
-7.006718263030052185e+00
-6.928236842155456543e+00
-8.140316337347030640e+00
-8.146942734718322754e+00
-8.164413705468177795e+00
-8.182780042290687561e+00
-8.144982174038887024e+00
-8.138138845562934875e+00
-8.143943220376968384e+00
-8.193347990512847900e+00
-8.150336652994155884e+00
-8.143313139677047729e+00
-8.188235700130462646e+00
-8.148760497570037842e+00
-7.575041428208351135e+00
-8.193348094820976257e+00
-7.168584123253822327e+00
-8.190413117408752441e+00
-7.440118521451950073e+00
-8.175216332077980042e+00
-8.203093439340591431e+00
-8.182282567024230957e+00
-6.234796389937400818e+00
-8.192532673478126526e+00
-8.195091620087623596e+00
-8.174645528197288513e+00
-7.482314825057983398e+00
-8.084298178553581238e+00
-8.160853475332260132e+00
-8.147180199623107910e+00
-6.922695159912109375e+00
-6.830544307827949524e+00
-8.175843283534049988e+00
-8.130475282669067383e+00
-8.096042588353157043e+00
-7.853163734078407288e+00
-7.809236049652099609e+00
-8.175281390547752380e+00
-8.163208127021789551e+00
-6.440967738628387451e+00
-8.141207590699195862e+00
-8.140281096100807190e+00
-7.217500329017639160e+00
-8.154671594500541687e+00
-8.161027297377586365e+00
-8.187054678797721863e+00
-7.166208431124687195e+00
-8.183183506131172180e+00
-5.464590668678283691e+00
-8.173434510827064514e+00
-8.130569517612457275e+00
-6.670708671212196350e+00
-8.171771720051765442e+00
-8.200717806816101074e+00
-8.161511749029159546e+00
-6.854237675666809082e+00
-8.197440356016159058e+00
-6.375458471477031708e+00
-8.177100449800491333e+00
-8.182571038603782654e+00
-8.157737419009208679e+00
-7.284859731793403625e+00
-7.574413657188415527e+00
-8.181681782007217407e+00
-8.187627017498016357e+00
-8.183407381176948547e+00
-8.199722453951835632e+00
-6.755079120397567749e+00
-8.162820458412170410e+00
-8.132996201515197754e+00
-8.193445831537246704e+00
-8.198933154344558716e+00
-8.183766499161720276e+00
-8.131952285766601562e+00
-8.137246981263160706e+00
-8.187824591994285583e+00
-8.143209859728813171e+00
-8.135225430130958557e+00
-6.413623794913291931e+00
-8.153207853436470032e+00
-8.148049607872962952e+00
-8.139804497361183167e+00
-8.181582435965538025e+00
-8.171785950660705566e+00
-8.143075600266456604e+00
-7.574809655547142029e+00
-8.108494788408279419e+00
-8.179195508360862732e+00
-8.195747584104537964e+00
-8.147901505231857300e+00
-7.119228690862655640e+00
-8.079073235392570496e+00
-6.594461500644683838e+00
-8.197033315896987915e+00
-8.158059388399124146e+00
-7.689251184463500977e+00
-8.120996877551078796e+00
-8.200917705893516541e+00
-8.192612051963806152e+00
-8.170792147517204285e+00
-7.550200715661048889e+00
-8.183950468897819519e+00
-8.146647319197654724e+00
-8.021749272942543030e+00
-8.179126262664794922e+00
-8.200602322816848755e+00
-8.128858372569084167e+00
-8.166874110698699951e+00
-8.159597694873809814e+00
-7.320601254701614380e+00
-7.412045389413833618e+00
-8.116218522191047668e+00
-7.266068935394287109e+00
-8.175904035568237305e+00
-8.094050467014312744e+00
-8.146213605999946594e+00
-7.195776835083961487e+00
-8.196763768792152405e+00
-8.142567470669746399e+00
-7.434232965111732483e+00
-8.166048839688301086e+00
-8.161851167678833008e+00
-7.035219281911849976e+00
-7.641806706786155701e+00
-8.184206724166870117e+00
-8.156119093298912048e+00
-6.817240446805953979e+00
-7.492256358265876770e+00
-8.167384728789329529e+00
-8.177990525960922241e+00
-6.378989621996879578e+00
-8.184908002614974976e+00
-8.107007533311843872e+00
-8.135850027203559875e+00
-8.182554960250854492e+00
-7.666439205408096313e+00
-8.126601710915565491e+00
-7.874808996915817261e+00
-8.158845871686935425e+00
-6.588599860668182373e+00
-7.844302058219909668e+00
-6.146970361471176147e+00
-8.146483510732650757e+00
-8.157085910439491272e+00
-8.139264568686485291e+00
-8.174351125955581665e+00
-8.174213588237762451e+00
-8.180276438593864441e+00
-6.877656146883964539e+00
-7.148899078369140625e+00
-8.166185542941093445e+00
-8.159537658095359802e+00
-8.139591649174690247e+00
-8.155022591352462769e+00
-8.187762439250946045e+00
-8.162333562970161438e+00
-8.071994274854660034e+00
-8.165033459663391113e+00
-8.196736961603164673e+00
-8.136273905634880066e+00
-8.187047511339187622e+00
-8.135920479893684387e+00
-8.169076636433601379e+00
-8.153582200407981873e+00
-8.150800362229347229e+00
-8.167427077889442444e+00
-8.192529276013374329e+00
-7.592065423727035522e+00
-8.130322784185409546e+00
-6.742845267057418823e+00
-8.156332790851593018e+00
-8.139514163136482239e+00
-8.146153360605239868e+00
-8.195988103747367859e+00
-7.578593641519546509e+00
-8.091990932822227478e+00
-8.199444353580474854e+00
-6.573021769523620605e+00
-8.144376188516616821e+00
-8.132478788495063782e+00
-8.161539345979690552e+00
-7.197144448757171631e+00
-8.183682650327682495e+00
-8.173939004540443420e+00
-8.134772092103958130e+00
-8.137094259262084961e+00
-7.714851558208465576e+00
-7.602062836289405823e+00
-8.180590957403182983e+00
-5.984439611434936523e+00
-8.190443783998489380e+00
-8.160874173045158386e+00
-7.550681009888648987e+00
-6.781223401427268982e+00
-6.653847977519035339e+00
-8.178760215640068054e+00
-5.182726547122001648e+00
-8.076695054769515991e+00
-6.810637429356575012e+00
-8.167802795767784119e+00
-8.172041609883308411e+00
-7.021865874528884888e+00
-8.159417927265167236e+00
-6.469092920422554016e+00
-7.311532244086265564e+00
-8.157498881220817566e+00
-8.143598541617393494e+00
-8.141751065850257874e+00
-6.650473192334175110e+00
-8.188626244664192200e+00
-8.181415662169456482e+00
-8.156074985861778259e+00
-6.917301461100578308e+00
-8.142117947340011597e+00
-8.130542322993278503e+00
-6.821015521883964539e+00
-8.142170131206512451e+00
-7.373602494597434998e+00
-8.181796640157699585e+00
-7.337811902165412903e+00
-8.139610916376113892e+00
-6.779650643467903137e+00
-8.075171291828155518e+00
-8.185047641396522522e+00
-8.174143344163894653e+00
-8.198652639985084534e+00
-7.110390856862068176e+00
-8.164286285638809204e+00
-8.130997762084007263e+00
-6.466648608446121216e+00
-8.174751326441764832e+00
-6.885043099522590637e+00
-8.168817684054374695e+00
-8.181874677538871765e+00
-8.151064708828926086e+00
-8.196647793054580688e+00
-8.174096733331680298e+00
-8.156642958521842957e+00
-8.110023289918899536e+00
-8.181245282292366028e+00
-8.160354956984519958e+00
-8.140637084841728210e+00
-5.579962931573390961e+00
-8.140609696507453918e+00
-8.136235579848289490e+00
-8.191468209028244019e+00
-8.182855099439620972e+00
-5.768987759947776794e+00
-8.168544605374336243e+00
-8.191911786794662476e+00
-8.068598970770835876e+00
-7.219660669565200806e+00
-7.068782255053520203e+00
-8.150764673948287964e+00
-8.178807675838470459e+00
-8.170342460274696350e+00
-8.191684290766716003e+00
-7.551872372627258301e+00
-8.155381351709365845e+00
