-9.399235981702805276e+00
-9.284418144822121022e+00
-9.384907984733581898e+00
-9.414679408073425293e+00
-9.449056699872016907e+00
-9.288421255350113981e+00
-9.420727053284645436e+00
-9.472476059198379872e+00
-9.198924237489700673e+00
-9.464682054519652610e+00
-9.411070293188094738e+00
-9.482567039132117515e+00
-9.428372094035147200e+00
-9.425793394446372986e+00
-9.181423488259314425e+00
-9.483951586484909768e+00
-9.420166647434236040e+00
-9.447957307100294244e+00
-9.389560008049009809e+00
-9.392085781693458202e+00
-9.110778513550759072e+00
-9.357760140299795637e+00
-9.434679880738256585e+00
-9.340039938688278198e+00
-9.438276091217995045e+00
-9.413976436853408458e+00
-9.340873977541924944e+00
-9.448333945870398765e+00
-9.401432177424432268e+00
-9.347423356771470182e+00
-9.469368562102319586e+00
-9.417208686470985413e+00
-9.355101239681244962e+00
-9.429490959644317272e+00
-9.382249820232390292e+00
-9.434341391921043041e+00
-9.419063970446586609e+00
-9.449210736155508883e+00
-9.378744551539421437e+00
-9.455552119016646273e+00
-9.360490667819975741e+00
-9.390132665634155273e+00
-9.455892753601075285e+00
-9.341024997830391641e+00
-9.323151764273642783e+00
-9.383180311322215417e+00
-9.482501268386840820e+00
-9.436534127593041887e+00
-9.250290006399154663e+00
-9.464803639054299111e+00
-9.483332240581511030e+00
-9.290340843796730752e+00
-9.156200012564658763e+00
-9.427396157383920894e+00
-9.429172313213349810e+00
-9.096007218956948748e+00
-9.466714543104172819e+00
-9.358579808473587391e+00
-9.474359637498855236e+00
-9.479084739089012501e+00
-9.402523848414421792e+00
-9.447183278203008072e+00
-9.408506545424462075e+00
-9.441505619883534095e+00
-9.305660822987556813e+00
-9.436725950241088512e+00
-9.300772601366043446e+00
-9.461117964982987516e+00
-9.463125211000443571e+00
-9.282767707109451649e+00
-9.361329355835914967e+00
-9.441770642995832574e+00
-9.430635285377501731e+00
-9.481615361571313016e+00
-9.134266388416287796e+00
-9.470215398073195345e+00
-9.329293626546858675e+00
-9.415902608633041737e+00
-9.411161494255065207e+00
-9.330332419276237133e+00
-9.428938749432562716e+00
-9.451880207657811894e+00
-9.389719137549400685e+00
-9.331264171004294283e+00
-9.462062010169029591e+00
-9.169316434860229847e+00
-9.455431962013244984e+00
-9.370526090264320374e+00
-9.360894316434860585e+00
-9.345649424195288546e+00
-9.424790319800376182e+00
-9.378120112419127352e+00
-9.413302221894266353e+00
-9.459572950005533443e+00
-9.371919178962707875e+00
-9.437299823760987749e+00
-9.469453337788582559e+00
-9.451932972669601085e+00
-9.451821151375769503e+00
-9.460069978237152455e+00
-9.389358299970627542e+00
-9.435047730803491461e+00
-9.188945662975310569e+00
-9.351080006361009112e+00
-9.484643897414207103e+00
-9.469810310006140597e+00
-9.403049731254577992e+00
-9.345762020349503985e+00
-9.364335873723028669e+00
-9.411847034096716413e+00
-9.446706482768059132e+00
-9.375476381182670238e+00
-9.454316279292106273e+00
-9.321730750799178011e+00
-9.417848554253579252e+00
-9.412157279253007047e+00
-9.373900115489961493e+00
-9.333824914693833463e+00
-9.403005790710450285e+00
-9.274476441740990396e+00
-9.424826666712760925e+00
-9.431399458646772871e+00
-9.266317629814148304e+00
-9.360652065277101030e+00
-9.440861943364144082e+00
-9.349295961856840975e+00
-9.310712361335752973e+00
-9.307083785533905029e+00
-9.434574151039122114e+00
-9.345720052719114435e+00
-9.357248741388321633e+00
-9.382344886660575867e+00
-9.376701143383980863e+00
-9.386936733126640675e+00
-9.390539515018462069e+00
-9.448866209387778881e+00
-9.407836520671844838e+00
-9.350981014966965432e+00
-9.447958973050116782e+00
-9.397189590334892983e+00
-9.453185328841209767e+00
-9.418261823058129423e+00
-9.469708433747291210e+00
-9.393417984247205865e+00
-9.384462386369703424e+00
-9.268645617365837808e+00
-9.389826595783235419e+00
-9.390295824408530834e+00
-9.317999365925789590e+00
-9.394306570291517389e+00
-9.380119377374649403e+00
-9.384332498908042552e+00
-9.465981897711754911e+00
-9.432849097251891024e+00
-9.257418715953827260e+00
-9.332332342863082886e+00
-9.420128676295281167e+00
-9.438162767887115834e+00
-9.427928224205970764e+00
-9.487339824438095093e+00
-9.375296291708947294e+00
-9.391642197966577399e+00
-9.465759417414666643e+00
-9.415899613499641774e+00
-9.444817098975180514e+00
-9.377473291754721885e+00
-9.399914842844010465e+00
-9.448404386639595032e+00
-9.439433529973030090e+00
-9.451278689503670449e+00
-9.444664940237998962e+00
-9.457256904244422557e+00
-9.418597650527953391e+00
-9.363271826505659590e+00
-9.310876429080963135e+00
-9.443204686045646667e+00
-9.478530043363569746e+00
-9.481558510661123762e+00
-9.458660596609115956e+00
-9.227368712425230157e+00
-9.169591382145881653e+00
-9.480774915218352916e+00
-9.442030245065687666e+00
-9.386684280633927457e+00
-9.277100729942320712e+00
-9.457965153455734963e+00
-9.379511055350302939e+00
-9.237559726834296825e+00
-9.230032187700272672e+00
-9.339853411912917736e+00
-9.470427584648131614e+00
-9.144601973891257174e+00
-9.415962702035903575e+00
-9.461376318335533497e+00
-9.262304082512857306e+00
-9.410054942965507152e+00
-9.349658441543578391e+00
-9.290696796774861710e+00
-9.428135964274407144e+00
-9.215257737040520425e+00
-9.426644349098205922e+00
-9.471816322207450511e+00
-9.388425648212432861e+00
-9.408186131715773115e+00
-9.274152272939682362e+00
-9.359978160262109270e+00
-9.323558613657951355e+00
-9.187220671772957203e+00
-9.279614123702048190e+00
-9.308869001269341581e+00
-9.404884684085846658e+00
-9.227540960907935741e+00
-9.417341640591622820e+00
-9.247588434815407155e+00
-9.348016399145127053e+00
-9.390761289000511880e+00
-9.387511175870894675e+00
-9.442022398114204407e+00
-9.393723198771475325e+00
-9.472205927968026629e+00
-9.443472787737846375e+00
-9.459538784623145347e+00
-9.393023213744166711e+00
-9.375277304649351606e+00
-9.366731962561608782e+00
-9.355148610472680204e+00
-9.347411760687826643e+00
-9.344428583979610181e+00
-9.464419090747833607e+00
-9.422615927457810514e+00
-9.448175683617591858e+00
-9.432863631844520924e+00
-9.350502866506579025e+00
-9.406997632980345969e+00
-9.355747595429422248e+00
-9.483030673861504667e+00
-9.345344749093053238e+00
-9.424562147259711864e+00
-9.472614368796348217e+00
-9.397773632407186994e+00
-9.459017699956893566e+00
-9.402320870757101545e+00
-9.453387907147407176e+00
-9.438560289144517057e+00
-9.440022927522660368e+00
-9.230779808759690397e+00
-9.420763564109801536e+00
-9.186660528182985175e+00
-9.446578401327132113e+00
-9.379695963859559171e+00
-9.329199671745300293e+00
-9.434270933270454407e+00
-9.439435997605322370e+00
-9.343738636374474993e+00
-9.343940529227255709e+00
-9.424431359767911687e+00
-9.288703849911691179e+00
-9.308652785420415299e+00
-9.408219629526138661e+00
-9.419517469406127219e+00
-9.378457117080689187e+00
-9.446953436732291820e+00
-9.398801985383032687e+00
-9.454885438084602356e+00
-9.460575675964355113e+00
-9.388592997193336842e+00
-9.385406213998795266e+00
-9.142154249548912759e+00
-9.337793424725534308e+00
-9.471809065341949108e+00
-9.437912437319754488e+00
-9.403120657801627758e+00
-9.451075410842896929e+00
-9.375388765335081587e+00
-9.468284505605700119e+00
-9.471472015976905467e+00
-9.447738909721373091e+00
-9.378301557898522489e+00
-9.396618965268135781e+00
-9.447221833467484231e+00
-9.418017753958700666e+00
-9.446630915999412181e+00
-9.429050025343892472e+00
-9.377429828047752380e+00
-9.436383861303330178e+00
-9.360634645819665423e+00
-9.483414828777315009e+00
-9.438667860627175443e+00
-9.415080711245536804e+00
-9.388448399305344694e+00
-9.218886280059813032e+00
-9.482448700070381875e+00
-9.451527428627013450e+00
-9.414840447902680154e+00
-9.225639140605926158e+00
-9.424032801389696345e+00
-9.350270846486091969e+00
-9.361511939764021406e+00
-9.466304722428322549e+00
-9.346892133355142462e+00
-9.465202137827873230e+00
-9.380379489064216258e+00
-9.402618461847305653e+00
-9.302051207423209789e+00
-9.359366604685781965e+00
-9.226301768422127125e+00
-9.473380577564238791e+00
-9.461435806751250510e+00
-9.414923664927480118e+00
-9.390674239397048595e+00
-9.466004112362861989e+00
-9.259518268704415078e+00
-9.316017597913742065e+00
-8.941200333833695169e+00
-9.475626483559606683e+00
-9.466594076156614079e+00
-9.412118747830392707e+00
-9.449571162462236273e+00
-9.413907280564309588e+00
-9.435055008530614629e+00
-9.419200968742369895e+00
-9.465948501229286549e+00
-9.446210786700248718e+00
-9.187158229947089083e+00
-9.341392496228218434e+00
-9.480723258852957969e+00
-9.342236977815630894e+00
-9.445305562019347789e+00
-9.455819758772848971e+00
-9.399393779039382224e+00
-9.468033236265181785e+00
-9.432077541947364807e+00
-9.405056333541871538e+00
-9.430350282788277028e+00
-9.476926809549329533e+00
-9.370688870549201965e+00
-9.370343947410583851e+00
-9.431778866052626498e+00
-9.241900363564491627e+00
-9.421706402301788685e+00
-9.242292755842209218e+00
-9.457484966516494396e+00
-9.462018784880639188e+00
-9.391056233644484053e+00
-9.269004905223846791e+00
-9.418898895382881165e+00
-9.386728498339653726e+00
-9.231373932957650297e+00
-9.201961350440980070e+00
-9.457902866601944680e+00
-9.475833496451377513e+00
-9.457701230049135432e+00
-9.410992923378941555e+00
-9.460210058093069918e+00
-9.419364953041077015e+00
-9.431196480989457953e+00
-9.441144189238547924e+00
-9.292332136631012318e+00
-9.421136000752449391e+00
-9.438421443104743958e+00
-9.449240681529046171e+00
-9.470929783582686667e+00
-9.319150432944297791e+00
-9.449174395203591814e+00
-9.436222985386850226e+00
-9.237593328952788951e+00
-9.474366226792335866e+00
-9.396725386381149292e+00
-9.378456094861029158e+00
-9.438276216387750495e+00
-9.369511461257934215e+00
-9.262702137231828559e+00
-9.467948800325393321e+00
-9.326643216609953768e+00
-9.441428047418595426e+00
-9.412531363964079745e+00
-9.417022311687468061e+00
-9.425564333796501160e+00
-9.335959568619728088e+00
-9.403725937008859503e+00
-9.359862321615217695e+00
-9.413215762376786699e+00
-9.418253138661384583e+00
-9.357095944881438143e+00
-9.414100605249405618e+00
-9.383417102694510348e+00
-9.415649744868279214e+00
-9.479656410217284446e+00
-9.293134099245072832e+00
-9.339026889204976811e+00
-9.470220512151717784e+00
-9.182169333100320685e+00
-9.331210061907768250e+00
-9.470917665958403120e+00
-9.444300493597985735e+00
-9.466817101836204174e+00
-9.114998739957810514e+00
-9.406793150305748696e+00
-9.325948953628540039e+00
-9.389603650569915416e+00
-9.454185944795609586e+00
-9.457774683833122253e+00
-9.480871081352233887e+00
-9.428088396787643433e+00
-9.456605505943299406e+00
-9.406225252151491745e+00
-9.455764716863631847e+00
-9.448570498824119923e+00
-9.472084003686903841e+00
-9.380347222089767456e+00
-9.327796870470045576e+00
-9.416000354290009255e+00
-9.434672507643700357e+00
-9.450294777750968933e+00
-9.482496485114095819e+00
-9.453479763865470176e+00
-9.357886078953741915e+00
-9.333267700672148948e+00
-9.272288468480111234e+00
-9.442352172732352500e+00
-9.262344855070113070e+00
-9.367948836088178410e+00
-9.376721522212029925e+00
-9.346617960929870961e+00
-9.462432366609572654e+00
-9.436047941446302545e+00
-9.135417309403418784e+00
-9.436037105321883445e+00
-9.428519853949545393e+00
-9.416064420342445729e+00
-9.463296353816986084e+00
-9.385616883635522711e+00
-9.427958416938782449e+00
-9.475878083705900679e+00
-9.464024144411087747e+00
-9.387826699018477328e+00
-9.325163209438324330e+00
-9.478128322958948360e+00
-9.370013859868048911e+00
-9.478504410386085155e+00
-9.452099272608759151e+00
-9.257762253284452569e+00
-9.315782761573791149e+00
-8.981612855195999501e+00
-9.314829558134077203e+00
-9.427061718702315574e+00
-9.378700459003448842e+00
-9.476712283492089384e+00
-9.459928750991821289e+00
-9.475346592068673246e+00
-9.409250614047051542e+00
-9.386774349212647195e+00
-9.421116048097609053e+00
-9.460790181159971723e+00
-9.239092820882795820e+00
-9.267860656976699474e+00
-9.354879409074781549e+00
-9.320628425478934886e+00
-9.391471809148789873e+00
-9.483850026130674848e+00
-9.238430130481718905e+00
-9.464723023772238619e+00
-9.331993228197099199e+00
-9.411186853051185963e+00
-9.397224012017250772e+00
-9.302091699838639371e+00
-9.440998491644858603e+00
-9.328336158394813893e+00
-9.473650670051572575e+00
-9.420388412475583451e+00
-9.419249454140661726e+00
-9.473625719547269952e+00
-9.417042812705039623e+00
-9.288820537924767251e+00
-9.367942446470259199e+00
-9.337964427471163731e+00
-9.296934193372727862e+00
-9.475319683551786554e+00
-9.482163685560225375e+00
-9.386563542485236056e+00
-9.384004414081575263e+00
-9.398730605840682983e+00
-9.438451287150382285e+00
-9.438897484540939686e+00
-9.125606003403664346e+00
-9.457747915387152204e+00
-9.280539718270299332e+00
-9.395588719844820247e+00
-9.391221719980240579e+00
-9.427365508675576322e+00
-9.440131214261052506e+00
-9.292287808656693571e+00
-9.380797559022902021e+00
-9.432554462552069197e+00
-9.424499145150186052e+00
-9.335489350557327981e+00
-9.361689898371695406e+00
-9.387259650230408425e+00
-9.406398725509642844e+00
-9.217270001769064081e+00
-9.415987306833267567e+00
-9.475248923897742870e+00
-9.399636864662170410e+00
-9.446143442392349598e+00
-9.458380746841433151e+00
-9.327999642491340282e+00
-9.482997286319731600e+00
-9.301284575462341664e+00
-9.380514773726462252e+00
-9.457262155413628690e+00
-9.461032378673554177e+00
-9.275279206037520652e+00
-9.429499003291132553e+00
-9.412400206923486223e+00
-9.401165914535523527e+00
-9.449955034255980379e+00
-9.456611382961273904e+00
-9.480310064554213767e+00
-9.386834797263146513e+00
-9.401909291744230401e+00
-9.401519301533697970e+00
-9.452723571658134816e+00
-9.437497642636296646e+00
-9.228158232569695585e+00
-9.319415417313575034e+00
-9.422286882996559143e+00
-9.442473584413528798e+00
-9.244273537397386775e+00
-9.457625192403794401e+00
-9.470257523655888576e+00
-9.418325266242026927e+00
-9.464610654115675814e+00
-9.395017015933991189e+00
-9.454165285825729015e+00
-9.430464738607405195e+00
-9.458593475818632967e+00
-9.414096307754517667e+00
-9.459080988168716786e+00
-9.160325446724890242e+00
-9.091530430316923983e+00
-9.329169046878813987e+00
-9.443850359320640209e+00
-9.435056853294373269e+00
-9.287905961275098932e+00
-9.391148903965952144e+00
-9.347929871082305553e+00
-9.448475056886675105e+00
-9.414892813563344731e+00
-9.476481315493582969e+00
-9.442448234558103337e+00
-9.446526882052420859e+00
-9.355260980129243009e+00
-9.442480590939522855e+00
-9.396770942211150057e+00
-9.449637046456336620e+00
-9.414617428183555958e+00
-9.386042153835298052e+00
-9.383073705434796352e+00
-9.431253582239151001e+00
-9.099849838018416293e+00
-9.250042164325714467e+00
-9.285767665505408885e+00
-9.476128175854684699e+00
-9.331951946020128119e+00
-9.450549942255019431e+00
-9.403251230716705322e+00
-9.480210378766061652e+00
-9.466280651092528586e+00
-9.122395312786100163e+00
-9.422246053814886224e+00
-9.460958656668664091e+00
-9.463042250275609746e+00
-9.344044202566148982e+00
-9.456333070993425238e+00
-9.432057139277459257e+00
-9.408425307273864391e+00
-9.462982982397079468e+00
-9.449518862366675265e+00
-9.146136787533759360e+00
-9.420932263135910034e+00
-9.372635498642923224e+00
-9.303735846281053767e+00
-9.414635032415390015e+00
-9.489172148704527743e+00
-9.477352645993233793e+00
-9.403137171268461714e+00
-9.401977074146271818e+00
-9.429189702868463030e+00
-9.337507599592209218e+00
-9.324949046969415178e+00
-9.380088686943054199e+00
-9.469475328922271729e+00
-9.477078181505202537e+00
-9.271951141953467257e+00
-9.269208645820617321e+00
-9.422005119919777627e+00
-9.460869696736335044e+00
-9.480228990316392768e+00
-9.475940147042274830e+00
-9.469379624724387767e+00
-9.481686642766000261e+00
-9.301008462905885565e+00
-9.483187651634217730e+00
-9.468114438652992959e+00
-9.429470485448836925e+00
-9.401343271136283875e+00
-9.456056141853331098e+00
-9.454554787278174999e+00
-9.309274330735204828e+00
-9.484179750084875238e+00
-9.267258551716803794e+00
-9.298243424296378734e+00
-9.457550516724584355e+00
-9.404462701082227483e+00
-9.375229400396346335e+00
-9.441647744178771617e+00
-9.399209877848626604e+00
-9.328318497538566234e+00
-9.170976474881170404e+00
-9.437438356876374002e+00
-9.471992248296738026e+00
-9.182506421208380232e+00
-9.448175996541976929e+00
-9.392054405808448081e+00
-9.302731296420096996e+00
-9.439723566174507141e+00
-9.418278801441191561e+00
-9.432762899994850514e+00
-9.480572390556336160e+00
-9.381822225451468711e+00
-9.319915962219239347e+00
-9.466818553209305875e+00
-9.384076187014581905e+00
-9.455176612734794261e+00
-9.381442159414291382e+00
-9.355439227819442038e+00
-9.249950861930846813e+00
-9.281792134046552789e+00
-9.376210522651673429e+00
-9.341756165027620185e+00
-9.479148244857785954e+00
-9.305947107076644187e+00
-9.461890968680380709e+00
-9.276157858967780001e+00
-9.352113527059556120e+00
-9.417942956089973450e+00
-9.355826085805894365e+00
-9.465275385975838063e+00
-9.461680781841279142e+00
-9.277049642801284079e+00
-9.335488954186439869e+00
-9.428048461675645697e+00
-9.450366503000259044e+00
-9.254243594408034568e+00
-9.336978971958160400e+00
-9.426493084430694225e+00
-9.435265281796455739e+00
-9.463495779037476296e+00
-9.428614503145217540e+00
-9.483844152092935076e+00
-9.462488228082655439e+00
-9.424745437502860312e+00
-9.469190832972527616e+00
-9.457626256346701510e+00
-9.381460562348367560e+00
-9.175341731309890392e+00
-9.440953010320665584e+00
-9.201119387149812923e+00
-9.457865554094315286e+00
-9.189434114098549600e+00
-9.392654791474344123e+00
-9.389719825983046775e+00
-9.406871911883355253e+00
-9.436959600448608043e+00
-9.351835462450980074e+00
-9.323478275537489424e+00
-9.430290731787682290e+00
-9.214735841751098278e+00
-9.446521702408791299e+00
-9.448741662502287753e+00
-9.459461325407030330e+00
-9.309543740749360197e+00
-9.456746548414228570e+00
-9.399881288409234870e+00
-9.458955979347230425e+00
-9.397813567519188283e+00
-9.405790454149245861e+00
-9.405466130375859990e+00
-9.466020002961156976e+00
-9.459271726012230985e+00
-9.464676240086555836e+00
-9.467679232358930719e+00
-9.433970147371290693e+00
-9.442266008257867327e+00
-9.388582757115363719e+00
-9.470920675992966054e+00
-9.390446624159814348e+00
-9.460542294383049722e+00
-9.433705294132233021e+00
-9.454927116632459771e+00
-9.393901962041855569e+00
-9.201539224386218407e+00
-9.415772584080695395e+00
-9.456830635666849005e+00
-9.478389105200767162e+00
-9.321842199563981524e+00
-9.465333250164986723e+00
-9.351318562030792592e+00
-9.332633388042451017e+00
-9.411120325326919556e+00
-9.414119210839272611e+00
-9.323840710520745034e+00
-9.409022337198257091e+00
-9.448814806342126005e+00
-9.470314344763755443e+00
-9.391577687859534507e+00
-9.020569109916685591e+00
-9.431291586160659435e+00
-9.454883798956871033e+00
-9.402306041121482494e+00
-9.463677260279656167e+00
-9.404681438207624922e+00
-9.475999164581297762e+00
-9.329043576121328840e+00
-9.483150792121888273e+00
-9.450966638326645963e+00
-9.334107521176337130e+00
-9.322973015904427285e+00
-9.339956030249595642e+00
-9.440733066201211443e+00
-9.440663975477219694e+00
-9.337407368421553500e+00
-9.298047921061517229e+00
-9.274088343977926030e+00
-9.200960451364517567e+00
-9.381666100025176647e+00
-9.414539563655853982e+00
-9.194071045517921092e+00
-9.226854318380356190e+00
-9.332990673184394126e+00
-9.416880592703821051e+00
-9.204408487677573802e+00
-9.366095429658889415e+00
-9.422156211733817344e+00
-9.478181999921799772e+00
-9.367957064509392140e+00
-9.332657134532929888e+00
-9.414167013764380698e+00
-9.245749762654304149e+00
-9.407505443692206981e+00
-9.069910913705825806e+00
-9.433614149689676154e+00
-9.457584843039512634e+00
-9.446664190292358043e+00
-9.345751756429670820e+00
-9.455223733186720381e+00
-9.363003450632096047e+00
-9.398190683126447453e+00
-9.440008577704432469e+00
-9.439880010485650175e+00
-9.340451949834823964e+00
-9.275457307696342468e+00
-9.383681046962736971e+00
-9.481127721071240799e+00
-9.418709295988083596e+00
-9.452460595965385792e+00
-9.385145449638368831e+00
-9.373071843385696766e+00
-9.439730301499366760e+00
-9.469716730713845010e+00
-9.311180266737936861e+00
-9.409369540214537864e+00
-9.454153618216514232e+00
-9.439140167832373862e+00
-9.450068995356557977e+00
-9.303667679429056037e+00
-9.477436301112174277e+00
-9.462265136837961776e+00
-9.437435013055798905e+00
-9.455428636074067583e+00
-9.448836392164229991e+00
-9.415159767866136065e+00
-8.882744166254996188e+00
-9.483468568325040593e+00
-9.478500297665597429e+00
-9.424935516715049033e+00
-9.398871603608128567e+00
-9.403099852800369973e+00
-9.342955636978150125e+00
-9.389961922168730268e+00
-9.453387853503226523e+00
-9.391972374916075950e+00
-9.274467554688454740e+00
-9.261290708184242604e+00
-9.413639977574346673e+00
-9.420113509893418779e+00
-9.422684627771376498e+00
-9.405224660038946638e+00
-9.404664999246598711e+00
-9.459260910749435425e+00
