-1.684647666811941491e+01
-1.684363492131234707e+01
-1.684507077038287903e+01
-1.684517201483248883e+01
-1.684694340229035703e+01
-1.684356440603731997e+01
-1.684377753734588623e+01
-1.684060665369034737e+01
-1.368058660775423263e+01
-1.684721086025236758e+01
-1.684738696515561784e+01
-1.684718219041825193e+01
-1.683377059698106137e+01
-1.684719373583795132e+01
-1.419892882108688248e+01
-1.684777511060238098e+01
-1.684086578190326833e+01
-1.684439390897749433e+01
-1.684614009559153658e+01
-1.684463121294976418e+01
-1.683605957925318819e+01
-1.684698712825774791e+01
-5.459749444574117483e+00
-1.684779180288314393e+01
-1.684445607364176212e+01
-5.788024369254707757e+00
-1.419895805567503189e+01
-1.684807009696959668e+01
-1.684298268556595701e+01
-1.683921458125115578e+01
-1.684621585607527550e+01
-1.684174054265022491e+01
-1.684457412362099404e+01
-1.684548366665838870e+01
-1.684269928634167002e+01
-1.419896481037140035e+01
-1.684663476943970295e+01
-1.684743113219739286e+01
-1.684621678292750957e+01
-1.684786908030509522e+01
-1.684796813726425668e+01
-1.684553564488886579e+01
-1.684354721605776817e+01
-1.684749122858049120e+01
-1.684693264663219381e+01
-1.684428641200064547e+01
-1.684500556886196065e+01
-1.684751755595208422e+01
-1.684614118635655799e+01
-1.684402849972249072e+01
-1.684346206486224418e+01
-1.684638299942017525e+01
-1.419824348092079624e+01
-5.851715539023280677e+00
-1.684750030040741464e+01
-1.684787486791611499e+01
-1.684706703424453522e+01
-1.684613121151922854e+01
-1.684680319130420756e+01
-1.684136133790016387e+01
-1.684659231007098867e+01
-1.683898741602899207e+01
-1.684566202163696857e+01
-1.368017082661390482e+01
-1.684666143655776693e+01
-1.684748780131338819e+01
-1.684697637259959180e+01
-1.684662359654901920e+01
-1.684640797674655133e+01
-1.684024363458157580e+01
-1.368032774478197133e+01
-1.684053294062614725e+01
-1.684693894982338236e+01
-1.684661959111689455e+01
-1.684741677045821362e+01
-1.683544468879698996e+01
-5.851704354956746457e+00
-1.684646334052085237e+01
-1.684639974236487703e+01
-1.684445039033888136e+01
-1.684681116044520621e+01
-1.684504636824130586e+01
-1.684573755264283079e+01
-1.684538534283639777e+01
-1.684657340645791024e+01
-1.684771971702576820e+01
-1.684353780448437732e+01
-1.683543644547463458e+01
-1.684697465598582156e+01
-1.684596035480500120e+01
-1.684259927868842865e+01
-1.684498166441915856e+01
-5.851752433180808843e+00
-1.684371256232260450e+01
-1.684702485799789784e+01
-1.684624672234057385e+01
-1.684269721210003112e+01
-5.447236148267982969e+00
-1.684722228050231152e+01
-1.684570853412150626e+01
-1.684765911102295988e+01
-1.684600752592088213e+01
-5.851189557090402893e+00
-1.684548189043998434e+01
-1.684694073796272917e+01
-1.684430907666683552e+01
-1.684605433940888730e+01
-1.684794554710387615e+01
-1.684489453732966169e+01
-1.684611278176308957e+01
-1.683795657157897097e+01
-1.684152686595917814e+01
-1.684426626265050331e+01
-1.684559679031372426e+01
-1.684730025827883537e+01
-5.097913842089473846e+00
-1.684731542468069776e+01
-1.684671947360039468e+01
-1.684791556298733184e+01
-1.684703079164027528e+01
-1.683702326118946857e+01
-1.684587357044220823e+01
-1.684714326858521716e+01
-1.684484068155288128e+01
-1.684773836731910279e+01
-1.684220994114876291e+01
-1.684202742278575826e+01
-1.684771964848042813e+01
-1.684692752063275734e+01
-5.408421665430068082e+00
-5.094592315517367354e+00
-1.684605138301849081e+01
-1.684561186730861593e+01
-1.684723071753979440e+01
-1.684383856654168454e+01
-1.684705192148684105e+01
-1.683681345880031444e+01
-1.368043607771396353e+01
-1.684704530835152525e+01
-1.368045305311679805e+01
-1.684779699444771595e+01
-1.684568582177163165e+01
-1.684177321195603838e+01
-1.684673106372357765e+01
-1.684413840770720583e+01
-1.684733735918999997e+01
-1.684432844221592873e+01
-1.684353753328324999e+01
-1.684712018072604067e+01
-1.684621347188948448e+01
-1.684614089131357062e+01
-1.684683572053908662e+01
-1.684774086475373167e+01
-1.684738561511039023e+01
-1.684794535338880195e+01
-1.684205382764339376e+01
-1.684695935249328258e+01
-5.158753332123159119e+00
-1.684600419402122640e+01
-1.684769980311394022e+01
-1.684591843187807925e+01
-1.684646867811680693e+01
-1.684630274772645109e+01
-5.725624883174898372e+00
-1.684798867702484770e+01
-1.684738911390304850e+01
-1.684588631093500766e+01
-4.917312817275525383e+00
-5.787824926525355629e+00
-1.419935555011033834e+01
-1.684661577343941374e+01
-1.684743205904960206e+01
-1.684615087509155273e+01
-1.684674403667450804e+01
-1.684706959426402406e+01
-1.368043068349361313e+01
-1.684663247466088620e+01
-1.684255380332469798e+01
-1.684549211263657398e+01
-1.684510754346848671e+01
-1.684588165879248578e+01
-1.684689930975435956e+01
-1.684755955934523541e+01
-1.684656239151955859e+01
-1.684497003853320862e+01
-1.684512083530426807e+01
-1.684805451631545736e+01
-1.684532688558102365e+01
-1.684424766004084617e+01
-1.684085515737534777e+01
-1.419878876209258678e+01
-1.684552275538444377e+01
-5.619342609308660030e+00
-1.684159488379956215e+01
-1.684797849059104280e+01
-1.684518922269344543e+01
-1.683634486794470675e+01
-1.684006439745425254e+01
-1.684799720048903282e+01
-1.684007685184478476e+01
-1.684728927910328622e+01
-1.684430255889892081e+01
-1.684569407105446004e+01
-1.368047339022159825e+01
-1.684654372930526733e+01
-1.419911913126706438e+01
-1.684538213908673043e+01
-1.419916431009769653e+01
-1.684202903211116364e+01
-1.684398825168608482e+01
-1.684511059224605489e+01
-1.684084631800652332e+01
-1.684570695459841971e+01
-1.684669698476790245e+01
-1.684427357017993998e+01
-1.684767452776431540e+01
-1.684742800891399739e+01
-1.684565482735633069e+01
-1.684368259310722848e+01
-1.684247151911259266e+01
-1.683655977249146218e+01
-1.684726898074149659e+01
-1.684696614742277632e+01
-1.684737878739835182e+01
-1.684784691631794118e+01
-1.684753997027873851e+01
-1.419879607409239242e+01
-1.684363522827626980e+01
-1.684449246823786339e+01
-1.684578701257705191e+01
-1.684001708626748339e+01
-1.684429956376551729e+01
-1.684793583452702137e+01
-1.684533714950086036e+01
-1.684475688934326598e+01
-1.684641990661621591e+01
-1.684706545472146288e+01
-1.684471760988235545e+01
-1.684541980922223203e+01
-1.684736931025982543e+01
-1.684327490031719066e+01
-1.684692248702050676e+01
-1.684718969464303129e+01
-1.684499790668488828e+01
-1.684703166186809753e+01
-1.684734998643399351e+01
-1.368027800619602452e+01
-1.684545604586602252e+01
-1.684779595732688762e+01
-5.724745650589467161e+00
-1.684214471578596317e+01
-1.684548915326594098e+01
-1.684791963100433776e+01
-1.684779311716555483e+01
-1.684778106212616322e+01
-1.684344248771667907e+01
-1.684318965375424426e+01
-1.684606890082359953e+01
-1.684631385505198153e+01
-5.619294586637989752e+00
-5.417418690212068455e+00
-1.368047817647457620e+01
-1.684711833894251853e+01
-1.684564815461636300e+01
-1.684107508957385235e+01
-1.684656787812709666e+01
-1.683948470056056124e+01
-1.684439894855023212e+01
-1.684584079384802990e+01
-1.684761776924134224e+01
-1.684567351341246422e+01
-1.684759865701199288e+01
-1.684502815902233763e+01
-1.684729760587215353e+01
-1.684755134880541760e+01
-1.684693963825701601e+01
-1.684752207100389754e+01
-1.684796987175942462e+01
-1.684780208468437479e+01
-1.684689526855944308e+01
-1.684666314125060183e+01
-1.684426520466803368e+01
-1.684653881788254637e+01
-1.684373006820679564e+01
-1.684583677649498767e+01
-1.684509175121782931e+01
-1.684537186622619132e+01
-1.684513638019562620e+01
-1.684266122281552924e+01
-1.684008038640022420e+01
-1.684740696847438457e+01
-1.684557112157343894e+01
-1.368043707311152879e+01
-1.684790858030319072e+01
-1.684778828024865405e+01
-1.684362858831881482e+01
-1.419859900027513611e+01
-1.684748431742192309e+01
-1.684510141909122538e+01
-1.684636498987675779e+01
-1.684798513650894947e+01
-1.684478714168070823e+01
-1.684328204989434141e+01
-1.684726223945617107e+01
-1.684664652049539768e+01
-1.684730910360811862e+01
-6.227601582556962612e+00
-1.683638721108436442e+01
-1.684226470589637614e+01
-1.684753075838089842e+01
-1.684589367806912463e+01
-1.684730761945247579e+01
-1.684480576515197470e+01
-1.684715459346772448e+01
-1.683962096571921663e+01
-1.684085279405116964e+01
-1.684301837384699851e+01
-1.684696430563927905e+01
-1.684597491025923333e+01
-1.684527820050716684e+01
-1.684683639109134745e+01
-1.684529456496238353e+01
-1.684798635542391665e+01
-1.684303686022757063e+01
-1.684634249806405393e+01
-1.684267114102841489e+01
-1.684412493705750080e+01
-5.787943191453813974e+00
-1.684812555015086488e+01
-1.684725508689879803e+01
-1.684625629782675560e+01
-1.684645604491232973e+01
-1.684543904960156269e+01
-4.929032229818403721e+00
-1.684687016010282790e+01
-1.684806128740309816e+01
-1.684552675485611317e+01
-1.684730222821234591e+01
-1.684510171413421631e+01
-1.684761052429676553e+01
-1.684775097966194224e+01
-1.684425753057002950e+01
-1.684456086754797610e+01
-1.684614338576794168e+01
-1.684321982562542530e+01
-1.684788566529750753e+01
-1.684788573086260755e+01
-5.787499834597109150e+00
-5.097955005615951052e+00
-1.684197338223457763e+01
-1.368006923794746399e+01
-1.683841798901557496e+01
-1.684798434972763914e+01
-1.684433357715605695e+01
-1.419910485595464600e+01
-1.683102485537528281e+01
-1.684699446260929179e+01
-1.684818847477437487e+01
-1.684806241691111595e+01
-1.684098589122295309e+01
-1.684749283194540936e+01
-1.684755615293980568e+01
-1.684748098850250742e+01
-1.368041761964559910e+01
-1.684745299220085002e+01
-1.684507390260696980e+01
-1.684535273015497836e+01
-1.684683777689932782e+01
-1.684715798497199657e+01
-1.684472246170044230e+01
-1.684435995519160301e+01
-1.684402064979074964e+01
-1.684543815851212756e+01
-1.684376156330109353e+01
-1.684669473469256573e+01
-1.684810920357703523e+01
-1.684488024711608034e+01
-1.684732317030428561e+01
-4.916644959524274050e+00
-1.684706685543059379e+01
-5.097510007768869755e+00
-1.684443868398665600e+01
-1.684753394126891735e+01
-1.684426770210266611e+01
-1.684650229215621664e+01
-1.684608463943004253e+01
-1.684773911535739899e+01
-1.684449435770510561e+01
-5.787932142242790512e+00
-1.684725210070611823e+01
-1.684681455492974678e+01
-1.684641505479811840e+01
-1.368039021790027299e+01
-5.787890983372925291e+00
-1.684725913405417685e+01
-1.684724850356580106e+01
-1.684769537746905144e+01
-1.684303887188433535e+01
-1.684576468765736834e+01
-5.619279628526419934e+00
-1.684673239886759788e+01
-1.684751090407370810e+01
-1.684636250734330787e+01
-1.684762485921384112e+01
-1.684631267786024722e+01
-1.684452822506428404e+01
-1.684675618112086326e+01
-1.684786355793475110e+01
-1.683800646960736458e+01
-1.684617312848568105e+01
-1.684738619923592040e+01
-1.684332080781460306e+01
-1.684707851707936754e+01
-1.684521676301956461e+01
-1.684634214639663341e+01
-1.368031963109969951e+01
-1.684748668968676810e+01
-1.684433327913284728e+01
-1.684667471945286721e+01
-6.236001075059173893e+00
-1.683825880885122928e+01
-1.684755926430224449e+01
-1.368041160702705739e+01
-1.684801472425460034e+01
-1.684723950624465161e+01
-1.684698618054390451e+01
-1.684586117565632790e+01
-1.684784617424012154e+01
-1.684695636034011557e+01
-1.683757744729518180e+01
-1.684654809832573363e+01
-1.684576095342637458e+01
-1.683666051328182434e+01
-1.684191853702069253e+01
-1.368016252368688335e+01
-1.683168172836303000e+01
-1.684677263796328717e+01
-1.684785657823084648e+01
-1.684413698613642651e+01
-5.787843947857617799e+00
-1.684582792818546082e+01
-1.684680814743042987e+01
-1.684746267795563313e+01
-1.684721313416958921e+01
-1.684567872881888917e+01
-1.684778897464273584e+01
-1.368051657974720037e+01
-1.684273782670497255e+01
-1.684709778428076987e+01
-1.684675720334052684e+01
-1.684518766701221537e+01
-1.684651794135570313e+01
-1.684674925208090812e+01
-1.684700790643692514e+01
-1.684403046071529531e+01
-1.684392797350883342e+01
-1.684757100343703229e+01
-1.684149293005467740e+01
-1.684665966629982137e+01
-1.684729225337505554e+01
-1.684723568260670135e+01
-1.367948438972234371e+01
-1.684484810233116292e+01
-1.684631919860839844e+01
-1.368020077198743678e+01
-1.684437844753264457e+01
-1.684711322784423970e+01
-1.684627674520014295e+01
-1.684558393359183981e+01
-1.368046716898680515e+01
-1.684716689884662699e+01
-1.684495669305323062e+01
-1.684771864116192930e+01
-1.684569336473940737e+01
-1.684628199636937040e+01
-1.419924208372831309e+01
-1.684142108261585591e+01
-6.235850557684897488e+00
-1.684719512760640114e+01
-1.684503363370894036e+01
-1.684687380492688291e+01
-1.684498723149299337e+01
-1.684637901782990355e+01
-1.684515989124775004e+01
-1.684692468941210919e+01
-4.933657214790582834e+00
-1.684786475300789732e+01
-6.236037676781416295e+00
-1.683387050032613885e+01
-1.684209997653960045e+01
-1.684076149165629133e+01
-1.684204614162445779e+01
-1.684499406814575195e+01
-1.419913637489080749e+01
-1.684736113548279945e+01
-1.684335268139838959e+01
-1.684635097086429667e+01
-1.684337381124495892e+01
-1.419926644116640091e+01
-1.684222460985184711e+01
-1.684645676612854359e+01
-4.919837862066923861e+00
-1.684676816761492901e+01
-1.684660660922527242e+01
-1.684394312202930521e+01
-1.684558696150779156e+01
-1.684267881214620033e+01
-1.684738810956479682e+01
-1.684763963222503946e+01
-1.684674254059792275e+01
-1.684674110710621520e+01
-1.684248233735560163e+01
-1.684654763936997313e+01
-1.684318387210370105e+01
-1.684450376629830970e+01
-1.684493492543695936e+01
-5.851726743951439325e+00
-1.684744885265826397e+01
-1.683881555199621971e+01
-1.684215503633021527e+01
-1.684401095211507027e+01
-1.684725144803523378e+01
-1.684554057121275505e+01
-1.684138168096541577e+01
-1.684006544351577261e+01
-1.684390164315701455e+01
-1.684706421792508024e+01
-1.684634714424609925e+01
-1.684739660322664889e+01
-1.368030425757170043e+01
-1.684517638981341037e+01
-1.684690200388430270e+01
-1.684794036746024659e+01
-1.684414592683313927e+01
-1.684786264598369243e+01
-1.368032336682081329e+01
-1.684711591303348044e+01
-1.684716036617756529e+01
-1.684677187204360393e+01
-1.684465293884278481e+01
-1.684690629541874074e+01
-1.684639696180819968e+01
-1.684815686643123556e+01
-1.684530309140683002e+01
-1.368033174723387013e+01
-1.684112646579743711e+01
-1.684790245294570354e+01
-1.684717204570771898e+01
-1.684476962983609027e+01
-1.684764496088027386e+01
-1.684361387491225415e+01
-1.419910791963338781e+01
-1.684669702053068363e+01
-1.684746979475019657e+01
-1.368046911954879796e+01
-1.684404071271420023e+01
-1.684628491699696085e+01
-1.684729139208793214e+01
-1.684503900706768675e+01
-1.684670729339122985e+01
-1.684742055237294167e+01
-1.684774567782880084e+01
-1.684770812690257458e+01
-1.684656628966332192e+01
-1.684331895709036786e+01
-1.684580714702607551e+01
-1.684643448591232229e+01
-1.684561842978001778e+01
-1.684551929831503614e+01
-1.684784684181212810e+01
-1.683334813416005460e+01
-1.684613020718096621e+01
-1.684592993557453511e+01
-1.684777089655398541e+01
-1.684356857836245425e+01
-1.684563827216623721e+01
-1.683721934854982649e+01
-1.684574252963064822e+01
-1.684745384454728168e+01
-1.684742056429385926e+01
-1.684574531614780213e+01
-1.684358560144902484e+01
-1.684533355832100909e+01
-1.684654713273047477e+01
-1.684619156122207073e+01
-1.684709046185016135e+01
-1.684371795356273083e+01
-1.684802744686604825e+01
-6.236099961400031866e+00
-1.684743672907351097e+01
-1.684725942313670188e+01
-1.368017075955867590e+01
-1.684052734374999716e+01
-1.684519723951817483e+01
-1.684381778240204142e+01
-1.684772977828980345e+01
-1.367970715016126526e+01
-1.684731059074401571e+01
-1.419902061372995306e+01
-1.684059825241564567e+01
-1.684808753728866293e+01
-1.684141237139700920e+01
-1.684546761214731703e+01
-1.684607539772988360e+01
-1.684275243282317192e+01
-1.684572372138499929e+01
-1.684809452891349579e+01
-1.684642524719239276e+01
-1.684494286775588989e+01
-1.684796946644782878e+01
-1.684654937982558920e+01
-1.684637724757195798e+01
-1.419916453212499441e+01
-6.235909002274271806e+00
-1.684742360711098286e+01
-1.684585034549237292e+01
-1.684715026021003581e+01
-1.684610257446767179e+01
-1.684479517638684243e+01
-1.684689849913119986e+01
-1.684700857698917176e+01
-1.684474247694014437e+01
-1.684711239933967164e+01
-1.684750986695289399e+01
-1.684706841111184161e+01
-1.684681694805621888e+01
-1.684699816703797381e+01
-1.684513531327248259e+01
-1.684510826170445341e+01
-1.684687573909759450e+01
-1.684384720921516987e+01
-1.684591457843781370e+01
-1.684410557150839693e+01
-1.419845688790083038e+01
-1.683622034788131927e+01
-1.684229418635367637e+01
-1.684702539741991956e+01
-1.684607965946196373e+01
-1.684728003442287658e+01
-1.684427306056023355e+01
-5.158889519795774703e+00
-1.368028699904679968e+01
-1.684701398015021567e+01
-1.684671192467212464e+01
-1.684586650133131869e+01
-1.684755611121653374e+01
-1.684538299143313367e+01
-6.232122854888440422e+00
-1.684162843525408348e+01
-1.684143478274346606e+01
-1.684733732342721169e+01
-1.684793823361395937e+01
-1.684642418324946433e+01
-1.684455266594887490e+01
-1.684309524297714233e+01
-1.684779579341410738e+01
-1.684813768565654257e+01
-1.684543533325196307e+01
-1.684159425497055196e+01
-1.684566173553468005e+01
-1.684677186310291930e+01
-1.684769265353678236e+01
-1.684730589091778796e+01
-1.684786263108254190e+01
-1.368041762858629085e+01
-1.684517430961133044e+01
-1.684741990268229017e+01
-1.684769279956817911e+01
-1.684414593279360517e+01
-1.684562331140040570e+01
-1.684719540476798372e+01
-1.683690589368342572e+01
-1.684661325216292838e+01
-1.684554208815098519e+01
-1.684628030359744244e+01
-1.684504939913750121e+01
-1.684344243109227435e+01
-1.684532434940339485e+01
-1.368026976883411550e+01
-1.684325287044049446e+01
-1.684172342121602028e+01
-1.419856808036565887e+01
-1.684721113145351978e+01
-4.923355683311818609e+00
-1.684031623899936037e+01
-1.684388365149496991e+01
-1.684701202809811349e+01
-1.684157176911829978e+01
-1.684699832797051755e+01
-5.070496979728342346e+00
-1.684663178622723834e+01
-1.684690327942371368e+01
-1.684384133815764883e+01
-1.684751972258091257e+01
-1.684745558798312004e+01
-1.684604766666890185e+01
-1.684746764302254718e+01
-1.684791636168958107e+01
-1.684657843112945130e+01
-1.684621560275555296e+01
-1.684301901757716990e+01
-1.684525260627268395e+01
-1.419793575108051442e+01
-1.684510378539560449e+01
-1.684659009575844735e+01
-1.368031217902899321e+01
-1.684645691514014132e+01
-1.684790906310082192e+01
-1.684718919098376588e+01
-1.684746081233024739e+01
-1.684356440007685762e+01
-1.684361352920533506e+01
-1.684362980723381753e+01
-1.684663397073744662e+01
-1.684524846076963911e+01
-1.684767353236676257e+01
-1.684636411666870970e+01
-5.851536114886402018e+00
-1.684540162384510964e+01
-1.684578559994697855e+01
-1.684492915570735505e+01
-1.684237620532512025e+01
-1.684095833599566916e+01
-1.684686498343944550e+01
-1.684604918062686707e+01
-1.684526675939559937e+01
-1.684377231299877664e+01
-1.684756800532339938e+01
-1.684419815838337087e+01
-5.459869119897484246e+00
-1.684267806410788637e+01
-1.684718562960623700e+01
-1.684497631490230418e+01
-1.683542447388172647e+01
-1.684387565553188537e+01
-1.684245245456695983e+01
-1.684749336838723366e+01
-1.368043362051248479e+01
-1.684444698095320803e+01
-1.684730721414088350e+01
-1.684748599529267565e+01
-1.684801860451698730e+01
-1.684504191279411955e+01
-1.684573237597943063e+01
-1.684770753681658917e+01
-1.683796345591545318e+01
-1.684552339911461871e+01
-1.683810808360575706e+01
-1.684782895445824025e+01
-1.684800412654875856e+01
-1.683719294071197226e+01
-1.684771687090398018e+01
-1.684571545422078387e+01
-5.725771265476942595e+00
-1.684504778087138277e+01
-1.684662585854529127e+01
-1.684711910784244893e+01
-1.684642508924006421e+01
-1.684458761215209321e+01
-1.684293410778045086e+01
-1.368017954528331970e+01
-1.684545426070690866e+01
-1.684712810218335122e+01
-1.684780575931073443e+01
-1.684500265121461027e+01
-4.927537886612116225e+00
-1.684015991687775227e+01
-1.683969103097916431e+01
-1.684744690358638053e+01
-1.684771859943866801e+01
-1.684510146379471607e+01
-1.684770847558974793e+01
-1.368014992177486100e+01
-1.684381304681301472e+01
-1.684794789254664593e+01
-1.684495688676833680e+01
-1.684466174840927621e+01
-1.684560028612614246e+01
-1.684472585022450986e+01
-1.684723291695118874e+01
-1.684670210480690145e+01
-1.684726215600966626e+01
-1.684643296003342527e+01
-1.684220274388789207e+01
-1.684686747789382366e+01
-1.367997834235430155e+01
-1.684648156464099245e+01
-1.684618136584759540e+01
-1.684588937163353961e+01
-1.684646538197993593e+01
-1.684749933779240294e+01
-1.684517116248606783e+01
-1.684454853236675476e+01
-1.684220952391623172e+01
-1.684736051261425516e+01
-1.684737325906754535e+01
-1.684729661345482654e+01
-1.684351018965244862e+01
-1.684736804664135335e+01
-5.619286460569129282e+00
