-1.681286409199238463e+01
-1.681424312591551384e+01
-1.681341166794299014e+01
-1.681311453580855897e+01
-1.681174691319466064e+01
-1.681495698988438292e+01
-1.681521086096762829e+01
-1.681220484971999696e+01
-1.681491184234620562e+01
-1.681108736991883390e+01
-1.680939743220805482e+01
-1.681365843415259675e+01
-1.681359832882879957e+01
-1.681454373002051383e+01
-1.681442466974257854e+01
-1.365143206119536679e+01
-1.681173035502434132e+01
-1.681249002814291416e+01
-1.681541164815427791e+01
-1.681430526971815809e+01
-1.681271907985210845e+01
-1.681107782721518973e+01
-1.681434090435506690e+01
-1.681289039850233635e+01
-1.681412957906721317e+01
-1.681215747296809226e+01
-1.365123548656701580e+01
-1.681247803568839316e+01
-1.681026997864247008e+01
-1.681490386724473396e+01
-1.681279556155205412e+01
-1.681346601247788897e+01
-1.681473477482797207e+01
-1.681547517776488831e+01
-1.681403277516363559e+01
-1.681223405003547811e+01
-1.681380067467690509e+01
-1.681330330073834745e+01
-1.681447723805903749e+01
-1.681257083714008971e+01
-1.681419775485990797e+01
-1.681074256598948580e+01
-1.681514864265918519e+01
-1.681038350164890360e+01
-1.681448487043379458e+01
-5.013740137964489030e+00
-1.681513329446315552e+01
-1.680681518316269418e+01
-1.365138434767722941e+01
-1.681338568925857757e+01
-1.681488368809222678e+01
-1.681011236310005330e+01
-1.681523168683052560e+01
-1.681376075744627485e+01
-1.680920802056788332e+01
-5.453247880190609465e+00
-1.681165248751641172e+01
-1.681265962421893789e+01
-1.681514789164066670e+01
-1.418971128910779989e+01
-1.365128314495086315e+01
-1.681491893231869739e+01
-1.681125387251376679e+01
-1.681303368806839771e+01
-1.681126448810098850e+01
-1.681190638542175719e+01
-1.680953362286090069e+01
-1.365111378133297038e+01
-1.681508550643921751e+01
-1.680849758982656539e+01
-1.681484058201312237e+01
-1.681245125830172427e+01
-1.681464002728461793e+01
-4.765136680140856562e+00
-1.681471751332282238e+01
-1.681355091631411725e+01
-1.681469615995883160e+01
-1.365124374777079019e+01
-1.681258333027363960e+01
-1.681391530334949280e+01
-1.681400230526924844e+01
-1.681437844634056589e+01
-1.681459453999996612e+01
-1.365084589868783560e+01
-1.681510981023312823e+01
-1.681356149017811319e+01
-1.681163399815560666e+01
-1.681490792036055382e+01
-1.681521202921866376e+01
-1.681341999471186455e+01
-1.681538028717041300e+01
-1.365098026096820583e+01
-1.681472779512405680e+01
-1.681353814601897767e+01
-1.681272251009940888e+01
-1.681517080664635344e+01
-1.681053064763547056e+01
-1.681482801139353356e+01
-1.681463706195353680e+01
-1.681478918194769534e+01
-1.681546486318111633e+01
-1.681379653811454133e+01
-1.681401304006577035e+01
-1.681361968815325625e+01
-1.681103062331676412e+01
-1.681189162731170939e+01
-1.681470610499382090e+01
-1.681524201929568463e+01
-1.680812653899191744e+01
-1.681257471740246601e+01
-1.681490558385848999e+01
-1.681448799967767016e+01
-1.418953965604305090e+01
-1.365124115943908301e+01
-1.681321771144866517e+01
-1.681368252038954836e+01
-1.681323440372944233e+01
-1.681298103034495384e+01
-1.681265410482884093e+01
-1.681493611931801269e+01
-1.681524352133272870e+01
-1.681342052817345945e+01
-1.681520604491234039e+01
-1.680944534540175539e+01
-5.013722504675389047e+00
-1.681218434870244138e+01
-1.681406230330468432e+01
-1.365124033689498795e+01
-1.681547412872315661e+01
-1.681357270479203336e+01
-1.680863566994666414e+01
-1.681436465084553689e+01
-1.681133601963520974e+01
-1.365132763236761448e+01
-1.681345168650151223e+01
-1.681547608971594343e+01
-1.681495383679866151e+01
-1.681298696994780073e+01
-1.681458023786545652e+01
-1.365108947753905788e+01
-4.567880028858780861e+00
-1.681008297801018969e+01
-1.681392824947834086e+01
-1.681498357653617504e+01
-1.681345620751381631e+01
-1.681545106768606956e+01
-1.681335595846175224e+01
-1.681482303440569481e+01
-1.681443266868589959e+01
-1.681311999261379952e+01
-1.680482873320578818e+01
-1.681530568897725075e+01
-1.681377929151058126e+01
-1.681548155248165699e+01
-1.681360202431677919e+01
-1.681245755553246468e+01
-1.681510342061520902e+01
-1.681548942923546974e+01
-1.680992735028266694e+01
-1.365141806751489817e+01
-1.681162986159325357e+01
-1.681533192396162590e+01
-1.681179911196231558e+01
-1.681327037513255007e+01
-1.681416807472706765e+01
-1.680989808440209643e+01
-1.681159870028494652e+01
-1.418978933840990209e+01
-1.681516090333462543e+01
-1.681242456734181800e+01
-1.418951305001973928e+01
-1.681508197486401102e+01
-1.681199836730957031e+01
-1.681397253870962771e+01
-1.681301861405371767e+01
-1.681207933127879173e+01
-1.681501229405401787e+01
-1.681304002702235323e+01
-1.680640581548213319e+01
-1.681137940287590737e+01
-1.681422995626925498e+01
-1.681494578719137678e+01
-1.681418400406835900e+01
-1.681375079751013146e+01
-1.681163016259671039e+01
-1.681025381684303355e+01
-1.681180193424226132e+01
-1.418957801461219681e+01
-1.681412706375121502e+01
-1.681233589649201221e+01
-1.680665501654147320e+01
-1.681290951073168927e+01
-1.680933765470982522e+01
-1.681334448456765429e+01
-1.681412751674653450e+01
-1.681227929592131431e+01
-1.680612421333790962e+01
-1.680551478564739654e+01
-1.681459950208663656e+01
-1.681427748799324462e+01
-1.681346066296099906e+01
-1.680910471081734414e+01
-4.567820211313663670e+00
-1.681142402589321350e+01
-1.680595082938669904e+01
-1.681516111493110444e+01
-1.681452143788337139e+01
-1.681348361968993643e+01
-1.680569458603860511e+01
-1.681472069919110623e+01
-1.680730307400226664e+01
-4.790246916934850496e+00
-1.680530342757703011e+01
-1.681446829438210955e+01
-1.680852786004542665e+01
-1.681520355045795512e+01
-5.453282789885998127e+00
-1.680898332297802256e+01
-1.681177488565444733e+01
-1.681276010870934101e+01
-1.681219863593577202e+01
-1.681299368441103681e+01
-1.681074753701687641e+01
-1.681180986464022453e+01
-1.680507281124592822e+01
-1.681522885560990233e+01
-1.681479812860487755e+01
-1.680773641467093782e+01
-1.418977542966604410e+01
-1.681453880071641294e+01
-1.681429623961449238e+01
-1.418950809836387705e+01
-1.681378700137138793e+01
-1.681192254424095012e+01
-1.681414929628371269e+01
-1.681375696361065408e+01
-1.681408531665803352e+01
-1.681374967396260445e+01
-1.681333323717117878e+01
-1.681307971775532906e+01
-1.681474086940287904e+01
-1.680456788837908633e+01
-1.681139281392097118e+01
-1.681449808776379129e+01
-1.681162196397781372e+01
-1.681025108098982912e+01
-5.013638647645715096e+00
-1.681312545537947756e+01
-1.680951316952704389e+01
-1.681122286021709655e+01
-1.418918281197547593e+01
-1.681460340321062930e+01
-1.681328089237214130e+01
-1.681482771039009450e+01
-1.681412389278411013e+01
-1.681381599903107826e+01
-1.681035145819187804e+01
-1.681519889533520384e+01
-1.681120165288449542e+01
-1.681156579554082242e+01
-1.681416658163069755e+01
-1.681413015127181154e+01
-1.681317383348941519e+01
-1.681494135558605407e+01
-1.680949353277684111e+01
-1.680695112347601849e+01
-1.681202596127986482e+01
-1.680746685266494467e+01
-1.681391558647156970e+01
-1.681519975662230237e+01
-1.681375409960746126e+01
-1.681384392678736717e+01
-1.681358473598957204e+01
-1.681107202172280424e+01
-1.681218158602712975e+01
-1.365139095336199304e+01
-1.681331647336483215e+01
-1.681434002220629864e+01
-1.418978978395461965e+01
-1.681387392878533404e+01
-1.681309931874275065e+01
-1.680926634967327615e+01
-1.681436048746108725e+01
-1.681384429931640412e+01
-1.681389108300208335e+01
-1.365107691287994029e+01
-1.681491672098635348e+01
-1.365140839964151454e+01
-1.681416586339474506e+01
-1.681508674025534589e+01
-1.681225156784058328e+01
-1.681259946823118767e+01
-1.680895382463932108e+01
-1.681472348272801653e+01
-1.681512347757816173e+01
-1.681502499878407164e+01
-1.681500050127505475e+01
-1.681277288496495714e+01
-1.680898745357991331e+01
-1.681404367387293419e+01
-1.681220827102661985e+01
-1.681327675580979530e+01
-1.681280336081981019e+01
-1.681532174050808237e+01
-1.681453566849232928e+01
-1.680879734456538799e+01
-1.681312017738819975e+01
-1.681315337121487730e+01
-1.681263099312781861e+01
-1.681415563821791537e+01
-1.681480014026164582e+01
-1.681388467848301005e+01
-1.681110130846500539e+01
-1.681423529982566123e+01
-1.681277935504914112e+01
-1.681047877669333701e+01
-1.681262755692004873e+01
-1.681338665485381512e+01
-1.680937368273734833e+01
-1.681049948632715640e+01
-1.681546763181687965e+01
-1.681086425781251137e+01
-1.681464147865772318e+01
-1.681405281424521903e+01
-1.681356862485409209e+01
-1.681489700675012244e+01
-1.681388031244276604e+01
-1.681448379755020639e+01
-1.681320177018642781e+01
-1.681497425734998430e+01
-1.681482682228087810e+01
-1.681537598371506803e+01
-1.681358694136143228e+01
-1.681484936773776795e+01
-1.681054868698121396e+01
-1.681379969120026274e+01
-1.681351716816424613e+01
-1.681184829771517997e+01
-1.681519121527672311e+01
-1.681548097133635622e+01
-1.681092486679553488e+01
-1.681170617043971305e+01
-1.680906502306460482e+01
-1.681504623293876577e+01
-1.681396036446093234e+01
-1.679771893620490175e+01
-1.681229927241803423e+01
-1.681514537036419554e+01
-1.681277609169482545e+01
-1.681540509462357136e+01
-1.681425054073333669e+01
-1.681490209102631539e+01
-1.681478458642958529e+01
-1.681250736415385560e+01
-1.681411178112029248e+01
-1.680706115663051037e+01
-1.681525676548482195e+01
-1.681310788989066651e+01
-1.681059854030607781e+01
-1.681492550075053671e+01
-1.681387174129485018e+01
-1.681267580986023802e+01
-1.418968662619590404e+01
-1.680272600054741616e+01
-4.789929709583518935e+00
-1.681439961493014223e+01
-1.681493057906626376e+01
-1.681190309822558149e+01
-1.681507005095481944e+01
-1.681518046855925164e+01
-1.680445363819599436e+01
-1.681524948775769346e+01
-1.681502635180951444e+01
-1.680793625414372983e+01
-1.418957004994153337e+01
-1.681406977772713418e+01
-1.365109489411115185e+01
-1.681435571610926871e+01
-1.681104656159878274e+01
-1.681517990231514403e+01
-1.681354046761989096e+01
-1.681383150517939384e+01
-1.681454793810843285e+01
-1.681005104780196291e+01
-1.681423934400082132e+01
-1.681464044153691262e+01
-1.681453595161439196e+01
-1.681431436836718163e+01
-1.681444702446459871e+01
-1.680567478835581596e+01
-1.681355875730513105e+01
-1.681431780457497283e+01
-1.681205199062824107e+01
-1.681456243097782277e+01
-1.681517379283904745e+01
-1.680883287489415068e+01
-1.681114203035832944e+01
-1.680888915359974689e+01
-1.680894105434416730e+01
-1.681171652376651338e+01
-1.681529262065886954e+01
-1.681547363102437842e+01
-1.681258777081967892e+01
-4.790468888729811248e+00
-1.681430455148220560e+01
-1.681280360817910235e+01
-1.681452461481094929e+01
-1.681409154236317605e+01
-1.681514008939265636e+01
-1.681177932024002786e+01
-1.681153750717639994e+01
-1.681382066905497297e+01
-1.681462627053259595e+01
-1.681478958725927697e+01
-1.681547405719757649e+01
-1.681199290752411457e+01
-1.681379797160624534e+01
-1.681509074568749540e+01
-1.681342841386795328e+01
-1.681539419591426210e+01
-1.681303516328334169e+01
-1.681463705599307445e+01
-1.681193135380744508e+01
-1.681422829627989302e+01
-1.681519614458084888e+01
-1.681450987160206267e+01
-1.365136291533708501e+01
-1.681472686529158267e+01
-1.681550384759902173e+01
-1.680992923378943971e+01
-1.680970995426178050e+01
-1.681477672457696571e+01
-1.681484989523887918e+01
-1.681542039513588094e+01
-1.681455580890178325e+01
-1.681144077181816243e+01
-1.418974268883466294e+01
-1.680782659649847943e+01
-1.681488913893698722e+01
-1.681165739595889264e+01
-1.681219152212142376e+01
-1.680816220641136383e+01
-1.681535461544991250e+01
-1.680832054615021320e+01
-1.681514006853103993e+01
-4.567737988568840279e+00
-1.681200009584426525e+01
-1.681291523277760191e+01
-1.681281754970549969e+01
-1.680597802698611432e+01
-1.681249261200428080e+01
-1.681445662379264760e+01
-1.681383039653301026e+01
-1.681351678967476815e+01
-1.681282800137996247e+01
-1.681385307610034019e+01
-1.681387238502502157e+01
-1.680398658215998964e+01
-1.681230999231339851e+01
-1.681351232528686523e+01
-1.681500759720800886e+01
-1.681306788027285748e+01
-1.681252939999104612e+01
-1.681559636294842974e+01
-1.681506725251674084e+01
-1.681308547556399446e+01
-1.680863980948925729e+01
-1.418968013525009297e+01
-1.418938208967446890e+01
-1.418971382677555226e+01
-1.681402640640735768e+01
-1.681394838690757609e+01
-1.681487703323364258e+01
-1.681477349102496888e+01
-1.681261694729329292e+01
-1.681260488331318470e+01
-1.681129375696182748e+01
-1.418933775424957311e+01
-1.681532599031924136e+01
-1.681235133707523133e+01
-1.681223075091838837e+01
-1.681531246602535745e+01
-5.451735049486159390e+00
-1.681147700846194226e+01
-1.681507939398288798e+01
-1.681534495353699299e+01
-1.681354439258574374e+01
-1.681490396559239286e+01
-1.681399314403535072e+01
-1.681496737301350564e+01
-1.681231974959373332e+01
-1.681210443675517752e+01
-1.681419821977614859e+01
-1.681463882923125652e+01
-1.681200313270092650e+01
-1.681512781381606203e+01
-1.681282253861427733e+01
-1.681193008422852131e+01
-1.681507849991320214e+01
-1.681449892222880393e+01
-1.365137918740510869e+01
-1.681551319956778556e+01
-1.680974915921687440e+01
-1.681413002014161506e+01
-1.681524018943310139e+01
-1.681208388805388765e+01
-1.681429079771042367e+01
-1.365112175494432201e+01
-1.681239457726480424e+01
-1.681289218962190901e+01
-1.681225376129151527e+01
-1.681116860210895680e+01
-1.681537497043610685e+01
-1.681344542503357786e+01
-1.681421921253204133e+01
-1.681383735239504418e+01
-1.681302944719790915e+01
-1.681551021933555035e+01
-1.681362838447093466e+01
-1.681487464308738922e+01
-1.681429448127747861e+01
-1.681447278559208769e+01
-1.680907016098500506e+01
-1.681381280124187683e+01
-1.681010041534899457e+01
-1.680940151214598188e+01
-1.681262576878070192e+01
-1.681494106352330675e+01
-1.681505817472934794e+01
-1.681314086318015555e+01
-1.681407221555711118e+01
-1.681386522948740492e+01
-1.681387596428394104e+01
-1.681108822822571724e+01
-1.681208210587502094e+01
-1.681206959187984395e+01
-1.681246883273124837e+01
-1.681480300128460570e+01
-1.681531712114810162e+01
-1.681355001926421266e+01
-1.681391741335391288e+01
-1.681172702908515504e+01
-1.681098082959650952e+01
-1.681368786096573587e+01
-1.681405850052835049e+01
-1.681185288727282767e+01
-1.681456717848778482e+01
-1.681307208538056486e+01
-1.681307518482209318e+01
-1.365132473111152756e+01
-1.681317681968212341e+01
-1.681292770206927756e+01
-1.681492096185685625e+01
-1.681345584392548176e+01
-1.681386056244372895e+01
-1.681442271172998559e+01
-1.681262033879756856e+01
-1.681372309625147565e+01
-5.013921906799079231e+00
-1.681166629791258771e+01
-1.681524567604064657e+01
-1.681261135339738289e+01
-1.681289425492286327e+01
-1.681094080805777224e+01
-1.681361021399498412e+01
-1.681510827839375466e+01
-1.680734413862226972e+01
-1.680671187937260314e+01
-1.681205315887926943e+01
-1.681303457915781507e+01
-1.681410796046257161e+01
-1.681508871316908937e+01
-1.680884628295898153e+01
-1.680716832876206368e+01
-1.681307316720484479e+01
-1.681541266441344362e+01
-1.681069151759145797e+01
-1.681488716006279205e+01
-4.790009316056965893e+00
-1.681530766189099424e+01
-1.681477833986283699e+01
-1.681166656017302685e+01
-1.681361652016639496e+01
-1.681470287442208900e+01
-1.681357707381248900e+01
-1.681473019421101966e+01
-1.680859086811543079e+01
-1.681529924869536785e+01
-1.681419256627559022e+01
-1.681235426366328056e+01
-1.681301375329495684e+01
-1.681496747434138683e+01
-1.681316586136816937e+01
-1.681507018804549602e+01
-1.365128044337034297e+01
-1.681316742599009828e+01
-1.681350405514239910e+01
-5.013912819325923920e+00
-1.681208418905734803e+01
-1.681305147111415366e+01
-1.681443296968935996e+01
-1.681447969377039442e+01
-1.681493166983127097e+01
-1.681446607410908101e+01
-1.681455463469028544e+01
-1.681433748900891700e+01
-1.681462374925611769e+01
-1.681458788216114897e+01
-1.680370758175849133e+01
-1.365127528905868992e+01
-1.365117788016796396e+01
-5.453060220181942697e+00
-1.681307345926761698e+01
-1.681407529115676880e+01
-1.681453613638878863e+01
-1.681180148720739709e+01
-1.680364564955235807e+01
-1.681544164121151397e+01
-1.681398816108704608e+01
-1.681504098773001843e+01
-1.681413596570491720e+01
-1.681465601623057893e+01
-1.681008419990540403e+01
-1.681244162619112714e+01
-1.681402149796485190e+01
-1.681482932567595867e+01
-1.681048491299151948e+01
-1.681434268951414879e+01
-1.681270803511142020e+01
-1.681457255184648858e+01
-1.681482728123663861e+01
-1.681476574242115518e+01
-1.681426551342010356e+01
-1.681182274222374673e+01
-1.365119514912366760e+01
-1.681452428102493712e+01
-1.681427655518055886e+01
-1.681201924085616994e+01
-1.681006771624088714e+01
-1.681192913055420490e+01
-1.681365869939326885e+01
-1.681439388394356627e+01
-1.681498024165630767e+01
-1.681226629316805443e+01
-1.681492941081524961e+01
-1.681141653358936949e+01
-1.681489416360855671e+01
-1.681484043598173983e+01
-1.681240444481372620e+01
-1.681296646595001221e+01
-1.681496862769127176e+01
-1.681313262879848125e+01
-1.681411331295966605e+01
-1.418944522440433254e+01
-1.681293819546699808e+01
-1.365137452036142207e+01
-1.681364274322986674e+01
-1.681508686542511555e+01
-1.681470748186110598e+01
-1.681111643612383588e+01
-1.681475368440149865e+01
-1.681243211627006673e+01
-1.365119982510804952e+01
-1.681029918491841002e+01
-4.790448477864265087e+00
-1.681119893789292519e+01
-1.681369175910950631e+01
-1.681274442672730629e+01
-1.680991536676882703e+01
-1.680137717425822430e+01
-1.681470539271830589e+01
-1.681439310908318774e+01
-1.680717653036118620e+01
-1.681542041897773032e+01
-1.681517632305621390e+01
-1.681535011827946846e+01
-1.681203688085077985e+01
-5.452997979521750693e+00
-1.681410142183305467e+01
-1.681500929296016622e+01
-4.765523665212096027e+00
-1.681414954960347075e+01
-1.681407553553581380e+01
-1.681329492628573163e+01
-1.681454311013222380e+01
-1.681442090272904011e+01
-1.681155518293380169e+01
-1.681530656516553535e+01
-1.681316948235034303e+01
-1.681538465917109804e+01
-1.681071954965592496e+01
-1.680263762474059774e+01
-1.681476891338825297e+01
-1.681176279187203093e+01
-1.681397255957125836e+01
-1.680910202562808209e+01
-1.681432923078538266e+01
-1.681338840723036299e+01
-1.681514256596565104e+01
-1.681105967462064754e+01
-1.680861739516258524e+01
-1.681474944651126080e+01
-1.418973231762647380e+01
-1.681261946260928042e+01
-1.681535933613777800e+01
-1.681127285361290191e+01
-1.681449424326419617e+01
-1.681534330248831566e+01
-1.681032108068465902e+01
-1.365130335241555848e+01
-1.680490072071551211e+01
-1.681552965044975778e+01
-1.681444534361361676e+01
-1.681297655701637694e+01
-1.681347748339177173e+01
-1.681522591412068479e+01
-1.681437597870825229e+01
-1.681220419704913738e+01
-1.681482819616792668e+01
-1.418861299604177439e+01
-1.681498240828514312e+01
-1.681049419939519751e+01
-1.681423358023166159e+01
-1.681334594786167713e+01
-1.681554100215435810e+01
-1.681035681962966066e+01
-1.418979068994522308e+01
-1.681193814575673073e+01
-1.681060329079629057e+01
-1.680805586278438923e+01
-1.681386177837849516e+01
-1.681545245647431486e+01
-1.365129245072602870e+01
-1.365133362859487143e+01
-1.680736083984375284e+01
-1.681459102034567366e+01
-1.681408134102822061e+01
-1.681109472811222716e+01
-1.681483979821206276e+01
-1.680447828769682772e+01
-1.681133071482181052e+01
-1.681374708116053540e+01
-4.567928965575992706e+00
-1.681376682817937152e+01
-1.681516281366349475e+01
-1.681532909274102749e+01
-1.681521417796611573e+01
-5.453282321244479647e+00
-1.681424957215787330e+01
-1.681342277526854190e+01
-1.681532727777957703e+01
-1.680832257568836852e+01
-1.681368930041790222e+01
-1.681453530192374757e+01
-1.681042786538599998e+01
-1.681495100557802758e+01
-1.681347821950911836e+01
-1.681211747527122569e+01
-1.681422972977162189e+01
-1.681218024790287657e+01
-1.681467820107935651e+01
-1.365095920562743892e+01
-1.681295742690562278e+01
-1.681288400590420551e+01
-1.365113101452588751e+01
-1.681396956741810556e+01
-1.681212731599808308e+01
-1.681523101627827899e+01
-1.681061153411864950e+01
-1.681440791785716016e+01
-1.681285008788108115e+01
-1.681268642842768202e+01
-1.681504234671592002e+01
-1.681542495191098041e+01
-1.681194213032721763e+01
-1.681391448974608949e+01
-1.681133840382099010e+01
-1.681285490393637616e+01
-1.681346066892148272e+01
-1.681449135839939757e+01
-1.680739022493361645e+01
-1.681430772840976218e+01
-1.681483615636824425e+01
-1.680731385350227214e+01
-1.681538477540015819e+01
-1.681509573459625173e+01
-1.681059224307537292e+01
-1.681484845280647988e+01
-1.681029345989226087e+01
-1.681401193737983490e+01
-1.681518276035786741e+01
-1.681383205652236157e+01
-1.680998886823653038e+01
-1.681281450092791729e+01
-1.681423513591288454e+01
-1.681519460678099520e+01
-1.681123037934303710e+01
-1.365095498710870814e+01
-1.681448178589342390e+01
-1.681458140015602254e+01
