4.961158568763815779e+00 8.288099914564186488e-01 7.332846968213286853e-01
1.249788014429345367e-01 1.065589609265089832e+00 4.147032843969308047e+00
5.918351844421518848e+00 6.030945856464877686e+00 1.972831222941444418e+00
7.353399049103315210e-01 3.074303374002695932e+00 3.449937330855466389e+00
4.997980308695190388e+00 6.045968697320346585e+00 5.901863644653264629e+00
6.258309333607222413e+00 6.048175286670294248e+00 5.897290572016064658e+00
4.013271015272680486e+00 1.152124748115475938e+00 5.107411219957572079e+00
5.611954104230105322e+00 5.703375473264082451e+00 1.805184247834063394e+00
2.135531688490177604e+00 2.431523511780227409e+00 4.400558659104603976e+00
2.941730990073426755e-01 4.944038815020096678e+00 2.924622009030709791e+00
3.498541911324408282e+00 1.383673672549634359e+00 5.934773247435342070e-01
2.893379039249999618e+00 7.837872730355307516e-01 1.169255977068434926e-01
3.497464549614867302e+00 5.754505674134958504e+00 1.718872629867163271e+00
1.105579496495939118e+00 2.076301795274217099e+00 1.027417476671077523e+00
6.108050425488126933e+00 4.415538095628591897e+00 3.200386318847098011e+00
6.043143197306866110e-02 3.792302786625555644e+00 4.924061096997163212e+00
6.205096719448801146e+00 4.512122811928704458e+00 2.188623750500836351e+00
5.877043143791563118e+00 5.581874024569200898e+00 2.452296527083172251e+00
5.328904909896271747e+00 4.385479657035595835e+00 3.621036215355403431e+00
5.759284339213848192e+00 2.616415927030091737e+00 1.706831554901202308e+00
1.161458804760935992e+00 3.457414317587830688e+00 1.541075254070788381e-01
1.628507356202568424e-01 5.965199349486792535e+00 5.622918401307444469e+00
3.951194980736551621e+00 4.535154540405410550e+00 4.193074192320146665e+00
1.036697901319802106e+00 2.486655121423012371e+00 2.957452245358390019e+00
2.900610640795706630e+00 1.746411061414967714e+00 1.704716206928741817e+00
3.018748091007626311e+00 1.819760371983901726e+00 2.136954332438355308e+00
6.305084022254178189e-01 3.080938592192020042e+00 4.922727142682210122e+00
5.368270538942408798e+00 2.031875364642554249e+00 3.443379277647361736e+00
2.835372693423091395e+00 1.491640803988917074e+00 4.535942419093638156e-01
4.582490322184934683e+00 5.341676252213742870e+00 2.818033274181382719e+00
3.968801023692545282e+00 5.458394702551334632e+00 6.015648872912662704e+00
6.089016230920473838e+00 5.460239729816620979e+00 4.143876100618356872e+00
5.477522476835463117e+00 1.312738708083892147e+00 1.356158515212206650e+00
2.159873459695546227e+00 5.698934039917410210e+00 4.306973398662415242e+00
5.338728668417166645e+00 5.931228448141035337e+00 3.108202383672429292e+00
6.090957770915399472e+00 1.385801531514295748e-01 3.762138068461912788e+00
3.530971506996007481e+00 2.999524812587396116e+00 2.402089208320107083e+00
9.483722931463131056e-01 2.377727679801175942e-01 3.875026371825676552e+00
3.249865525059512539e+00 4.691076237064329746e+00 6.201470505596420324e+00
5.937887686407516519e+00 1.300930889950596470e+00 5.624419485879202263e+00
3.184284680211553198e+00 5.656871549890154505e+00 1.652491827562378113e+00
4.524027614995111080e+00 5.513508103835158103e+00 3.390812206660843486e+00
5.757132672532724094e+00 8.862341998922587116e-01 2.661929235844611608e+00
5.979488844326412700e-01 2.894382806647753714e+00 3.478501228922114663e+00
1.405882003599599805e+00 2.057875065093031530e+00 4.299819227972526470e+00
1.194408541846935679e+00 4.041741710022674461e+00 1.648622972763669203e+00
1.445712118135029423e+00 6.202897725825744502e+00 2.824369995474591555e-01
1.426917053829317716e-01 3.034711431134870629e+00 3.076303923950666874e+00
2.093205626919111495e+00 4.798488222805785242e+00 2.693734226178768676e+00
1.633504305926611888e+00 1.859694596402227562e+00 5.829640677282545091e+00
4.347449463895701527e+00 3.846492161985884728e+00 2.044162551826751884e+00
4.874734610572267535e+00 2.979661937449699316e+00 2.080443447113649480e+00
2.010189081837536751e+00 5.312911602725748361e-01 4.486455997845864019e+00
3.863840904846249646e-01 7.641785717147528967e-01 5.744223590350361341e+00
4.355844327915871617e+00 3.451257580008836090e+00 4.618422158972250280e+00
3.156157395432851676e+00 6.156197883100841928e+00 5.664547764668951046e+00
1.386452550971893016e+00 5.089395326077862158e+00 8.496706793912247591e-01
2.771136977229329723e+00 4.957728450035747692e+00 4.371598019936800306e+00
1.098126075737219765e+00 2.209181712947691500e-02 5.569781066370479650e+00
1.064512084542187931e-01 4.788288344112197059e+00 4.873265080877517086e+00
1.493653716270285869e+00 3.902835096195665265e+00 5.221325007378546879e+00
2.136614140386329908e+00 4.849398418024891910e+00 5.131402301078630934e+00
3.491254278865528970e+00 4.916149125620818516e+00 3.852666021927747320e+00
2.109635787670392837e+00 3.037088044694388422e+00 3.666531564442901292e+00
5.960139863390558013e+00 4.150651184964130103e+00 3.921840723643745363e+00
4.807197273172457486e+00 9.657822165073705056e-01 2.307655951137068395e-01
5.784636729629987428e+00 1.691403659452365815e+00 4.883835056371347960e+00
1.772296158299685009e+00 2.013599597673703556e+00 5.474224898233267744e+00
6.055646010038955751e+00 4.617778613235890894e+00 2.562997322749418050e+00
5.141208757494735160e-01 5.179231480240556351e+00 2.372200569407562298e+00
1.002932557494166987e+00 6.279807803104739961e+00 5.815237507023599761e+00
6.095589205473664229e+00 1.874145961307813968e+00 6.468653235675360103e-01
4.107487446999736669e+00 2.811561439103394733e+00 3.431411186328592322e+00
4.744611409549161607e+00 3.690750818705076597e+00 4.285381348510135524e+00
2.403953014645334285e+00 4.221438470644446106e+00 5.096590940429847727e+00
2.232140845135899720e+00 3.825328369501995951e+00 3.405104976035799424e+00
3.621658443809181005e+00 1.137290048734222125e+00 3.193546143754961708e-01
3.065120665921495791e-01 3.897819897191695748e+00 3.339796805137904112e+00
6.208911800794743918e+00 4.021028061592730296e+00 1.592755510596221891e+00
6.416564082460406437e-01 5.898643654511071865e+00 4.246925867335560767e+00
3.665632359635893067e+00 2.674287868219933806e+00 9.811939408522569739e-01
2.037421702474436991e+00 9.255040290697000849e-01 5.154364347282879955e+00
1.228991995084204092e+00 5.906987126055804893e+00 2.834236874562911179e+00
3.097242605724798814e+00 2.203991103061133661e+00 1.574590610665105528e+00
3.190122262591065017e+00 3.026935864199784554e+00 5.215612971088575023e+00
2.213456331685148104e+00 3.499951087326512944e+00 1.492855480056810791e+00
3.285822035091172211e+00 9.709487898223896352e-01 3.581849953356865068e+00
2.106790274391597162e+00 5.711598879921126581e+00 2.949392931597845657e-01
5.994112876488324915e+00 1.972062056432591470e+00 5.885715516974820538e+00
2.442501560285770701e+00 2.007218101998591742e+00 2.699807022314821836e+00
4.787364549266862057e-01 3.877385095641112250e-02 4.946296592472592124e+00
2.186685636636783059e+00 1.955204601327718006e+00 1.690686707999709215e+00
5.290003235598756071e+00 5.680780724612155552e-01 3.981660546499668385e+00
3.586598495337394610e+00 4.079699748182270547e+00 2.921085029673299971e+00
3.245815503030611726e+00 5.843669890885577978e+00 1.567373111297278854e+00
5.519971879295397343e+00 4.255312482879590519e+00 6.207879254834709926e+00
3.373183728187520991e+00 4.701200744724678415e+00 2.829403094687170661e+00
6.141683896655208308e+00 4.806311332237826583e+00 3.111124524498121158e+00
3.301579547985272090e+00 2.134931490675796795e+00 7.760720952459994049e-01
5.258467512597161608e+00 4.046852746049471428e+00 1.866380408002041191e+00
4.511762266188010351e+00 5.949417539522288578e+00 4.081070112302519481e-01
1.436731890912146814e-01 3.285965672903499168e+00 3.578194431920371343e+00
3.428901476658555048e+00 6.776038775010981841e-01 3.178982182459928030e+00
2.993691449756812784e+00 5.256461803770867469e+00 4.168239789295141051e+00
5.530863690587001225e-02 3.463994033584015586e+00 1.704521461446936392e+00
5.478097690019136934e+00 2.347748544934468384e+00 8.429027928312908813e-01
6.000124980841146094e-01 3.644273683079846560e+00 1.005890420935074081e+00
2.734958839316236734e+00 2.404237295592817070e+00 1.614245888424069575e+00
3.057437576463460371e-01 5.089562515713482505e+00 6.115672965946295392e+00
8.854919153421093592e-01 5.261417010895495849e+00 4.147918985215868659e+00
9.018267739125739313e-01 2.049507600242159722e+00 1.944351790840957994e+00
2.157606475914799926e+00 5.859929672444881277e+00 3.418587243234713302e+00
2.205417086573144392e+00 1.206897643855234126e+00 5.002292681925236018e+00
2.914458897292103945e+00 1.899586353218170320e-01 1.857111713477960890e+00
6.088521565364541921e+00 4.193741109328634309e+00 1.892248824127890972e+00
4.677991148152254475e+00 5.628670471007449549e+00 7.620743423863634014e-01
3.544803571131058373e+00 1.453329555687136621e+00 2.381313178004909936e+00
4.327733605388226046e+00 2.112207395218617556e+00 1.344066540425851164e+00
4.126745816331887917e-02 1.381602884580601875e+00 3.257219425415974090e+00
3.178400859319117977e+00 1.168118690030659046e+00 6.002206803927060186e+00
7.643205860225291692e-01 1.142477010250244618e+00 4.630091575099628542e-01
3.602585463503721108e+00 5.826671064600179584e+00 4.890632591791830741e+00
2.271828452903719153e+00 5.810662935570734433e+00 1.275658340553894154e+00
4.848711524518627414e+00 3.427587543129928971e+00 3.155095362454179764e+00
2.315865034050150317e+00 8.881202565073663679e-01 5.576273332130785715e-02
1.508544899505182446e+00 2.607637723209952796e+00 1.858116714390362301e+00
2.230537499093167675e+00 2.832611003644398551e+00 6.020062423200299051e+00
1.713983858407509331e+00 1.417401795507080786e+00 2.959250503487718564e+00
1.740917777656141530e+00 4.272739639865557493e+00 4.515768905420437740e+00
3.023920391518588158e+00 1.404984836355611222e+00 3.206703560332193614e+00
2.027190880787343108e+00 4.673904633729494940e+00 5.039973101450799575e+00
9.722387361501391156e-01 3.013702796606140044e+00 5.900986223639523409e+00
6.211563693924220253e+00 2.583474071644788483e-01 6.786031582943611307e-01
2.968481447023601838e+00 3.825804982868875381e+00 6.889995980679070042e-01
2.465554969510967975e+00 5.731706737793063944e+00 2.457185985663183470e+00
5.449125976494470613e+00 3.187551638832336387e+00 1.491991503679358066e+00
2.404218159855300740e+00 8.286798836061811668e-01 6.005336422180099554e+00
4.628376611259367834e+00 5.070061930861084143e+00 1.416221875738391089e+00
3.289316812770872733e+00 3.080850371415664757e+00 3.998302684531909179e+00
5.568393728420784505e+00 2.598469132139220150e+00 3.739362305938559450e-01
2.892292622346374298e+00 2.934758740545488909e+00 3.057358397291304986e+00
5.922706899820112447e+00 1.409745439868785644e+00 9.877289005747749151e-01
5.161763365421554894e+00 2.984598075950780083e-01 4.653208863056917721e+00
3.030439137005419781e+00 5.102059075923550679e+00 2.678023150505264294e+00
2.907821673800438322e+00 1.971128713291736334e+00 1.898127982305701567e+00
5.291979408549056352e+00 3.995014898150141658e+00 4.508571562404205757e+00
5.591601803333936527e-01 5.372219137126572619e-01 5.640295217284561957e+00
1.977455618046498387e+00 3.660525404837434493e+00 1.190482411701964560e+00
5.577081591835694852e+00 5.408191898826805399e+00 2.774561495542580580e+00
2.244039410632911569e+00 2.583764125658057687e+00 5.263011818663391850e+00
9.646016612836123549e-01 3.824737919462207092e+00 6.074811010823180091e+00
1.397523301706472099e+00 1.765594692792087361e+00 3.984274719958633693e+00
1.827346276601982566e+00 1.294289423371849823e+00 2.148337962275247703e-01
4.957663309809474228e+00 3.637636874844103474e+00 2.350208222496481536e+00
5.023348132205796901e+00 7.916179188536605071e-01 3.520067217401471882e-01
3.399714985304033377e+00 2.365766203404928270e+00 1.091528297399087410e+00
4.861438167642598840e-01 5.925225871203680938e+00 5.592193638763943042e+00
5.736657816822316569e+00 1.598969701379924002e+00 3.024459804481650416e+00
4.206690634633402093e-01 4.218550788164305843e-01 1.573804109068298374e+00
2.419873187096691858e+00 1.292662467039975782e+00 5.249258862148589166e+00
5.160026165558711853e+00 3.046906309956919134e+00 4.291983641580185527e+00
5.001996775306816190e+00 2.968315189900517570e+00 4.653875383501081764e+00
4.597457632796694504e+00 3.966040945555714625e+00 4.690367015509411708e+00
1.299309970837935424e+00 3.947859842779181783e+00 5.303761712606428619e-02
1.434845974488664799e+00 7.766899453348186100e-01 8.216169430971792531e-02
2.518978930444369269e+00 2.660839040036657721e+00 6.505356260341905728e-01
3.923131768412192688e+00 1.978752856608548383e+00 3.299602813888418584e+00
4.485127248964362878e-01 5.103407649900535858e+00 1.047293184346209660e+00
1.714777685268887852e+00 3.309115194280154881e+00 3.924250982820485678e+00
2.199409891889485991e+00 4.542551423799990218e+00 3.567245281810256685e+00
4.659287375727682701e+00 5.205408493662503133e+00 9.778778917020313211e-01
4.826382073236527681e+00 1.428198930225950569e+00 4.082481013511516821e+00
1.345833073284419035e+00 1.850958421077366189e+00 1.530860559662033049e+00
4.664834243840261685e+00 4.118078949703591007e+00 6.490249560441040400e-01
6.196667405471483647e+00 6.180109134401446935e-01 3.332153243194836190e+00
3.278198917402541657e+00 4.591841107839677583e-01 2.898590299423663641e+00
4.486528733766639299e+00 1.097931743854416942e+00 2.953057225714475820e+00
8.752602839894826903e-02 2.394040883131205000e+00 4.494164661477404010e+00
3.263315732729219043e+00 5.742691655192982303e+00 3.880807624537090383e+00
1.165879379004512995e+00 7.869260159695180834e-02 3.824812656153054213e+00
7.401610844465054129e-01 2.183982170378209187e+00 4.780935473963546123e+00
1.699503854506732248e+00 1.636943950227612854e+00 1.362217348989614774e+00
4.329739949204499894e+00 4.827695457469729057e+00 1.946036185994341583e+00
5.548717736187291472e+00 3.676487366086515163e+00 4.402745659968168468e+00
3.565446772709414347e+00 5.154609011834601517e+00 4.052773880100668968e+00
5.333142534528023226e+00 4.600422849791624635e+00 2.922861768595861331e-01
5.705857382930197730e+00 3.263066134677777175e+00 1.127621857349839773e+00
2.188869538290474814e+00 5.818100714602812751e+00 2.304462431674196399e+00
3.663553440876993861e+00 1.379963256274612915e+00 3.822012235025064264e+00
5.241755964155654368e+00 1.415540565386820937e+00 2.346989577279465777e+00
1.897594495556488292e-01 1.985145678505793709e+00 6.090822269593154203e+00
2.335306775653517519e+00 4.855011731764117044e+00 1.022135918031513935e+00
3.800828327326306599e+00 1.885360978205626314e-01 5.231335284460880253e+00
3.189696774775292454e+00 3.378864005615750621e+00 4.295931525655631411e+00
4.474632371426958244e+00 4.394625750719929336e+00 5.528379701677498481e+00
1.870985216126927586e+00 1.501975168046518316e+00 2.763013758288716204e+00
4.083424617509510135e+00 4.429364181454941374e+00 5.146573920278351366e+00
9.820976560361965868e-01 5.183265469164457073e+00 2.146406402629965626e+00
4.015515190491730557e+00 4.942191973518252013e+00 3.841899384302610354e+00
7.949699080971880383e-01 5.225962282530344893e+00 4.078263727856481502e+00
3.211369453975891908e+00 7.188082604818348820e-01 2.883871156895140064e+00
2.029076821657979757e+00 5.075859963227550509e+00 3.816200677250274342e+00
6.235502152368824547e+00 5.843873623546373075e+00 3.427960322127482917e-01
3.277348641509698179e+00 7.626720062308692816e-01 1.113419743416153684e+00
2.649798126546299981e-01 6.585308521240822444e-01 1.553669670855777785e+00
1.083134687942312269e+00 4.986491549875671225e+00 5.548625219304674339e+00
2.249090458757920352e+00 5.143251110550187022e+00 2.007433418145487369e+00
6.051949659906213919e-02 9.919411140667862004e-01 2.425703575824317060e+00
3.901721073404633255e+00 6.269790210897490113e+00 5.603919203267538229e+00
4.454960163923547434e+00 9.180313267679072187e-01 5.061961844909141028e+00
4.604324853134805551e+00 2.863658146434865603e+00 5.873487964191012267e+00
5.753903466345055229e+00 3.721776699755103390e+00 1.805682593976985384e+00
3.933761476929355183e+00 2.655382752797451840e+00 2.280643608148133605e+00
4.773223157481099044e+00 2.432564954505298083e+00 5.432200548925225192e+00
3.348072949705089396e+00 5.629937901134876022e+00 4.174162487486761108e+00
5.372746894844683929e+00 3.541453073668459517e+00 1.576962688190625572e+00
5.358295907890304299e+00 3.776960198104438948e+00 5.527205842688107218e+00
4.547083076405020741e+00 3.922046419941675577e+00 1.201477024757211742e+00
2.931027776124052853e+00 3.684688556648676894e+00 4.352170570696676677e+00
5.636849393119597096e+00 2.923652081302721584e+00 5.340680881379851641e+00
7.636640895962514275e-01 3.744801262491745941e+00 5.409097243062638505e+00
5.098814852936786046e+00 5.994743312850922656e+00 6.632294435672932142e-02
3.951356287320839100e-01 4.298730984305410452e+00 6.003469587551310660e+00
1.387419658374456910e+00 1.419264003845762900e+00 3.949725582880752484e+00
4.810281902385052710e+00 4.077363118092770300e+00 1.271814804748338412e+00
5.747516981834643879e-01 3.603040872732793942e-01 4.734326885623454828e+00
5.146393438967844958e+00 5.573361253391871273e+00 5.281672955571727002e+00
3.612167768763861364e+00 2.908680481874272861e+00 2.287531789286390449e+00
3.743141334773886886e+00 2.287288980272761396e+00 1.923192894616887028e+00
1.124819132150389478e-01 5.038482707294211771e+00 5.994154656508904999e+00
3.075811118960865009e+00 1.021290943475244406e+00 2.784889888888388398e+00
5.439004156783493471e+00 1.290845920784775114e+00 5.275279773651556425e+00
4.946063488635041416e+00 1.965903128947678269e+00 2.403675938004817159e+00
3.577144961805308054e-01 5.280579889808965088e-01 1.070260431636370413e+00
9.179619989016104542e-01 4.170810833205274903e+00 4.549274603282310037e-01
5.831457311117969056e+00 2.728819429356888371e+00 5.529629684611009566e+00
2.331150729636144892e+00 1.030464706884868464e+00 3.690585245521031066e+00
3.828611410610373689e+00 5.962719558498336347e+00 2.125626081010623558e+00
1.153415479461394610e-01 7.549950554522087964e-01 3.135069516938414846e+00
1.045045214260866828e-01 2.902170801668992439e+00 4.373570588284255156e-01
3.454078847548257336e+00 1.442935401001254947e+00 1.923369064772040504e+00
5.303726240424442295e+00 2.143723874875817614e+00 1.042612999111906635e+00
2.033718251575673819e-01 3.343173444810636497e+00 4.569047594829870995e+00
1.041830168248761401e+00 3.890856420632050394e+00 3.541694163351943647e+00
5.790822586124138027e+00 2.781269566442896135e+00 1.352987808448009810e+00
2.026125291581543753e+00 6.281094825219728506e+00 4.379289422884464211e-01
2.528756778447638798e+00 1.582084222181140643e+00 5.231226102530656341e+00
9.320739989515779839e-03 3.782370674840434877e+00 4.658153293460950195e+00
3.800438977354206216e+00 3.011180433605552764e+00 5.627922473425742700e-01
4.990866252802313774e+00 1.960985178047732091e+00 5.907650442154150916e+00
4.212404099437325300e+00 3.326418266383749600e+00 1.531106241948888003e-01
5.354913450125822649e+00 2.251817988045783814e+00 4.056403212558851834e+00
4.668340222189788946e+00 2.183699946057175545e+00 7.338941537413966598e-01
2.280243541325708723e+00 3.277950584849396998e-02 2.268967689040353175e+00
3.448313379988159344e+00 3.138908239510711518e+00 6.177946792944140952e+00
2.850372431627810954e+00 1.362027371906001205e+00 4.364690093810441596e+00
5.523178257729067120e+00 4.036904673639860164e+00 8.440234991545155774e-01
4.088724678064241225e+00 1.043894461478585223e+00 4.472666244280503633e+00
2.550254593680633675e-01 4.988521897322836018e+00 3.501207734477087552e-01
5.823685807584509710e+00 2.574395519981255820e+00 2.283982267685757073e+00
5.306201382364736929e+00 4.630097109677249634e+00 8.335156468123855467e-01
4.799192613732668811e+00 3.357609771271032884e+00 4.587765509489448945e+00
2.708531349100289365e-01 3.180711624390244907e+00 3.480338948396416221e+00
6.741094486905370164e-01 1.538023393917973047e+00 5.653789503385388215e+00
4.414696991623673128e+00 4.550868212395679180e+00 4.352012241013456517e+00
5.123788917538590226e+00 5.502233509478426043e+00 3.393275691015464890e+00
6.197447052598491268e+00 3.942012708266856347e+00 4.333786503535772106e+00
8.765269286981385299e-01 2.264870889027283951e+00 1.148880343366773360e+00
2.188721390731754646e+00 2.451615405452632679e+00 4.157300414870121585e+00
2.781187868999988932e+00 5.360082176932124298e+00 3.452189063196410501e+00
2.577554961456534954e+00 5.938445712850459302e+00 2.318419407716596936e+00
3.003113002433366319e+00 6.281948057555284848e+00 5.562397785181377508e+00
3.919172194413460986e+00 2.579500230412188344e+00 3.522743067186644872e+00
2.090620939875710071e+00 3.492112239609663771e+00 2.637808247573758980e+00
3.231337973013001630e+00 6.045489243640399302e+00 3.335005158941782621e+00
4.721630054901004847e+00 3.338531830330038197e+00 5.466823368584491583e+00
2.790895870457496653e+00 1.861554992579559586e+00 1.636532300702914000e+00
3.276656565491022022e+00 2.496058761236605417e+00 3.735117408646312587e+00
5.168141979212002468e+00 6.217846652808334262e+00 4.826132401599909194e+00
3.488284647930287363e+00 4.281938581359922225e+00 4.270319041043435959e+00
3.982934912453254039e+00 5.059419467196870634e+00 2.023351430579763299e+00
4.059005706790920875e+00 3.097775354327043651e+00 1.404095149309416257e+00
3.298205745801165989e+00 3.845493760805059225e+00 5.090886918814485629e-01
2.598462700022300176e+00 3.210530974329410370e+00 4.994813279133221151e+00
6.037665631474542494e+00 3.863678575007651883e+00 3.067136646910395559e+00
1.888147489540441981e+00 9.400089639664636065e-01 6.261864206032115021e+00
4.388527737982069965e+00 2.432117911993337156e+00 6.220281012120302933e+00
1.331414982716948137e+00 1.990381828267037800e+00 5.069105760638114688e+00
5.062201333562537542e+00 5.036302175161629258e+00 3.825297934482335460e+00
5.220059545706000392e+00 4.809611742116251532e-02 7.904664627303211732e-01
1.430190275410041512e+00 3.253933714871722671e+00 5.069458532995220423e+00
4.925791555715104963e-01 4.035815809314196478e+00 2.867224761786204557e+00
2.398466738042146940e+00 2.892186324169205847e+00 6.966919752443083702e-01
5.393408028488635431e+00 5.347954611948503967e+00 3.595662257610472423e+00
4.101563062793165848e+00 4.877451366839454572e+00 2.560888291138313511e-01
1.167682737394830195e+00 2.880000532088363929e+00 1.383482119700618851e+00
3.396868814528160030e+00 5.452866516150508325e+00 3.499214168362059674e+00
1.192387065280226865e+00 3.991992815790278204e+00 3.854408131901169821e+00
3.788702343073635515e+00 5.360759557327761549e+00 1.285353801899586479e+00
3.860925263611228786e+00 2.629963856598512617e+00 3.216514574251163161e+00
5.587809851533632965e+00 3.105614582249868416e+00 9.639491205460147816e-01
2.658664275910229691e+00 5.462691845719477080e+00 5.265255375610882638e+00
1.726868110321028382e+00 2.930908031186297613e+00 6.557770542469789632e-01
3.824645055115989845e+00 5.805688803630106420e+00 2.576387178127023336e+00
1.006061657177077739e+00 3.664950496858649487e+00 1.133143595052291008e+00
7.832015348192162829e-01 3.910943416438381615e+00 4.747485787166960680e-01
7.443690080448992497e-01 2.832153433995215241e+00 6.000338023389908848e+00
2.854983222566279455e+00 3.286579770220624308e+00 1.436729626042442476e+00
2.916512924245698191e+00 5.383815454557091762e+00 8.603591208139387270e-01
4.560247826317135988e+00 4.597223460385353455e+00 1.262390642207114499e+00
4.333973313839892261e-01 5.449124775164046142e+00 4.729331234747983892e+00
5.932053910647391071e+00 3.250125940243196787e+00 5.691720919259413591e+00
1.786844429416800661e+00 4.559870031851382954e+00 4.358116349520298805e+00
5.941036439559499449e+00 3.039124651240085129e+00 2.476994050165797212e+00
2.696235316178873465e+00 5.674959124856168380e+00 4.856776348339995941e+00
3.366138478856523175e+00 6.034091095770224733e+00 1.740010682189512048e+00
2.165476811083015818e+00 2.138794000917276783e-02 2.830138357223770385e-01
2.094823672856662711e+00 1.750288528492457196e+00 2.385127845476491260e+00
3.097856002963571775e+00 5.828974519375939245e+00 2.089098588025826153e+00
4.243368410406673341e+00 3.593521477823271137e+00 1.464354495911752985e-01
1.889354855948081946e+00 4.336242446785798066e+00 9.356414473912884056e-01
8.993855387243550048e-01 1.981962995259198557e-01 6.211842142759373964e+00
2.520305738212294866e+00 6.109102104007726908e+00 3.743478473824546793e+00
5.547650253873780635e+00 4.227937241931265078e+00 2.357868986281575818e+00
4.131048472817927752e+00 4.254158686653249255e+00 2.136209013841414983e-01
1.076533979011427222e+00 5.804449514836284685e+00 5.238681033062174919e+00
1.124178557417885527e+00 3.425362524174837553e+00 5.648065074912931749e+00
1.648206435861932384e+00 2.358259073079616908e+00 5.875865142529466567e+00
4.021591074110831165e+00 4.833709128478651529e+00 5.038898840369150811e+00
3.654276226981868714e+00 1.319368069645511676e+00 2.597288244698080284e+00
8.816921427476758222e-01 3.139129761484775738e+00 5.521101864871527098e+00
3.147179124825001395e+00 2.666544739533564634e+00 7.263431386175331905e-01
1.338962659653367693e+00 2.751672468751095391e+00 4.962215957391425292e+00
8.366173593230986638e-01 1.946528427364855096e+00 3.050246862760303657e+00
5.946656188249419550e+00 4.351134346577851808e+00 4.065643204725251536e+00
2.270348087875038612e+00 6.194230635461067003e+00 6.113290005542544314e+00
3.122544695754278621e+00 1.068460488399278985e+00 4.048761915310381099e+00
4.935677396844276643e+00 5.936686953098021746e+00 7.731668795712501874e-01
2.568038747128122523e+00 2.284980320790255703e+00 2.473492308938874729e+00
4.815247472724125011e+00 3.150098012744245946e+00 3.823212183247655105e+00
2.494088257056201297e+00 5.450213046646144477e+00 1.721797564822498128e+00
4.719786588514842229e+00 3.433694540801939254e+00 7.136212071666376833e-01
2.230513154605483273e+00 4.402681720210723348e+00 6.270529030474796706e+00
2.189756622600662173e+00 5.231745836003542927e+00 6.082098045765609307e+00
1.594807700147203411e+00 1.231812382978956677e+00 3.546278727164009048e+00
1.147815962608282891e+00 2.874078451893797403e+00 3.318898189854754044e+00
3.881147977790127435e+00 4.062999861825153047e+00 7.577815512877349446e-01
2.541865567256063052e+00 5.471546814730301911e+00 2.573248659849179720e+00
9.496797617834711325e-01 5.476577798696105503e+00 3.258249575287670119e+00
4.469906199069609620e+00 4.488620622700307372e+00 4.404121976828775153e+00
7.480606893065482321e-01 2.163530300198583056e+00 3.805676403654106199e+00
2.925795549163520803e+00 1.625763578955960131e+00 1.087813545338965904e+00
6.192183737589585846e+00 1.210047572264587590e-01 4.789275996308492545e+00
5.232118282992607838e+00 5.818311771906746976e+00 6.281292610468264925e+00
2.165769077613068472e+00 5.795152437269867285e+00 5.211556192597243786e+00
2.245000544701817091e+00 7.069989806605851967e-01 4.461643440209053679e+00
2.640079525068793842e+00 3.204088870225295871e+00 6.369198081974724035e-01
2.770792487832040685e+00 3.247815437060313837e+00 8.227932434563544062e-01
2.214259637425263494e-01 3.484395808650072368e+00 5.483228733032043944e-01
2.590201072218990541e-01 4.389739081625589456e+00 1.827981878110857217e+00
3.992405626374613714e+00 5.994655848133494835e+00 4.092171765309835507e+00
3.020476331179382967e+00 3.218028157300685255e+00 2.501400585501267759e+00
6.413302810714482938e-01 2.225498655291777261e+00 5.621761654383048423e-01
6.238431505061345028e+00 2.069024108959788055e+00 5.884762799263802968e+00
1.484987658880509542e+00 2.883276932233367784e+00 9.591405000202020137e-01
3.084775254679009482e+00 9.923136950743491891e-01 4.360564104902843852e+00
6.107755582406831252e+00 1.591595282720765114e+00 1.354571882244288705e+00
3.567791288671567251e+00 4.236010960981818840e+00 5.738312721578836317e+00
1.503305329525594258e+00 2.141984967481429525e+00 1.738425048981503407e+00
3.216112155268119333e-01 3.252543463282151937e+00 1.879215642944155551e+00
6.180713992306663407e+00 4.575698357619987000e+00 4.494635194884415985e-01
4.097197812306328402e+00 3.270489614381658861e+00 4.951512381295806620e+00
1.479085604577923929e+00 2.083984422951063120e+00 2.124200467001490900e+00
3.134837559521149952e+00 1.729328948144136513e+00 3.613095604875645961e+00
2.186395362297284706e+00 1.307179241885326526e+00 1.569161846750695588e+00
2.788465689721780993e+00 1.852859654313413262e+00 3.898883184115979450e+00
6.192139054788105668e+00 4.232375107119504265e-01 3.795838874190192502e+00
1.407734718147682473e+00 2.930442944876490596e+00 3.774730737922643353e+00
5.894454254987887332e+00 2.176935047914626331e+00 5.501798989186647226e+00
5.035630606908164886e+00 1.613417435994749072e+00 1.934229782477667969e+00
1.616491329890286544e+00 2.829123121721580869e+00 5.535667756979576026e+00
2.015487085532505329e+00 5.505427902850079214e+00 4.389633782981186449e+00
1.371287157128683321e+00 3.483432552093144730e-01 3.775164053042585177e+00
4.357336469243122679e+00 6.073735585473579057e+00 6.115063710587576473e+00
4.956438270734405904e+00 1.733319819414146590e+00 3.739958061302256720e+00
4.793513633130352503e+00 1.803231660786415724e-01 4.231795484169761146e+00
5.925311575542871800e+00 2.366481525665908858e+00 3.310510751555570064e+00
3.333945747785427738e+00 6.375700934773307349e-01 1.321322402354644376e+00
5.375877417013890991e+00 5.024573208172443017e+00 3.305162360920879561e+00
3.206595475232636883e+00 9.163583859197725889e-01 5.748221380866748831e+00
4.908855191956448039e+00 1.037950725875283198e-01 2.507528888248993670e+00
2.472267643746934418e+00 4.401940349787135887e+00 2.663071716837944081e+00
3.096742874493521036e+00 4.463766535803069146e+00 1.302774102443073678e+00
4.340578410991376757e+00 5.393450548693888180e+00 2.480100223490880662e+00
5.250586721246667032e+00 5.288258621514899005e+00 3.290598391657057142e+00
3.134473538944810400e+00 5.381010144606612755e+00 5.683967077704101811e-01
1.868970879269282515e+00 2.767492397084224121e-01 2.023106736876034262e+00
5.236191667475234013e+00 4.087071132673719909e+00 1.175895843885266911e+00
5.323359254959389553e+00 6.115003300897580374e+00 1.762824889314004162e+00
3.162812411436260351e+00 9.992894210864239346e-02 3.924299127261744680e+00
1.009156657869039853e+00 3.057293037679480463e+00 5.409600867620160791e+00
6.131536626871060491e+00 1.395123277112698401e-01 1.867793084123663183e+00
1.036697243552960890e+00 2.980054411438726181e+00 4.031964576617807161e+00
2.413328755979309570e-01 5.995464312452118527e+00 1.214027452603439361e+00
4.640300076396416173e+00 5.339574963447640599e+00 5.067778542690458465e+00
3.689650200802393254e+00 5.626311566073699311e+00 3.752938015559756924e+00
6.042433432747111866e+00 3.542374005508484469e+00 4.254985910727924647e+00
3.195949684768283894e-01 3.070800260500012868e+00 3.866592524636289774e+00
7.156472628341061792e-01 5.360164817407601312e+00 1.247389371365435151e+00
2.900072517028879027e+00 4.006045298799876697e+00 4.724361911111908618e+00
5.517571996007871071e+00 2.203853803299836489e+00 3.345660277111143444e+00
3.122944743688842006e+00 4.504432169810121067e+00 3.041713583340631466e+00
5.998578821244622716e+00 4.280722206191423851e+00 6.095395603835929599e+00
2.489909662224084053e-01 6.915296942483514231e-01 5.095939746291227479e+00
5.122200346926927494e+00 2.168424067177696646e+00 5.872720618768603629e+00
1.741967816695807691e+00 2.182128289592992321e+00 4.666854693929419540e+00
1.256821143454596834e+00 5.980778150300960050e+00 2.135471017518492332e+00
8.881447087659491979e-01 5.438702905860334225e-01 4.417616508498998229e-01
2.755000468156981075e+00 3.440058488718579444e+00 2.814918491764954567e+00
4.609829658023859800e+00 3.682446598789073100e+00 3.618086174605501970e+00
5.243007008195290197e+00 2.776135254118008433e+00 3.279230838569848760e+00
1.899140666006885914e+00 5.079911851675955603e+00 2.998233306221186889e-01
5.980271616369733145e+00 5.085486026688714745e+00 5.583830481616883112e+00
5.103199475579399902e+00 4.034636264909829267e-02 6.013519943119095323e+00
3.539102267199091822e-01 3.143511883472681401e+00 4.930283406380895350e+00
4.690635504609634410e+00 2.197241618261019713e+00 2.553800503124283861e+00
5.250398629649414950e+00 5.908258489602468799e+00 1.718002322739859089e+00
1.885950318085722055e-01 5.899930468994414312e+00 3.858152880326367828e+00
1.915070684943272372e+00 4.205579805876042521e+00 4.175666933467407915e+00
3.974633591546214095e+00 1.440899009037111655e+00 4.587446087554705620e+00
1.900979833080561399e+00 5.788209099719859196e+00 1.968366574617798903e-01
7.273319825911318814e-02 7.147017670500468434e-01 1.700923177825274246e+00
3.659154421844147187e+00 2.668928266059734877e+00 1.283061500753066797e+00
5.052407215182905809e+00 5.410888626930796086e+00 1.322520880263411969e-01
4.654488403507873073e+00 4.906698023477038539e+00 1.683317265145724217e+00
6.055351234579249287e+00 4.037648060621161494e-02 3.157703406393847612e+00
9.733935030427914858e-01 9.562482260029084857e-01 3.986855281873446177e+00
4.906160777200932799e+00 6.139246587657585241e-01 4.708856859906418002e+00
2.407044003434219093e+00 1.207758567236987046e+00 1.474488650430907155e+00
5.596389268948490425e+00 1.461472709828439687e+00 8.861011938285192624e-01
5.898090242645082526e+00 2.802660727916373995e-01 1.846318801102611484e+00
4.370177267857449976e+00 5.782219741684951231e+00 2.877396484935898169e+00
2.926272855775005954e+00 5.851663734355493141e+00 6.816499193193985562e-01
5.758080122793168165e+00 4.556278831291038500e+00 5.590118013157605592e-01
1.433787391501330832e+00 4.853125963297650891e-01 3.943541701894384577e+00
5.406778845815236600e+00 6.171377094900667437e+00 2.868109518216695353e+00
8.856957671462318826e-01 1.577683488481072871e+00 4.357883072992690288e+00
3.307833757260335350e+00 4.832195660488340927e+00 5.228318968885688811e+00
5.588556416753827527e+00 4.941767469392320145e+00 4.462245557079238978e+00
4.134819011159054369e+00 3.866405711362536302e+00 3.207923111150306372e+00
2.514924270670334749e+00 1.094694199694351555e+00 4.256502979406624476e+00
3.429810135059732978e+00 3.412149373175097505e-02 5.181976077212439691e+00
3.978937302835011458e+00 3.422204343220123679e+00 5.154475937194544777e+00
5.064609555710148925e+00 3.166765069279041001e+00 3.899409299628604941e+00
5.956587274516267350e+00 2.960778166027776326e+00 1.385876087819796876e+00
1.280802898221252484e+00 5.168410138266955833e+00 2.385675412291683894e+00
4.882048596811809915e+00 3.157302904456769643e-01 1.531193932826376836e+00
5.254724649516741231e+00 3.170258277118466861e+00 1.840481296640090969e+00
3.035241491738781328e+00 1.139981040158364739e-01 1.760986019117420087e-01
1.806088533216172465e+00 4.687750633606466266e+00 2.467714087580814564e+00
1.934273169610207788e+00 4.803677215350329099e+00 5.648181847270439704e+00
5.138472780278958041e+00 3.640363968946966455e+00 3.359227287169616716e+00
7.277588147668541119e-01 8.117166403619757720e-01 1.176834863074632365e+00
3.063756182493746039e+00 4.401410604870559240e+00 2.777787457833508888e+00
3.805830851728681630e+00 2.985686631318677176e+00 1.376260802790393978e+00
1.760388376540806821e+00 5.527881984864721154e+00 7.566449716007163095e-01
5.940310298852928383e+00 1.146119177712182857e+00 2.920117223870175138e+00
2.456877719111812741e+00 3.950149486581261637e+00 6.225451448353023665e+00
5.735906438834735610e+00 3.399019681164504370e+00 5.226104189852130016e-02
2.802442611167083264e+00 3.241612632885330303e+00 3.258341381175674289e+00
4.794421742160190902e+00 1.778760231027071370e+00 2.103874124598372752e+00
9.719954390016468659e-01 2.492056823942542021e+00 3.776433239752918780e+00
2.462199784242523393e+00 4.724890227026269152e+00 1.881035415287859447e-01
1.809616270244182479e+00 3.595172520117925430e+00 2.872799351133139112e+00
4.964986462058591066e+00 2.581497559449765333e+00 2.238260175323340651e+00
4.521890985092409387e-01 5.469711240963569310e+00 5.123845133650145378e+00
2.504734587782685207e+00 4.413061184876068133e+00 1.813691567179708697e+00
1.775064209657366332e+00 1.435662942898459971e+00 7.528753993128139976e-01
4.945955950676065527e+00 6.154650168742494820e+00 9.514866127007399754e-01
4.027072407047326053e+00 1.612891119812339014e+00 9.369696661818912586e-01
5.463520681891373965e-01 1.576931601794609117e+00 2.045111379334655588e+00
1.501663876288498845e+00 4.478005737427534605e+00 2.993499651973284270e-01
3.237918124606641079e+00 2.947319725303756854e+00 3.470132197523014828e-01
4.210620619145077015e+00 8.818295378284766173e-01 5.947038740970957527e+00
3.060239604381012946e+00 7.991373653982898340e-01 1.767720262148685606e+00
4.722091209505625553e-01 6.007815064957989781e-01 1.943539490729357666e-01
2.833212265367279326e+00 4.284933530948262792e+00 2.241127886219667076e+00
2.256358000541945075e-01 6.125583362355566663e+00 4.058670456507317503e+00
6.270279978025379286e+00 1.050796007350427441e+00 9.346756575752765972e-01
3.443434098954440525e+00 5.941804441059522546e+00 4.973766835724680035e+00
3.703131312600509872e+00 2.726415557072742857e+00 1.073780310256815307e+00
4.649291545478516419e+00 4.391356406706118598e+00 2.553563153234006400e+00
1.881414127594785546e+00 4.832540278291939551e+00 5.405016014045019190e+00
5.536205759035067508e+00 5.244129259016022893e+00 3.315028659656002574e+00
3.443674849665557591e+00 4.699765358032643725e+00 3.937583056684420324e+00
4.976528490244325198e+00 4.247705339271354297e-02 5.759707117291538836e+00
5.886025945303219764e+00 1.822190855521267139e+00 5.275393640072502777e+00
1.566782513242026553e+00 1.614379670472592121e+00 4.576713266812907910e-01
9.166333342454441313e-02 1.801504455481816480e+00 1.960330671084179910e+00
6.216116931789505529e+00 8.753209521777790547e-01 5.350825516823183747e+00
3.010147278444860408e+00 3.571485492104000681e+00 1.641491257297585937e-01
1.616244329493206511e+00 1.789200284380762174e+00 2.715642347255701416e+00
5.210838677570132083e-01 2.182698287174487994e+00 5.669685291202700483e+00
4.823604677430356702e+00 5.432618314016226968e+00 1.784564783118059994e+00
3.654320511884639799e+00 2.835681284284944148e+00 2.274015730928136581e+00
4.338198941135694930e+00 2.668389286529141646e+00 2.061407052734507861e+00
5.082285510274585860e+00 5.159691417026847304e+00 4.550951944420036810e+00
6.040413836704831674e+00 5.946463123892203662e+00 7.179353523961862216e-01
5.153319464467273070e-01 1.475257522633428797e+00 1.867710615458150203e-01
5.326485307999285546e+00 4.749411758725185173e+00 5.496707248028530834e+00
5.428113904632009268e-01 4.647972020731128140e+00 5.243417971325405880e+00
4.085173645535302711e+00 5.314516135992117363e+00 5.663010733630496674e+00
1.636653116037125821e+00 2.775646151479476575e+00 5.608859413522089277e+00
3.882720406487277565e+00 6.525755879372377999e-01 5.791403157564876558e+00
2.327718312704329051e+00 2.572630247100118339e+00 1.010747313693466820e+00
4.113629999321618769e+00 2.003182925695826011e+00 4.268736138034598504e+00
2.470742614615377697e+00 2.779806698682717236e+00 4.970989843279088660e+00
3.254777938799453540e+00 3.120073344857870801e+00 2.874252976720375496e+00
6.268336768092583888e+00 2.814984070121569371e+00 3.244789362654247444e+00
4.569221722705822053e+00 1.430257162590119702e+00 5.223523776077203529e+00
5.551528102911295726e+00 2.443085974666040716e+00 3.556160198116222748e+00
1.252727093281822857e+00 3.955700816889235139e+00 2.546194707224224141e-01
3.401185057869557937e+00 2.980769162914797210e+00 4.389488292673429548e+00
4.611914325064373266e+00 1.975256425143080641e+00 5.233530362149418025e+00
5.387900795205898596e+00 2.399940422507284565e-01 1.180842271166223423e+00
2.986633578860379279e-01 5.611037889760694064e+00 4.530365065136770369e-02
5.653848729800462714e+00 2.536560251954432577e+00 3.123626547902171424e+00
2.212726124664771366e+00 2.324348450693973778e+00 4.325366474711247022e+00
5.479694463273157012e+00 1.691647341780616043e-01 2.107334584508278041e+00
2.811803232175018152e+00 2.858891107600781023e+00 5.414708381727720621e+00
2.315905114737466963e+00 4.294215357051822224e+00 1.909825326786380728e-01
1.117681583899572839e+00 3.065331501302793971e+00 9.444456930299193198e-01
2.438902536452490111e+00 5.968607419171995332e+00 4.548476598743526722e+00
3.385404914971791523e+00 5.822526304479283432e+00 5.759502284027616881e+00
7.468148861698800656e-02 3.852661774524777538e+00 3.435164991115543742e+00
5.973998395362906777e+00 3.622337962030375280e+00 3.379513004040416213e+00
3.106128613539875793e+00 1.003957550541407562e+00 3.128135332114389655e+00
1.854977333719232346e+00 4.698861668376899559e+00 8.564450462792118079e-01
5.050704358016792739e+00 7.081844122283694754e-01 5.881899957715464922e+00
5.401889411527499796e+00 4.103521158339067831e+00 6.200636461738524119e+00
1.030489275405871430e+00 1.879315327378899836e+00 4.323542245799054384e-02
1.914756933427146590e+00 5.710411017910034914e+00 2.533960612735013385e+00
9.000514151531135987e-01 5.921626943962313483e+00 3.821817104310509805e+00
6.476218694739713788e-01 5.320558626425188287e+00 4.650627265686070544e+00
1.040156046272607604e+00 4.543134683149701480e+00 1.796705158000998281e+00
4.228394993620807618e+00 2.816354433188850592e+00 1.140277249774145130e+00
4.585997871938113590e+00 2.605195672584383892e+00 4.619828663572457472e+00
2.206116282225503156e+00 5.330265719189505980e+00 2.850909610971921193e+00
5.182328386851126290e+00 4.854774369074633888e+00 6.829024798324409007e-01
1.768080583234147740e+00 1.946307529480584053e+00 5.886196974838440177e+00
5.402849651954115373e+00 4.464560917791874139e+00 2.909738114481134286e+00
1.021313087744118775e+00 5.150583230206307483e+00 4.596340431268846061e+00
5.800677600626659824e+00 3.231990089408137479e+00 6.039286405166492955e+00
5.101757656746878311e+00 4.951495010925444085e+00 3.186240895716292876e+00
1.480098608644126346e+00 5.096238387159115923e+00 1.133588398387910923e+00
2.162759144246792165e+00 2.623712491392718782e+00 1.981456461484615295e-01
5.621973403145110737e+00 2.925138377072046048e+00 4.101520044278627708e+00
2.459114140595619613e+00 1.667071894350059313e+00 1.737342472108795333e+00
4.864719809062117761e+00 1.539836393808456938e+00 4.431070402115391826e-01
5.457009185326363365e+00 3.865656738581879193e+00 4.085122072315353847e+00
2.250563628995909671e+00 1.494040642464914637e+00 1.288983266328129762e+00
3.860571783166511839e+00 2.643559039985045711e+00 3.960253150852822923e+00
3.911293414348842035e-01 3.399242481581462805e+00 4.327084874248941837e+00
2.408637468224857692e+00 1.613935127498708821e+00 1.040673691992197947e+00
3.387598190432742573e+00 2.273806293531591027e+00 6.046088188973976152e+00
1.173968484989859506e+00 1.849279463876009721e+00 1.357602912346172586e+00
8.334995388077820477e-01 2.062923119393815074e-03 5.135534706387983483e+00
4.380504738657619690e+00 1.770516090386507591e+00 5.345669535533493999e+00
4.938941899765540988e+00 2.695068853988781932e+00 6.146756510089320891e+00
3.050844834793405180e+00 5.731915274536574678e+00 3.434597130656192654e+00
3.425652583016298269e+00 5.237545516355542219e+00 1.228639437442883509e+00
1.870434082354678562e+00 4.814167272976917822e+00 4.081499981361900176e+00
3.018104087518902912e+00 1.354535482323431239e-01 1.628252533283375270e+00
4.601641911881188207e+00 2.792386740990481453e+00 5.187372470444966410e+00
5.981232760525329262e+00 3.489155343394717335e+00 1.015579719368589595e+00
1.691379964147103010e+00 1.908512678016028197e+00 1.640584483989354636e+00
2.034304573387572646e+00 3.123288213954621639e+00 1.039246038312975129e+00
9.956847909007709996e-01 2.264569511287062298e+00 2.618571919036841722e-01
1.483442743693678123e+00 1.383990191546583759e+00 1.196920553543235011e+00
4.086850867674374221e-02 7.573889100002378916e-01 2.527223981543962328e+00
1.562461624199861454e+00 5.135136165978604339e+00 3.094807931382574484e+00
2.721994985340124185e+00 1.663118522027784207e+00 3.392495890725697016e+00
6.174962492908692369e+00 2.495498604896445372e+00 1.916093340760941732e+00
3.836081710417240220e+00 2.450095791466035955e+00 4.128936260122157087e+00
6.101788100446210450e+00 1.567265292621417283e-01 9.491040914884274482e-01
4.379689053689912903e+00 4.626094588114894712e+00 1.586750938556136803e-01
1.617791404400319155e-01 4.257965149023574369e+00 2.082326945676266305e+00
2.214029052015237808e-01 9.435393040803767839e-01 3.646223568353523348e+00
1.358042861921500588e+00 1.295929184931220002e+00 5.601798746365747483e+00
4.697716571131190122e+00 5.068668960609795882e+00 4.082940888609076779e+00
8.180899457492809557e-01 2.248725555711349244e+00 2.849765192643410217e+00
1.340515809296635608e+00 7.393348496643188383e-01 2.449820762221864179e+00
5.427240208991489290e+00 6.174521558093199580e+00 2.577645560891940857e+00
1.931338501361474558e+00 1.942945050624289127e+00 4.200960890739505516e+00
1.546130527973954116e+00 3.983604584883989386e+00 5.786431483458104985e+00
3.038634421038759026e+00 4.923125856122012145e+00 4.150421691530331580e-02
5.170474839290172930e+00 2.823483079370340487e+00 3.557363321561863856e-01
4.535701272765612302e+00 8.298471165467544708e-01 2.563421561498881118e+00
4.696749611711085848e+00 1.752470538778379661e+00 4.262635007113760643e+00
6.153851453787926751e+00 4.030210022883918164e+00 4.782885132879221679e+00
1.266900947993183646e+00 9.871987043689759433e-01 1.231028519218247297e+00
4.389400341985070675e+00 3.009765671174689405e+00 2.820088969552352332e+00
4.362667279359884631e+00 8.040261390279295206e-01 2.501610182335490817e-01
1.235436797299108269e+00 4.433459082385687866e-01 4.492388960586197300e+00
5.622611919289624005e+00 1.571220348366672903e+00 1.792206082906012465e+00
3.682431618464586442e+00 4.222729840603618889e+00 2.766593500391079985e+00
5.247706444500312983e+00 4.822421811226333510e+00 4.556374851502591028e+00
2.018439800837066311e+00 2.350459990947568301e+00 4.620415734303272792e+00
1.412114821954736810e+00 5.615893432153875153e+00 2.516067097513281059e+00
6.143521801232950885e+00 2.319962365858137421e+00 2.968849434885660887e+00
2.652502908306316520e+00 5.542623409103594412e+00 4.766434799278513879e+00
2.851396075859838231e+00 5.020178172310280296e+00 2.443304932689443376e+00
2.307470433458725712e+00 3.945091879624871734e+00 1.724098305838385414e+00
1.600502028626398898e+00 1.791680243258175098e+00 5.013629229680192090e+00
4.559056173108968935e+00 4.553476074919214689e+00 2.822558732533224646e+00
3.324967728372370424e+00 3.544458966611836459e+00 3.900449927203261780e+00
2.823441539664662159e+00 3.787969159530529817e-01 2.086504231080662741e+00
3.742232873833791551e+00 3.196934825649228262e+00 7.601473838260125460e-01
2.503234416401656670e+00 2.421330314669970285e+00 4.305280534197406972e+00
1.773003115206172930e+00 1.196174723190066347e+00 1.156833374502746814e+00
1.403642663724227635e+00 2.807242505424455636e+00 4.057207748943750580e+00
5.360387116696180954e+00 5.992752484919602551e+00 4.243487104033744295e+00
4.239175081056260730e+00 1.735366540248163281e+00 2.040300133846054464e+00
3.973551290030243877e+00 4.346096160048790402e+00 1.110394440295414453e+00
1.682123503843286016e+00 6.202082367505061811e+00 4.858604666420315965e+00
2.988557252204044001e+00 1.048988815335091473e+00 3.144107896251719936e-01
1.601962729093838300e+00 2.457417828522797443e+00 1.345333067879371569e+00
2.084272787268791616e-01 4.395433380675015655e+00 2.610298588594485381e+00
3.402666930771052645e+00 3.799676036435570392e+00 5.772941074319140053e-01
2.265223717695134642e+00 2.179028053095169781e+00 2.550838942297683598e+00
2.093190431329790435e+00 6.087836059127353927e+00 1.993626158263227310e+00
8.841575515822878151e-01 2.565444915900766176e+00 4.572308077104052515e+00
5.594366087765525464e+00 5.213313122765966590e+00 8.654942450761758943e-01
5.955594369574193081e+00 3.082031881349144520e+00 4.611722607174860045e+00
2.479834906020724539e+00 1.232347959676323823e+00 7.614595819120691111e-02
4.273523346095710274e+00 1.222069850787961043e+00 2.498030917524355132e+00
4.268350603820061373e+00 2.751874054580243811e+00 3.458545165771647056e+00
4.475469223353942816e+00 5.528771849929715820e+00 4.953475146055111189e+00
9.668285391048273558e-01 8.507014929927004809e-01 1.225537006964830589e+00
4.301513003358256704e+00 6.143575345662434017e+00 3.256670686806830695e+00
1.995844918571704429e+00 2.127477855203156576e+00 2.147908291200738784e+00
5.806630608371526669e+00 5.553018979856275017e+00 4.207777917853819716e+00
1.390943628642589136e+00 1.684145443653748409e+00 5.628576475651816402e-01
1.669150110138466481e+00 5.128713511475996079e+00 4.987636238302505021e+00
3.851098176078655566e+00 2.193831012344360953e+00 3.022070039160480892e+00
1.440025775303330091e+00 2.755746669034437879e-01 2.137077667867313124e+00
1.333985422545398869e+00 4.214689717919996248e+00 1.863640400579107625e+00
5.060695833993080761e+00 3.260190946770492815e+00 3.872884751156287220e-02
2.476066448485835902e+00 1.442685278417986383e-01 4.016393445657013395e+00
3.310992929846914290e+00 3.260112803485265331e+00 1.608424888399617281e+00
5.686722727764210283e+00 1.832777267187144510e+00 6.189872405111233711e+00
3.997525237407646426e-01 6.160118819188014072e-01 4.631787031884432082e+00
3.089932150367644237e+00 1.559286959544550655e+00 5.470742023978126589e+00
3.430274925779641659e+00 9.789915513746811904e-01 8.357426850406455276e-01
4.083180334271537149e+00 3.586344726630048108e+00 4.876945172879164403e+00
4.790225986837321481e-01 3.177467796150452273e+00 9.644810612592925603e-01
7.140783551775781168e-01 3.581293669998029949e-02 5.151777204322126380e+00
3.633087649113022177e+00 3.804003473076114084e-01 4.291989395828672116e+00
1.697195373236820348e+00 5.346648459403056108e+00 6.031368971405528079e+00
2.686134318368505802e+00 5.486235891964744704e-01 2.290016825842041914e+00
5.125158632616230392e+00 3.229528116442984764e+00 1.998168732501234723e+00
9.981808032858544566e-01 4.193708637486715851e+00 1.107866835701475594e+00
1.594954517128010785e-01 4.990500078065167600e+00 2.664750334290979517e+00
4.513036999534042693e+00 4.644309221938157428e+00 4.588655410701101722e+00
1.521168160442644801e+00 3.474099967420971602e+00 8.750684401322790240e-01
5.651954780937631373e-01 2.932239725706732081e+00 3.015425503090241932e+00
1.711689724641797250e+00 1.844918973547767349e+00 4.474628053500664393e+00
3.405500588148362429e+00 6.273956971656332371e+00 4.629189040793355581e+00
1.085910644136966585e+00 6.428661944039609777e-01 2.838343611343070449e+00
4.747389108194077778e+00 5.698511664561750401e+00 3.524458393709429593e+00
5.490275124315977529e+00 2.657686727794810189e+00 3.485962959781048198e+00
1.084208456612791194e+00 6.201449424166607827e+00 5.896239008665787651e+00
2.217031402557607667e+00 2.240700248681056106e+00 4.946151232643641649e+00
3.220165254214762740e+00 4.600343490471045627e+00 4.900829233087764081e+00
3.150413544942143318e+00 3.586634621927963007e+00 2.167344358119977610e+00
2.443561128693644946e+00 5.057382534016322317e+00 6.241321898167157656e+00
5.793501001315557453e+00 6.054460614837692489e+00 1.498733949814755828e+00
2.689367785101396180e+00 3.100042511488716013e+00 1.322155708528824913e+00
4.721921509752819546e+00 7.348906975887079529e-01 4.559298215761723228e+00
5.953404333047299879e+00 4.553299526630851801e+00 1.609170672459369067e+00
3.140917372881701031e+00 5.888568464630450805e+00 5.700706416571780011e+00
5.782976111228597949e-03 4.619937496740191385e+00 1.931868657956153035e+00
5.422284661040158937e+00 2.680562554666043318e-01 4.601109535585470312e+00
1.480780606583304904e+00 1.895239571429558234e+00 7.430684763339618915e-01
4.045610801357691244e+00 3.065416519745136181e+00 4.920136709405832143e+00
5.337931078762988335e+00 4.436128745374048887e-01 1.906849863308897719e+00
8.160210984722411354e-01 3.000395689765351093e-01 2.196903592384093162e+00
2.847397769035171944e+00 3.865316645677947083e+00 4.148407252815718427e-01
4.096031340413405886e+00 3.950168365993156794e+00 3.637277909032730960e+00
1.420534725501741979e+00 3.431205279577101752e+00 2.577702052776452479e+00
5.983443136558217468e+00 4.826795827315455867e+00 8.848382645137079505e-01
5.002465897643562975e+00 4.558543001183917198e+00 3.384363911793906166e+00
4.573556668214362908e+00 1.494276375161845971e+00 6.031787955930571599e+00
2.251832091065783636e+00 6.380318126113951882e-01 3.431371157437538955e+00
2.380854432136633836e+00 5.301312176772204232e+00 3.021176626381517405e+00
5.604756538579358072e+00 3.484064698970657403e+00 5.556279761773405212e+00
2.694420914709507286e+00 2.145313685896197864e+00 5.289111908753312719e+00
1.082035026267458955e+00 1.971161585266502758e+00 6.150235808811398419e-01
1.934764349595794464e+00 2.267912074358873209e+00 2.824178049851459704e+00
6.082304796157108839e+00 6.224070220778512130e+00 3.493985069736562643e+00
6.190375133750672276e+00 3.353694606919126908e+00 1.584826719693579244e+00
5.555349119731504970e-02 4.010303730339157546e+00 4.803201019517670645e+00
2.808053701092299015e+00 5.123321459527947930e+00 1.263384931605036898e-01
3.338527692679055026e+00 4.516059211764742010e+00 3.010854583985216326e+00
5.139465229210215647e+00 3.865095991619682092e+00 3.858741495697800783e+00
3.537931866669661751e+00 4.378512060736543532e+00 1.358662199057336650e+00
1.070261630628494443e+00 1.797695426583987288e-01 4.630178712565690802e+00
5.927709489146649524e+00 5.120484883740023641e+00 5.392560575349348184e+00
3.317047492290793320e-01 4.450768923300961077e+00 6.425944480080277854e-01
4.914216091327280544e+00 1.829005261796977866e+00 4.479432378571573947e-01
5.197336126953457924e-01 1.339647234437173706e+00 1.910674290764156957e+00
3.402158232390525061e+00 6.252572692678416644e+00 3.078608750132741712e+00
2.699071123010572837e+00 4.570152730727205181e+00 1.678932982962834553e+00
5.269428496602051482e+00 4.182415217986299893e+00 4.820416163540465426e+00
4.375747733131203354e+00 5.965242689969359802e+00 2.720552778154377904e+00
2.993517526193431699e+00 4.490938043691640402e+00 1.110226106508107824e+00
3.465671534505039841e-01 4.486550422157376872e+00 5.019104502637944165e+00
2.951313811948126808e+00 2.039700696226965704e+00 4.944906134067454495e+00
3.502251198472467575e+00 1.331707356651870899e+00 4.318018685385596633e+00
6.072501303952718033e+00 4.596889052310746959e-01 2.871017580056405838e-01
5.841081389568433639e-03 3.783531602654446768e+00 9.968773572626634660e-01
1.177367713926215975e+00 4.493242125145781252e+00 2.632017169310334026e+00
1.828255433832391086e+00 3.074791637221739204e+00 8.234761080260855071e-01
4.620695146465648939e+00 4.801769847049775386e+00 1.248504708926448936e+00
3.706484264248697702e+00 6.004362967267788953e+00 4.973412249197454393e+00
2.190728227036878195e+00 6.665036216524820034e-01 2.860070973629912139e+00
3.623536787731550524e-01 4.409528682241708353e+00 4.286416114155816359e+00
1.564685236820665626e+00 5.143603393745588725e+00 6.118450546646498012e+00
1.445300957884591897e+00 2.399309289120786559e+00 3.432346859579613607e+00
1.589697806319541495e+00 8.728453148605577194e-01 3.035866341292032811e+00
3.255328502505094423e+00 3.840949655352351666e+00 1.134798012955211988e+00
1.667097625165409935e+00 2.327411007865573200e+00 4.524048365091918100e+00
1.608671837142195526e+00 2.567901461136863794e+00 3.282705881047463414e+00
2.770604285727334748e+00 6.140012614250970335e-01 4.650612712475187926e+00
5.732209963880578130e+00 1.243974740193688477e+00 2.882288516161360281e+00
5.392336594932347182e+00 8.306330433177336880e-01 5.590294231161442973e+00
3.335821050644921737e+00 2.360258009950713110e+00 4.685056946739450390e-01
2.987145312611871883e+00 3.952224112512321419e+00 5.736822326810600892e+00
3.852100246351238155e+00 2.926100917905007037e+00 2.668537211829946632e+00
4.546035529828005295e+00 2.202969504065864115e+00 4.772292063956755648e+00
6.131983142237739770e+00 5.249836398538015203e+00 6.083804198653945505e+00
5.152533743975124203e+00 3.147042430172021010e+00 1.065382572377015835e+00
2.634061221575727973e+00 2.768090901088459788e+00 1.342822808671482848e+00
1.052624240900460695e+00 1.371907515669808397e+00 2.438768541128351952e+00
4.185644626689247971e+00 3.329358609785429746e+00 4.407529830584083208e-01
7.453404782287432750e-01 4.371277324064063663e+00 5.354149950539142111e+00
3.821791601174922448e+00 3.537442591811532644e+00 4.051241780774610390e+00
7.209780396171939776e-01 1.526046840281922501e+00 4.962693157344864936e+00
6.282962151212651669e+00 5.751800429429042794e+00 3.174822552604271042e+00
8.633618026900866660e-01 5.709754981946031371e+00 4.559796112600222884e+00
2.880023182344199295e+00 5.026851828954272960e+00 5.475151447337199606e+00
5.458095692287248113e+00 6.019123251270556807e+00 5.017805473576697040e+00
1.951645662650209001e+00 5.631609761284282811e+00 6.146975955704066408e+00
4.485838587074256201e-01 4.169324607251428283e+00 4.091384606709440597e+00
1.704604208951898237e+00 4.529128893057075445e+00 2.995213443970467515e-01
5.794982114511937787e+00 5.003517216880167595e+00 1.533023983090534836e-01
2.254516648326273742e+00 5.937143553541675445e+00 3.941528455642022699e+00
1.346725802415052797e+00 6.546573648336984075e-01 4.264271249460443336e+00
4.157207715254664038e+00 3.135067678030468485e+00 3.100812678075324680e+00
1.175109529612039738e+00 2.733607611452014474e+00 3.047549229564881834e+00
5.087674719945633584e+00 8.408854432681664992e-01 5.717129329529077708e+00
9.783015288918668340e-01 4.012266102490028352e+00 3.081031526087274930e+00
9.467478614401795278e-01 4.967715330660771866e-01 2.767119895821563258e+00
3.602212287139076263e+00 1.326052590190228031e+00 3.996160578384108764e+00
6.186082250737802823e+00 1.910863693527964813e+00 2.949708553581868564e+00
3.042411646414305615e+00 1.412921585078652731e+00 3.608404851313869788e+00
4.001067118808466105e+00 7.379044358267816683e-01 5.458103042946372163e+00
7.299877326094065255e-01 5.156710284531515143e+00 5.885379367715918519e+00
2.961846179154901115e+00 5.026808920777757983e+00 5.212303418402510324e+00
4.753199206645048136e+00 5.652111900260943678e+00 3.474154910080510028e+00
1.677785671546882851e+00 2.617108940060454358e+00 4.613087739087461947e-01
1.832783274824415942e+00 1.391568688472831994e+00 5.621093690167104917e+00
3.353981383654295989e+00 4.227425116471732913e+00 4.069159458695463805e-01
4.927294440347210092e+00 1.408651499680120711e+00 2.232634603167848730e-01
2.764210584254714220e+00 1.033167780930482227e+00 1.994877531193270270e+00
6.277002589636363261e+00 2.952819259168135702e+00 7.315462493865264593e-01
4.799867288380750274e+00 2.093293640808559175e+00 3.068906221628967312e+00
1.779613364141992449e+00 3.842709514367763202e+00 5.962355667566557216e+00
4.001377313946228753e+00 3.751146407919334624e+00 1.231166337184130821e+00
2.066540365358955356e+00 5.692599887325518360e+00 1.491206866359042094e+00
2.969303399538797184e+00 3.408066805236443564e+00 4.509028406936513633e+00
5.371881136483295016e+00 3.716770657296220026e+00 3.871144538990800577e+00
1.577177414869942895e+00 7.161521845313183476e-01 1.882860306683550977e+00
9.805646939045722932e-02 5.166356172935987701e+00 1.044078104947633312e+00
1.817140361865578480e-01 1.418609199593571901e+00 3.264875361048510172e+00
6.089108394483764286e-01 9.690853511622441463e-01 3.116108996373938567e-01
2.797521373702871017e+00 3.027328280344336431e+00 6.197520051935970997e+00
6.116503057741261351e+00 2.084420706226311815e+00 3.897096166172774545e+00
1.458794432156180543e+00 5.554195697786382446e+00 1.131526430925915427e+00
5.210641594428572887e+00 4.649341512293344358e+00 3.120819295060696774e+00
5.255426241111364583e+00 1.779145825834375305e+00 5.170209740939437637e+00
1.190322187900721307e+00 6.130668839455883479e+00 2.656791894317547698e+00
1.279133373425403120e+00 3.442941039442533047e-01 4.460901668209828586e+00
3.830920343639229397e+00 3.290629981720199382e+00 4.313925985939991214e+00
6.784833817258970612e-01 3.322179646478900850e+00 3.506549084656114812e-01
4.748417828782026007e+00 4.940097767875784918e+00 9.455211026796768448e-02
6.320372704066751224e-01 3.134531863687828768e+00 2.450953860311059884e+00
3.542946879711848851e+00 4.998170775089475271e+00 5.653305161506442467e+00
6.265487424504223135e+00 7.334461648823733040e-03 4.861420661691758127e+00
5.667841033626297431e+00 4.314167729796649198e+00 1.244915904499782622e+00
