3.431264883174998559e+00 2.997461299619180064e+00 2.580075023726693839e+00
5.139768204713342392e+00 2.536216101880677809e-01 4.887337423991350072e+00
1.210610291606977196e+00 3.100612357461965285e+00 4.842986914214072236e+00
3.633468169053426511e+00 1.519567562683237449e+00 3.206290228148206634e+00
2.884624007928687561e+00 4.183358417781573024e+00 2.656404049665487488e+00
3.810207589499639003e+00 3.269007702488335276e+00 1.674990250459999164e+00
5.104014643383606220e+00 1.664040654390112728e+00 5.847146997370948895e+00
4.051795320285232371e+00 2.669135880325092192e+00 5.003711338002877262e+00
1.598256506383835429e+00 1.670596171447044309e+00 4.913279602713421568e+00
6.388672603268379380e-01 2.900133359189586368e+00 1.816410575369880598e-01
4.832988592667294192e+00 2.249827754424477799e+00 2.655274686661931227e+00
5.206636531358704190e+00 4.156525061354908956e+00 1.003292272607504865e+00
1.305971784237295763e+00 5.270964199052669663e+00 4.957590178156531024e+00
4.498599194396856404e+00 3.072669780160834474e+00 3.735708025368698948e+00
4.117410158741002135e+00 2.238431055611572074e+00 2.041688003478246305e+00
2.568547155255241687e+00 3.623290750304479335e+00 4.717632820180027053e+00
4.685009486714852400e+00 2.928521852475059806e+00 5.806201021601754553e-01
2.590383111653253412e+00 7.518835825707594067e-02 1.214119478122754892e+00
5.537278718295318036e+00 4.101372209372668109e+00 1.334366654316176071e+00
5.628150447195992001e+00 1.690797342702850203e+00 1.181109568093673845e+00
5.613636048212063301e+00 2.100225650468892091e+00 5.075833213420023249e+00
4.138871265152259227e+00 4.730328226830999405e+00 2.094260687319609460e+00
9.807137962229531825e-01 6.256127728573238400e+00 9.738585449041113618e-02
1.594879396514035319e+00 4.451831234488741629e+00 4.086316846793137003e+00
7.814008438663477829e-01 5.511573355534173047e+00 1.989744813324766659e-01
4.160866931355665876e+00 2.978174664859104759e+00 4.865169734281991509e+00
3.734679132669113777e+00 6.282812670664600141e+00 3.422930878881311756e+00
2.748583621944668653e+00 9.546920750035290393e-01 1.913241551218646919e+00
2.252751677661088081e+00 4.824584896100907017e+00 2.551552867211174025e+00
9.719718343842506103e-01 3.499879551616961404e+00 3.807286069285239716e+00
5.888939178104218186e+00 2.809001632994403863e+00 4.561038912410721125e+00
1.129819684368082333e+00 2.179336788684877568e+00 6.089042932133707176e+00
1.113586472324329613e+00 2.287843831468392874e+00 1.569906899952973722e+00
1.371850757090848028e+00 4.531029301246545238e+00 4.014127397530303121e+00
3.107917263927592266e+00 5.200748151201064040e+00 5.493619994122344252e+00
5.262639577278699354e-01 4.318863905941483949e+00 4.466017621134168003e+00
2.092143177386953212e+00 4.381488615675631415e+00 4.860332527659259050e+00
2.539749180317910415e+00 3.467867421964060171e+00 3.277677585773774993e+00
1.435542377834026162e+00 1.164853475123263982e+00 1.917887516154160421e+00
1.908966572298493647e+00 2.357249261791848904e-01 2.450588948253348831e-01
2.296025399014839596e+00 4.641864725425144389e-01 1.170650975243335279e-01
3.879872755821096586e+00 4.129680688371951125e-01 6.274658625303581871e+00
2.326335662610177657e+00 5.598591085909785825e+00 1.661181384817150830e+00
1.788691625373183713e+00 2.579617175689824293e+00 5.609394947541168186e+00
5.863750220406365621e+00 1.644782176248325900e+00 9.963977813061439814e-01
1.546852222865762627e+00 2.597493736561296451e+00 5.558149850862744046e+00
4.508105482991705770e+00 5.857941666673708525e+00 8.712947027702756531e-01
3.246686752467162762e+00 4.405725172467168882e+00 5.764371356344417663e+00
1.722728124946402817e+00 2.273562831762235170e+00 5.377508378817201784e-01
5.539858195838820443e+00 5.028655751531143636e-01 4.142111736483014894e+00
3.125657673893618149e+00 3.580629415901355195e-01 5.170229147169740358e+00
1.787399560558589284e+00 4.883339696393027118e+00 6.202278770791213702e+00
2.438846575328912358e+00 3.539350244324603434e+00 5.407226622089671864e+00
3.073223504433780118e+00 3.362616367656087846e+00 1.390763394041754641e-01
2.923363963245211306e+00 2.489101046008452389e+00 2.755721795982050804e+00
5.915862413589957569e+00 3.211500140293874317e+00 4.898547899916264825e+00
5.821821892597393022e-01 6.267186852867841829e+00 2.054325421187373824e+00
4.660462798627005299e+00 4.032814949836853735e+00 1.476879631359106826e+00
4.175938243898832947e-02 6.832325412435369394e-01 3.095769599093160629e+00
6.072866171039442706e-01 4.471579297195031888e-01 5.802104219072675484e+00
1.707154050612434082e+00 3.289128957543143272e+00 6.558433403059527045e-01
5.248069808803444758e+00 4.753930274405407275e+00 1.313758005368948822e+00
4.440732441529342545e+00 6.189587687167548147e+00 2.154455624841575379e+00
2.966323152272345443e+00 5.119366555304961430e+00 1.685562590400159655e+00
2.000028619492877358e-02 2.959965026082144401e+00 6.127806640368894442e+00
2.966376796626141399e+00 1.206712386935289816e+00 3.414543141868527254e+00
5.795626912881673976e-01 3.965264284842851872e+00 3.461623084232023029e+00
3.953335121861758061e+00 1.783051358499962102e+00 2.045495813609568003e+00
5.536314284499477267e+00 1.769847892965031644e+00 3.966647167146222674e+00
6.536593590900858786e-01 1.896214889950683435e+00 2.686776290854498317e+00
1.082321098389373848e+00 3.075612572173759940e+00 4.618378197959974507e+00
2.608692992479691775e+00 1.513711827195364457e+00 5.595528717917988004e+00
5.668808905078904559e+00 6.235598532081453094e+00 1.193084651983953526e+00
2.568356013373054303e-01 3.449772277109556251e-01 4.114944317544360963e+00
4.688592164743233148e+00 1.874904380490032052e+00 7.185814323968933159e-01
4.651641346560869472e+00 6.111105183035251187e+00 6.149798356543771938e+00
3.961171865520127788e+00 1.595137807246778339e+00 2.482774645864083585e+00
2.943547287936470358e+00 3.284031618469043678e+00 1.548123565723810824e+00
3.028766881450060566e+00 3.401384665146351516e+00 4.100808981153656330e-01
2.568326635723012341e+00 6.114009505424523816e+00 5.372799934956310253e+00
3.883620845676574618e+00 5.228186253206583700e+00 3.667346862009868591e+00
5.024646312113161706e+00 1.003478757526386073e-01 3.895570650670141521e+00
6.953435786446279243e-01 4.563823805330966543e+00 3.976330242993800557e+00
5.876575615816764575e+00 1.256341720091256109e+00 3.343740410050805689e+00
4.794937580604466731e+00 5.015945884758120421e+00 3.057500698398830874e+00
5.209429434777924861e+00 4.618454214677075065e+00 6.205151189147435353e+00
4.060162893688490371e+00 2.521366922605289496e+00 5.952443611214247809e+00
2.252315784331221149e+00 2.468141529553617097e+00 5.534579260924392230e+00
8.144357605487986262e-01 1.111326321668157258e+00 3.157069861136160061e+00
4.848869440217224103e+00 8.490204034422713653e-01 4.477835464986865688e+00
3.221234828467077205e-01 3.586740850644591361e-01 3.196972817167153647e+00
2.340801370275915616e+00 1.822513407201320934e+00 2.268715073723902798e+00
4.110516197415492456e+00 2.517624033751465262e+00 3.364732568632639698e+00
6.099828877921179782e+00 5.533221871136859704e+00 4.314205368401808904e+00
3.372241982152528461e+00 2.082073649463618281e+00 5.907024610563555100e+00
4.248375613824364905e+00 1.753327743851144316e+00 1.473163626595892728e+00
6.010240473220703095e+00 7.114107344500696373e-01 2.472751866626288209e+00
5.280618321633909318e+00 6.082706330947821316e-01 1.302535585661368067e+00
2.157899062604693441e+00 4.512373979419933789e+00 6.154360846347037395e+00
1.777171972785007048e+00 2.056541620329110476e+00 3.305538390568366847e+00
1.694346453917636053e+00 5.085270263611600505e+00 1.110033364470902617e+00
3.870628944124792969e+00 4.609342735487288678e+00 4.714419754355952286e+00
3.293814408821919670e+00 4.310085507320361664e+00 2.692676691619146467e+00
5.490566115901521549e+00 6.016578270361334191e+00 2.154879743710712781e+00
3.059671735177933893e+00 5.318645248190392305e-01 2.614666404542373090e+00
4.067909942689187375e+00 6.252592089476149084e+00 2.963317832451064504e+00
2.434722108483990510e+00 1.135745805189739333e+00 4.766277346633911449e+00
5.687476198333724753e+00 6.151583871244851842e+00 6.206427661753288305e+00
4.094287151474868658e+00 2.453237198154319287e+00 4.967215688436931842e+00
3.216540022392389897e+00 5.939047261506212871e-01 2.109080103831452391e+00
1.703224047177871014e+00 3.155251416100420592e+00 4.819529066682777696e+00
5.616193740582488658e+00 4.384238474620349990e+00 5.029421181017602827e+00
1.666411692026699809e+00 9.275741312241674308e-01 1.063387951073352600e+00
1.159952138038956138e+00 3.443384924658994262e+00 5.995924530961980636e+00
4.926428176666609815e+00 4.664801236756527913e+00 3.951230116014158078e+00
1.897817060320302618e+00 4.894883408320946039e+00 7.120926488996057735e-01
4.453379478690600024e+00 3.475618659739483807e+00 2.754749044432567739e+00
1.089732375328579916e+00 1.804236279660111464e+00 1.767005123001900380e+00
4.186663728287131292e+00 6.160777966382281257e+00 2.569683158926679312e+00
4.111247216344504629e+00 5.184601894310386427e+00 4.201409844226500212e+00
5.240542947607641722e+00 3.521357662916210440e+00 1.882718841145931687e+00
4.050216604312875113e+00 4.429357452123776184e+00 2.766339108678470105e+00
4.286228692283130748e+00 2.017228536159217711e+00 4.860167903956353896e+00
5.948453403554266217e+00 2.973946015923617292e+00 5.668344149307255719e+00
5.143018605655943709e+00 2.783131183364202066e+00 4.264761961006336755e+00
4.710111405661818296e+00 9.022110897799676676e-01 5.174133080171125165e+00
1.179297249001912906e+00 2.192142385435491114e+00 3.612625931216373765e+00
3.137896589663513591e+00 1.963515607801672891e+00 5.456179560338912715e+00
4.891773341598221414e+00 2.317204662620447053e-01 8.223734419776136395e-01
5.705958764835872721e+00 7.041365839538988869e-01 2.539950318581043032e+00
4.360010788176067464e+00 2.307928682173010504e-01 4.679517845525754005e+00
2.918060927773761248e-01 2.763871345929653778e+00 1.308751373430756093e+00
1.724900878222029199e+00 6.073141918610072132e+00 2.171002701360449816e+00
4.994669232579280305e+00 1.291641147615019136e-01 4.549979096625040853e+00
4.625983528139140155e+00 4.745230867210979975e-01 5.822076122440210000e+00
2.098986673997450467e-02 4.241497962469921390e+00 5.624924834212559510e+00
2.763295154348815341e+00 2.149024298325266091e+00 3.845062566353173228e+00
2.041848347794431806e+00 4.346760458247113768e+00 3.205103746620170835e+00
3.413202712879056300e+00 1.624416392994292746e+00 5.925437012048067942e+00
4.724052323496938932e+00 4.870674081258501431e+00 1.165486909127965154e+00
2.882878175429826051e+00 2.511559989701313444e+00 2.146267073632817102e+00
4.023586387696224342e+00 3.434053568776058274e+00 5.099047986718000303e+00
5.413328641615380299e+00 4.009189642068900383e+00 6.272132462947759279e+00
3.455490089862784941e+00 5.377328528510368244e+00 1.346601136260934028e+00
1.755656041889436692e+00 4.830396921030130741e+00 4.202820317782738790e+00
3.438010774148327453e+00 4.991993753021024993e+00 3.323458695377119465e+00
5.548961496753989309e+00 5.817857394418288308e+00 3.780605471846732790e+00
4.413108634379310224e+00 4.174774558313115946e+00 5.627883256756064156e+00
2.728017367206850619e+00 2.162018895602979551e+00 9.557200631568146809e-01
8.111832951154222815e-02 6.262949217350111120e+00 2.711713546601671743e-01
2.917592918805167468e-01 5.409672209276362942e+00 3.830882674960797818e+00
1.301705207832414279e+00 3.834586988206273084e+00 2.224942888674962482e+00
1.836670084198172237e+00 5.462356627028397860e+00 6.178332930151166025e+00
4.801444399140886610e+00 5.421566739014085812e+00 1.050674648248024035e+00
5.294246457808040596e-01 6.241825838011722638e+00 4.744063885236394995e+00
1.214638233966262026e+00 6.208433718282646119e+00 4.469117593374455133e+00
4.082878982767169873e+00 3.826126203776113233e+00 3.663627059268367958e+00
5.664057860485501861e-01 7.430290641644463623e-01 1.955593302729556449e+00
5.784129600514227754e+00 6.140676568641585398e+00 7.829887052291357730e-01
3.362407735152967536e+00 5.582806221313985517e+00 5.918763857332256073e+00
1.590840975569631555e+00 5.066780395059294895e-01 9.997931204435681618e-01
5.078652758526447819e+00 3.784804466205318629e+00 5.187511639932172791e+00
5.430989378129815748e+00 5.895631518888368561e+00 1.140687004896170587e+00
3.003343731448680387e+00 5.029728276181822721e+00 4.014138850171563355e+00
2.751623950897562398e+00 1.459747021488813079e+00 4.171212287037467936e-01
5.839035740692034793e+00 3.428269817517278106e+00 3.095363915218327211e+00
4.887951564507659441e+00 3.520424000679603260e+00 6.092434616125041558e+00
1.510687703424890449e+00 4.937404058698223963e+00 3.729898839536793798e+00
2.719684243505970045e+00 1.864012747332476572e+00 2.395626256315781077e+00
3.975588389575597681e+00 5.901491567165200181e-01 5.167282746834815477e+00
1.194020267950121283e+00 1.177539773946232327e-01 1.715462654472774018e+00
2.755614901007096051e+00 8.635513450919730660e-01 3.245739124151220789e+00
1.677081051528858779e+00 1.135655394783508187e+00 8.177194640578773210e-01
6.991700672166610842e-01 4.360736412702204134e+00 4.405019910144836182e+00
2.512192112359420637e+00 5.246737169993615169e+00 1.304839159620124089e+00
1.959317813114824114e+00 4.924220459802203465e+00 4.381025040258927916e+00
2.495466753178514629e+00 4.520321710602348553e-01 2.771891707476970002e+00
3.542121103813550942e+00 3.742093728075790882e+00 4.346852915683293794e+00
4.619994081095249783e+00 1.045700740986778454e+00 2.290998451717503048e+00
1.464001724144835759e+00 3.969909559834253532e+00 5.387695419824132692e+00
3.379440884515355403e+00 5.442529685004092954e+00 6.280377921644991757e-01
2.447005772855391559e+00 1.146842785877464133e+00 1.179481297744492618e+00
1.206493442316050713e+00 4.923363353287762756e+00 5.718835470722477332e+00
2.311487620406830423e+00 6.099690226492364253e+00 7.208967393378308275e-01
1.485968655104406233e+00 1.920214037880389579e+00 1.694739220691495074e+00
2.152520693895031201e+00 2.083949282537768344e+00 2.925985050971745327e+00
6.121543893070247044e+00 1.349468726702187871e+00 1.175114615195562040e+00
1.775102788976057333e+00 3.708117856444028249e+00 4.767233692653179311e+00
2.845308838806514640e+00 4.017489520684382143e+00 4.169582454154619811e+00
5.367738729522986141e+00 5.921526920625930224e+00 1.897177902113400094e+00
2.972096070234730991e+00 4.974797802322076024e+00 4.379505353977692472e+00
1.413267801143769598e+00 4.120940898148625742e+00 5.546772290406225991e+00
6.022506583163568905e+00 2.703856559006387439e+00 3.108576952003858196e+00
4.750822226073048604e+00 1.827960941219656243e+00 3.704155387875145866e+00
3.205760695648971037e+00 1.591716750618125564e+00 2.129106608148014335e+00
4.794472620604381063e+00 6.029171321948043172e+00 5.402336874086512530e+00
1.179884994950820110e+00 5.855660006202152879e+00 4.822405036286563806e+00
6.199071803197218067e+00 2.541008221260281807e+00 5.404133232649916962e-01
1.504679297438290986e+00 4.828962183529894592e-01 1.041712214038504891e+00
3.665342137536187206e+00 2.443752184563471985e+00 2.447599137969578287e+00
4.326896706624189015e+00 2.533585957785817744e+00 5.434222022183019973e+00
3.321050142293684448e+00 9.908848511799553949e-01 3.146567705745466625e+00
2.446445371286621651e+00 8.011994429533463302e-01 3.525491655134898039e+00
3.956434929132451206e+00 3.391943840459915815e+00 3.666520675366046866e+00
1.780807543528628356e+00 6.258711171096030590e+00 3.861012388714472721e+00
3.796919550430128520e+00 3.928507080124699513e+00 5.340037483125883888e+00
5.559976945815142457e+00 6.257380080113167153e+00 3.355214005432422653e+00
1.345148965306336653e+00 3.140167307195693702e+00 3.334694909669376983e+00
2.619379384562096735e+00 1.832724374191133432e+00 5.137965006218471409e+00
3.048715981080372117e+00 2.013793342224341032e+00 6.153384899209151548e+00
2.086099372444619515e+00 5.344313679082662860e-01 5.684305056193213884e-02
3.419094541877593318e+00 5.771731852293155995e+00 5.636286733212059197e+00
1.646242121932321556e+00 4.093889898909339742e+00 5.290199283483082660e+00
8.076572180169818704e-01 4.824579000605997869e+00 3.822739273997580067e+00
1.102710555418837446e+00 2.127263547371026631e-01 3.022078199306183599e+00
4.815490448796337364e-01 4.178386537925693922e+00 3.481946303594675829e+00
1.632464049178946830e+00 3.089848945174452410e+00 4.886575406662472254e+00
5.937731862069980160e+00 1.869418119642411558e+00 3.599590114710219169e+00
5.146460813187796468e+00 5.947500183749762748e+00 1.905557180410108353e+00
3.877477108188997601e+00 9.496358982117825143e-01 3.483527511094532958e+00
1.452986592923113829e+00 5.673140354942513008e-02 1.428378150960426751e+00
5.103223062541453636e+00 7.993073430118377010e-01 2.136479675142884727e+00
2.366121658153060581e-01 5.264716844721898381e-01 6.827691596477730718e-01
4.661540934826268412e+00 4.018047859660282661e+00 5.425322682435670174e+00
4.229493349564827476e+00 3.315434280659448341e+00 3.195792697359082890e+00
5.915918460692128455e+00 3.923163167926683847e+00 4.570097828791107375e+00
3.706823794657912785e+00 5.368374803748143798e+00 3.678138575310705871e+00
4.032481919498526857e+00 2.222934813833214118e+00 4.807795372774598341e+00
2.687956937132476742e+00 2.532795292140100241e+00 5.941425300779290986e+00
1.145542982365070017e+00 4.587533235587559766e+00 5.255681980081122084e+00
1.747041475216401629e+00 4.339720571994910792e+00 2.767102210886378977e+00
3.946072390006779784e+00 4.097496179316978626e+00 2.768004958412559890e+00
5.835467072332363614e+00 4.709225907683286749e+00 5.133894114487804750e+00
4.594634065952253543e+00 1.525434462922326428e+00 3.357278560164183023e+00
1.479696928339133022e+00 5.220373366359918776e+00 2.651308241995313342e+00
3.863879749672553654e+00 1.628635103907042359e+00 5.303505514034576152e+00
4.647504647727221716e+00 4.770323246714448295e+00 4.998584311834435745e+00
2.744698859111526001e+00 5.238471330159830686e+00 2.497874772156738032e+00
1.778226313872850906e+00 1.467952783122896454e+00 5.900418048848568020e+00
4.581356786847123330e-01 5.797705676141654330e+00 3.404880423338299433e+00
5.374296888272899864e+00 3.403737760358326092e+00 3.548919994383441523e+00
1.498091609862526541e+00 1.554556166016273666e+00 4.560238110153805202e+00
3.241054806333850014e+00 3.654804948638011641e+00 2.266366637067274148e+00
4.894727203464387166e+00 4.841084955671893120e+00 6.217328538381690528e+00
4.870111017820983434e+00 3.577238700821637529e+00 3.967072129225864274e-01
4.767246169001406741e+00 2.096188088838944363e+00 3.304974723612667198e+00
4.353946514399374301e+00 3.178699597107430108e+00 7.929569548187748174e-01
5.608151369952785181e+00 5.732389607159247724e+00 3.443802433246218264e+00
5.353815940669465867e+00 9.469340575658763415e-01 3.703563937133395711e+00
1.212326510364836851e+00 2.309022186794451148e+00 4.549798312631053498e+00
2.745723894259761266e+00 5.598082353453189164e+00 3.479710516873498083e+00
4.567621966059182803e+00 1.266536028907204070e+00 2.999971134928522964e+00
5.616093044926837585e+00 5.984128491051619925e+00 3.164178212411367763e+00
5.132678180446827554e+00 5.835295614838053702e+00 4.683166426395393600e+00
7.581327511656953400e-01 1.855959402565460881e+00 2.615896811714920833e+00
2.509563252375927256e+00 1.779203177493007826e-01 5.919802610982854318e+00
5.822961598385240301e+00 8.121236029008792601e-01 6.272567837006363334e+00
6.188758001643128281e+00 4.256928570501610776e-01 1.504208726802005902e+00
4.322137905798512314e+00 3.677000513554303573e+00 2.589859374666380720e+00
3.259411537289567562e+00 4.552875135219080605e+00 1.587903245589235457e+00
1.782635782442046901e+00 1.416765599074446325e+00 4.470610317472591966e+00
1.408060418967382432e+00 6.111084714729588363e+00 2.765510356402298253e+00
5.930634228254437090e+00 1.867542346259663200e+00 5.486474761868769257e+00
3.596284509595806700e+00 3.436541852497216443e+00 3.015683388783073404e+00
1.538150413130993321e+00 6.096796849404477747e+00 2.485594250123911220e+00
5.347911152653555433e+00 2.172172316063227804e-01 5.142656414147928068e+00
3.503763283983985843e+00 6.428260898342056384e-01 5.050589795653636749e+00
5.317128480590048945e+00 2.005579659728393249e+00 3.386903806845902309e+00
1.136688873595486537e+00 2.335266442409658971e+00 6.279675585790971404e+00
4.592969568031529670e-01 3.570025847690974530e+00 1.113493435229947481e+00
2.094100216552099436e+00 2.074143475819232751e+00 4.378114538081129936e+00
2.102000719342800306e-01 5.922464948201589863e+00 2.305252845719622190e+00
6.005743037754355917e+00 2.294217668615389005e+00 3.944832156543073953e+00
2.582393772736976789e+00 7.196670264219708901e-01 1.318958146887550642e+00
4.124030269102576529e-01 2.105439916484795226e+00 1.923245868933793901e+00
2.301257103600341747e+00 6.044573801585694461e+00 2.695814008613425017e+00
2.011681067810299872e+00 3.192581277604114920e+00 5.264057551971383475e+00
5.903288214640725506e+00 4.164791904467171513e+00 2.603874880880507448e+00
5.655797630879795257e+00 2.145972002233671461e+00 4.491820449205352617e-01
2.448564541058081634e+00 1.026445642532918923e+00 1.421069627793277501e+00
5.229032729068863183e+00 3.518583986929477714e+00 3.609620185251643854e+00
6.100084472455566953e+00 4.571339975891018703e+00 1.587452494112487456e+00
1.279457834034153918e-01 2.920051289761961488e+00 2.635194333676730505e+00
1.234867009923362069e+00 1.113669839365240666e+00 1.246622883827644079e+00
2.303010077263452970e+00 6.237219811098976052e+00 6.821388668983771053e-01
1.158602816311577355e+00 6.267630845185283572e-01 4.498236173198868038e+00
1.928836896461506134e+00 2.019653323754008856e+00 1.586007059975398592e+00
5.528223972691598043e+00 4.036102792000062500e+00 5.365745112064868927e+00
3.793748096854304919e+00 1.141770751307024656e-01 2.541174010819082785e+00
3.706818314083671240e+00 1.025371399367159597e+00 2.456978429602747926e+00
4.741740451172580251e+00 2.550043130593989904e+00 4.844418110171100911e-01
1.363063771081728826e+00 4.024072332086418569e-01 1.239589205303465835e+00
2.494166152075718124e+00 5.722739912587807787e+00 5.692191396678098592e+00
1.786221571922087969e+00 2.360203393000924077e+00 5.929013154537648767e+00
2.224112282100184412e+00 5.174157258385879032e+00 3.628815002678557278e+00
3.384597473869860984e+00 5.967256448175384254e-01 2.883209018343559471e+00
8.860690572544624999e-01 4.711901185893693444e+00 3.605047110065239035e+00
1.810532598690511419e+00 2.442139922727257773e+00 3.992751664665881717e-01
1.943350757988722144e+00 5.458255070209189874e+00 7.368842022612190901e-01
3.451721552656236369e+00 9.298401877405347848e-01 1.522053669731829428e+00
5.023710596407026330e+00 6.993273091141850584e-01 6.258772137745927999e+00
3.788468900780367576e+00 1.461898249541355277e+00 1.088123345203694026e+00
1.749028570952032791e+00 2.450006599380259331e+00 3.167042812521485118e+00
5.790515734950463234e-01 4.625869642150465921e+00 2.171929800320241188e+00
6.150845034495706187e+00 3.001359014336309805e+00 3.508764768409935897e+00
4.006508614663847112e+00 2.603819853298366294e+00 4.260594409065921795e+00
1.828626568214770876e+00 3.811600974068803716e+00 4.141106192315196388e+00
7.966378863069445426e-01 2.076630319698046456e+00 2.523289774642572425e+00
5.215767677711800054e+00 2.753976591099976723e+00 2.153097677679202959e-01
5.781503673203365778e+00 3.899439896529132366e+00 3.999983620665145789e+00
3.046381898114537190e+00 4.923564316381011885e+00 1.687198381298312899e+00
5.808871947954715731e-01 1.733020880386211937e+00 4.196515969558186399e+00
3.265902464772227010e+00 1.713676128252834996e+00 2.671817734341625172e+00
4.837092549661306862e+00 1.576833491120849473e+00 1.988494212239790393e+00
6.170779059978253045e+00 3.951687064835069485e+00 5.015598249466048486e+00
5.708471014619392214e+00 3.184229486866912984e-01 1.112684586248535723e+00
3.134798398455102220e+00 2.485882457843811455e+00 1.968468737613292774e+00
2.401249677122216930e+00 3.530045512249285977e+00 1.709698743551894551e-01
4.394902040078003225e+00 2.098553278533048516e+00 1.346295089089074137e+00
1.440503209019804221e+00 2.658958671630394122e+00 5.783514057161103672e+00
4.429909841302320572e+00 1.213927571483139012e+00 1.974448887260203678e-01
2.003450460080278717e+00 6.260778775107032068e+00 5.137198184354543784e+00
4.400265279218246839e+00 2.482738211983801069e+00 3.060360182903587578e+00
3.657542647197548291e+00 6.129860522168711690e+00 1.882461616160860496e+00
2.427567233520592449e+00 3.263037236985232847e-01 3.133608868211799903e-02
7.014461675338330426e-01 6.106437204228714499e+00 8.479640314965988246e-01
5.262785636184594829e+00 5.089599276821947349e+00 3.830807837774294011e+00
3.520705043997059303e+00 1.271864088216755562e+00 5.601409135031440556e+00
1.041526031255680662e+00 3.172136719839616092e-01 5.760606450660405997e+00
4.674259798793147347e+00 2.881553608627739127e+00 5.269976606719685819e+00
3.150522208432806170e+00 5.328335509076159937e+00 4.734071480354379524e+00
5.881117973102407248e+00 3.849710750764840483e+00 5.955092384893110768e+00
6.204507264367174812e+00 5.186553463047840928e+00 1.955911055129971210e+00
6.045340954829864444e+00 6.267518345200965513e+00 3.835482427203604328e+00
3.994866954373003765e+00 1.175383621343176532e+00 6.189251421184931878e+00
6.846332018656694496e-01 4.962838263510266579e+00 1.933045971997741308e+00
4.270897668533711666e+00 2.191012886218248745e+00 2.701565679689132526e+00
3.219142999552399242e+00 2.891658718243498960e+00 4.395421276709454261e+00
6.270382286870650468e+00 1.568091637112037917e+00 1.198979299366013329e+00
5.417658496151686265e+00 1.597059633743251217e+00 2.706788650274023045e+00
5.039181531113547940e+00 5.706227202069481308e+00 6.197094765917619874e+00
4.969284992615341956e+00 1.461723328494747065e+00 5.358512626550353097e+00
7.515732472634776284e-01 3.887056981620230722e+00 2.749187806333544426e+00
4.741737989577751833e+00 3.093948184079866603e+00 4.462551934727116532e+00
4.809761182210604780e+00 4.902184609482270194e-01 4.270179541705834581e+00
6.038953018188049526e+00 4.192958511445337599e+00 5.563318965155445106e+00
1.236846207270108744e+00 2.254196262860220124e+00 3.665014589454032468e+00
6.746260063109545957e-01 5.906863177775327323e+00 2.194186126944910331e+00
1.309943853866831764e+00 3.024854078172368066e+00 4.618308157550671034e+00
2.219988026974931028e+00 5.023267689313614781e+00 1.372835716527031902e-01
4.441310441021412814e+00 2.075863760979189898e+00 5.608465194833081924e+00
2.257894743048039776e-01 2.839438255584724846e+00 3.047033408908440322e+00
4.392401676871560134e+00 1.504660701775732523e+00 2.974967558788755628e+00
4.743139682923716016e+00 2.158289676167045368e+00 5.377338717345270247e+00
6.074216399760769214e+00 3.176012502345327615e+00 2.636248743259367866e-01
4.427560816566510127e+00 5.767290492054066853e+00 4.631315997996503953e+00
6.119377914758695525e+00 5.150732130879768889e+00 3.247245088968626070e-01
3.380082126311670709e+00 7.672484199160928275e-01 9.343471205578353089e-01
1.001407722071400830e+00 1.246083370918826372e+00 4.298211736339891509e+00
4.692999499845629252e+00 5.561657493328677759e+00 1.276272247945289928e+00
3.913982888673985361e+00 2.220912260612188938e-01 5.758111229303225720e+00
4.897824834100914515e+00 2.192677259430603876e+00 3.978721995762988239e+00
3.323869628590935932e+00 3.145035838334339751e+00 3.564522241895766719e+00
3.698261695858987785e+00 2.129713101901130390e+00 4.608236829897497167e+00
5.658435151019456377e+00 2.640043045388436926e+00 1.297262626594656076e+00
3.270981671146799385e+00 1.055604348890579712e-02 4.481861046488791800e+00
5.669354440599055245e+00 4.417804153800725331e+00 5.391176742637765251e+00
2.142602713650813229e+00 2.399982172712698536e-01 3.611331942264857542e+00
1.754978141461152719e+00 3.040453719585249459e+00 5.689672614199813516e+00
4.922662338302319363e+00 3.314638874760458709e+00 6.226927480635761292e+00
1.745160799179462430e+00 5.035565113492563860e+00 1.643244797996767481e+00
7.825136506152939875e-01 5.237862796384498587e+00 3.276964595341844699e+00
1.106019366877065924e+00 5.708485516870823062e+00 3.641133763757357311e+00
1.922270711253688980e+00 5.132176548207777467e-01 1.781263511428176738e+00
5.046090323358122909e+00 2.893992442523231734e+00 1.536359834490192089e+00
3.994409611266266591e+00 4.749566859902091487e+00 5.921510909070307888e-02
4.559649097423202235e+00 3.585982561973217297e+00 3.574095578852364063e+00
2.282301056089282909e+00 2.249803347675204179e+00 4.139177784367556789e+00
1.595857134694984358e+00 5.575879327401212393e+00 5.061696260298577776e+00
4.076133443992058680e+00 4.196592141323336023e+00 3.144715449190426781e+00
6.145628579837819627e-01 6.262212175873578701e+00 2.819034040802218311e+00
5.257215107026189216e+00 4.601604476373945651e+00 1.895933991766269644e+00
1.307477090359153049e+00 3.175852490014325902e+00 3.978962686377586433e+00
4.343156722033456596e+00 2.126887469141107712e+00 1.163392982248788510e+00
5.089275393090396449e+00 3.265062468494172698e+00 2.531768161584826871e+00
4.057825984212665382e+00 4.698267528780845637e-01 4.358212599008911781e+00
4.917247990354314702e+00 8.051843940647003262e-01 3.669544741605433202e+00
3.224105501279025621e+00 8.607022581911639714e-01 4.634469483417777091e+00
4.334638385410474193e+00 3.707693322516550261e+00 4.976842067416250792e+00
2.595694950561715952e+00 2.998892538060223156e+00 3.333430649196718054e+00
3.773410103115553138e+00 1.596876705689296738e+00 1.918704874599524102e+00
6.352730173998974994e-01 1.441004024148199614e+00 4.308373363806759393e+00
2.481108654955421766e+00 1.365070244445281356e+00 2.793815869151613729e+00
5.023323773203901332e+00 2.835234178401138561e+00 1.165788407921369840e+00
1.013579469774337216e+00 6.342310115466196496e-01 6.195071111072192771e+00
4.364717934273293132e+00 6.254256110405393088e+00 5.679832565561688362e+00
5.239529844589770231e-03 5.107885658063695405e-02 1.360037752277813539e+00
5.390110854716465560e+00 5.021102887175373786e-01 4.804068800783820592e+00
3.503825985403497878e+00 5.415881102018638593e+00 5.970354490857055829e+00
6.099900697942663985e-01 5.924351269972377487e+00 2.671598818134068853e-01
1.957514994634466987e+00 1.928005067779126502e+00 4.381630405851365317e+00
6.025519807106249459e+00 4.490323956227203261e+00 1.788525570034310910e-02
5.319674731404108847e+00 1.638148457453068474e+00 1.265622485916103157e+00
3.495823340704192095e+00 5.979366012323555246e+00 2.604215935843777974e+00
2.521047796905871774e+00 3.777233742744008804e+00 3.525457773847146647e+00
5.053144853183829888e+00 4.070405058374369389e+00 2.251766957376566847e+00
6.629054871338742050e-01 2.100090847047140663e+00 6.257244570658623495e+00
5.076875480045500488e+00 1.932706430696424338e+00 6.379593181646806554e-01
1.944420843803338572e+00 7.261866686004542215e-01 9.501705077362095908e-01
1.510216393621205633e+00 5.559078522297488334e+00 2.976057666020074932e-01
4.203006424052976975e+00 2.728715988201260600e+00 1.440635762054410796e+00
2.247731200071258151e+00 2.109858234934570476e+00 5.743563141555216411e+00
5.315652820406751466e+00 5.128143308186536409e+00 4.707237670723295686e+00
3.744221842953450174e-01 5.955992256630803006e+00 2.559403435491884427e+00
5.238879435304106380e+00 3.134518583253381507e+00 3.637234905320308354e+00
4.396248311946974852e+00 3.505669645164104509e+00 4.500784011545912122e+00
1.679878728431439816e+00 1.448775237977135255e+00 3.616021458010664436e+00
4.019604926953901369e+00 5.887066523109864669e+00 5.955029924403893560e+00
2.597699263052156482e+00 4.724689132920848245e+00 6.025359080690906310e+00
2.418927897709789665e+00 4.872998507055149808e+00 5.800705565636993244e-01
2.932883417756121158e+00 2.584851087395502844e+00 9.353355895648937102e-01
3.305926827669807277e+00 2.155579641559908666e+00 3.843275481020621775e+00
4.588007544608874611e+00 5.270053069015758318e+00 9.463693581996915349e-02
3.504297139994659305e-01 2.172513685135606831e+00 7.461854070342097689e-01
2.339999976220460187e+00 1.079080851784390171e+00 1.941582501665886529e+00
5.974685508685452007e+00 2.375220885382854252e+00 4.056637182689191157e+00
4.546776445433776459e+00 1.075461064641256292e-01 1.965746849423456455e+00
5.463799352862126035e+00 3.778106052389827996e-01 1.900460097824389072e+00
5.716160699549344137e+00 5.225485016710624819e+00 5.734227037889289669e+00
4.973841269866577264e+00 4.662366486763551698e+00 6.169418661108799107e+00
1.406772967676253705e+00 4.844504950679710653e+00 4.811911810236371712e-01
4.717405030620517081e+00 3.499630911816077550e+00 2.434208066564135908e+00
1.224808465123694345e+00 5.631905414381553676e+00 3.145717205046997034e+00
4.770335571610765157e+00 1.082287340551209898e+00 5.390692622757923935e+00
2.286106318807180848e+00 4.785258680397215691e+00 4.018150337517621296e+00
2.457676875024201735e+00 1.505514660474208899e+00 4.206514516770006651e+00
5.765985648402479846e+00 3.391958913384976348e+00 5.485068419805155138e+00
3.798650411973357066e+00 2.107048329093010430e+00 6.085293435946322660e+00
5.415709013205759703e+00 5.590923786752708402e+00 6.106935868713987858e+00
2.336410363758334885e+00 6.166605078511965488e+00 3.704527879082635256e+00
4.660237667302285836e+00 3.993106466446352698e+00 2.133083455861614741e+00
2.752643033004565698e+00 3.390296490376655481e+00 1.257682212799394739e+00
5.782483929165243453e+00 6.855256878876841986e-01 2.492699558240549340e+00
2.735939898654788482e+00 5.179932826340611030e+00 5.116683774684645414e+00
1.420159545579420701e+00 2.808750287527091327e+00 3.071329608534102640e+00
3.330031536031075490e+00 2.939848810968320514e+00 4.606735788516597374e+00
1.403142320078456073e+00 5.586350887912123753e+00 3.202295709845105698e+00
3.390507243529751857e+00 2.488710933853948593e+00 5.046194869947540518e+00
1.117809318871304525e+00 3.248358290051438946e+00 3.139191394911644561e+00
2.655489442009463019e+00 5.541659203662440802e+00 5.781410489177758016e+00
2.869363416853630167e+00 5.839537191760602930e+00 4.243004801758930300e-02
4.028508461849583888e+00 5.652237461212034297e+00 4.378176248635378798e+00
5.090125617380912182e+00 2.980315703132203620e+00 5.240129080697809805e+00
5.507906383872999356e+00 4.464779469948774171e+00 5.434473741072396891e+00
5.203216563410689943e+00 5.148679671559305504e+00 3.971608772822179834e+00
1.860704497683634662e+00 3.513683148517742882e+00 5.564679115110346075e+00
1.913012189242395689e+00 3.795247415583051231e-01 3.253272807833675895e+00
2.469433912805073295e+00 3.335721501694952629e+00 1.562431731436025650e+00
4.722701517057016574e+00 5.603443010999722418e+00 2.438190134082636629e+00
3.656089382599047255e+00 5.751672389684553188e+00 2.462380940332800083e+00
4.713571724104960836e+00 5.420653361847856955e-01 1.327274107404323278e+00
4.229929434401019428e+00 5.217911026003825725e+00 1.704850927078687350e+00
4.368550809542681712e+00 3.686194393931359059e+00 1.995102456552591219e+00
4.942082235107638222e-01 2.289077631942298963e-01 6.250969704734132826e+00
7.483769326624420959e-01 2.519639548806707374e+00 5.169158729295275201e+00
2.171547834603241078e+00 5.103296742003849751e+00 4.359435284099594021e+00
4.494312735838382977e+00 5.369300673789505041e+00 5.783168397713523312e+00
4.773988761791757990e-03 3.112019919536348489e+00 5.531300689903360990e+00
1.374445176336354657e-01 5.740509157729986711e+00 2.914925379440962860e+00
3.529667858157068849e+00 1.547459862246524986e+00 4.764905753430306312e+00
7.263674008451348474e-01 2.355488198212037254e+00 5.936370777610331828e+00
5.073363036870511600e+00 4.761671372372878075e+00 1.267787190330462721e+00
1.037841337525266860e+00 5.380449210480604538e-01 7.158502508333833836e-01
4.818707274900557280e+00 8.466285167555509528e-01 2.322001116750503247e+00
1.665532139197407890e-01 4.416954503633316875e+00 1.394885087745975971e+00
5.678133971942232350e+00 3.296040921281805591e+00 1.795974074187546954e+00
2.059144153755269713e+00 4.061652983035867415e+00 5.623541523525645403e+00
2.335913180561774993e+00 4.423664873706336209e+00 5.065843549808165314e+00
5.511270946669537096e+00 3.518286858176766341e+00 1.671886346501269438e+00
5.334429865049291841e+00 5.334820331957551787e+00 5.479602203329657861e+00
3.136497830549306087e+00 3.397408050839875848e+00 6.229255214216988357e+00
1.197684537871670285e+00 5.965689267448327726e+00 5.196015194394942860e+00
1.962601285867151324e+00 3.340061912155503077e+00 2.195731228767042964e+00
5.147331083442282740e+00 1.972756550365649009e+00 3.160362410359489171e+00
6.193562630822285975e+00 2.914638437523163095e+00 2.185965230767607625e+00
1.342727710340918312e+00 1.476620197355135611e+00 3.275955873958044329e+00
8.128646395023592097e-01 5.314035406700021724e+00 1.410068524746190821e+00
8.190022843945093944e-01 5.223617135558349389e+00 3.102670817644513246e+00
3.564563840463367828e-01 4.176592241893936297e+00 4.506345767183135287e+00
2.767953359183848328e+00 5.454112950195726839e+00 3.175395691685793498e+00
3.077626307945817263e+00 3.601751225146932356e+00 2.762414816468140355e+00
1.880839754750980974e+00 5.226019345569343777e+00 1.117094243522997132e+00
1.678560951290606118e+00 1.979896085593726873e+00 2.085970164266383042e-01
4.379635464116955479e-01 5.963407081374752394e+00 1.016768404021981764e+00
3.160698236551608531e+00 2.751309027646716032e+00 2.191939364033603788e+00
2.835202991081570367e+00 2.943410612718869501e+00 4.109750516810381171e+00
6.156921635357660350e+00 1.460999736750329792e+00 4.553101959183388558e+00
1.212136981075922826e+00 5.232306521888037132e+00 3.130462157740816487e+00
2.400859073698290658e+00 4.950463122844011465e+00 3.824663677776916515e+00
4.329353169095782938e+00 4.137259024243659766e+00 2.343201015654325925e+00
3.356033620603319001e+00 6.246069330598730929e+00 1.012804219578761655e+00
4.050625040452964787e-01 3.605010429833304997e+00 2.897513008140353730e+00
1.794934025320977344e+00 4.489718353276940022e+00 1.616968843823333613e+00
5.664751482671402272e+00 1.073835288056644410e+00 6.060357387154269304e+00
6.079242556716147661e+00 5.763838108123152004e+00 2.784539879555351649e-01
2.161329568106076238e+00 2.238477260615321374e+00 8.612270637228397474e-01
6.358745185195606719e-01 2.331735351489624630e+00 3.027755099170856390e+00
2.296047543954032044e-01 4.976980952016574200e+00 1.994419543395189676e+00
1.286412659063361108e+00 5.855414367689665056e+00 3.929510246857822686e+00
1.119966854058863204e+00 7.915063401750398464e-01 4.310201587014405256e+00
5.010503259802632670e+00 5.457517379639742039e+00 2.316489281286714164e+00
3.734980314147757774e+00 5.292500387264119865e+00 2.015522473931433467e+00
1.471036921926271113e+00 4.835445283952784834e+00 7.001868873132860438e-02
5.592825124540847348e+00 3.245928996916796372e+00 3.410890657935498727e+00
5.290228066353958702e+00 4.322028586975219966e+00 5.098328338627942991e+00
4.504811705950515943e+00 6.167516702704777032e+00 3.998108346910854038e+00
4.520508583083423737e+00 3.238919371847006179e+00 1.075547267976683985e+00
2.021511189851105339e+00 1.298649471821827106e+00 5.961969650371692353e+00
1.509072277435792531e+00 6.432936350244281565e-01 3.147416479407830536e+00
1.046489225236291620e+00 5.320055094291790354e+00 4.345731247040577117e+00
3.344989184489243428e+00 2.759414452241322646e+00 7.516351579623151702e-01
3.771239138420185988e+00 6.378871847937631623e-01 3.253016392478201624e+00
3.538946777986907488e+00 2.826278151779818781e+00 2.446548907140217999e+00
1.582280461905821445e-01 4.384386550199015353e+00 5.741845580587356501e+00
8.042727440780135240e-01 2.285658304851519440e-01 3.407507465800064139e+00
1.484778804256498441e+00 6.275699821444959525e+00 1.081177911957822008e-01
4.367583656827331851e-01 4.825849019987172861e-01 3.919241140522881750e+00
1.987884638593520936e+00 1.289785136293126078e+00 4.007525070124899003e+00
5.789312579550053961e+00 2.872228414278716446e+00 7.377644779856470381e-01
4.474242081178180896e+00 5.851896826575634591e+00 3.522016191693297493e+00
5.322351433435699164e-01 5.768410838489081094e+00 4.245651099308241250e+00
3.075700076436063135e+00 5.277662723678662182e-01 5.442577810264448424e+00
5.711633455539777415e+00 8.498703395068613053e-01 5.388971774168730411e-01
1.898730840428034083e+00 4.451274915301563162e+00 6.505290077878611577e-01
4.353861353269921075e+00 1.034389509720706757e+00 4.613252452307667895e+00
2.703670326372374255e+00 5.680567673446005550e+00 1.724114925963273093e+00
6.089447643498683505e+00 3.974642859753800384e+00 4.924060717104656426e+00
5.989868108387851997e+00 1.100063986272954430e+00 1.269281260961184765e-01
1.008628210277711990e+00 1.636341699414442186e+00 4.938444758180793315e+00
3.026324921679594659e+00 3.531327333456411921e+00 4.798878347910775055e+00
5.475888766323211421e+00 3.188068527124430229e+00 1.630486164855931452e+00
4.219271998714504868e+00 5.894825322295973002e+00 1.945490618640934422e+00
1.859242003976708801e+00 5.775719444576428607e+00 6.293031783666140910e-01
6.234965208876808163e+00 5.698785015638176077e+00 2.952577700289844120e+00
2.899641920617245461e+00 4.657203199291557461e+00 1.522353350553708351e+00
6.091476707225090159e+00 6.155207333372763934e+00 1.111661088897443195e+00
2.961693039358911150e+00 3.323921417856046112e+00 2.746368968683111866e+00
3.418955918565570046e-02 5.349327427575860661e+00 2.395938033037084303e+00
6.094620844697147266e-01 5.261047745368053752e-01 9.939746740450035034e-01
5.189782743315025648e+00 3.731239184563895694e+00 6.916782573674185031e-01
5.862374897030074195e+00 7.402679215472532936e-01 2.957410804552556449e+00
1.516633962979476724e+00 4.087798854434338658e+00 1.423332331474218559e+00
9.559235697645830365e-01 3.918829524400033737e+00 3.595952269365784382e+00
2.886748161627206155e+00 2.007698131553583565e+00 3.356684791143517810e+00
1.753138604318110749e-01 3.108312884406544629e+00 5.656342098422692644e+00
2.945501644201638847e+00 3.133226463879810186e+00 1.850721528947083305e+00
9.453362810048195897e-01 2.555350500144296877e+00 4.169962200452991041e+00
2.802935859190269774e-01 4.230769649998958215e+00 1.021345717449905877e+00
2.946685713597158696e+00 5.960754320716747046e+00 3.955901983836276337e-01
2.092389310986334738e+00 3.416126801876085306e+00 6.016189810113115044e+00
2.535910756683151135e+00 1.158478158701513744e-01 3.639411848360882384e+00
1.204096133488234965e+00 5.341938515924761433e+00 3.598446851708201777e+00
2.480482951764474642e+00 2.218685841371966561e+00 6.086823460326993285e+00
5.097910303985704772e+00 2.341775543580795649e+00 5.287648272265347060e+00
3.235481705392135865e+00 2.109833593116810846e+00 2.346209135033756610e+00
5.757425605440505967e-01 1.603904396250892317e+00 5.202073185040799741e-01
4.141866874603148396e+00 2.351995975125328042e-01 2.418842964534798856e+00
3.534851179990404990e+00 6.247767574259602164e+00 5.811815594986359024e+00
4.640178505572070122e+00 2.395268983140516728e+00 2.235476601084260273e-01
5.229048434741468299e+00 4.557972925262290254e+00 3.309241505823892204e+00
3.965516086611835522e+00 3.393893584157536392e+00 5.474749095129054055e+00
1.345154240349343278e+00 5.363990039554135336e+00 2.997281728788500299e+00
3.408641352409470304e+00 3.668596160359313796e+00 2.693567714787775458e+00
1.766119918590554505e+00 4.971924287520802288e+00 3.683587325452559735e+00
1.989066415359602491e+00 3.959974294771664294e+00 4.213133171361201690e+00
3.799544408735007206e+00 1.980703378244705881e+00 1.004416740315747569e+00
2.220044342701757323e+00 3.413034438159148642e+00 1.543300010816096801e+00
5.971204501016471600e-01 4.814316438553659872e+00 5.391867936621612678e+00
9.787340718340221679e-01 1.958990554356648595e+00 3.422255441296289113e+00
3.137074603045945320e+00 4.006598308577265399e+00 2.167027683055104514e+00
4.699733569290310164e+00 3.877427064584604288e+00 2.350774099673688333e+00
2.207833769863621232e+00 3.518909306388144476e+00 2.583766357651001044e+00
4.342544602761001293e+00 1.474324881927183695e+00 7.462503094321096819e-01
3.790481765048415941e+00 5.879032485225151206e+00 3.395921280849066637e+00
2.297192905534095164e+00 3.444993800189505517e+00 4.309870112932270736e+00
3.297476258308800645e+00 4.086540929691217627e+00 3.805534797987851992e+00
2.701597221134048876e+00 1.027754545153397592e+00 6.013635545897551893e+00
4.843492437260344730e+00 3.910765542260373095e+00 5.447848958056493718e-01
6.269359238898583597e-02 1.734240794139285224e+00 2.860156533400175505e-01
4.619637770077561711e+00 3.492130630787181111e+00 4.598924589818235376e+00
5.914911395977875408e+00 5.174282834652794705e+00 3.787927279788411816e+00
4.919459205444014493e+00 6.457627322628959332e-01 1.469961243258156802e+00
1.549042929547915504e-01 4.262386705481310045e+00 5.315622042436890515e-01
2.097855181540301928e+00 6.174658758428175354e+00 7.575688541163126677e-02
2.141460956738196142e+00 5.340171604904105251e+00 2.444033611544469409e+00
3.409377509986295518e+00 4.632166027243282080e+00 5.092031065357065067e+00
5.539350786889619016e+00 2.564771953859793729e+00 1.934683046996627853e+00
1.885946862735314866e+00 6.607177217535821212e-01 4.834655592278823022e+00
1.910472038777530468e+00 1.312108345394273234e+00 4.448626302110041841e+00
5.118987952353990067e+00 5.331459211392914455e+00 2.952347879500838435e+00
5.769241120668273659e+00 9.421817657073969787e-01 2.478818989169013776e+00
2.419754422991403864e+00 5.810996180923274856e+00 2.813916938385057076e+00
4.809575733710822476e+00 3.440487322660779501e+00 2.351388997579660689e+00
1.344898552184117468e+00 5.321632858387991938e+00 1.055303345859693653e+00
2.624075039168999979e+00 5.519134837832383234e+00 2.056184140520569414e+00
2.877601776108291709e+00 2.364691468840023347e+00 5.059981977408906317e+00
6.105714033544962227e+00 5.044207767208533255e+00 5.287284188689992392e-01
3.669373878495178598e+00 5.221188646639612685e+00 3.481464813839703520e+00
5.750548894219965623e-01 9.007132860721346335e-01 1.252788168094735477e+00
3.101687398972832632e+00 1.621854490957973738e+00 3.729087128195307965e+00
1.252241038859982059e+00 2.192570948116039808e+00 2.636912505323953937e-01
5.436831069362805025e+00 4.648943129937313401e+00 3.435054779722073626e+00
4.988249797005323671e+00 1.755483225813843307e+00 5.830655684227058266e+00
2.740001369992551172e+00 4.489071766615770009e+00 2.518274820120627311e+00
5.471616348522636564e+00 1.402675728828340018e+00 4.658090362254248440e+00
2.095936059399022167e+00 3.505305283395351079e+00 1.062042430212125632e+00
4.637814084772172940e+00 2.285518578573894732e+00 3.007244764674634752e+00
1.655390529983643111e+00 1.025282028091960784e+00 1.750800959265925716e+00
2.993964739269418529e-01 1.820855994769049468e+00 6.620738938867688494e-01
2.192684016108038314e+00 3.930905182970901635e+00 4.645050238799417031e+00
2.369546155581323976e+00 4.888286857242888139e+00 8.163299379307200621e-01
9.923765832130826414e-01 2.870456780586611689e+00 2.734245131040252019e+00
3.655666862962649866e+00 1.201924589648072139e+00 2.690463936839546211e+00
4.402130683842831793e+00 3.057028882833787153e-01 7.290118165877325085e-01
3.948642646170386961e+00 9.029096633325984014e-03 4.874323924265474339e+00
5.533483260060654274e+00 2.559271737096899813e+00 3.106392081690756868e+00
1.839986223434174617e+00 9.018422350429955436e-01 3.909641724160102250e+00
9.672951884231699091e-03 4.367677159512690643e+00 5.234835393775034262e+00
4.046986051496309855e+00 1.296704942004248240e+00 6.275773652576364547e+00
3.619938864074101037e+00 1.385651056608925957e+00 5.402130661272969370e+00
4.768901113491339494e+00 3.981307331766641866e+00 5.496981581078872914e+00
3.257129355077024613e+00 4.685570132013427980e+00 9.832722208136093767e-02
1.152515047790903413e+00 3.878319403849652236e+00 3.771422980094635946e+00
1.388523705483369897e+00 6.037676446933079033e-01 9.617383383082342974e-01
4.542340409656845601e+00 1.302856301288178198e+00 4.117849683307925446e+00
4.363297839862920746e+00 6.140846655737053794e+00 5.308451118593691120e-01
4.713986165290890540e+00 2.068748100272419510e+00 2.659284152815343472e+00
3.187905248994932439e+00 5.509913762310215013e+00 3.846088968251296869e+00
1.907812644400596946e+00 4.365664959475375362e+00 5.176619998929485433e+00
1.388129631560959254e+00 6.256320454414799670e+00 6.044917813540868323e+00
2.728421661423535705e-01 8.954083060125355154e-01 4.828962007984328508e+00
2.753387959715570599e+00 4.177690158909800999e+00 2.716647388354286985e+00
3.918340228144939097e+00 4.819182930118953934e+00 5.066130910684535360e-01
3.472052491479471481e+00 9.682744803885793283e-01 4.453344342307075099e-01
3.805111238795120698e+00 3.756044966300388310e+00 6.118512466685561701e-01
9.056183793831392714e-01 1.393595737625586750e+00 3.344648713934272877e+00
1.987873933142956018e+00 6.452179022814127918e-02 7.310244081081619383e-01
4.209713164557993714e+00 2.524160821688358425e+00 2.477885805633995631e+00
6.185937433175589639e+00 2.069431173007895974e-01 5.408247344536014189e+00
4.291904036368624276e+00 2.719995387213983484e+00 5.647326636841187408e+00
4.935957115074814716e+00 5.491283742783816813e+00 4.213523914663986347e-01
3.459003722641518674e+00 3.808211779227704596e+00 3.360748697109139815e+00
5.196767413457393792e-01 4.688302846774847765e+00 5.787934119589714044e+00
5.992796798311141870e-01 2.588606961632189396e+00 5.664426019980748350e-01
2.295248110754486148e-01 3.776441289770029325e-02 6.229253708438610815e+00
1.820329698031483145e+00 3.344298471887049207e+00 4.333825006793510681e+00
3.696796523735857765e+00 2.930226001101482236e+00 5.361505184073849684e+00
4.884292149849838616e+00 4.416180319786480624e+00 3.776458782472455145e+00
5.278002234497848555e+00 5.580081663956498517e+00 3.385164153503585016e+00
5.182329771063937329e+00 1.770656461185393882e+00 2.105361462453505528e+00
7.230304816837207493e-01 3.181003327344312570e+00 5.190644056900329595e+00
1.615548524099769567e+00 1.848797079898089057e+00 5.544841941440572519e+00
4.330166935271726913e+00 5.837153275809236597e+00 3.173475458279731765e+00
5.878777707111524364e+00 2.090553854372140030e+00 6.168211891630658528e+00
4.049723504420474463e+00 6.220586675233860108e-01 4.149437748982582441e+00
4.345574806031820003e+00 5.149897387889960321e+00 5.085373865994899489e+00
8.633132448794539338e-01 5.450370689143223757e+00 4.020041271631820123e+00
3.369745668174487729e+00 4.397161335158044970e+00 5.490225796323328744e+00
5.150524567057376935e+00 4.839298094828961894e+00 4.826793554084824578e+00
3.100917219412357539e+00 2.568384555946914283e-01 2.263644303709792638e+00
2.114843387506332828e+00 5.605632328824322386e+00 2.686143092610605798e+00
8.451253527904537544e-01 2.508124714608448436e+00 5.344841636977227139e+00
3.429648207213850775e+00 4.565427150796409761e-02 6.070026923686836717e+00
4.752717739163090371e+00 2.065049872461423686e+00 3.473906621994010013e+00
2.365915324059568725e+00 3.495403039246131716e+00 2.254482460193451221e+00
9.535981932852970466e-01 4.891335293469550649e+00 5.396053226991141649e+00
2.749795188903270571e+00 9.713163796775066139e-01 1.714602627595387618e+00
1.483593221403599172e+00 3.366004958514021261e+00 1.439250003616622475e+00
1.419609715446929599e+00 2.353551295026154122e+00 1.416660285830582788e+00
3.026406911848471548e-01 3.862480093357783417e+00 1.834260387178893614e+00
3.154224790537763834e+00 5.484796001467270976e+00 4.714959846606803673e+00
2.027977523995056486e-01 5.798269001188153915e+00 2.950726339126826137e+00
1.187464227623770796e+00 1.121998494000980173e+00 6.012923033204675249e+00
2.461893023703896066e+00 6.280144196809032131e+00 5.799503625972222132e+00
2.805868282006668490e+00 5.662820881253381344e+00 5.943327268411684461e-01
4.105673749787966287e+00 2.050037220586919506e+00 4.281757045957823582e-01
4.201959977663097590e+00 2.302299278786958503e+00 1.031071229528690569e+00
2.020844431226916704e+00 5.484197627866445934e+00 3.256171288386248142e-01
4.398035069392872032e+00 2.593764388278608557e+00 4.977097914063326911e+00
3.559210726166254779e-01 3.123992367936085035e+00 1.536832763743532226e-01
5.670080206616196605e+00 1.956041740964955089e+00 4.617649330453011736e+00
5.811512769257031863e+00 9.475246366265455134e-01 8.067312797085011145e-01
5.223241356010497327e+00 3.732615848033895123e+00 2.796447149921062802e+00
3.253028025428824410e+00 2.604701200506700953e+00 3.088691981472378778e+00
4.075158494902078599e-01 3.849376852300675278e+00 5.320101670066689437e+00
6.074849566633646170e+00 1.186641077337791117e+00 6.084620757485968312e+00
5.993980186767296381e+00 5.798984370156948787e-01 2.558167933113170367e+00
2.975786811419022015e+00 4.173525971641271148e+00 7.129933808413627672e-01
2.330051866706067010e+00 1.513308758049148439e+00 2.040596964472263242e+00
1.085968602281961015e+00 1.990209019714427319e+00 4.221664021520744825e+00
4.435593764698088748e+00 4.720776495165647235e-01 3.365813009845910919e+00
2.952205934688083122e+00 2.696451573796755596e+00 5.375249125126492444e+00
1.886418955219614002e+00 3.172021616153847923e+00 4.003119209991056415e+00
9.869958768163554774e-01 2.060725323203857151e+00 4.202840239674460854e+00
2.449825598108870572e+00 5.197373162943456082e-01 5.970103636534557445e+00
4.478667639790933741e+00 1.959012699598325691e+00 5.169978373884748457e+00
4.686227881026042708e-01 4.945746505326497733e+00 5.516468748901923291e+00
7.221581770602797379e-01 4.842034743970367039e+00 4.879864102263090642e-01
1.767194865260676817e+00 5.842754397216854551e-02 4.686197341562741592e+00
3.676443083885451379e+00 3.435540074028300417e+00 3.895172554326594039e+00
2.860748873797555270e+00 3.440521617985712766e+00 5.491827858025894571e+00
1.827862146820701472e+00 5.697207923308051036e+00 3.954995432089361440e+00
5.847240016459436696e+00 5.759926857697022839e+00 3.734372884021024408e+00
6.943241599002184516e-01 4.352088800665688595e+00 4.248233497666790370e+00
4.370188920726913451e-01 3.730139485039190905e+00 3.516893358305757111e+00
2.422800033609306958e+00 5.480121266816792236e+00 4.069762244833645681e+00
5.218848623581110679e+00 5.221730592529826964e+00 5.369719911027530657e+00
1.877172481451817587e+00 4.094340830711449719e+00 4.673889408419948488e+00
2.425864096550236937e+00 4.744804856993632747e+00 5.211841491004572724e+00
7.034242055037330521e-02 2.205256090624469145e+00 5.303796170267802701e+00
2.907010001238539143e+00 1.812055840262937756e-01 2.283172708560881503e+00
3.297550089720860722e+00 2.344452526669942749e+00 5.230781167361019612e+00
9.122497441957002628e-01 3.019683416819623822e+00 3.409055220553843579e+00
4.833267215547689233e+00 5.033484214536755097e+00 4.294911501279700339e+00
6.015813972454745695e+00 6.191979579760858776e+00 1.299267772808098353e+00
6.233478932662716687e+00 2.426216491345909887e+00 5.054984589460196354e+00
5.251754552082487315e+00 2.931758041923560043e+00 3.847456439766699265e+00
5.206727683937738327e+00 1.643636386599008903e+00 6.303155821973740469e-01
3.478308797756394455e+00 1.658116183535090826e+00 4.725639219084782461e+00
2.358858421528319038e+00 3.654176941883369167e+00 2.885946007866496021e+00
2.335928230232973968e-01 2.446346957727035587e+00 2.902575586081923564e+00
3.407569918666638831e+00 2.782253326034158203e+00 1.433626917497437647e+00
4.824539022574734659e+00 2.361262067977075718e-01 6.192726778185463132e+00
4.167093150636794086e+00 6.238838935691067178e+00 2.480929071672710151e+00
1.582088453068212663e+00 6.275377922819957099e+00 3.392402375795743552e+00
7.970737802976820552e-01 4.579939791305570829e+00 2.053334060894858037e+00
5.855968663143571007e+00 2.372875982872113543e+00 1.480897702154257090e+00
9.965470736194123047e-01 5.326573820545235094e+00 2.858554751244557490e+00
1.682093952916655644e+00 1.310545318101999701e+00 2.242642629088532902e-02
6.074539808636807869e+00 7.149192121371922282e-01 1.731613158825449750e+00
1.133821679187321518e-01 5.709312326349516020e+00 6.073932958833525575e+00
5.493246860481079352e+00 7.867301223788457643e-01 2.710620508389789851e+00
8.657975614150934529e-01 9.786233253023608469e-01 6.232803988619909141e+00
6.230460988058809768e+00 5.358761792678564895e+00 3.034023628330794864e+00
1.171094610476469455e+00 4.714878333354366013e+00 7.536624827813060978e-01
2.635560990318925434e+00 6.247447749606261702e+00 2.359601906461710641e+00
1.846608674093235036e+00 2.986126393757260633e+00 5.797804853253038182e+00
6.137339119993700187e+00 6.341269499786482688e-01 4.355891234913215615e-01
1.150850156001089086e+00 5.076404896557693114e+00 4.759287189640078353e+00
2.665209930693785978e+00 5.706442366370064079e+00 2.720546799478983147e+00
3.885784115022064888e+00 3.898035452232442744e+00 3.570942607531502500e+00
5.087203645723255896e+00 2.398419800850990047e+00 2.060715951651978184e+00
4.697811162125896445e+00 4.722156722133072471e+00 4.096635756364260139e+00
4.037319151146329332e+00 1.583033136410298525e+00 1.953419844186046195e+00
4.647173313139485451e+00 5.224665108349972442e+00 3.007425557831468144e+00
8.560054465720634553e-01 1.879667982137645188e+00 5.375959528240026764e+00
1.675846699504144111e+00 2.939904024166953178e+00 3.815186713974835442e+00
4.166491390094421376e+00 3.611888949400104742e+00 3.086116638871731155e+00
1.741801505180937681e+00 6.066738858263729384e-01 3.496951668851832062e-01
2.122024273033355612e+00 1.568701797851941748e+00 6.095196617740364253e+00
4.555809174666522132e+00 2.922436124004133884e+00 1.697387006635208140e+00
1.664103000969398671e+00 6.062664800746680349e+00 5.538358333309578718e+00
2.590010781301280707e-01 1.119241255573459659e+00 8.854105538001999509e-02
6.047403939531166728e+00 2.911499367011523010e+00 4.817762792416048434e+00
4.072071302499971068e+00 2.080472349627239925e+00 4.258657773297355398e+00
4.699147414529534217e+00 6.259286539691991891e+00 4.497324954979614375e+00
7.773962879427114281e-01 5.080690291266988012e+00 1.588160155563997700e+00
3.425844374729537734e+00 2.611345274154921459e+00 7.160231228072803100e-01
3.570845898335026636e+00 1.511660932782220357e+00 6.068351619224347182e+00
3.771872165988982228e+00 1.662922658299867518e+00 5.207023272586159379e+00
6.127386829376105126e+00 3.894453922577715055e+00 7.244421889520974434e-01
5.654211718476201298e+00 6.566562013628800543e-01 2.460290764893929172e+00
5.001851905211090354e+00 3.060634605752456050e+00 6.093880279178486070e+00
5.876914868566716521e+00 8.204540885178703835e-01 6.065020360307882719e+00
3.599141422918677780e+00 2.958461481576092122e+00 5.654100932816525926e+00
2.215029057638290499e+00 4.581278713887810383e+00 3.310265074204437497e+00
5.388309997259270290e+00 1.477244379022701060e-01 1.013539472374301864e+00
5.425982474611877215e+00 1.213913795531905260e+00 3.840679713199855794e+00
6.005134313950125424e+00 2.877282232983039201e+00 4.666865501030633467e+00
1.925978180110353488e+00 3.779043516773220368e+00 1.427256394541272622e+00
4.972269564252741247e+00 5.392028091909989662e+00 1.692782805857761641e+00
5.957675110938773777e+00 1.166357671116010186e+00 4.520650251119842977e+00
1.310532802284063214e+00 5.992279713148735532e+00 1.981800101459810559e+00
2.667906977655996048e+00 1.068315561128246438e+00 3.908811182751711577e+00
6.263441991817498611e+00 5.614748642063391415e+00 3.851331329651352942e-01
3.605553223402808261e+00 3.921536186093968812e+00 5.509433535092100875e-01
2.326672741304835146e+00 7.208559434531187915e-02 2.302978762239629607e+00
4.379915606593830724e+00 5.558115632135315565e+00 1.886389516084843843e+00
5.717926974032491394e+00 1.270888191778409837e+00 2.882532329258147730e+00
5.105496068235785501e+00 3.009868269272727992e-01 3.368265202979390693e+00
4.517827977351760893e+00 5.998942479565709363e+00 3.256680960047007467e+00
4.311165438700755637e+00 1.692573414211552940e+00 2.420888352990813175e+00
5.173301928728847088e+00 3.393574863896372751e+00 5.713854463450553922e+00
3.557399807980909379e-01 5.493405491850822386e+00 5.406548866475761272e+00
1.797552517038953690e+00 5.422236452678329321e+00 1.108021352107004587e+00
5.152642818439062466e+00 1.530803517706559758e+00 1.999598383984593442e+00
1.204413527038838083e+00 5.085917414727241237e-01 2.150026851527386373e+00
5.743197607044646880e+00 4.860973778046857596e-01 4.941172854900815814e+00
5.534828753203761664e+00 2.464194585326085374e+00 4.608716065446736287e+00
6.124173732137233594e-01 5.523023157861918442e+00 2.239148309922638358e+00
