-5.756726886332033111e+00
-5.761186601221560011e+00
-5.756734249740838472e+00
-5.761459915339948168e+00
-2.900667140632868346e+00
-5.759745493531227112e+00
-5.756777923554182941e+00
-5.757060956954957121e+00
-5.760416327416895577e+00
-5.761427521705628330e+00
-2.900674200803040836e+00
-2.754982591047882234e+00
-5.756964923441410420e+00
-3.142949707806110382e+00
-5.756745706498623605e+00
-5.756783886998891653e+00
-5.756738326698541464e+00
-3.585830156318843276e+00
-5.760739886760711137e+00
-5.761452104151248754e+00
-3.585827762633562177e+00
-3.585835228860377644e+00
-5.760687834024428966e+00
-2.246666502952575861e+00
-5.761116512119769162e+00
-3.585832358524202235e+00
-5.759988249838351670e+00
-5.761455114185809911e+00
-2.900664077699184329e+00
-2.900662153214216499e+00
-2.935861138999462217e+00
-5.760485538840294240e+00
-2.246654477715492870e+00
-2.900669985264540340e+00
-5.756711652129888002e+00
-3.142987091094255447e+00
-5.758478696644306893e+00
-5.761361175775526533e+00
-3.585831576958298239e+00
-5.756563947349787824e+00
-5.761072331666945878e+00
-3.142991843074560698e+00
-5.761218875646590298e+00
-2.865819395333528696e+00
-5.756804334372282561e+00
-2.935832990705966594e+00
-2.246623164415359142e+00
-5.761467009782792026e+00
-5.761478830873966395e+00
-5.756987972557545241e+00
-5.760868687927723109e+00
-5.761373683810233182e+00
-5.760225063562392833e+00
-3.585831983014940771e+00
-2.864250767976045609e+00
-5.761381568014622090e+00
-3.585794131830334575e+00
-5.758639422059059321e+00
-5.759238706529139940e+00
-5.757145006954671018e+00
-5.761028961837292073e+00
-5.761439770460129672e+00
-5.756814943999051692e+00
-3.142979941517114906e+00
-5.757029017806051918e+00
-5.756877481937408447e+00
-5.755481185764073970e+00
-5.758814916014671326e+00
-3.142985353618860778e+00
-5.756760659068823394e+00
-3.585813062638044890e+00
-2.935854817926883964e+00
-5.761398796737194239e+00
-5.761117555201053619e+00
-5.761428138613700511e+00
-5.756801297515631077e+00
-5.760604102909564261e+00
-2.935824514925479800e+00
-5.761028073728083676e+00
-5.759453690052033004e+00
-2.900677885115146903e+00
-5.757162861526011532e+00
-5.761325646936892753e+00
-5.759267716109753188e+00
-5.760556334257126210e+00
-5.756757084280252457e+00
-2.935834981501102003e+00
-5.760993283987046354e+00
-5.761178070306777421e+00
-2.754984833300114122e+00
-5.761398203670979434e+00
-5.757456955313682734e+00
-5.761447757482529575e+00
-3.142951218038797734e+00
-5.758429031074046911e+00
-5.761239652335643946e+00
-5.757683435082435075e+00
-5.760580013692378820e+00
-3.585817605443299083e+00
-2.900674847513437626e+00
-5.760763835906982600e+00
-5.761459855735301616e+00
-3.142977859079838066e+00
-3.142989118397236492e+00
-5.760745301842688626e+00
-3.585810109227896003e+00
-5.761423048377036338e+00
-3.585818178206681583e+00
-2.863413350284099934e+00
-5.756717087328435234e+00
-3.585836807265878168e+00
-5.760696944594383417e+00
-2.935842871665955034e+00
-2.293013824522495803e+00
-3.142986861616372973e+00
-5.761090867221356326e+00
-2.935753305256366907e+00
-5.761471489071846364e+00
-5.759726846218110374e+00
-5.761281952261925632e+00
-5.760824768245219829e+00
-5.758379703760147628e+00
-5.761052601039409637e+00
-5.757257087528706130e+00
-2.754981108009816104e+00
-2.865460796654224929e+00
-5.761382862925529480e+00
-5.761322000622748796e+00
-2.863512938469648272e+00
-5.760999816656113381e+00
-2.754984122887254028e+00
-5.761182999610900524e+00
-5.756985411047935486e+00
-3.585837323591112735e+00
-5.761414313316344682e+00
-2.935862025618552806e+00
-5.760863058269023007e+00
-5.756774866580962602e+00
-5.761129000782966969e+00
-5.757014478743076147e+00
-2.754986013099551379e+00
-5.755911443382501602e+00
-5.761400173604488195e+00
-3.585826839506626396e+00
-3.142986212670802804e+00
-5.760464166104794614e+00
-2.900636605918406996e+00
-5.761399537324905396e+00
-5.761486342549323680e+00
-5.760055616497992581e+00
-2.754965216293931096e+00
-2.246626581251621513e+00
-5.758250162005425388e+00
-3.585826504230499534e+00
-5.761485435068607330e+00
-5.759593069553376132e+00
-5.757644002139568506e+00
-5.756729403883219298e+00
-5.756661178916693267e+00
-2.246656601130962549e+00
-5.759110520780087228e+00
-5.761229348182676624e+00
-5.760568188130855916e+00
-3.585829872637987581e+00
-2.864963329583406271e+00
-3.585831236094236374e+00
-2.864996363222598763e+00
-5.761215604841710025e+00
-2.754981737583875212e+00
-2.864584315568208694e+00
-5.760749156773090185e+00
-5.757344330847263159e+00
-5.761407023668289717e+00
-5.760378323495388031e+00
-5.758554907143117241e+00
-5.760962790250778731e+00
-5.760912869870661090e+00
-5.760629063844680431e+00
-5.755469811707734529e+00
-3.585824413225054741e+00
-2.754987374693155910e+00
-2.935859932005405515e+00
-5.756615317612886251e+00
-3.585823490470648078e+00
-5.761178874969482777e+00
-2.935842615365981789e+00
-3.142990513145923703e+00
-5.757244876027106883e+00
-2.935834516584873377e+00
-5.756987668573855466e+00
-2.246671533584594371e+00
-2.293013684451579604e+00
-2.246665957570076255e+00
-5.756665860861540196e+00
-3.142989131808280323e+00
-5.756796944886445111e+00
-5.757859238982200090e+00
-2.935849241912364960e+00
-5.761053863167762579e+00
-5.756760386377572480e+00
-3.142992454767227439e+00
-5.756787826865911839e+00
-5.757263202965257953e+00
-5.761041104793547696e+00
-5.757563827931880596e+00
-5.761000595986842221e+00
-2.935851450264454598e+00
-5.756472447514534352e+00
-3.142982233315706253e+00
-5.759764003753662820e+00
-2.935850456357002258e+00
-3.585833973437547062e+00
-2.935860024392605183e+00
-3.142998757958412437e+00
-5.761408033967017950e+00
-5.760949043929578295e+00
-5.759575849771501055e+00
-5.760777769982816210e+00
-5.761317464709282632e+00
-3.585839926823973567e+00
-5.761461809277535373e+00
-5.760423736274242756e+00
-5.760691334307193934e+00
-3.142987351864575452e+00
-5.756831091642380827e+00
-3.585835124552250175e+00
-5.761019925773144479e+00
-5.761362698674202143e+00
-5.761399078369139559e+00
-5.759265717864036738e+00
-2.246662005782128269e+00
-3.142993839830160230e+00
-2.754988788068294614e+00
-5.760840411484240420e+00
-5.756335207074879889e+00
-5.759050154685974476e+00
-5.757596141099930342e+00
-2.754945254698395463e+00
-5.756983952224253187e+00
-3.142975144833326517e+00
-5.760614715516567230e+00
-3.585831229761242245e+00
-3.585833758860826670e+00
-5.757378897070884349e+00
-5.761288535594940363e+00
-5.761318349838257191e+00
-5.761223308742047244e+00
-5.761492976546287892e+00
-5.761503420770167416e+00
-5.756966345012188846e+00
-2.246666707098484039e+00
-3.142995390295982627e+00
-5.756623529642821424e+00
-2.754977965727448463e+00
-2.935863670706749140e+00
-5.756782416999340235e+00
-5.761371423304080253e+00
-5.761512923240661443e+00
-2.900668791681527470e+00
-5.761460997164249420e+00
-5.761409550905227661e+00
-5.761215919256211571e+00
-2.754972864687442513e+00
-5.761477923393249156e+00
-5.757999624311923803e+00
-5.760628801584243952e+00
-5.757386761903762640e+00
-5.756770253926514869e+00
-5.757836560904979528e+00
-2.935852941870690014e+00
-5.756749074906111652e+00
-2.900633938610553741e+00
-5.761005461215972012e+00
-5.761447699368001274e+00
-2.900670459866524276e+00
-5.759921513497828549e+00
-5.756933709979057845e+00
-5.756792607903479464e+00
-5.756731824576854173e+00
-5.758013536036014735e+00
-5.756756632030009868e+00
-5.756960469484328158e+00
-5.757717378437519073e+00
-5.760710112750531131e+00
-5.756659378856421760e+00
-5.761038391292095717e+00
-2.754978561401367099e+00
-5.756769701838492459e+00
-5.761154873669147136e+00
-5.757097484171390889e+00
-5.760248056054115828e+00
-5.761053192615507967e+00
-2.293005589768290164e+00
-5.761101014912127560e+00
-2.293007692694663646e+00
-3.585833526402712135e+00
-5.759856133162974956e+00
-2.754982496052980512e+00
-3.142965818196534755e+00
-5.760328111052511524e+00
-5.760096897184848963e+00
-5.757464307546616311e+00
-5.756720188260079141e+00
-2.935815262794494895e+00
-2.900651656091212782e+00
-5.760585093498230336e+00
-5.756664751470087715e+00
-2.900671085715293973e+00
-5.760300879180431544e+00
-2.935764162242412212e+00
-5.761433233320712333e+00
-2.246657881140709190e+00
-5.761232608556746904e+00
-5.761289381980896351e+00
-5.761390277743339006e+00
-3.142989785969257266e+00
-2.754979857802390519e+00
-5.761418786644935786e+00
-5.759189864993095043e+00
-2.935514263808727264e+00
-5.761392679810524164e+00
-2.865048459172248929e+00
-5.761228731274605330e+00
-5.761485664546490248e+00
-3.142993423342704595e+00
-2.900655337423086344e+00
-5.758214147388934556e+00
-5.761489990353585000e+00
-5.760935451090335668e+00
-2.864890404790640055e+00
-5.756780228018761214e+00
-5.757113145291804734e+00
-3.142988322675228208e+00
-2.246616311371326447e+00
-3.585816931165755062e+00
-2.935841302573680700e+00
-5.761011098325250934e+00
-3.585833309218287468e+00
-5.756958046555520347e+00
-5.759084227681158907e+00
-5.757372027635574874e+00
-5.756806962937115912e+00
-5.756765148788690389e+00
-5.761001257598398873e+00
-5.761452318727970479e+00
-5.756511675566433617e+00
-2.862735405564308167e+00
-5.761081643402575558e+00
-2.935853694379329859e+00
-2.935853557288646165e+00
-2.866756024211644771e+00
-5.761198183894157943e+00
-2.935858814418315532e+00
-3.585827670246362953e+00
-5.761033135652542825e+00
-3.142991999536753234e+00
-5.761120460927487308e+00
-2.754976961761713028e+00
-5.761383473873139316e+00
-5.761158409714698614e+00
-3.585827937722205760e+00
-2.900637131929397317e+00
-5.760839694738388417e+00
-5.756803796440363108e+00
-5.761158077418802925e+00
-3.142987818270921885e+00
-5.760805720090867332e+00
-5.759082314372061973e+00
-5.761486679315567017e+00
-3.142984249442815514e+00
-2.293018155544995995e+00
-5.761052307486533408e+00
-5.761454138159750826e+00
-5.760872481763362529e+00
-3.585827759280800553e+00
-2.935861587524414062e+00
-5.756737887114286245e+00
-5.761238163709641036e+00
-5.760759380459784751e+00
-5.761402738094330900e+00
-5.756530093401670989e+00
-5.760839679837226335e+00
-2.900673142820596517e+00
-3.142996873706579208e+00
-3.142988341301680144e+00
-5.761180955171584017e+00
-5.760767038166524578e+00
-5.761480057239532826e+00
-2.864955208450555624e+00
-5.756791166961193085e+00
-3.585821766778827691e+00
-5.761285668611526134e+00
-2.754976329207420083e+00
-2.900677879154682337e+00
-2.754963991791009814e+00
-5.760841399431228638e+00
-5.761464096605777740e+00
-5.761455716192722676e+00
-5.760655722022057112e+00
-5.759206165373325526e+00
-5.761444237828253989e+00
-3.585831916704773636e+00
-5.761349584162235082e+00
-2.293016288429498228e+00
-3.142991182953118745e+00
-3.142976380139589132e+00
-5.760568861663340812e+00
-5.761413756012915499e+00
-3.585827596113085658e+00
-3.142992841452360242e+00
-5.758379413187503459e+00
-2.246666252613067183e+00
-3.142988476157189126e+00
-2.935834193229675204e+00
-5.761181385815143052e+00
-5.760985659062862752e+00
-5.760161675512791568e+00
-5.758882090449333191e+00
-5.761463540792465032e+00
-5.760493539273738861e+00
-2.900671914964914944e+00
-3.585818822681903661e+00
-5.756765607744456226e+00
-2.865201938897371292e+00
-5.756660851836204351e+00
-5.756755554676058040e+00
-2.900665459781885058e+00
-2.754984175041318206e+00
-5.761157882213590931e+00
-5.760414405167101570e+00
-5.757252840697766771e+00
-2.863584108650684357e+00
-2.869348037242890115e+00
-3.142985103279352099e+00
-5.761310771107673645e+00
-5.761124800145625890e+00
-3.142998772859573631e+00
-3.142965243011712762e+00
-5.760390371084214145e+00
-5.761219251155853094e+00
-5.756888122856615553e+00
-2.754970160871744067e+00
-5.760819901525975339e+00
-3.585834698006510557e+00
-2.900666832178830923e+00
-5.760888002812862396e+00
-5.761382849514485649e+00
-5.761454370617867582e+00
-2.900670575350522640e+00
-5.756960655748843969e+00
-5.761479714512824479e+00
-5.761023621261120553e+00
-5.759838661551475170e+00
-5.761403186619281414e+00
-2.864455659687519251e+00
-3.585832580551505000e+00
-5.760998892784117587e+00
-3.142993853986263186e+00
-5.758827477693557739e+00
-5.756671574711800687e+00
-5.756664997339248302e+00
-3.585834428668021712e+00
-5.761088424921036122e+00
-5.760453903675078813e+00
-3.142970551550388958e+00
-3.585832023620605824e+00
-2.864594966918229790e+00
-2.900672574341296883e+00
-5.757357753813266754e+00
-5.756707268953324963e+00
-5.759126862883568343e+00
-3.142991561442613158e+00
-3.585840143263340440e+00
-5.756764155626296287e+00
-5.756788809597492396e+00
-2.864445124566554757e+00
-5.756774534285067801e+00
-5.760893698036670507e+00
-2.900644999742508112e+00
-3.585824356228112908e+00
-5.760821184515953597e+00
-5.756245401501655756e+00
-5.761191193759440665e+00
-3.585818465799093691e+00
-3.585831932350993512e+00
-3.585812215320766327e+00
-5.760958836972712938e+00
-5.759420490264893111e+00
-3.142993278056382955e+00
-2.754980365186929792e+00
-2.246666508913039539e+00
-5.761350843310355074e+00
-5.761068834364414748e+00
-5.761293865740299225e+00
-5.761395218968392129e+00
-5.760936121642590280e+00
-3.585831907764077009e+00
-5.756929238140584104e+00
-5.760210180282591352e+00
-5.757325299084185666e+00
-2.754979693517088712e+00
-2.754978544265031637e+00
-5.756740440428258054e+00
-5.758849692344664817e+00
-5.760868991911411996e+00
-3.585825687646865934e+00
-5.760886429250239971e+00
-5.757810305058955969e+00
-3.585820690542459666e+00
-5.761171193420885572e+00
-3.142987164109945830e+00
-3.585834699869155706e+00
-5.757986088097095667e+00
-5.758843849599361242e+00
-5.757333865761755654e+00
-2.900671233236789881e+00
-5.756958100199699224e+00
-3.585835951194165983e+00
-5.756741152703762410e+00
-5.756488531827925748e+00
-3.585835174471140085e+00
-5.761286635696887259e+00
-5.756913176178931835e+00
-5.761410996317863464e+00
-5.761028657853604962e+00
-5.761223539710044861e+00
-2.935857297480106265e+00
-3.142992780357598992e+00
-2.935830211639404830e+00
-2.900625740736723301e+00
-5.761456166207791441e+00
-5.761360910534857993e+00
-5.761430230736732661e+00
-5.760240091383456829e+00
-5.760540454089641216e+00
-5.761264994740485257e+00
-5.761314474046230316e+00
-5.756808611750601656e+00
-5.761168275773524527e+00
-3.142987310141324819e+00
-5.758858220279217122e+00
-5.761263626813888372e+00
-5.761490070819855980e+00
-3.142989071458578199e+00
-3.142990917712450205e+00
-2.754956213757395300e+00
-2.935850934684276492e+00
-3.142976469546555851e+00
-3.585830821469426333e+00
-3.585818961262702942e+00
-5.756480149924754208e+00
-5.761398719251155320e+00
-5.760688859224320169e+00
-2.935853460431098849e+00
-3.142995046824217376e+00
-5.760380928218365781e+00
-5.760302391648291831e+00
-5.757716609537601116e+00
-5.761024805903435464e+00
-2.246666078269481837e+00
-5.756768878549338275e+00
-5.756273224204779382e+00
-2.935859018564224598e+00
-2.754987044632434934e+00
-5.761365580558777566e+00
-3.142991296201944174e+00
-2.866341045498848050e+00
-5.756554260849951810e+00
-3.142999069392681033e+00
-3.585822853818536160e+00
-5.759317310154439262e+00
-3.142987684160471140e+00
-5.761057771742343014e+00
-5.761259366571903406e+00
-5.761358185112476882e+00
-5.759649083018303806e+00
-2.900670395791530964e+00
-5.761477248370647786e+00
-2.900667487829923452e+00
-5.761052413284777352e+00
-5.756778187304735006e+00
-5.756693471968173270e+00
-5.760981595516205367e+00
-2.935853928327560425e+00
-5.761242452263832803e+00
-3.585827760025859234e+00
-5.760273531079291409e+00
-3.142992964386939647e+00
-2.754971290007233620e+00
-5.761331801116466700e+00
-5.758484660089016494e+00
-5.760790501534938990e+00
-5.759428264200687764e+00
-5.761324368417263919e+00
-3.142991942167282282e+00
-5.761026798188687792e+00
-3.585789380595088005e+00
-2.935848979651928481e+00
-2.865002338588237496e+00
-3.585825663432478994e+00
-5.761457391083241397e+00
-5.761261115968228985e+00
-2.246673390269279924e+00
-3.585829292982817051e+00
-5.761436651647090734e+00
-2.935838456451892675e+00
-5.758189330995082678e+00
-5.756962643563748649e+00
-5.760825249552726568e+00
-5.761180348694325382e+00
-5.761080683767795918e+00
-3.142981483042240232e+00
-5.761319772899150315e+00
-3.585824947245418226e+00
-5.761313490569591522e+00
-3.585833526402711691e+00
-3.142999853938817978e+00
-5.761500878632067391e+00
-5.757513429224490942e+00
-3.585677474550902577e+00
-2.865648779273033409e+00
-5.757572682201863579e+00
-5.760003817081451594e+00
-5.760523310303688582e+00
-2.935849675536155168e+00
-5.761344380676747257e+00
-5.756609588116408105e+00
-5.756726878136396053e+00
-5.761507201194763006e+00
-5.756793159246444525e+00
-5.758679260313511961e+00
-5.756783071905375415e+00
-2.246644866466521950e+00
-2.900670505315065650e+00
-3.585826604068278911e+00
-2.246570324897766202e+00
-2.246656098961829606e+00
-5.761389303207396395e+00
-3.142986034601926715e+00
-5.761505931615829468e+00
-5.756798052787780229e+00
-5.756777236610650661e+00
-2.900681857019663301e+00
-2.900671759247779757e+00
-5.760709609091281713e+00
-5.761477997899056014e+00
-5.758836175501346410e+00
-2.900630073249339969e+00
-5.755903801321983870e+00
-5.757109776139259338e+00
-3.585827394202351748e+00
-3.585825853422284659e+00
-2.900670870393514900e+00
-5.756243649125099893e+00
-2.900669095665215913e+00
-5.756980910897254944e+00
-3.585829074680805917e+00
-5.756947970390319469e+00
-5.761089795827865068e+00
-5.761051587760449344e+00
-5.756475314497948581e+00
-5.761080789566039861e+00
-2.754979122802615255e+00
-5.761338767409323935e+00
-2.900502265989780781e+00
-5.756992606818674751e+00
-5.761373081803321305e+00
-5.757388381659984233e+00
-3.585837200284004211e+00
-3.142973609268665314e+00
-5.761031328141690722e+00
-3.142989966273307623e+00
-5.757027250528335749e+00
-2.935858577489852905e+00
-5.761355733871459606e+00
-5.759032572805879546e+00
-5.761408159136771623e+00
-2.935837596654891968e+00
-5.758661840856076353e+00
-3.143000706285238532e+00
-5.756816893815994263e+00
-2.864969994872808456e+00
-5.756655279546975201e+00
-3.142988492548465462e+00
-2.865823060274124146e+00
-3.142993258684873670e+00
-3.142991667240857545e+00
-5.757871793210506794e+00
-2.246670718491077245e+00
-5.756690070033073425e+00
-2.935850599408149630e+00
-5.756773807853459601e+00
-2.935857477784157066e+00
-5.757001879811287637e+00
-3.142993811517953429e+00
-5.756889586150645499e+00
-2.935760238766669694e+00
-5.761480297148228402e+00
-2.935858529806137707e+00
-5.761160363256931483e+00
-5.756701648980379282e+00
-2.935850122570990983e+00
-2.900647758692503686e+00
-3.142992641776799712e+00
-2.900655759871006545e+00
-5.756883412599564487e+00
-3.142985804378986003e+00
-3.585824622213841018e+00
-5.760858507454395649e+00
-2.935847851634025396e+00
-2.935831451416015980e+00
-3.585831545665859821e+00
-5.760835982859135562e+00
-2.754975423961877556e+00
-3.142987146228551687e+00
-5.756808574497699560e+00
-5.761466935276985168e+00
-5.761417385935783564e+00
-2.935857197642326444e+00
-5.756807436048984705e+00
-3.142996285855769845e+00
-2.935856267809867415e+00
-3.142997176945210303e+00
-2.935859297215938302e+00
-5.760937997698783342e+00
-5.756762573868035915e+00
-5.759754082560538002e+00
-5.760889375209807817e+00
-2.754985867440700176e+00
-3.585828698053955765e+00
-5.758849711716173658e+00
-5.761384877562521822e+00
-5.760999143123625821e+00
-5.757229810953140792e+00
-2.935824979841709315e+00
-5.756610269099475374e+00
-5.761266808211803259e+00
-3.142961414903402417e+00
-3.585825684294104754e+00
-2.754988227412104695e+00
-2.935842534899711698e+00
-2.293008801713586120e+00
-5.761450959742069777e+00
-5.760275045037269948e+00
-5.759123127162457223e+00
-3.142981027811765582e+00
-3.585833334550261764e+00
-5.759386399388312761e+00
-5.760820129513740007e+00
-5.758436577022075120e+00
-5.759892255067825317e+00
-5.756759499013424985e+00
-3.585827773995697410e+00
-2.246663722395896290e+00
-5.757305511832237599e+00
-3.142991746962070732e+00
-5.761245490610598985e+00
-2.754981181770563836e+00
-5.761151723563671112e+00
-5.760980899631976015e+00
-3.585810476914048639e+00
-5.758511357009412635e+00
-3.142989562451839358e+00
-3.142990297824143742e+00
-2.935855577886104406e+00
-5.761000968515872955e+00
-5.761335673928260626e+00
-5.761441744863986969e+00
-2.900678560137748718e+00
-5.758218359947204767e+00
-3.142945490777492523e+00
-5.756996363401413852e+00
-3.142991174757480799e+00
-5.761137180030346805e+00
-5.757781158387661691e+00
-5.756743199378252740e+00
-3.585833602771162809e+00
-5.761333064734936116e+00
-5.761372306942939225e+00
-5.760001246631144767e+00
-5.758472172915934273e+00
-5.756807447969914726e+00
-5.760501721501350758e+00
-2.754966402053833363e+00
-5.761408734321594061e+00
-3.142997798323631908e+00
-5.756741368025541483e+00
-5.759737034142017542e+00
-5.760095338523388619e+00
-5.760512122511864952e+00
-2.935853195190430309e+00
-5.761433449387550532e+00
-5.756810953468084691e+00
-5.761359345912933527e+00
-2.900654175132513224e+00
-5.759818927943706868e+00
-5.761338131129740248e+00
-5.758028204739092715e+00
-5.761234277486799726e+00
-3.142989636212587090e+00
