3.140715819807137876e+00 4.516400679791884865e-02 3.942922993325477687e+00 2.344288878413086419e+00
4.747101742106996980e+00 4.703809812852444594e+00 4.749762101897579747e+00 4.676597124170044140e+00
7.678285958813364509e-01 3.909341516781646320e+00 6.283297054332216192e+00 1.570494325003897851e+00
2.514108230531187857e-02 6.276751845600942126e+00 4.766037922020054829e+00 4.659493807682820510e+00
2.977529943334261464e+00 3.926700027462820319e+00 1.474783587026298637e+00 5.535188122297532765e+00
4.717222015810215829e+00 3.119613445696187259e+00 5.959589569919341301e-01 9.747097818303224193e-01
5.482410983845737995e+00 7.698864142724829440e-01 1.570783591268398727e+00 4.712624039920354058e+00
3.142789694855840477e+00 4.748381639256238351e+00 2.327777358559376619e+00 8.180966279355901261e-01
3.136662012348180983e+00 1.571939209129697090e+00 4.184785985595369517e+00 5.263779433206915437e-01
1.578977568773212603e+00 1.593322368562714919e+00 1.745072738591916695e+00 1.399360637687102615e+00
1.736826837998841411e+00 2.356445696172250415e+00 9.639302528853749275e-02 2.319457598194857972e+00
2.367564824553384906e+00 1.706613993427798848e+00 7.838139996877868665e-01 1.333236289006835620e-02
4.711206611932886368e+00 3.858591647576607025e-02 5.519274268352048374e+00 7.672858481892742555e-01
5.886392139439059257e+00 4.072848280941097521e+00 4.218758738660573826e+00 6.633572736493280608e-01
2.371488382928024663e+00 2.372101629791860233e+00 -1.211949032195442066e-04 4.712272918786119646e+00
3.940763542710895795e+00 2.369820790185489301e+00 1.015695285977457100e-04 3.141547735699258936e+00
3.942742854719894385e+00 5.513608090998912026e+00 4.692003838689272257e-04 4.711512788353185321e+00
1.952072410724267071e+00 2.546237602225768004e+00 3.865426787596498048e+00 6.126998979031185399e+00
3.180977415521605067e+00 4.721428396813566408e+00 4.739456978024527700e+00 3.117660393633603366e+00
1.595871876203805106e+00 6.290219165351384589e+00 1.625133674539851469e+00 1.518100942145419463e+00
3.522635199645495430e+00 5.687834523355859595e+00 3.864056712433853846e+00 4.555719748791390522e+00
3.808017866367106041e-01 -5.956890775922266679e-01 5.435192060066769137e+00 1.414349169823041263e+00
3.169481651792704469e+00 1.600616985433732431e+00 1.606534278659905501e+00 1.538495389147785941e+00
5.265760795396678517e+00 1.146831971054588006e+00 1.394156717180225824e+00 4.210363825837229790e+00
3.177900137707565520e+00 4.715160961649346838e+00 1.603815084726675222e+00 3.110507301917562639e+00
1.952087161866555176e+00 2.546359715780605715e+00 5.436075391805827550e+00 -1.561866282886348600e-01
3.136422636610932013e+00 6.259095515872301618e+00 5.709127789391915009e+00 2.140781346235351101e+00
4.701798193900850187e+00 1.550674688103025556e+00 3.004464456945062256e+00 3.275422147993286792e+00
4.546547680341291198e+00 2.355898677193646318e+00 -9.648693333910045300e-02 3.963374959796933439e+00
1.735292706184607958e+00 2.356604054134813442e+00 3.238254310616580867e+00 7.031237529387654561e+00
3.926364245702083533e+00 8.857497401052584485e-02 3.141689572047705603e+00 2.364206332165028179e+00
4.707664393089517674e+00 3.117167959223653195e+00 4.195305226961210998e+00 2.083768757000394878e+00
5.265278903550220768e+00 1.145697562135887804e+00 2.963084882761123584e+00 4.211542455508899607e+00
1.405273401005137535e+00 3.926808081185620303e+00 4.615754711461599769e+00 2.392949332185950073e+00
3.907219824074454895e+00 7.657226937952357204e-01 3.141707619616927794e+00 1.237611656256065250e-05
5.107814996745674740e+00 2.211192323269700832e+00 2.060813414289180745e+00 9.070224320443772692e-01
4.707760296221869645e+00 6.322017630674797495e+00 9.065667682534226390e-01 6.651607950107717437e-01
3.134500047136273171e+00 4.686957058268206744e+00 6.075438476119400022e+00 3.345518674916558410e+00
3.522713160260168230e+00 4.116900463270746435e+00 5.435935534139144210e+00 6.126757294089777872e+00
8.092325201604328999e-01 5.521757795475314978e+00 4.712781937102816343e+00 1.571037583753597922e+00
3.146762765918996951e+00 3.317484252051963733e-02 3.272834493895366292e-01 5.960151892991395250e+00
4.317146133766028626e+00 2.501228442956736853e+00 4.222555453264620340e+00 5.375986883005642980e+00
-2.760345723410293287e-02 3.118067440881267416e+00 -4.842591620771457411e-02 4.756636164904247011e+00
6.249049099777352012e+00 5.498047361381856568e+00 1.134455430403003673e+00 4.353989516845481411e+00
7.972690373409530018e-01 5.509700097289036869e+00 4.712568126293597892e+00 1.570730113927386151e+00
3.926472455179314647e+00 3.232138181123273224e+00 4.713176104069779271e+00 2.364577176198902730e+00
2.123362847031575740e+00 5.858409051473238094e+00 2.960322135600648608e+00 2.641253997522901464e+00
6.303626314998015623e+00 6.294838220218860414e+00 6.408067202749827274e-02 1.509134932013444841e+00
-1.071053801213886839e-02 1.589183934406524834e+00 4.578026653307992078e+00 6.418807386106356816e+00
4.713447999602274230e+00 1.532559603497330780e+00 7.615112518742948033e-01 5.518051743295210088e+00
6.242103719005320350e+00 1.561731581482275422e+00 -3.002759936090730261e-02 3.168341474497166743e+00
4.683001204183511845e+00 1.562122502413617831e+00 1.525193105220570722e+00 4.755376644063255220e+00
1.566021279000986199e+00 3.115265324797539037e+00 2.593934284526561385e+00 3.684816473843755436e+00
3.522991024702288865e+00 5.687749039894792524e+00 7.234530662165041814e-01 6.126926485642700371e+00
3.099572035616547705e+00 3.928500044052033235e+00 4.147932741403375978e+00 2.909448563479109851e+00
6.277212952856686456e+00 4.707631182334381492e+00 4.438872964514295028e+00 3.413601870725423648e+00
3.521625860132367780e+00 2.545490344599893540e+00 2.292125173738873922e+00 1.413556784206636996e+00
1.566549445161040444e+00 4.745717932941025730e+00 2.478006062398317333e+00 5.376957258303498577e+00
1.575603715921613857e+00 3.107367051412606163e+00 3.766638159853771928e+00 9.446126202705973363e-01
6.285056853001981914e+00 3.108596541845229488e+00 7.491852143477100157e-01 5.532570481205127066e+00
6.244608292724510790e+00 1.562704031370728108e+00 6.250873304342889014e+00 1.600802070405195732e+00
4.727522074440067001e+00 1.591990943423119198e+00 4.800537919070558601e+00 1.485387293897267647e+00
5.490162918275236059e+00 2.348454822965535538e+00 3.141507438886782300e+00 3.141610882821531892e+00
3.536663736599562124e+00 5.352773713913297371e+00 3.631387517398649400e+00 9.077728451128235232e-01
1.571968233482904376e+00 1.549228233002940103e+00 3.904273089255559270e+00 3.947683161944030239e+00
4.713210079674148290e+00 4.720798907620475937e+00 7.054896382205105176e+00 5.512909284249151831e+00
2.392311581406950438e+00 3.963272801640114196e+00 6.282995184091203278e+00 3.143318233215126156e+00
4.716980577009467268e+00 3.111485112901419381e+00 2.226616632966342824e+00 2.484468427990733197e+00
4.316790908701917395e+00 4.072032249725903164e+00 4.222467304810710864e+00 2.234515498883433704e+00
2.339620325707062687e+00 7.688031347220647405e-01 4.712251467812821559e+00 4.712614441135904997e+00
1.952532958358361270e+00 4.117453505044111672e+00 7.006845439550940746e+00 1.414395448704929725e+00
7.863275035647265820e-01 4.623189829945406615e+00 6.282502555973474401e+00 5.489327595793623615e+00
4.727776571446103304e+00 6.258675251355819924e+00 1.658657734313622178e+00 1.481693064294881346e+00
3.146608457846058915e+00 6.258183693917909629e+00 1.940860097218515268e+00 1.199789241229143322e+00
6.290075171720928005e+00 1.559008927265707278e+00 6.511332553036916160e+00 2.913391783238198141e+00
7.961178098185316410e-01 7.960700287032373978e-01 7.156658409480867874e-05 4.712757761435881321e+00
4.732068924279960065e+00 3.184327928099113247e+00 6.352816985633013225e+00 1.506622953543957255e+00
3.927430973481269127e+00 4.621744455537355911e+00 3.140545393729112789e+00 3.918431575830786606e+00
4.672648894444783707e+00 3.146730708600688153e+00 1.538141059436576752e+00 3.076869799688867341e-02
5.272611439751677745e-03 1.588184103189565155e+00 3.758425233234661711e+00 2.528833809987728998e+00
4.547149071764653883e+00 7.851724626997033107e-01 1.474624907733177448e+00 8.225803323811752277e-01
3.139514914981701210e+00 3.102513295478134037e+00 5.539346801195251579e+00 3.880768656695351648e+00
-9.834451457087729775e-03 6.253060871428659517e+00 2.996772155232744872e+00 6.424128468027425320e+00
4.717060276670440366e+00 6.261440684328921868e+00 3.771722054414012870e+00 5.653147757817055030e+00
3.107900556005233295e+00 3.117364698561341463e+00 1.542244235765984683e+00 3.166149918439167710e+00
5.513902349433776884e+00 2.372296558398393707e+00 4.712844710549630278e+00 1.571227619321660773e+00
7.847953561501433972e-01 4.803201138757420274e+00 6.283046329852147061e+00 2.364487947148989466e+00
4.030908319086930897e-02 3.147893064573208832e+00 6.315252453219382112e+00 3.111936204142857765e+00
1.548913162099494478e+00 6.259764569786405275e+00 4.661375508631943276e+00 1.618322352888557747e+00
7.966975116330657913e-01 1.362230169826927351e-01 7.837759323068725914e-01 1.357423190024598277e-02
1.586172388569724534e+00 3.116926990741150316e+00 4.797596971833232971e+00 6.196848261446513462e+00
4.715624463194474814e+00 1.615951202109106699e+00 2.278011959756406135e+00 4.010000004541950602e+00
6.294713223601298147e+00 3.119551276828589792e+00 3.265003236835186229e+00 4.588006480768115125e+00
1.967276646964935205e+00 3.781046943049044984e+00 4.935516048502995301e-01 2.478370521786723568e+00
4.716896306412621698e+00 3.154835623271047496e+00 2.247176177614039538e+00 5.609390038393665456e+00
-9.038517841218517840e-03 6.316099611417970827e+00 2.998029726228111258e+00 1.459967556684469425e-01
4.716031220087140596e+00 4.701796048498992242e+00 2.285039774720670991e+00 8.568507859768258461e-01
4.716931848303677732e+00 1.601675702955882796e+00 2.059571646186878269e+00 5.798900552133655850e+00
1.951922045971023589e+00 9.750825506516045404e-01 7.239623440512371610e-01 4.556322885103307740e+00
3.306254566662975680e+00 5.498040582517321084e+00 3.237622646668852244e+00 5.460293161794477435e+00
3.146338107959026686e+00 4.688023239518430252e+00 5.180465900915539379e+00 2.672647658123912695e+00
4.730919327120028051e+00 4.697245930152949001e+00 3.211748448275566936e+00 3.070868702727567179e+00
1.175668822737156560e+00 5.642523597418697356e+00 2.652618238935627648e+00 5.375747865228525768e+00
5.887206518052040316e+00 2.501900261826750960e+00 1.078778398927015658e+00 3.805036238180562691e+00
4.707346968221513883e+00 3.406592256305120830e-02 1.138885964237126736e+00 3.575360095952265116e+00
1.190106941470116420e+00 5.956157997403290771e-01 5.560514810655767803e+00 3.298816657590476265e+00
3.166118103660523708e+00 1.585210517484985981e+00 4.767639243877646038e+00 6.230420431317153174e+00
1.189905535662468150e+00 3.737526228537439987e+00 2.418233598335000512e+00 1.727194295330343854e+00
6.236688329917366325e+00 3.928082416796094378e+00 4.112807372131372929e+00 1.372732131321166893e+00
2.375322065177748687e+00 3.945921496724593691e+00 3.141717341872304115e+00 3.141500273571080193e+00
1.951740897305725086e+00 9.751201646180602811e-01 2.294151756861513292e+00 2.985111321913592075e+00
4.707629917166675781e+00 1.542806705223863428e+00 1.095195521153522478e+00 5.183817412974289773e+00
7.843667025461147357e-01 6.372598081691655203e+00 6.283005012478700024e+00 5.505991975537294358e+00
3.975866154136383779e-01 9.634586681911931905e-01 3.232751826915793103e+00 2.128477818221273576e+00
3.959692707648022059e-01 2.210673428086740611e+00 2.062772480779881512e+00 4.048681990592617019e+00
6.289747358152720125e+00 3.105804029915263609e+00 3.387362313657524382e+00 6.034518070804767653e+00
2.355948624677716374e+00 4.805510792557012856e+00 1.570786165320933181e+00 5.506319946741157878e+00
1.579880674056162837e+00 3.123173595129372426e+00 1.732249995090160866e+00 4.549859607063975631e+00
6.277940832866868881e+00 4.681764757748651640e+00 9.795739320293207486e-01 2.156984472930969066e+00
3.148963955077431986e+00 4.743374203069267381e+00 1.765838155555669253e+00 4.520994169532164264e+00
3.174311587929769640e+00 1.549388430406573258e+00 3.173671090182537124e+00 1.538449886282088563e+00
3.145603808838681736e+00 3.109573446781059403e+00 5.388843410772842901e+00 2.462471601955183775e+00
3.136454316963392941e+00 3.106655076152188055e+00 4.421643800638668687e+00 1.857824855206910541e+00
6.285373843219008272e+00 1.539496916541529314e+00 3.885586274041396226e+00 5.537046380806524226e+00
7.963034759306333310e-01 4.846778941601495028e+00 2.354999309635459337e+00 1.363543961068569045e-02
1.535523135722846932e+00 3.927770491998553215e+00 4.237523387124106478e+00 2.821558567708168486e+00
1.588655648943137377e+00 3.118546468067480593e+00 6.355012366332860374e+00 1.497668128933123288e+00
4.737851832438933819e+00 4.733097670722419714e+00 1.622720903001769521e+00 6.234611329071792163e+00
4.758379989618531702e+00 3.925806802738424750e+00 3.737992542194114254e+00 4.913595382354878360e+00
6.255138984761011933e+00 1.551478482319172736e+00 1.533010705736224333e+00 1.604564266040392706e+00
7.739369411931825704e-01 3.006573331525117077e+00 3.928455567557952222e+00 3.128285688141098753e+00
1.581302286135711999e+00 1.536516549874473947e+00 4.837616113235142734e+00 4.584060341809417238e+00
1.571336476558593320e+00 1.600982354673858410e+00 2.348651975017874260e+00 7.960078787121515065e-01
5.093213391587249284e+00 4.116584990416321865e+00 2.293365528782846496e+00 4.555593605931417045e+00
4.741799382363863558e+00 4.711884921276477733e+00 3.189213974376745142e+00 1.524326900037925814e+00
5.498540571059489679e+00 3.053242189031128984e+00 4.712189187203693841e+00 7.774242436146385771e-01
-5.007821570684173502e-03 6.309129377520453552e+00 4.266330533160729743e+00 3.588821387137885122e+00
3.911648729523593548e+00 3.911852017124807901e+00 -2.433816170011853658e-04 6.283050144432970718e+00
1.541856379317476877e+00 1.625067880233692016e-02 3.103170552409652672e+00 1.609703169961691271e+00
4.713570792237312901e+00 1.534734104292355905e+00 5.474096404984301500e+00 5.518011284662914129e+00
3.938335918140282388e+00 1.706684916161776533e+00 5.496204749674496348e+00 3.155068842519899608e+00
5.464798383143438798e+00 3.893938958385020133e+00 4.712854460112776422e+00 4.711883383951555260e+00
4.740275405040491385e+00 4.721913910486025934e+00 1.622108958000562096e+00 3.093183608220647862e+00
2.760576574878817357e+00 5.307790751554636977e+00 3.988730023333872499e+00 1.726870832578059067e+00
1.966154048837162049e+00 2.211202744029142853e+00 5.203158329998711196e+00 9.076709781653511389e-01
2.754917672957706010e-02 3.169091427405038353e+00 3.172513698113823999e+00 6.256529527807056290e+00
4.549891189286043414e+00 7.851474907659447000e-01 3.045682689523649955e+00 8.240801115026871182e-01
6.297814925256950858e+00 3.116960425686067016e+00 3.229830305929730638e+00 -8.969875887901293532e-02
3.162438425169308953e+00 6.275865549592462678e+00 1.633644657083503038e+00 3.079196058768802757e+00
3.137049973306053730e+00 3.105003329319368177e+00 5.740394681300168500e+00 2.107825028942599044e+00
7.747599279127843630e-01 3.008361765851701453e+00 3.927901067152680614e+00 4.699222263540558941e+00
5.265673663814641969e+00 2.717971356798257077e+00 1.396125871500913052e+00 4.209300848731521327e+00
3.137663663283861926e+00 1.545231027116117373e+00 2.454568309693747175e+00 2.252936245689663775e+00
4.331201501796389408e+00 2.166412952887035726e+00 3.988759597019055914e+00 3.297763717731739153e+00
4.722117978029677587e+00 6.300999745627101412e+00 3.289779691874127998e+00 1.425323555144798249e+00
4.707338114870792012e+00 6.249300692080391073e+00 5.685621080302425412e+00 3.733808648512307649e+00
4.709037899271324434e+00 1.534679435992494900e+00 8.546738362290956514e-01 7.109033824903924215e-01
2.374646646002298578e+00 8.038502859524834232e-01 1.631805234598479430e-04 4.712855076586665248e+00
3.947560545599236193e+00 3.947828214263508606e+00 3.142070738818025788e+00 1.570287685475957762e+00
2.589399120306534297e+00 1.994813473322346820e+00 3.319876120015678111e+00 5.014638212371756998e-01
1.566428325940962596e+00 4.748586929204225093e+00 4.083796987497976261e+00 5.343793843183746617e+00
4.744204562671644254e+00 3.156574970629764998e+00 3.182246407728501758e+00 3.104420798102728529e+00
1.575644495760498032e+00 1.585534403414397886e+00 5.222264547297181814e+00 1.063982432752097029e+00
2.760376747811267517e+00 5.953938652769521500e-01 3.989741458184497880e+00 3.298249584641612664e+00
4.749773774653143654e+00 5.497015622494139997e+00 5.231923682705723166e+00 1.846537777720422158e+00
5.093257029396418112e+00 4.116721615937168899e+00 5.435525400368660165e+00 6.126861251609750703e+00
3.104091864461712813e+00 3.927766032246372774e+00 4.195054928762053770e+00 4.434146795280565101e+00
9.557787922717485632e-03 3.107780452709522745e+00 1.724587139527314905e+00 1.414348106783122061e+00
2.366983146228854196e+00 6.417390217872146252e+00 5.496282926938315327e+00 3.155373362348616872e+00
3.181512966047625124e+00 2.355585433173332355e+00 3.688018699573847758e+00 6.533087304972645448e+00
4.741120014762284285e+00 4.681667955935779446e+00 6.320545134830921619e+00 4.672837922000536715e+00
4.709950988958893525e+00 3.174570614416975800e-02 2.403935478612645671e+00 7.397525020816254626e-01
3.116509477205721357e+00 1.583724939826667510e+00 1.519543392595694264e+00 1.621950693047840897e+00
4.750976769777917497e+00 1.564324242991426583e+00 3.164302320794915691e+00 1.549756285733054018e+00
1.575057334251124264e+00 4.671942057348461574e+00 6.586740678513964831e-01 9.098592898113264660e-01
-4.750452156310464198e-03 6.256633910921571839e+00 4.296500296722325807e+00 4.120794152337363125e-01
3.179390194522027091e+00 4.705887835392370100e+00 4.741792692496338724e+00 1.542919652418663468e+00
4.752307258679556945e+00 4.722924589335058876e+00 4.737893209037115305e+00 3.118923981466581896e+00
3.962943114342954765e+00 3.963153416545659891e+00 1.572213583740745158e+00 4.713168963640698372e+00
5.902416928323461320e+00 5.308180647512594774e+00 3.989944347431896521e+00 1.564500835651476129e-01
2.367351934915399081e+00 1.705403723959548090e+00 7.841297601461324485e-01 3.155490060469054558e+00
2.356786062855906749e+00 4.623714822908771893e+00 -3.027953415068685913e-04 3.918888408303141446e+00
5.475077747963990937e+00 3.904393440665726356e+00 6.283093793164479912e+00 3.141403066243355635e+00
3.811294026929788470e-01 2.545942133147923503e+00 5.435924830060324453e+00 2.985493032181832262e+00
1.541229023301557310e+00 1.549199896632480922e+00 6.240257056836873595e+00 6.322186447082768446e+00
5.498535769684501417e+00 4.622966012134401836e+00 4.712687245902853483e+00 2.348453143324601644e+00
5.108220368074457340e+00 3.781538650999590967e+00 5.203756773081742892e+00 2.478124482030166220e+00
3.144623930883541085e+00 6.285628886982284946e+00 3.878290567766240926e+00 2.406503522412425156e+00
2.356296306608047342e+00 1.482563412146151061e+00 1.570950292623285893e+00 2.348056244863763631e+00
6.283645693599189563e+00 6.316126814524052335e+00 5.484946802452471459e+00 5.514033756931961960e+00
1.017412194428948702e+00 1.995035370871557134e+00 1.747836931507146696e+00 2.072619925877845937e+00
2.744381521342163399e+00 5.319979068369178776e+00 -9.093641891566048296e-02 2.583440035569770643e+00
5.528299089046458947e-01 5.859157070338014250e+00 4.535468606565567384e+00 5.781320396023965635e+00
7.644586538308645318e-01 7.643751790276378522e-01 3.141106181360675542e+00 3.141119474787472221e+00
1.175221315896903818e+00 4.072225020062045786e+00 5.792497788944618087e+00 6.636063252614826657e-01
5.509719310872362108e+00 5.509824674991158133e+00 1.570341292404932920e+00 4.711993543532522644e+00
3.138367492277797322e+00 3.055657093108146705e-02 2.434594884311038321e+00 7.085708402173030995e-01
2.356954665915773628e+00 1.480962690076325972e+00 3.141657158937523953e+00 5.489495087132416629e+00
4.717366089311501476e+00 1.581931086931861463e+00 4.121155695664360241e-01 4.302913523732222245e+00
7.689841283243985526e-01 5.481538638869619895e+00 6.283076170535606408e+00 1.571000280688931383e+00
1.966082301711876701e+00 6.403654227878344818e-01 3.632041662616141142e+00 9.074672514256089118e-01
2.342482752435737670e+00 5.484464654305009290e+00 4.711979606202490345e+00 3.141376355225655281e+00
3.140029534472502437e+00 3.175458545115141362e+00 3.973140041139268330e+00 5.454267271068350631e+00
4.721201134568937974e+00 1.532262292481019861e+00 3.288578748936156426e+00 6.133347984985048740e+00
1.573625662822190518e+00 1.551120662533879146e+00 3.864879294121837727e+00 3.988688503478828196e+00
4.672210917223293514e+00 6.274903827570549986e+00 1.537240811685323560e+00 6.313816881753605337e+00
2.357068839164208729e+00 6.195716451712625528e+00 4.711551827593106090e+00 2.348122716376224162e+00
2.330418045841232910e+00 2.330443264881389087e+00 1.571084007505691327e+00 4.712413219862338742e+00
2.745790448237989345e+00 2.501755326683513747e+00 5.792172630955529478e+00 6.639067070763270406e-01
4.788629677635923912e-03 4.685180938552822916e+00 5.305170522339503592e+00 5.689245398602691850e+00
5.498508924248185714e+00 3.052647032798834648e+00 4.711359598370352231e+00 2.348085653286786201e+00
3.522591627111110402e+00 9.751111328232663356e-01 5.435358045598977839e+00 2.985125367607862401e+00
5.496835107005822785e+00 4.799921043592916270e+00 1.571155128684512903e+00 5.505716813011974686e+00
1.966486322584359625e+00 5.352570170827022800e+00 5.203644038130194716e+00 2.478298824767146247e+00
1.547652703516867678e+00 3.159235128171383078e+00 3.082024216371529679e+00 3.201553963205496789e+00
6.287985371452003314e+00 2.482225410887368977e-02 3.570339457983698672e+00 1.146028184710426334e+00
3.146178580498762756e+00 3.188100759332499035e+00 5.426921272194951129e-01 5.747082734379831415e+00
4.717063486459799115e+00 6.245575466685126642e+00 3.995880027493324826e-01 5.880760124499013308e+00
4.691562373316862100e+00 4.734244485075262965e+00 -5.781060423745468246e-02 1.629761443853888547e+00
4.331324320291676244e+00 2.166330617615245036e+00 3.989668754446974219e+00 1.562855377605799345e-01
1.580102534421090388e+00 4.692055457538609531e+00 4.864065650175461109e+00 1.417708709212642137e+00
-4.632822584878040079e-03 1.593676746573365444e+00 1.044757630405465987e+00 2.097957935858070666e+00
1.575804685938818395e+00 3.105093894833698798e+00 5.141863635818529232e+00 2.709761433336924874e+00
3.536879910987836606e+00 2.211492719851301914e+00 4.895887215027966421e-01 2.477937640206053338e+00
1.571839320890013658e+00 1.550284000870071788e+00 4.697678363831968795e+00 3.153937630133826886e+00
6.664076575827611926e+00 2.545839979303925027e+00 7.231379195980411900e-01 6.126758309789149592e+00
6.278215643732506734e+00 3.163826682884412378e+00 4.297268361116429958e+00 4.159534295123862302e-01
1.563784944345239625e+00 1.595155366001444586e+00 2.925341578213368710e+00 3.360232466127720752e+00
4.727885533754090375e+00 4.734487549805360018e+00 1.652394673282572501e+00 1.492671387696710372e+00
1.565944654267930281e+00 1.600390555436506990e+00 2.512763297651054994e+00 6.298056074368663104e-01
3.694577271856855027e+00 5.858572200031290755e+00 6.106365348672580851e+00 2.640117025619526547e+00
3.537219434914552263e+00 6.402062443442637640e-01 3.632781845259470010e+00 9.074228318388923853e-01
3.938472073388787464e+00 6.418535250440447371e+00 5.496405767167845902e+00 1.584844244657789059e+00
1.545271113372185035e+00 4.677043049098974059e+00 4.662808987033773001e+00 6.328054444857552419e+00
7.573295127909462909e-01 2.328385529708751012e+00 1.570286600800132604e+00 4.712139205864549929e+00
3.136543970575517370e+00 -3.343794523444483524e-02 4.075231776365345837e+00 5.344478078351912131e+00
4.708918858460778623e+00 3.098386206300441259e+00 5.576390189995467317e+00 7.009437996810137239e-01
3.915127492241252227e+00 3.003667071530321753e+00 7.865437030570916477e-01 4.698993211064597553e+00
3.142472375104470750e+00 4.746567277891016623e+00 7.705700642055576255e-01 3.945215965943386305e+00
1.175396760934855234e+00 4.071477268175620168e+00 5.792778281055627865e+00 6.631896217192664311e-01
3.177506207010707850e+00 6.257843830354791415e+00 1.600572976722842267e+00 1.540266523074751870e+00
3.811695353888346349e-01 5.687412475338503803e+00 5.434885259727126439e+00 1.414370044852267139e+00
5.902146517223566313e+00 3.737089017271415514e+00 2.418355647763936300e+00 4.868708325989945074e+00
3.138477518149334955e+00 4.752031737353028973e+00 3.984756461915675452e+00 5.442806723942391400e+00
3.127201164702685166e+00 2.986671483284248502e-02 6.191654170595001894e+00 4.806438719047490871e+00
3.116113600791174054e+00 4.691277654757862514e+00 3.089117902004022476e+00 1.619865819645937233e+00
3.175405482342827934e+00 6.672397348415103242e-03 4.749358735677221333e+00 -3.472138502229092649e-02
4.723955571851506718e+00 6.297574877901936041e+00 4.837483288320281183e+00 3.019182935117424638e+00
3.120512652895837125e+00 3.137951852176599665e+00 3.073010515637323969e+00 1.637603541322191436e+00
1.570160094438424858e+00 4.746052383980800649e+00 7.935524359869358113e-01 7.805506042673825418e-01
2.123991533098701368e+00 2.717595540836512225e+00 4.534397045783824076e+00 5.781451874718537276e+00
5.887744479751312099e+00 9.304605372804365393e-01 5.792810845481780824e+00 6.632807603258521478e-01
3.904330487096587365e+00 2.333414716447249404e+00 5.355029600287372626e-04 3.141499806932242844e+00
5.486069322182583363e+00 1.434519394920483082e+00 7.869516874345140467e-01 1.557010917239911141e+00
3.927770224785761766e+00 3.053288644508524996e+00 3.141382603967984632e+00 5.489701074106085876e+00
3.941730082822149317e+00 2.370981745101877092e+00 1.570562805365692816e+00 4.712253892818234924e+00
6.275225590914755180e+00 1.546511667171108106e+00 6.103332704571510448e+00 3.317187024694317810e+00
-1.284700341400884377e-02 4.707367952011349388e+00 -1.115597140908189261e-01 4.822777727007718340e+00
1.735043196241821573e+00 2.356818796137194028e+00 1.666807660359817866e+00 3.889125213929352398e+00
1.578418992941172272e+00 1.553301303818829249e+00 4.905368251440395788e+00 4.518654537443893560e+00
2.823684629950060435e-02 1.562218929004495216e+00 6.332597573149661763e+00 -4.852541690133616720e-02
4.717715826789500966e+00 3.144425417482169749e+00 3.567908953096536329e-01 5.927979591254544545e+00
3.937953572931679247e+00 1.353405432476688652e-01 3.925902506099821387e+00 1.583920616433054152e+00
6.273810289720682221e+00 1.582018785414557094e+00 1.414888861166912593e+00 6.438831405441804101e+00
1.574616932563184468e+00 3.188053123933203281e+00 5.386254379931297187e+00 5.615816389012664445e+00
4.707628929735808931e+00 1.546814494664030537e+00 2.644439449568940947e+00 5.205434117804378147e+00
3.144115341758633164e+00 4.672444135258609244e+00 5.438237852794932436e+00 3.983311445858851219e+00
7.691696663956522073e-01 2.339746026831958758e+00 3.141804941151382202e+00 3.141380546469157764e+00
1.566825726006114694e+00 3.187546914469419512e+00 2.455431133735574978e+00 2.260062089765743742e+00
7.848281297576535920e-01 4.801120122715888172e+00 7.975710312132383312e-05 2.364250183888606749e+00
3.911320935043916869e+00 2.340820850762672212e+00 6.283558401582522990e+00 6.282539729462411238e+00
1.402909178244831301e+00 2.356292327216024329e+00 1.474718806482750777e+00 3.962775252560016614e+00
4.721807246968582561e+00 4.672827632625421224e+00 4.860231404605512395e+00 2.990521364397962234e+00
3.119667403422476948e+00 1.530507210643784408e-02 4.651439256023131463e+00 4.773763833903255538e+00
3.305967617428271499e+00 5.497810221359839211e+00 1.667140797882976422e+00 7.478877450698925289e-01
4.717180950517017912e+00 1.595137067693212618e+00 3.721573718392269914e+00 5.707046113291215583e+00
4.711937877807596209e+00 -1.879253730603802283e-02 3.935118266641923768e+00 3.917136278672015859e+00
7.721861448708688958e-01 5.484486942157537293e+00 3.141234380596435116e+00 -2.135990244707368238e-04
7.677317508062976303e-01 3.909120003384057185e+00 4.712907606705088348e+00 4.712756074379299776e+00
3.145840818045326781e+00 4.672398876359677544e+00 6.898438049591468779e-01 2.449774997479473804e+00
5.514284894613345145e+00 8.018248192292239951e-01 2.537429206893497893e-04 4.712742278634661552e+00
1.570431308045399765e+00 4.740444467023104735e+00 7.891504992161880727e-01 3.925993066829156053e+00
4.715364310561277250e+00 1.547709044311234683e+00 2.286091905104157718e+00 5.566559241294271487e+00
3.136715587715975140e+00 1.549391247386101345e+00 4.228180240201079521e+00 2.051479501193878008e+00
5.519212668345497619e+00 5.519171443449349290e+00 1.570830351286769178e+00 1.570598890320197505e+00
4.693912580747936936e+00 3.173215861215397116e+00 3.082089309852331205e+00 1.631980592982489986e+00
7.746263398222223984e-01 1.437143387698622821e+00 3.928176344045569923e+00 1.557388599950582320e+00
5.512799046585197260e+00 5.512804325794893323e+00 7.453380927503936945e-05 3.141132875455895590e+00
3.162344958478337631e+00 1.549033558447329595e+00 3.193208428268690113e+00 6.230459785055157518e+00
4.713609168058751742e+00 4.681319810103709678e+00 2.328409108221791701e+00 3.952527948713026706e+00
4.717060925032312113e+00 1.590342577064591367e+00 5.260706062649951775e+00 1.025465804996202213e+00
5.019038798282118331e-03 4.733776393558864370e+00 5.118071048123756128e+00 5.880370199270203990e+00
3.538978772160158659e+00 2.533835536386422671e+00 3.232917264428698534e+00 5.578407449360575088e-01
1.531312050735120112e+00 4.710880346686560749e+00 1.535196687170746532e+00 6.316462728437513441e+00
3.539613747893437967e+00 5.676260182434222479e+00 3.232694712574403884e+00 2.127757403705880623e+00
4.331074479002605671e+00 2.166299979346183679e+00 2.418067620914251314e+00 4.868613898792028216e+00
4.707543278721486146e+00 6.306985596090942003e+00 2.555747491467946109e+00 3.728612844358337064e+00
7.740053144915892691e-01 4.577587408698441607e+00 5.499372558411742773e+00 1.557022233571814906e+00
1.174340840517753559e+00 9.313810892141931586e-01 2.649349105594906550e+00 5.376437806665125940e+00
3.136503000571427169e+00 -1.423563448545019441e-02 5.740571423197261325e+00 5.251556384584284309e+00
3.146318868345238329e+00 3.109732340428326136e+00 3.694616853888851971e+00 5.728043308289509916e+00
3.144427216798556302e+00 3.163022962080681566e+00 7.301728913340889138e-01 5.556435903747702909e+00
7.664485842633551593e-01 5.478899345854564729e+00 1.570484357864613933e+00 1.570570139835539170e+00
7.848696180186465199e-01 1.656150151140922677e+00 4.713496003331407280e+00 2.363567898500885001e+00
4.878406181852652956e+00 7.850350035890654166e-01 3.237237606009015334e+00 2.320131713604721924e+00
6.328015535814522252e+00 6.299005402751390648e+00 4.743857824943057189e+00 4.684254010504489862e+00
2.335123247494541143e+00 3.906034089583120927e+00 3.141529340179963992e+00 1.570397963858031876e+00
1.405750903950576669e+00 7.853761892994535199e-01 6.186642874574713069e+00 3.964274775993733346e+00
4.757982647714930735e+00 1.548977227078263574e+00 3.172473044253297569e+00 1.539197548156189699e+00
7.863260852021966008e-01 6.197748047818607553e+00 1.568421259386895139e+00 3.918784241053725470e+00
3.120012841226926792e+00 6.265809525315468420e+00 3.076240223272398211e+00 6.261812939804489719e-02
3.694318314157277516e+00 1.146312630184393333e+00 6.103572112969696484e+00 5.782334429488853011e+00
6.247339266640722144e+00 -5.090832815437742499e-03 1.531189160040870245e+00 3.179280149136717082e+00
6.277826353111432667e+00 4.730220672612333033e+00 1.253120929320273857e+00 1.889444189892999004e+00
4.688692899064956343e+00 1.588311851771577743e+00 -5.596975569330356337e-02 5.604889530385384622e-02
3.537638001098992291e+00 6.397874999569990173e-01 3.632968148202764702e+00 4.048592008636599182e+00
7.965678312078948720e-01 4.847865021260211016e+00 7.843762246686014628e-01 1.583990984026047100e+00
3.148054521052784605e+00 1.367828373504259912e-02 1.812507756219577049e+00 6.043583211284914825e+00
4.717240292125314483e+00 3.174532734947033141e+00 6.297539295031396867e-01 5.659154719057013949e+00
3.927613748539416250e+00 3.063417150477194539e+00 3.141085522789087925e+00 7.779162115983536685e-01
1.564117573911791848e+00 3.164163544446466858e+00 2.920840988951164618e+00 4.934611967443097491e+00
6.320266660726434615e+00 5.497206977175658871e+00 2.084286889618392369e+00 1.852699149617789809e+00
3.170617431532135377e+00 3.119716876278860962e+00 6.330909135062907644e+00 3.093439281937016005e+00
3.155755930513257201e+00 -1.743067175853939971e-02 3.240461242695522159e+00 -9.984611999778493507e-02
3.956283233038651037e-01 5.352475647397620939e+00 4.904725767048878637e-01 2.478112613214983995e+00
3.305479426523888709e+00 2.356560317899935253e+00 9.651435761739458885e-02 2.317992590522056418e+00
3.964931426939551952e-03 3.109489110544090273e+00 6.873819090965074263e-01 2.452408489875470554e+00
3.130438689517101469e+00 1.387286654702666981e-02 4.582383961359176361e+00 3.272343813111762145e+00
1.539962905104786284e+00 4.741450544114264254e+00 4.669907004701526532e+00 4.756624534486851630e+00
1.608909240091597637e+00 5.496956376963345825e+00 3.667074994255847376e+00 2.701041142857078525e-01
2.368523660311864010e+00 3.939308288692648041e+00 -4.422084145365886274e-04 1.569983087008365974e+00
3.142651557003992124e+00 -3.244988740498405688e-02 2.325783658601687787e+00 8.128395759361793926e-01
5.887198922383393374e+00 4.072476925946792115e+00 5.791399475345810899e+00 6.635114877758653273e-01
3.693861248735303082e+00 1.146167947922238195e+00 2.959922600010151061e+00 2.641410607133062971e+00
2.760015263964288756e+00 6.878387290009923660e+00 8.465921022050845179e-01 1.726540873348758387e+00
5.496703905537581036e+00 8.696634359300449424e-02 4.713021449817848207e+00 7.933371327114578930e-01
3.112632245236158113e+00 4.684016497698491044e+00 6.239758151872014658e+00 3.877602552304971334e-02
2.760232343431412882e+00 6.878579140633758193e+00 5.559364289132037840e+00 1.561272759650637332e-01
4.712927179712008474e+00 3.524627401455068115e-02 5.488079881243974611e+00 7.985926152207765139e-01
1.566034823553819288e+00 4.705403033243355182e+00 2.501217361822448471e+00 2.208724491400882783e+00
4.715282500732290494e+00 4.753864143585283308e+00 3.865532603916970622e+00 8.516698081658065078e-01
7.947002844310940839e-01 2.365628272274425736e+00 6.283189019571129741e+00 3.141918383565878159e+00
7.755084049482604547e-01 7.752157148312641688e-01 1.570346594092494108e+00 6.284117606081442098e+00
4.706618554928642340e+00 4.674949190811648059e+00 6.003124774790023821e+00 3.416902516702502890e+00
6.266384197646041265e+00 1.551822666419327534e+00 3.060030679001128018e+00 3.220390971178039852e+00
5.522282875731167273e+00 5.522402635013941463e+00 6.400657387591756784e-04 1.571620645371148317e+00
1.619234243622809544e+00 7.811551531744067578e-01 5.318759292720712573e+00 4.905407510502433510e+00
3.115489557547325816e+00 6.260507426775785866e+00 6.241171950555622239e+00 4.751165444522107428e+00
7.862763993495935910e-01 1.482516009729170081e+00 1.571292207808480335e+00 5.489660788555181803e+00
5.498543570577527184e+00 4.624464695151667470e+00 1.571188795591297538e+00 5.489974119978103140e+00
3.106648526224212947e+00 2.355704162455959150e+00 5.943082247413916441e+00 2.686452643989496902e+00
3.147130134485852881e+00 4.687242048617230594e+00 5.040732828100565222e+00 1.241602788645256972e+00
5.498497645449316629e+00 4.624284457972608564e+00 1.570253076940230308e+00 5.489969959508746555e+00
2.760349441470395071e+00 2.166291964512181867e+00 5.560099652667822134e+00 4.868545674873616669e+00
1.565319703619366454e+00 3.176437460135066893e+00 2.831564017800054511e+00 3.132594614350784901e-01
5.887142531610963125e+00 2.501715189079099844e+00 5.791408527086661095e+00 5.375852947861551101e+00
3.136429396098761924e+00 3.119605466322256326e+00 2.764544414231686176e+00 3.731180158035464767e-01
7.741541693622896458e-01 3.006021605077883851e+00 3.928681454357492164e+00 4.699663440457035435e+00
3.134782318736633488e+00 1.547708337264604550e+00 4.497396830012700519e+00 4.923830719320887894e+00
4.741717730842900380e+00 1.594450384558032452e+00 4.758514994463492798e+00 3.099708139479102620e+00
2.761053791340051689e+00 5.308230316519655823e+00 8.485886880514580399e-01 1.727333141432162433e+00
4.544556167635438904e+00 5.497751135858951699e+00 1.474155535786815685e+00 2.392405524902105896e+00
3.106484616945961896e+00 1.585575800168486094e+00 4.661467041980361437e+00 1.620899526513128297e+00
7.848390622531274952e-01 7.851940529323574447e-01 3.141487982147378233e+00 4.711794965609418462e+00
1.536887949942676856e+00 3.124152047911908703e+00 1.529028554263269335e+00 1.609218248415444696e+00
2.746345841849416658e+00 9.301790543318338988e-01 1.080752489865652421e+00 3.805019629831146499e+00
1.531784349936247569e+00 4.721468507986144481e+00 3.113652200935354220e+00 4.739399183394212400e+00
4.716759223440837090e+00 4.677429188469548471e+00 3.775559495738538551e+00 5.647274989728281902e+00
4.692172812440781549e+00 -1.026249381507176976e-02 4.639559668542049486e+00 1.641464280120481956e+00
3.960764594497875879e-01 2.211039466627209737e+00 3.633111244891456426e+00 4.049280539467290829e+00
3.539394153119595376e+00 4.104960720715018496e+00 9.099084277076058269e-02 2.127991097859150305e+00
3.997520985738563237e-02 6.282819237451088945e+00 6.316624193916311469e+00 1.539368323099598257e+00
2.018359413221617119e-02 1.552970474851466776e+00 6.350171679491068311e+00 4.644424527983955109e+00
4.748547519418395702e+00 3.123171951864732510e+00 3.172829041741162204e+00 3.110528086638684186e+00
3.807305308369086649e-01 2.545586284023853896e+00 3.864109349125176340e+00 1.414014486708407903e+00
3.927520596801521435e+00 4.624302384595629256e+00 1.570284534072892368e+00 2.347950863719355130e+00
5.480208470076339822e+00 2.338391457974763110e+00 1.570662621653337254e+00 2.299937147340976767e-04
-7.373714123227084749e-03 6.250818400755093762e+00 1.384710640552298644e+00 6.465807141980310035e+00
1.533116502570431194e+00 6.300786062798372278e+00 6.254195642766489094e+00 3.170818322238504461e+00
2.001139075808014423e-02 6.304837556896204731e+00 1.641728397704292242e+00 1.502703104269919709e+00
3.902236134100842246e+00 5.472991460852444590e+00 3.141721748265308811e+00 4.712216207087687181e+00
-4.594438539585578643e-03 1.604137347486567222e+00 1.152992372964271262e+00 3.561590272782820588e+00
6.448380676488477903e+00 5.498166906555508326e+00 1.667098208195518794e+00 7.479230306963260411e-01
4.316981151067144751e+00 4.071961132642971215e+00 1.080409339707732785e+00 6.635066471456317894e-01
3.537006414923302700e+00 3.782122903123712021e+00 5.202532980041563171e+00 4.048872321549287001e+00
2.811281194099560579e-02 4.735070750299204434e+00 1.624178525014306818e+00 1.520455548193147655e+00
1.535234806741258451e+00 3.113879523822122852e+00 3.103236686557835800e+00 3.351453532164266891e-02
4.723559947035963269e+00 1.558041002420567978e+00 3.276005868823378187e+00 1.436006411060089638e+00
3.771125348873490685e-02 5.496955501723132187e+00 5.206525600986514624e-01 4.986981456222684628e+00
3.913683608840962336e+00 2.342861789492588720e+00 6.283166216784199953e+00 4.712569791592185808e+00
3.522589241159871154e+00 4.116797015291479234e+00 5.436124822718297445e+00 1.414762678462772927e+00
4.719486455322036811e+00 1.600364895352180072e+00 4.926473466732948836e+00 4.502168768869030835e+00
5.509185161919261553e+00 1.707125659912336113e+00 7.838816834386794774e-01 4.726077792337409988e+00
1.405291241658142676e+00 7.851100183137671440e-01 6.186955251418942758e+00 5.534606841642819575e+00
2.367885973330127403e+00 3.278126794960070978e+00 5.495638769942424062e+00 6.296801708770438211e+00
3.175793690905931665e+00 1.584703274758165970e+00 1.600745569313141825e+00 1.544247248241016113e+00
1.563065849484750247e+00 1.568626912494827663e-02 1.383066307641560577e+00 1.759422757475931798e+00
1.585437060328960923e+00 1.550573741360002256e+00 3.241097650498496296e+00 1.469884046747705675e+00
6.266563402297086860e+00 1.527567447860576744e+00 1.494061958790770861e+00 1.641900651474443640e+00
3.136956255757828327e+00 3.107158855077829962e+00 5.657455885274881524e+00 3.762816982700591506e+00
1.543745124399591440e+00 5.379579115832622575e-04 4.661607836561818985e+00 4.901635372672760727e-02
4.331063708276028379e+00 2.166435371124635356e+00 5.559518655153357081e+00 1.727098916508243542e+00
5.630519210098863282e-03 1.579580695581466188e+00 1.863809943569165961e+00 4.421325934927493151e+00
3.980503513346010380e-01 2.534168984345852582e+00 9.040983765986068676e-02 2.128002061272434187e+00
3.537139662644955607e+00 6.400680618224243723e-01 5.203432320751833373e+00 2.478153029346655156e+00
3.536451283011584401e+00 5.353158138885047990e+00 5.201285356110311398e+00 5.619604047486843612e+00
4.670689114895488103e+00 -1.366310071475694901e-02 4.686606909720662628e+00 4.734589897772321976e+00
9.631865079546530692e-03 3.117481858094841130e+00 4.862908671807930183e+00 4.559711458760405733e+00
4.331580133556766299e+00 5.955790736742360147e-01 8.483945320787340538e-01 3.298282491364317170e+00
3.957671901183328345e-01 5.352391247953454112e+00 4.914917896718274393e-01 4.049096794764232676e+00
3.145963852637772007e+00 1.525889938798838719e+00 3.797990515208718776e+00 7.194341471672808908e+00
4.158990948358727735e+00 1.995039611002195290e+00 1.748371480619131946e+00 3.643493027637629389e+00
2.745776954948686566e+00 4.072536035573087965e+00 -4.912867536007823333e-01 2.234265466929572508e+00
2.357413595447223731e+00 3.053372527043901385e+00 1.570073338666627683e+00 7.766722791855843466e-01
4.717673406431820204e+00 3.169914213341590070e+00 3.105014377257124814e-01 4.406526181205455472e+00
3.182408882660985316e+00 6.291614517616396007e+00 3.175030502627911311e+00 6.252729364020801484e+00
3.137184434460143834e+00 3.108487025048121133e+00 4.171480498594349662e+00 3.677990921799669355e+00
1.628280307929206083e+00 1.588764663056689619e+00 3.162442297350893661e+00 3.126306665675192775e+00
4.704251555746379765e+00 4.732268472458414088e+00 4.531451667543842099e+00 3.323852929608684725e+00
4.679702850847596629e+00 3.151518737689339211e+00 1.545310304903407594e+00 1.597087988350234911e+00
6.118164334322190534e+00 3.926615788301099919e+00 4.616148171539049549e+00 2.393435648426413209e+00
4.331226789081129347e+00 6.878504173787868936e+00 5.560013551571700852e+00 4.868251148407723328e+00
2.372125409530062345e+00 8.013525658921878403e-01 3.141567840628465724e+00 1.570701825262122320e+00
1.534503158997708505e+00 5.498500462658649113e+00 5.783707052407167204e+00 1.275276760023963174e+00
5.519011138332881039e+00 2.377321435704408348e+00 3.141127261522246972e+00 1.570948477715369274e+00
7.695493199418521613e-01 5.482003344632821573e+00 1.570283697339961426e+00 4.712640884393517027e+00
1.405330266044530818e+00 3.926923261369390517e+00 6.187835189302658634e+00 3.963777496641385678e+00
5.508975414155778516e+00 4.847672291409159229e+00 7.841375146145440622e-01 4.725765416560486543e+00
4.707290320850777476e+00 2.941050062712573590e-02 1.241380590460180455e+00 1.902127550541955481e+00
4.677468495066763765e+00 -1.149459113237245173e-02 -2.377313179477299684e-02 4.733725823045121572e+00
3.139511846826330999e+00 6.311785507511733506e+00 2.396284019020106903e+00 7.472015213921407994e-01
4.565300736384248631e-02 2.354715363577006837e+00 2.163857322701844499e+00 1.776252474261181158e+00
3.095035953314304145e+00 3.926217710663863159e+00 2.919814633887236610e+00 2.565250090541025596e+00
5.108269856449317636e+00 3.781343352472756880e+00 4.909099688224429214e-01 5.619473920777523723e+00
6.312314168718815566e+00 4.697582539482888286e+00 3.186204275863695479e+00 3.096884610161699136e+00
3.149388645225250194e+00 4.676130184856657657e+00 3.317716884684405620e+00 4.533435511866542811e+00
1.174975820943358951e+00 9.308335258554200076e-01 2.650478855998131156e+00 5.375879571125928180e+00
3.962989166036389177e-01 6.404262879429174493e-01 2.062360217149354913e+00 4.048734746596113432e+00
1.598111173067369828e+00 1.611186603580944343e+00 3.183830594520726809e+00 -3.653569879674318371e-02
4.746749151770067954e+00 1.563563906049681762e+00 1.608199287869608751e+00 6.247131555811431092e+00
4.713029007727683073e+00 4.751799123126976276e+00 7.751929866486584331e-01 5.512209988663948401e+00
2.344590066286328156e+00 1.434619495544684709e+00 2.357733748711874799e+00 1.557899005709744156e+00
1.576045965445522556e+00 1.532448764558340448e+00 3.502665433095072167e+00 4.348536192563280167e+00
1.952101604893438092e+00 4.117044230652373571e+00 5.435635491528254981e+00 2.985414243877020812e+00
3.308199940987637699e+00 7.854755315367691892e-01 4.808860694695455074e+00 5.461474941167580255e+00
1.779080352370931983e-02 4.747709723456135400e+00 5.992452719661525012e-02 4.656901963352096274e+00
1.600225858295925008e+00 1.563287705240092640e+00 6.328624603216771227e+00 3.096756827633721176e+00
3.166580279246758334e+00 1.579394068636545523e+00 5.648013548560872066e-02 4.657764655512236729e+00
3.305723301897537603e+00 5.497821112700953528e+00 3.237490074387701977e+00 7.478792914085530263e-01
4.711752294360557869e+00 3.175701155428096278e+00 3.936558092058578318e+00 2.349566378112802667e+00
6.272784199507768221e+00 1.572450580182704005e+00 4.562951188611475750e+00 1.718962628574614682e+00
1.555685199013278286e+00 1.534796271057633055e+00 4.635909640939603449e+00 3.213960340382691516e+00
1.575777410128163636e+00 3.106805918600779037e+00 2.145798467436069501e+00 9.939170692144370101e-01
4.700268995380204373e+00 4.686902677891892743e+00 1.456995240648010670e+00 1.681192277538598345e+00
4.671782059891004479e+00 3.927926753954606109e+00 2.587295740924602239e+00 4.470451417910139114e+00
2.760312240353538282e+00 6.878540342099891625e+00 8.471737959342632296e-01 6.439186803922095415e+00
5.001539446216270689e-03 1.598928156482907870e+00 5.113198512801107931e+00 5.886552807172978241e+00
1.175393409683979540e+00 4.071967948943439275e+00 4.222440300268516467e+00 3.804984109612014720e+00
3.146004420922035916e+00 6.306720044329865438e+00 6.569485553219945873e-01 2.488935034853623662e+00
3.906213314118681446e+00 5.476783039883406090e+00 4.712149431030368874e+00 1.570676218322538009e+00
8.066313855268891775e-01 5.518655777300169873e+00 1.570984240609617943e+00 4.712706951614319628e+00
4.331423957146520287e+00 5.307989350505057935e+00 3.989501590892796212e+00 3.298040846746788546e+00
4.727378844461801677e+00 4.675933421677906487e+00 4.800379767483108573e+00 3.050815236928853480e+00
3.136754346888013245e+00 1.584889622094592720e+00 1.049340969099904264e+00 5.232753436405242375e+00
5.108846425859419504e+00 5.351943490162577532e+00 4.928921330448695626e-01 4.048530467517226228e+00
1.189712793165096594e+00 3.737236979438228968e+00 2.418436026981103382e+00 1.565097921927586788e-01
3.181320643240407531e+00 5.497182599087754973e+00 5.257696260997024140e+00 3.392788842293630314e+00
4.546354656211869738e+00 3.926587810992424821e+00 4.616111172317419964e+00 3.963756121211630123e+00
4.715156207005127165e+00 4.678509933281857158e+00 2.305870297571709582e+00 3.974981263177452373e+00
2.337179522430567147e+00 3.907888837173559615e+00 3.141810704590114689e+00 3.479773600844831920e-04
-4.799848350935965839e-03 4.743479931715181230e+00 5.647270839294430189e+00 6.364720506769679931e-01
2.745968071045296277e+00 5.643022104286995244e+00 5.792464549679764652e+00 3.805032297935821539e+00
2.760715477374304339e+00 3.737240211326035233e+00 3.989623612376549833e+00 4.868861165390746315e+00
3.910845675069555494e+00 2.340108629297414033e+00 4.712179886202472190e+00 -1.659980968218574624e-04
2.370366539204877387e+00 2.370474053213638577e+00 4.712332477989678026e+00 6.283238131881360822e+00
1.529979859637607076e+00 5.498671960163510342e+00 1.015526498488897200e+00 1.329683034188145152e+00
2.342222856533355824e+00 2.342083086332561681e+00 1.571418082244305348e+00 1.322290647256168177e-05
1.554609451264371556e+00 1.531660511592586760e+00 4.637380006055902726e+00 6.353305711677278644e+00
1.403387504761703930e+00 2.356688335570009230e+00 1.474231981279801262e+00 2.392251485655492171e+00
1.189962438515711707e+00 5.308219077368843131e+00 3.989329952885905417e+00 1.727604980225506459e+00
4.072703986149469463e-02 4.720523383865852018e+00 3.169806893596680109e+00 3.115944034294577669e+00
1.571940143460864858e+00 3.194537815996679520e+00 3.904327623106230938e+00 2.385324185298091759e+00
4.747577265975837513e+00 6.272636136280500097e+00 4.752291232058800219e+00 3.102994110224675861e+00
4.331112185485198829e+00 2.165834219572987163e+00 5.559425231443763771e+00 3.297599663453226526e+00
2.760522735910910352e+00 5.307672282597952318e+00 8.478076925213557935e-01 1.564320698857768199e-01
3.816238280486979884e-01 4.117361055828488325e+00 5.436836586180605835e+00 2.985450480752458002e+00
1.576308155399907429e+00 -3.777134924473229960e-02 1.869768705134894127e+00 2.840321826392315341e+00
3.136963338873257623e+00 6.249143048120901156e+00 2.529309756351468153e+00 2.177800700880255569e+00
2.746019178258581661e+00 4.072095975622298525e+00 4.221785563146919884e+00 2.234440475629090095e+00
7.969107944865330140e-01 1.706839194266437820e+00 3.925368262435133815e+00 1.319611540651524986e-02
2.588983699382237269e+00 4.243446704785254764e-01 1.783578852305161278e-01 6.784321802553446190e+00
3.168071684590745285e+00 4.694743848845169154e+00 1.622437390333402174e+00 4.660279134443631399e+00
1.565423955044151327e+00 1.604895610351048774e+00 5.967511552653234297e+00 3.459631902968944850e+00
4.690381791129099476e+00 3.115498771730550676e+00 4.651609410994997695e+00 4.769528740158090585e+00
-6.947464768550580365e-03 1.547786803751003859e+00 1.356480397718676567e+00 1.781851925716644303e+00
-4.676344586429218367e-03 -2.591422971278708326e-02 1.141624057723267915e+00 4.250054050006312756e-01
3.812252720746947543e-01 9.753171486025628001e-01 7.231445290429334705e-01 6.126860778675148111e+00
6.282125020446906127e+00 -3.872365765257260173e-02 2.373259260128343318e+00 3.906191957038870566e+00
1.575763635044596489e+00 1.119227191693368886e-02 5.532003818301149956e-01 1.020999972789546906e+00
2.386213051759829631e-02 6.328941329888515099e+00 6.291885281226554660e+00 1.566640570861781212e+00
7.961439808382905214e-01 1.704962467708686535e+00 3.925729075626642306e+00 3.154317692040547794e+00
3.915911911902135500e+00 4.577724415952587833e+00 7.867375105551162040e-01 -1.414739021499392818e-02
3.909798776946662002e+00 5.480399462743291927e+00 1.571337801656483180e+00 3.141761887348789806e+00
4.707706647638042696e+00 1.601397786275046586e+00 4.059122294301055867e+00 5.366919354655370178e+00
3.136792950357811360e+00 1.587390916059350898e+00 2.684354485246550404e+00 2.027934654787426627e+00
3.808557567479401440e-01 9.751991282792499272e-01 5.435064515886764980e+00 1.413919713732494587e+00
4.717368821388904010e+00 3.134665858439515507e+00 4.537050186824581610e-01 5.830432424742562958e+00
1.573823171856082004e+00 4.675684088155898976e+00 5.417197728691785841e+00 4.005352908191882833e+00
5.093020331015714497e+00 4.116120781343903801e+00 5.434945192457027119e+00 6.126799090146015203e+00
6.277170262378583665e+00 1.537903050538998562e+00 4.447372305523402680e+00 2.611833994216806731e-01
4.316596469649024215e+00 5.643295035607370558e+00 5.792675656931316475e+00 2.234485524517585642e+00
1.951822430141362474e+00 2.545962215001793094e+00 3.864500349493671827e+00 2.985157813042588426e+00
3.138106811475579239e+00 3.118146670098051132e+00 2.440582992437185794e+00 6.968579897542802604e-01
3.136954663577611324e+00 6.295652704772663810e+00 5.628288017194317483e+00 2.225039890314154167e+00
6.280830883587708691e+00 1.604185833652769233e+00 8.335291919102718605e-01 5.452089806031580999e+00
6.118236449321867276e+00 5.497418007768877679e+00 1.474845270263137609e+00 2.393167871714934947e+00
1.571339943067146860e+00 1.606613565251944875e+00 3.916676748116384221e+00 7.994833065327434651e-01
2.760416852740076088e+00 5.956281064664173952e-01 5.560176809188470237e+00 3.298139009101654473e+00
5.515141983637051659e+00 8.028507703245258975e-01 3.141793655717887379e+00 4.712154478148693926e+00
2.330744657663725405e+00 5.472566442745367077e+00 6.283774197431965192e+00 3.141438022468118874e+00
2.760551560808310878e+00 3.737100603324972958e+00 8.473566981074575066e-01 1.727155474740870389e+00
1.603558547097298170e+00 1.580942038703782471e+00 3.183754867722639936e+00 -3.948576948405099069e-02
4.711927185534431572e+00 3.179088069747744605e+00 3.933911230794583158e+00 7.818794166577482940e-01
4.702453058363670557e+00 4.687614522540592965e+00 4.577518447127607359e+00 4.843835538598852075e+00
4.672266550528828333e+00 6.275723594915261216e+00 3.107998185949246928e+00 3.113151207119016148e-02
3.110857972974650387e+00 3.155884308478715372e+00 3.101986166214405483e+00 3.181002570757924364e+00
2.355331564281896828e+00 8.802637224309067809e-02 3.141789177111327103e+00 7.936067891010442077e-01
4.316636791436425646e+00 9.308038891356694711e-01 4.221674555181508914e+00 2.234438812425884269e+00
2.357208159686567939e+00 1.480010936976531299e+00 4.712161854909223457e+00 3.918856839408327630e+00
1.408149048204658582e+00 2.355590772788501930e+00 -9.602180150495635835e-02 3.966158179906746017e+00
4.723309149445305444e+00 4.690382123333798781e+00 4.843041129790210952e+00 -1.322431369198511231e-01
-1.498354518882476227e-02 4.739811923948166417e+00 1.477104566818495668e+00 4.807692996848257572e+00
3.168291674202920127e+00 3.137728233976809999e+00 6.332298662347212392e+00 3.093333378587390659e+00
-4.534710994156527022e-03 3.168740504238863220e+00 4.168755251015639374e+00 2.115197662729253469e+00
6.321368418824584445e+00 1.562710356453683058e+00 3.165752672271062274e+00 1.547223192492183763e+00
1.576869722962647824e+00 1.540836252322705935e+00 2.518329644036310655e-01 4.458522276737560297e+00
3.147536260833879496e+00 4.686474234028415786e+00 1.838585998269209876e+00 4.443048262920989089e+00
5.509840228127436568e+00 3.939092443123447751e+00 4.712207314444567530e+00 6.283159786596207219e+00
3.148172754889146496e+00 3.414328605906882114e-02 2.281045122837685735e-01 2.917274121102398698e+00
3.955253558460417596e-01 3.781968094654259094e+00 5.202343717947182533e+00 9.073248471430988005e-01
-4.591998737692230131e-03 3.177436211046751335e+00 9.225690814476540380e-01 3.791497009183851130e+00
4.722615252392722063e+00 4.679866832049508041e+00 3.275483243775935360e+00 1.434482051318359597e+00
1.561736724380834884e+00 1.560919694310626049e+00 1.401201911815077139e+00 3.309438107311206245e+00
5.108186634760479627e+00 6.403292416634629447e-01 3.632335135097893630e+00 2.477692469603139269e+00
5.887270264632140204e+00 4.072103869977589774e+00 1.079843026688023677e+00 2.234432246634048269e+00
5.487324822597803298e+00 3.007994686494942727e+00 7.869562108825780555e-01 4.700397668974004795e+00
2.355422845557702427e+00 3.231419715149098426e+00 1.950204822912158479e-04 2.364339440532487124e+00
1.967085225229150414e+00 5.351854134703076582e+00 2.062817498902137725e+00 4.048711302056010375e+00
3.523028874277287059e+00 9.753581943742219984e-01 3.865185882148859609e+00 2.985493441978297913e+00
1.189510390896268088e+00 2.166395350784371399e+00 8.483470608032540605e-01 3.297933804430613236e+00
3.901733608765289407e+00 7.599493494791915715e-01 3.141888962858153445e+00 4.711592671887880890e+00
4.741132961051008898e+00 3.145242841318285354e+00 1.617020578471827452e+00 1.526254262468319522e+00
4.749507002186188487e+00 2.630861695652226065e-02 1.604251799510608478e+00 1.542070701968710988e+00
3.926254736706093151e+00 1.659911634958289195e+00 4.712667028230604238e+00 2.364154074469241973e+00
4.316843856161462156e+00 9.305538169094464962e-01 2.650719766924988896e+00 2.234284870584409166e+00
3.110351872449923505e+00 2.702980550767652285e-02 6.255220084389533142e+00 3.170498876742313676e+00
1.538873214353913665e+00 1.539207826691986636e+00 3.112738159070636890e+00 3.166672274804100518e+00
3.138538991067550743e+00 3.175919034465088497e+00 5.569699675808411854e+00 3.857030041975756607e+00
4.748304195861909882e+00 3.137982247726971874e+00 4.743668771075033597e+00 -2.961559580098241037e-02
5.729917889760584693e+00 4.246336576182076494e-01 1.784618752100100569e-01 3.642913352414528294e+00
7.699697914028040824e-01 3.911426199930775116e+00 3.141855959685765143e+00 4.712197744232254237e+00
8.144305406679439585e-01 8.145405264804571610e-01 4.712158599921903779e+00 6.283351523969626484e+00
3.927638388810995806e+00 6.193851875956989161e+00 1.570295749566231081e+00 2.348076392942371360e+00
5.508708755548989089e+00 4.847296948892044099e+00 2.354653678207847989e+00 1.584170262840726817e+00
-2.051509765286685383e-02 4.689408098730936558e+00 3.076723893155501877e+00 6.344969362885473529e+00
5.887860396744391878e+00 5.643078731705942097e+00 1.080483087117134700e+00 3.805233540605167608e+00
3.394418828829326440e-02 3.926993350416038808e+00 5.091699861645968106e+00 5.127633415822868024e+00
2.380038432822095817e+00 2.379724408666100022e+00 4.713071032720828946e+00 4.712530303608743587e+00
2.745749883203638664e+00 5.643034143327556151e+00 -4.909941723943246905e-01 2.234382691021894018e+00
1.951367790036200756e+00 5.687427743721261031e+00 3.863795510245750631e+00 4.555788184093134241e+00
4.717477754080398711e+00 4.742098879067941475e+00 6.242476613310605771e-01 4.092907700742586918e+00
3.537622395385698226e+00 6.398233739789126462e-01 2.062198058814619817e+00 9.071968455257790609e-01
1.537451182150979090e+00 1.555055375158679976e+00 4.677383505980593270e+00 3.113722964809256810e-02
7.699072132178010237e-03 4.680049197842029329e+00 4.897656323028676262e+00 6.095402662700863061e+00
1.564337582418500627e+00 3.117122975565249199e+00 2.899931868713230276e+00 3.380123081385999040e+00
4.717285110679579674e+00 1.584373811681494715e+00 2.175309843528238307e+00 2.540368756115601645e+00
6.118680978617462962e+00 7.853419615635666151e-01 4.616486892319602298e+00 2.393662070858838309e+00
3.123574239137018704e+00 3.148112911139923309e+00 4.629506140522694935e+00 4.794025397079780149e+00
-1.661795422809168032e-01 5.497494388602038207e+00 1.474867772436123214e+00 5.534212566293557067e+00
1.580468662931838048e-02 3.105160697750972698e+00 9.102704494202498720e-02 -9.413910373232552142e-02
7.716626153862136128e-01 5.484110440651435603e+00 3.141259145946517783e+00 1.570357374884074231e+00
2.376309877978003637e+00 5.517734909057542936e+00 4.711888176969112330e+00 3.141629171992767589e+00
6.288029481010528166e+00 6.272048927286139275e+00 3.573893071620237727e+00 4.280300094724490911e+00
2.355355384522480389e+00 1.659378334301639502e+00 4.712046515805600855e+00 5.505813021976266874e+00
-5.610495274814253017e-03 4.740661671683966460e+00 2.857006326287022002e+00 2.864665706299239223e-01
4.331349031493613388e+00 5.307812457888708479e+00 8.469921556577372224e-01 4.868773757246308342e+00
1.565704918556100944e+00 6.258519440190974947e+00 4.167969194165962676e+00 2.111019048466806325e+00
3.955411293803813844e-01 6.400953045848351008e-01 2.061487732640861381e+00 2.478004854792452694e+00
2.366743218554316908e+00 4.845993569696355863e+00 5.496135123974883463e+00 3.154493245275400426e+00
1.584654006679727667e+00 3.170223569321791945e+00 4.816073820738681732e+00 6.182886705647695713e+00
6.278931405569650792e+00 4.695852348859876457e+00 8.965119535176644394e-01 3.812294528934176085e+00
3.128999133552765155e+00 4.248839516991510801e-02 6.180127648691272846e+00 4.817960972828680966e+00
3.136604021916305385e+00 1.732301593243226398e-02 2.522472061110013986e+00 5.330902096020457392e+00
4.706143138062214959e+00 3.166765517570044430e+00 6.023348110279513001e+00 3.403147720107275287e+00
3.956689037637768913e-01 3.781900762914292446e+00 2.061750214510721158e+00 9.072302513052655781e-01
3.146365230171547900e+00 6.314802894162240499e+00 1.929768427183559787e+00 1.215636300779847412e+00
5.092625745732571652e+00 5.686947061976547424e+00 5.433257394349999991e+00 2.984500294547034027e+00
2.356926871477295293e+00 3.052498258093438555e+00 6.282965312197088537e+00 3.919455568564886860e+00
6.245799241414904834e+00 2.357015760613943023e+00 2.624738831977981857e+00 4.433832247743989541e+00
1.952272866384163530e+00 5.688124599642907064e+00 2.294462921946299971e+00 6.127036424378332846e+00
4.702028543045371656e+00 2.017543273608238610e-02 6.152745380213299420e+00 4.844482722486757709e+00
2.580073601995217999e-02 6.263307632985296358e+00 1.617615977585518117e+00 -4.744728822722701911e-02
2.123705869066852436e+00 4.287913313579282182e+00 2.962978923406454523e+00 4.211199110268872836e+00
3.811572558154029400e-01 4.117058235491530382e+00 3.865479484180248448e+00 1.414762701453638138e+00
-7.403755696340927339e-03 1.584547978608954910e+00 1.362177663275325079e+00 1.780543746964014629e+00
5.496956807251796917e+00 9.058005136836580484e-02 3.141456623035777440e+00 2.364382883564624116e+00
4.716249363427333030e+00 3.176295047925014714e+00 2.258222293865019381e+00 5.600937692970407333e+00
1.569414027553520663e+00 1.569603932249097333e+00 2.383044893953937482e+00 2.328795848908853383e+00
4.717189789552505452e+00 1.596907699447656537e+00 3.596104551198010757e+00 5.832784406110275377e+00
1.576553558094822893e+00 1.599639871126521173e+00 1.881102093382429397e+00 4.406045398956644377e+00
4.717143276224125437e+00 6.277640270530168820e+00 1.971293935980340084e+00 4.312544000080766438e+00
4.316116499549364605e+00 2.502094889638227126e+00 5.791045397811355855e+00 6.634634047435497006e-01
1.049135716644932631e-02 4.742224244523537635e+00 1.704163968935070050e+00 6.153827997867246324e+00
5.901794986673501775e+00 5.950253297534235930e-01 3.988404502501211812e+00 3.297686975019223699e+00
4.687229946744768228e+00 1.591516640406021699e+00 1.519782512637799732e+00 3.193060666606332365e+00
1.952001290400649625e+00 5.687873844817223912e+00 7.230373405416082866e-01 2.985133419219602846e+00
5.887801941785745008e+00 2.501234852372799633e+00 5.792925611567294908e+00 2.234107127924267022e+00
3.156833264271393436e+00 3.154677846675092656e+00 1.658655652835120842e+00 3.055534613168595648e+00
1.567900662689427849e+00 4.744508929270720543e+00 5.556656928973067622e+00 7.280086926040316708e-01
5.900360249499517984e+00 3.735558790411403152e+00 2.414801946704842717e+00 4.867394106374665519e+00
3.107288610988218736e+00 5.498080532552047650e+00 5.828685055734996290e+00 -3.403406758804814469e-01
3.138285173292123975e+00 3.180531154691399465e+00 3.995841930156907473e+00 7.189221456462376869e-01
4.717063445441780800e+00 3.108217191782477240e+00 2.134187856942209027e+00 1.005923583751761496e+00
4.686299741433463062e+00 6.256217760156716601e+00 3.108552472779138043e+00 1.599435363838460633e+00
2.355545131701020090e+00 1.660505814251555190e+00 4.712464006822367324e+00 5.505714659808726985e+00
6.288915192377450225e+00 -1.744723892550394118e-02 1.858537667219478662e+00 4.424278303491920639e+00
3.905277184421144021e+00 7.637471191113512914e-01 4.713384402778890703e+00 4.712849594750266213e+00
3.944654285768355972e+00 5.515259790189257494e+00 3.140829452907006214e+00 1.570969080884135449e+00
1.584579409550435747e+00 4.707406772797877004e+00 1.679967610851429649e+00 1.462110055931456820e+00
3.941594716324369418e+00 5.512388054386516245e+00 8.926415283311907615e-05 6.283387514515161421e+00
4.708275040186391536e+00 4.675453162455033507e+00 5.627150713890076261e+00 6.509814188108501432e-01
2.370115339055363535e+00 7.993972612191070359e-01 1.570737584284523480e+00 6.416962130069759664e-04
5.535823522384514250e-01 4.288526053970617369e+00 4.537364442528448727e+00 4.209725916386451772e+00
1.735578661695933445e+00 5.498142166413892085e+00 3.237912694125763657e+00 3.889329854393227759e+00
3.809800344478311840e-01 5.687360119880676912e+00 3.864349742981537439e+00 1.414254807792247215e+00
2.122888504380308294e+00 1.146735547297734970e+00 2.959040820353544987e+00 5.783493109872837934e+00
1.018210025085635628e+00 5.136227795274665553e+00 3.320626884814674717e+00 5.008862489459050549e-01
1.578362749407427046e+00 3.167124653419464586e+00 4.906026112894575242e+00 1.380393849273226614e+00
4.316671506787870705e+00 9.308500339277167024e-01 2.651108267899302540e+00 2.234506973514704953e+00
1.552541842348210688e+00 6.291419960104130737e+00 3.061782284850589786e+00 6.362491998391828218e+00
3.938680904081011125e+00 7.972483689017265673e-01 6.283402874166098329e+00 3.141190349503668600e+00
7.696448877271881983e-01 7.696890318335306569e-01 1.570803498075518112e+00 4.712218788758113952e+00
4.877171326996347034e+00 2.356410189435829139e+00 3.237593765217209540e+00 7.482066103547673208e-01
2.977107906265248793e+00 7.852461836847012266e-01 6.187074971501602683e+00 5.535377797348234097e+00
3.136615973777422628e+00 1.529072321558857084e+00 2.807694362120958687e+00 5.040853329651890036e+00
6.270073208642318541e+00 1.554055826762519299e+00 4.604915511630110814e+00 3.246290090420786534e+00
4.533308670864572877e-03 4.719877105201080170e+00 6.539653805275833509e-01 9.195708456441383793e-01
1.403543730997588224e+00 5.497887771283980207e+00 3.046204331240330632e+00 8.210477432558401789e-01
1.571949235743553608e+00 4.769714275583816665e+00 2.320851176252856529e+00 3.969055824136861421e+00
3.140048897119265714e+00 2.258884145311024910e-02 2.386243753142944346e+00 5.469385160836007564e+00
3.522640590200267319e+00 9.752714895668772588e-01 3.864224276290309401e+00 4.555440730287029005e+00
3.805552521167924196e-01 9.748961941170423140e-01 3.863989340851212262e+00 6.126447859667553786e+00
3.306057166806794179e+00 7.858106448730989291e-01 3.237582740225082301e+00 5.460548035129140665e+00
7.560171911137055778e-01 5.468450222814112749e+00 3.141128188755459405e+00 4.711609004707876025e+00
1.406158836189700612e+00 5.498066960485357590e+00 4.616378367135708594e+00 2.393488726280863510e+00
4.713029551713442622e+00 3.108677237783298519e+00 7.707441097439412525e-01 3.939223222357340681e+00
1.951966155784610191e+00 9.755133946456309157e-01 3.864620314711163740e+00 1.414654102062783192e+00
4.712226269243440235e+00 3.112066613244327318e+00 2.356599225592299618e+00 3.923438099517009281e+00
6.276515409743721463e+00 4.749011065819053634e+00 6.059541693109559368e+00 1.796985421419945217e+00
1.602003567386376393e+00 1.596228608321590858e+00 4.756412667723321164e+00 1.530537580523175123e+00
7.597366018547488942e-01 5.472119204485884403e+00 3.141958532826046202e+00 4.711584214780319968e+00
4.676501313253736747e+00 1.588139069629716627e+00 -3.869055463578471160e-02 1.609282391353537012e+00
5.508826121020086397e+00 4.847279195690373577e+00 3.925595943614132555e+00 3.154178558383392783e+00
3.134589787801041361e+00 1.596624079173697863e+00 6.056586550092006860e+00 1.799275530982515026e+00
3.312094989932904188e+00 5.496883803129589019e+00 6.380532607935034406e+00 3.892819287712270704e+00
1.569935474375409479e+00 4.676220799162735808e+00 2.376056092669644126e+00 3.903163221556032791e+00
4.697874618873689734e+00 3.115019010550738709e+00 -9.145153019090769553e-02 1.658752820095003244e+00
4.715197224848139967e+00 3.116282631185800511e+00 2.305355630305253367e+00 5.546991905002144563e+00
5.093516091434677762e+00 4.116816537824071531e+00 7.226400851035994499e-01 1.414291223887033544e+00
2.745441392503434219e+00 2.501942200863648935e+00 1.078167040143474198e+00 2.234258594307219958e+00
1.575805474101283687e+00 4.691061775299177228e+00 4.085490410239746573e-01 5.874228729365857937e+00
5.108240965968293246e+00 2.210978606285348480e+00 3.632194488396288445e+00 5.619528149108329984e+00
1.573301913576348854e+00 4.755537483484355121e+00 7.425514485494942862e-01 5.545419176995918242e+00
7.859563000320527459e-01 -8.804259410352585635e-02 1.570579370140863462e+00 3.918730444701970850e+00
4.718606854984104260e+00 1.547687427276313477e+00 2.582169680909103815e-01 1.311261265017598987e+00
4.716741767330695723e+00 6.312663220777793960e+00 3.783839146982597157e+00 2.504541992065730138e+00
4.719483380818282114e+00 1.592192985412899997e+00 4.927867126099283013e+00 1.358181659018114606e+00
5.498428199063501332e+00 3.050871206696296412e+00 6.283192372938751546e+00 3.918814691715049925e+00
3.145854630801911078e+00 3.094177904973541615e+00 2.198698227180450715e+00 4.081491076946610619e+00
1.966512350084191008e+00 3.781561148210372370e+00 5.203242525703686283e+00 2.477899088748861889e+00
5.502790488884699904e+00 2.361174705695404441e+00 3.141260448151055762e+00 6.283300567313357732e+00
-3.761012112920161105e-02 5.498212446699779932e+00 5.764090032009785425e+00 1.294316382834561852e+00
2.334887778116246704e+00 3.905589632938095690e+00 1.570744843124526335e+00 3.141610971740510738e+00
2.745639431169580202e+00 9.307119044053709933e-01 2.650478651806471131e+00 6.636232909377969280e-01
3.407717526960577642e-02 7.847687986979328123e-01 2.006011840610898211e+00 1.930329841662573820e+00
3.537020157511254759e+00 3.782082905815220553e+00 4.900247086052259005e-01 5.619835962793787054e+00
1.966116019124271030e+00 6.402876704011314368e-01 4.899512516747632218e-01 2.478001977887352325e+00
3.123361273512216485e+00 3.097413507469477967e+00 -1.383426917505414452e-02 1.579381477290745739e+00
3.694499984399884696e+00 1.146809104464218354e+00 4.534664841162195259e+00 5.781429272607343073e+00
4.712416952459932418e+00 1.615266002165820503e+00 2.357351515728666413e+00 2.358998406830891792e+00
2.355757393153887325e+00 4.799542507606801678e+00 6.283553874539070883e+00 5.505657122925941671e+00
8.005255930141528253e-01 8.004840027661339619e-01 1.570956007893538731e+00 2.733228553199484900e-04
7.848405265287781152e-01 3.229042535020714144e+00 6.283610501978508900e+00 2.364095647648485343e+00
6.282306987210276361e+00 6.250281122192004268e+00 5.513554469834719640e+00 3.907730725549462658e+00
4.316832719022891673e+00 9.304570255727458994e-01 5.792184293476857704e+00 5.375715019188920252e+00
3.141708128469174355e+00 1.607494253158381348e+00 2.353743897891646064e+00 7.909460731508045628e-01
2.355093804482111253e+00 1.664178298883977947e+00 3.141801383126935132e+00 3.935278722675288332e+00
4.688240274456952683e+00 6.280988705770225167e+00 3.084210853637900041e+00 4.767927691730385220e+00
3.926285664045661594e+00 8.895632099873899967e-02 4.712553768909405250e+00 7.932542375919510169e-01
1.565530018069675844e+00 1.587146109951998563e+00 2.773111312944746665e+00 5.081617961639780745e+00
5.479005103527232023e+00 7.667404844617579096e-01 1.570408539259755765e+00 3.142154583983928884e+00
7.845216882596987018e-01 3.230146319666791666e+00 1.571613765447424704e+00 3.934786538939425871e+00
4.878058128461677079e+00 2.355754520129548890e+00 6.380153107566220783e+00 7.483962589113178909e-01
4.317218916697941111e+00 2.501013912449801424e+00 5.793412546656375284e+00 6.635054375308161445e-01
2.974875094933257635e+00 7.855265264982355111e-01 6.186596511155707745e+00 5.533847708300251078e+00
1.572419323104347733e+00 3.093846928686105890e+00 7.352502178667845723e-01 8.320722349013609520e-01
5.107666944014577659e+00 6.406636577840013613e-01 4.898802317673954243e-01 4.049135238604829823e+00
5.901655465124464151e+00 2.165940623236896734e+00 3.988202663566701389e+00 3.297503792744803874e+00
4.706247952704597282e+00 3.182194535946869518e+00 1.298573777655448014e+00 4.987976180187785324e+00
2.356722234941525773e+00 3.051688713986133283e+00 3.141514163258082970e+00 2.348229606746889964e+00
3.926080042297236172e+00 3.229632619254120929e+00 4.711263878575810971e+00 2.364143625690053874e+00
5.093344001326383541e+00 9.751927435415442824e-01 3.864398273476885581e+00 1.414395854027506116e+00
6.323566104933659560e+00 1.557383393952650907e+00 1.600492364577358106e+00 1.541450835208538761e+00
7.964163630582586917e-01 4.848351887274694683e+00 5.496261316976703171e+00 4.726175522894579650e+00
1.175549937079636953e+00 2.501394711589937092e+00 2.651623592891757752e+00 3.804927996488681963e+00
3.919284651033659195e+00 2.348670618870461357e+00 3.141952928209341689e+00 4.712146846719798887e+00
4.722793418900827156e+00 3.122235669437936956e+00 3.282210947699593984e+00 6.141479398316219473e+00
1.577267700728335775e+00 4.702109404610872900e+00 1.815718983739781356e+00 2.896101785065003487e+00
2.355638993941258530e+00 3.230174015792341979e+00 4.712862643660063355e+00 7.933334103191186371e-01
7.830228378442510850e-01 -7.878453663401675522e-01 3.141714251348995735e+00 4.711834210950057056e+00
3.537028664102709996e+00 2.211013921330677867e+00 3.631928327561052328e+00 2.478071041545107267e+00
7.848726070324010262e-01 3.230503125945262788e+00 -3.554213066252115741e-04 5.506003888370251786e+00
1.175268191191953804e+00 2.501342265385660291e+00 5.792826948731224945e+00 2.234351214037237021e+00
3.927642419723453404e+00 4.623441308364452773e+00 4.656169547310158390e-04 7.774442696822585486e-01
4.707808033082558019e+00 6.253909045771568920e+00 1.161712597099558542e+00 3.546235904833626051e+00
2.341872886022154709e+00 7.712538604507633844e-01 1.570164509869129921e+00 1.570076344429813808e+00
6.243925063159389666e+00 1.585874530218335021e+00 1.552945051131413567e+00 3.159014469128185620e+00
3.108917469027426161e+00 2.658927862839084721e-02 4.675120426094615311e+00 3.837843082162464836e-02
5.486598473628945705e+00 1.435526492841709523e+00 2.357574461976745361e+00 -1.361687301356574037e-02
5.902554215517624492e+00 5.958563018172240433e-01 5.560619845761751279e+00 6.439625283040914638e+00
1.575560939126012361e+00 1.600079216437189977e+00 5.365831115732333956e+00 4.063996571648961442e+00
4.729705230098325330e+00 4.736410708711811246e+00 1.656157188136243130e+00 4.630194166424450586e+00
1.601991100758246578e+00 4.717569119558215007e+00 3.174356963751371552e+00 1.540160963714219067e+00
6.286941447613264344e+00 3.091120005012207628e+00 7.036720729471115376e-01 2.433986678374963741e+00
5.496755057642982223e+00 3.228809057230347612e+00 3.142961962752202520e+00 2.364729508674847214e+00
3.947199098188690414e+00 3.947730371248781012e+00 4.712297856049318057e+00 3.140514155915643979e+00
3.156634031383402483e+00 3.172612528111486974e+00 1.659615912231808155e+00 3.056862035170061276e+00
3.538164450625910451e+00 6.397516082960866823e-01 2.063908631561798934e+00 5.619747920557699672e+00
3.522370529791733151e+00 2.545778298983622623e+00 7.222863920539898119e-01 -1.565076797881399528e-01
3.915569324998493084e+00 1.435499348885450832e+00 2.357672468054237136e+00 4.699007050483964498e+00
2.355417759172650616e+00 4.798801721583683566e+00 4.712737102759070318e+00 3.934951493002600831e+00
1.968905464673179839e+00 9.639111576752817934e-01 1.661262634210585176e+00 3.698450733296923421e+00
3.117075471048174062e+00 1.580841189354843523e+00 3.086650127667371901e+00 4.767141068042128893e+00
4.717187865866101504e+00 1.535603434796005029e+00 5.233511485323958379e-01 5.757962584852576171e+00
4.598302769404380777e-03 1.542545844676554312e+00 5.350107214864569194e+00 4.073112589066553824e+00
1.965637100301337314e+00 2.211566290552398506e+00 5.201184276324449129e+00 4.048906788622412378e+00
4.331494428322202772e+00 2.166187235275405243e+00 3.989532514442068134e+00 1.565948405917538255e-01
4.717166962083410908e+00 3.165775127107088860e+00 3.763319853746803556e+00 4.094357854555643605e+00
4.695610424857206588e+00 1.611442485792768498e+00 1.497778604603641650e+00 3.217501322486209681e+00
6.279326524168840074e+00 1.537125811654908691e+00 5.610386513282962895e+00 3.808795935650608477e+00
4.759197742534328895e-03 6.258082343995169161e+00 2.153494622210168519e+00 4.129018674646374620e+00
7.704379183106527806e-01 7.704189753556881515e-01 4.711760339824441424e+00 3.141276115289266979e+00
1.952139404717802673e+00 9.754098242194385593e-01 2.295028036548879324e+00 1.414785639578697740e+00
3.694666988820065612e+00 2.717186384358199369e+00 1.391735322747123638e+00 1.069278059191940189e+00
1.573320973290270208e+00 1.562367625016122252e+00 5.447547404134644999e+00 8.359561036250364729e-01
5.888064495037885315e+00 5.642873878200387772e+00 4.222454675528903856e+00 3.805046336321200151e+00
1.540591354246836575e+00 3.124323993210495587e+00 1.527899106024648512e+00 4.751683917484618824e+00
7.744792080589261163e-01 1.436482455165924321e+00 2.357451129148496527e+00 -1.285098106948344247e-02
3.104775615964060265e+00 4.717717563385597224e+00 1.534047204768569594e+00 4.746849452837135885e+00
6.320858443892371170e+00 3.124379922341597116e+00 3.177683026063495841e+00 1.535539744963660747e+00
6.664717059128189014e+00 5.688354348364916824e+00 7.241006002662462304e-01 -1.557861956836963380e-01
4.707925505783136622e+00 6.253528768408465943e+00 8.982613521193746342e-01 3.809056719505093280e+00
2.746299238764351003e+00 2.501000503827780719e+00 1.081081837288490277e+00 2.234038287509460652e+00
5.108325031323014187e+00 6.401382157286469310e-01 3.632679623063069130e+00 9.073201409586671984e-01
2.356795386411020488e+00 4.624441747383526646e+00 1.570827490071460941e+00 5.489952049816246848e+00
6.276597037410217794e+00 3.180547202571482046e+00 6.057285018955989919e+00 1.799463095229782983e+00
9.256148310408284646e-03 1.541188268860137045e+00 1.507266202877174111e-01 2.988406068753437062e+00
1.547245899228070876e+00 3.156136638900144842e+00 1.511707367009268443e+00 3.200744738186645399e+00
4.877786150650408992e+00 2.356431915054473691e+00 3.237810676693755774e+00 5.460640171441126789e+00
6.287442072930417680e+00 6.273514253131604157e+00 5.399344144546379454e+00 4.026370365576911858e+00
2.744613987721586934e+00 4.072877811819314964e+00 2.648510989223222367e+00 6.640691752205249987e-01
4.711911426396820701e+00 1.597599669770944253e+00 7.988766327736622763e-01 7.744995119141775408e-01
5.887489289798724990e+00 9.303437976781554486e-01 5.792659767219524802e+00 6.637484744360845346e-01
4.707496662841063717e+00 2.356804712541028454e-02 4.351050894836249405e+00 1.934187597919365453e+00
-3.594975291339410749e-03 4.747275548759305686e+00 2.431933764050637325e+00 3.852764833985674375e+00
2.373662880885221593e+00 5.515495761147527709e+00 -2.187815491776579438e-04 6.283286169642338770e+00
5.901816331804571547e+00 2.166216731553811670e+00 5.559729845072399534e+00 3.297987784861386551e+00
1.594483131135609577e+00 3.163022931218834266e+00 6.345002057369059756e+00 1.512269723752249106e+00
6.305646558368279031e+00 3.121208303936651607e+00 6.342492042351207004e+00 4.651726050125048140e+00
1.575849826242165852e+00 3.108596149690818766e+00 5.273837717269848291e+00 1.007766904394751695e+00
1.566444217295209107e+00 2.882060495151541821e-02 4.036844183505057693e+00 2.246957099459965690e+00
7.971628595507327386e-01 2.368012590297488895e+00 3.141250444255493157e+00 4.712230835475208934e+00
1.566021591084887143e+00 6.259843079851867387e+00 1.054389748888675316e+00 5.224849279974661087e+00
7.968427128352371103e-01 1.707325969447506697e+00 3.925345037266289250e+00 1.583561480193911741e+00
4.685839767280824297e+00 1.561940891983569557e+00 6.233416891842061602e+00 3.188839166575611284e+00
3.955460857601877378e-01 5.352770073637241666e+00 5.202842026442062284e+00 4.048974238832361294e+00
5.514163259730026745e+00 8.016613990422791769e-01 3.142319286876579021e+00 1.570493782091349821e+00
1.575732797755391879e+00 4.719817414800832722e+00 3.738054309513358486e+00 9.768315424191952312e-01
-4.934579896918622408e-03 1.547855932220301156e+00 4.146721266010041873e+00 2.132089591989001054e+00
3.146648216046432633e+00 1.602432796566080730e+00 3.638648772830847200e+00 1.078329421118862541e+00
5.496936974712683721e+00 1.659880757462986356e+00 3.141148557052221513e+00 7.933475714667939105e-01
1.556642695439336643e+00 2.212422880595802527e-02 1.475413429442024915e+00 4.808780596863187817e+00
5.503545263381132813e+00 2.362081812402218706e+00 6.283719243190891923e+00 6.283087412860960619e+00
4.706581966408392326e+00 4.726410016906348766e+00 2.866379356073904816e+00 4.988321321303727629e+00
3.305162543494960303e+00 5.498390091815093861e+00 9.592059578026838895e-02 7.471823971924987928e-01
4.707662948861776719e+00 1.526525225152202125e+00 1.047547778880190128e+00 5.161351154542079822e-01
1.597673344236442139e+00 4.725090847273063943e+00 3.188009912407641089e+00 -4.354586048523710617e-02
4.716209060182552371e+00 3.178375560713844195e+00 5.406358498612426011e+00 5.594637160207451387e+00
-5.505846898437673220e-03 1.551946652806484916e+00 -3.351397286839053469e-01 3.473575205539919164e+00
5.887310528237959417e+00 9.307487847895613564e-01 1.079489688977685269e+00 3.805289658306739931e+00
