-1.624308794736861827e+01
-1.624353021383284812e+01
-1.624370881319045168e+01
-1.624293941855430745e+01
-1.624358070194722004e+01
-1.624375475943088887e+01
-1.624370613694191690e+01
-1.624350345432757692e+01
-1.624359437227248293e+01
-1.624373258352280658e+01
-1.624352586269377596e+01
-1.624353155493736978e+01
-1.624367197751998759e+01
-1.624356675744057554e+01
-1.624374732077121308e+01
-1.624339349865912752e+01
-1.624376565814017681e+01
-1.624371821880340860e+01
-1.624351114034651999e+01
-1.624369741082190544e+01
-1.624369938969611837e+01
-1.624378127753733736e+01
-1.624375497102736787e+01
-1.624365182816983122e+01
-1.624346523880957704e+01
-1.624359351694583253e+01
-1.624372928440571329e+01
-1.624307570457459349e+01
-1.624374369680881358e+01
-1.624368460476398468e+01
-1.624349429309367565e+01
-1.624341316521168110e+01
-1.624370643496514077e+01
-1.624359532892703228e+01
-1.624372807145118003e+01
-1.624373584985733743e+01
3.172492278739810212e-01
-1.624374277889728901e+01
-1.624370114207267335e+01
-1.624360553920269723e+01
-1.624357441365719623e+01
-1.624331037402152234e+01
-1.624340131878852844e+01
-1.624369996786118264e+01
-1.624336598813534494e+01
-1.624372362792492552e+01
-1.624354611039161256e+01
-1.624352037608622368e+01
-1.624372861981391125e+01
-1.624317702353000925e+01
-1.624364023208616814e+01
-1.624367223978042674e+01
-1.624346463680267760e+01
-1.624376411139965271e+01
-1.624366941750050231e+01
-1.624366680979729338e+01
-1.624372436702251221e+01
-1.624336268901825520e+01
-1.624380115270614766e+01
-1.624358545243739727e+01
-1.624373880922793845e+01
-1.624336040019989014e+01
-1.624369587898253897e+01
-1.624362700879573751e+01
-1.624370492994784598e+01
-1.624369181394575889e+01
-1.624356687664986509e+01
-1.624359022080898640e+01
-1.624346912801264864e+01
-1.624371018111706277e+01
-1.624362919330596355e+01
-1.624367254376412006e+01
-1.624369834959506420e+01
-1.624333432912825970e+01
-1.624370661973953389e+01
-1.624345875680446127e+01
-1.624374444782733207e+01
-1.624374812543392466e+01
-1.624370522201062172e+01
-1.624351240992546863e+01
-1.624366521835327148e+01
-1.624373832046985910e+01
-1.624274471998214509e+01
3.172494197264313920e-01
-1.624373897314072224e+01
-1.624366253614426725e+01
-1.624372454881667238e+01
-1.624360302388668131e+01
-1.624367711842060302e+01
-1.624371243119239239e+01
-1.624334813356398755e+01
-1.624359596967697783e+01
-1.624358228147029948e+01
3.172507992014290124e-01
-1.624357695281505443e+01
3.172490856610238885e-01
-1.624269508719444133e+01
-1.624367080628871562e+01
-1.624373748302459219e+01
-1.624373616874218129e+01
-1.624351134002209562e+01
-1.624346211552619224e+01
-1.624371719360351207e+01
-1.624369555413722210e+01
-1.624346903264522624e+01
-1.624356380999088145e+01
-1.624367003440857715e+01
-1.624363225996494009e+01
-1.624369570314883759e+01
-1.624371203482150605e+01
-1.624353643953800841e+01
-1.624356481432914734e+01
3.172498638741672039e-01
-1.624376251697540496e+01
3.172500575892627239e-01
-1.624363335072993308e+01
-1.624367830753327624e+01
-1.624365721642972105e+01
-1.624353075921534639e+01
-1.624343879520892742e+01
-1.624333666265011189e+01
-1.624374364316464536e+01
-1.624368220865726187e+01
-1.624371555149555135e+01
-1.624361433684825684e+01
-1.624270327687263915e+01
-1.624371557235718555e+01
-1.624371843636034995e+01
3.172495313920078996e-01
-1.624358747601508668e+01
-1.624346079528330833e+01
-1.624375931322575184e+01
-1.624300990104674725e+01
-1.624374670386314534e+01
-1.624376349151135557e+01
-1.624263094067573476e+01
-1.624373741447924857e+01
-1.624372432827949098e+01
-1.624372365772724081e+01
-1.624329914152621512e+01
-1.624367935955524089e+01
-1.624357447922229980e+01
-1.624199781715870472e+01
-1.624353169798851937e+01
-1.624370259940623740e+01
-1.624280210137368030e+01
-1.624361274540424915e+01
-1.624353742301464720e+01
-1.624371185004710938e+01
-1.624370541572569948e+01
-1.624356212615967365e+01
-1.624207558333873180e+01
-1.624377620518206911e+01
-1.624373918771744840e+01
-1.624327504634856467e+01
-1.624336506128311441e+01
-1.624352456331252625e+01
-1.624370628595353239e+01
-1.624371222555636507e+01
-1.624345797300339100e+01
-1.624371299743653552e+01
-1.624358763396740102e+01
-1.624357906579972166e+01
-1.624370049536228322e+01
-1.624373266398907489e+01
-1.624367922544479725e+01
-1.624366221129893617e+01
-1.624372960329056426e+01
-1.624375987648963715e+01
-1.624376091659068067e+01
-1.624363346099852379e+01
-1.624373803734779997e+01
-1.624364027976989888e+01
-1.624372923076152020e+01
-1.624365854859351899e+01
-1.624379417002199943e+01
-1.624358392357827441e+01
-1.624347190558911080e+01
-1.624346600770950744e+01
-1.624342851638794727e+01
-1.624372757077216889e+01
-1.624333845376967744e+01
-1.624361391365528107e+01
-1.624365617930889982e+01
-1.624367745518684458e+01
-1.624359741806983592e+01
-1.624357109367847229e+01
-1.624368064403533296e+01
-1.624340973198414773e+01
-1.624370991289616128e+01
-1.624369898736476614e+01
-1.624359590113163065e+01
-1.624352852702141448e+01
-1.624369808137416982e+01
3.172499879263340206e-01
-1.624362280070782205e+01
-1.624336855411529967e+01
-1.624369028508662538e+01
-1.624362474083901375e+01
-1.624365843534469178e+01
-1.624197966158390827e+01
-1.624372764825821491e+01
-1.624355034530162456e+01
-1.624368890821932965e+01
-1.624323602616786744e+01
-1.624369706511496858e+01
-1.624333215355872539e+01
-1.624378587305547228e+01
-1.624366974830627797e+01
-1.624364179670810060e+01
-1.624374220669269064e+01
-1.624359330832958292e+01
-1.624335087537766498e+01
3.172489512711764159e-01
-1.624361042082309226e+01
-1.624372408688068603e+01
-1.624339631497859315e+01
-1.624372529089451689e+01
-1.624372047185896761e+01
-1.624351368546485830e+01
-1.624373993575572683e+01
-1.624356015920639251e+01
-1.624363120496272472e+01
-1.624371051490307138e+01
-1.624372506141661887e+01
-1.624375103414059396e+01
-1.624336957037449380e+01
-1.624366627037525745e+01
-1.624366599917411236e+01
-1.624327213466167663e+01
3.172504760324955653e-01
-1.624374413490294700e+01
-1.624357996284962624e+01
-1.624363999664784330e+01
-1.624374161362648650e+01
-1.624361992776393393e+01
-1.624368617236615009e+01
-1.624335938096046306e+01
-1.624371823072432619e+01
-1.624342769980430390e+01
-1.624174815118312409e+01
-1.624372049868106416e+01
-1.624355075657367919e+01
-1.624356460869313068e+01
-1.624365630745887046e+01
-1.624348455071450203e+01
-1.624364119172095755e+01
-1.624357725977898426e+01
-1.624361767470837137e+01
-1.624322832226754088e+01
-1.624358578622340588e+01
-1.624372160434722900e+01
-1.624372578263282207e+01
-1.624374831914902018e+01
-1.624364209473133869e+01
-1.624372850358485465e+01
-1.624331237971782116e+01
-1.624374316334725066e+01
-1.624347026944160532e+01
-1.624371335208415346e+01
-1.624328405857085755e+01
-1.624367457032204243e+01
3.172492672689259385e-01
3.172518685460091192e-01
-1.624372982680796795e+01
-1.624365687370300648e+01
-1.624363668262959237e+01
-1.624373850226402283e+01
-1.624351938962936259e+01
-1.624366749823093414e+01
-1.624372940063477344e+01
-1.624374250471591452e+01
-1.624369413256646055e+01
-1.624356387257576273e+01
-1.624196505248545819e+01
-1.624371315538883564e+01
-1.624347657561302682e+01
-1.624376011788844210e+01
-1.624352052211762043e+01
-1.624366497397423004e+01
-1.624279682338238118e+01
-1.624366031885147521e+01
3.172496762126683079e-01
-1.624349032640456514e+01
-1.624338418245316262e+01
-1.624374517798424122e+01
-1.624371131360531706e+01
-1.624366579949856870e+01
-1.624370417296886160e+01
-1.624333189427851920e+01
-1.624367987513542033e+01
-1.624295225441456836e+01
-1.624377360939979553e+01
-1.624351515173911054e+01
-1.624369046986103271e+01
-1.624371380209923643e+01
-1.624300636947154075e+01
-1.624358729124068290e+01
-1.624354962706565075e+01
-1.624369220435619710e+01
-1.624365130364894227e+01
-1.624375145435332968e+01
-1.624363400340081043e+01
-1.624379939436913745e+01
-1.624337958991526776e+01
-1.624371454715729612e+01
-1.624347736537457010e+01
-1.624339732527732849e+01
-1.624365221261977865e+01
3.172482268884778134e-01
-1.624372459948063252e+01
-1.624375319182873767e+01
-1.624363303184509988e+01
-1.624375979304312523e+01
-1.624372810423374958e+01
-1.624370279014111063e+01
-1.624359130263328055e+01
-1.623994397819041779e+01
-1.624374774992466541e+01
-1.624330228567122703e+01
-1.624334957599639395e+01
3.172503527253866529e-01
-1.624363436698913077e+01
-1.624363916516303519e+01
-1.624353319108486104e+01
-1.624338916838169311e+01
-1.624362702369689160e+01
-1.624367046058177166e+01
-1.623239128589629843e+01
-1.624373896420000918e+01
-1.624371588826179291e+01
3.172502684406935947e-01
-1.624359550476075142e+01
-1.624370230138301352e+01
-1.624367715418339486e+01
-1.624340604841709634e+01
-1.624360506832600493e+01
-1.624356108307839364e+01
-1.624339362680913013e+01
-1.624369269907474589e+01
-1.624248909056185752e+01
-1.624373004734515291e+01
-1.624351901113987040e+01
-1.624369336068631142e+01
-1.624358744025230195e+01
-1.624367905259132527e+01
-1.624366005361079246e+01
-1.624371154904366321e+01
-1.624368615150451944e+01
-1.624358444213867969e+01
-1.624376437962054354e+01
-1.624342329800128581e+01
-1.624362101852893048e+01
-1.624379282295703675e+01
-1.624282109737396240e+01
-1.624324375391005404e+01
-1.624342621862887981e+01
-1.624367257952690835e+01
-1.624376296103001138e+01
-1.624363501071930216e+01
-1.624321919083595844e+01
-1.624363245368003206e+01
-1.624373925924300721e+01
-1.624349288940430469e+01
-1.624371815621853443e+01
-1.624370277523994233e+01
-1.624368552565575285e+01
-1.624330618083476452e+01
-1.624370427429674990e+01
-1.624371300041675426e+01
-1.624350417852400952e+01
-1.624335560202597506e+01
-1.624372335672379108e+01
-1.624370403587818501e+01
-1.624362874925135714e+01
-1.624371151626109366e+01
-1.624373300671578235e+01
-1.624196605980396768e+01
-1.624360949695109824e+01
-1.624356301128865354e+01
-1.624323483407496838e+01
-1.624352515041827871e+01
-1.624374675750732422e+01
-1.624375838339328126e+01
-1.624371922612190744e+01
3.172494634054601192e-01
-1.624374251067638042e+01
-1.624343212842941853e+01
-1.624361504912375764e+01
-1.624266821742057587e+01
-1.624374228119850727e+01
-1.624374803602695039e+01
-1.624370828866958760e+01
-1.624368276596069194e+01
-1.624352258443831687e+01
-1.624371260106563497e+01
-1.624348387122154946e+01
-1.624366304576396658e+01
-1.624368801414967578e+01
-1.624354481995105104e+01
-1.624355300664900881e+01
-1.624359356164932677e+01
-1.624358969628811877e+01
-1.624357470571993645e+01
-1.624366226792335155e+01
-1.624364735186100361e+01
-1.624373231232167214e+01
-1.624374648928642983e+01
-1.624369568824767640e+01
-1.624334968924522826e+01
-1.624355380833148743e+01
-1.624336691796778709e+01
-1.624363252520561218e+01
-1.624369863569735983e+01
-1.624353643357754251e+01
-1.624370033442974659e+01
-1.624371346235274771e+01
-1.624320775270462036e+01
-1.624370364248752807e+01
-1.624370128810406300e+01
-1.624365063011646981e+01
-1.624365275204180747e+01
-1.624361384510993744e+01
-1.624372536838054870e+01
-1.624312135279177483e+01
-1.624373241364955689e+01
-1.624342039525508952e+01
-1.624361990988254334e+01
3.172490988858044925e-01
-1.624365116953850929e+01
-1.624354816675186441e+01
-1.624361765086650067e+01
-1.624368092119694751e+01
-1.624362678825855966e+01
-1.624367451965808939e+01
-1.624345319271088783e+01
-1.624368062913418953e+01
-1.624373055100440411e+01
3.172493960708379634e-01
-1.624364474415779824e+01
-1.624325428009034056e+01
-1.624025080800056031e+01
-1.624364943206309775e+01
-1.624336234033108539e+01
-1.624364426434039288e+01
-1.624359104931354381e+01
-1.624374397397042102e+01
-1.624340701997279268e+01
-1.624371000826358014e+01
-1.624364975392818877e+01
-1.624363320171833536e+01
-1.624371764361857728e+01
-1.624372097551822236e+01
-1.624342130422591524e+01
-1.624366016983985261e+01
-1.624373169243335013e+01
-1.624318472146987347e+01
-1.624367370307444958e+01
-1.624371791779994112e+01
-1.624373430013656971e+01
3.172494828701020175e-01
-1.624355125725268678e+01
-1.624333210885524892e+01
-1.624366801083088419e+01
-1.624361768960953611e+01
-1.624371757805346306e+01
-1.624371282160282703e+01
-1.624369524419308064e+01
-1.624375769495963695e+01
-1.624340103566646221e+01
-1.624245776534080221e+01
3.172497830353677717e-01
-1.624379778802394014e+01
-1.624372471868990786e+01
-1.624327805936336944e+01
-1.624371824264526865e+01
-1.624338941872118980e+01
-1.624359625577927346e+01
-1.624364908933638674e+01
-1.624369595646858144e+01
-1.624368417263030295e+01
-1.624367709755897948e+01
-1.624363019764422944e+01
-1.624363486766815257e+01
-1.624365643560885530e+01
-1.624339748620986512e+01
-1.624375381767750071e+01
-1.624352556467056630e+01
-1.624361225664616271e+01
-1.624370623528957935e+01
-1.624376601874828907e+01
-1.624373491108416800e+01
-1.624368222653866312e+01
-1.624369747340678671e+01
-1.624371718168258028e+01
-1.624339186847208794e+01
3.172491542063654024e-01
-1.624375111162662222e+01
-1.624361689686774568e+01
-1.624350556433200765e+01
-1.624371273815632577e+01
-1.624358419477939108e+01
-1.624356964826584004e+01
-1.624370378851890351e+01
3.172488315962254113e-01
-1.624374348223209807e+01
-1.624370006620884865e+01
-1.624371925294398977e+01
3.172493374906479868e-01
-1.624365690946579832e+01
-1.624257713556290383e+01
3.172498602420091296e-01
-1.624369273185729057e+01
-1.624370503127575915e+01
-1.624364401400089619e+01
-1.624356365501879651e+01
-1.624259339570998506e+01
-1.624374850392340974e+01
-1.624357269108294588e+01
-1.624368135035038918e+01
-1.624354538023472116e+01
-1.624366522431373028e+01
-1.624376262426376627e+01
-1.624109332859517352e+01
-1.624359340369701599e+01
-1.624359294474125193e+01
-1.624355889558792398e+01
3.172485352493822908e-01
-1.624337640106677583e+01
-1.624370858371257142e+01
-1.624366927444934561e+01
-1.624258356392383007e+01
-1.624342644810675651e+01
-1.624376566112040621e+01
-1.624361318051814962e+01
-1.624374673664569002e+01
-1.624372850656510181e+01
-1.624373429417609671e+01
-1.624341393113137144e+01
3.172488915733993053e-01
-1.624367102086543824e+01
-1.624377931952477283e+01
-1.624370614290237214e+01
-1.624370746910571128e+01
-1.624345962107181052e+01
-1.624366499185561352e+01
-1.624365707635878664e+01
-1.624325317740440866e+01
-1.624373137056827332e+01
-1.624337849318981952e+01
-1.624374405145645284e+01
-1.624218825995922799e+01
-1.624284758567810272e+01
-1.624348166882990796e+01
-1.624372338056565113e+01
-1.624372277557850097e+01
-1.624329290390014080e+01
-1.624288434386254210e+01
-1.624363617897033052e+01
-1.624357884526251894e+01
-1.624376270771027464e+01
-1.624351007342338704e+01
-1.624373005330563302e+01
-1.624363745748996024e+01
-1.624356440603732565e+01
-1.624296703636646910e+01
3.172479026950895120e-01
-1.624373524785041312e+01
-1.624349972903727846e+01
-1.624368575811385540e+01
-1.624342791140078646e+01
-1.624362294673920104e+01
-1.624356788694858267e+01
-1.624370031058787944e+01
-1.624341153204440857e+01
-1.624369577467442127e+01
-1.624372192323207287e+01
-1.624362321197985892e+01
-1.624371489882469888e+01
-1.624264033734797863e+01
-1.624371039867401834e+01
-1.624365968704224272e+01
-1.624323947727680917e+01
-1.624365320503711629e+01
-1.624373518228530600e+01
-1.624339717626572721e+01
-1.624196282923221801e+01
-1.624260918200016235e+01
-1.624369514584540397e+01
-1.624373506605625650e+01
-1.624365716576575736e+01
-1.624359981119632224e+01
-1.624370430111884289e+01
-1.624367510676383830e+01
-1.624352762997149568e+01
-1.624374370872975248e+01
-1.624374174475670785e+01
-1.624364177286625832e+01
-1.624374900758266804e+01
-1.624372754395007590e+01
-1.624373831450938610e+01
-1.624370588660240244e+01
-1.624368501603603221e+01
-1.624346375167370837e+01
-1.624370885789393881e+01
-1.624369496107102506e+01
-1.624374719858170479e+01
-1.624356629252433137e+01
-1.624365949630736594e+01
3.172499868087471087e-01
-1.624362995922564679e+01
-1.624335158169268922e+01
-1.624346227943897958e+01
-1.624365101754664309e+01
-1.624323941469192079e+01
-1.624371244013308768e+01
-1.624359345138072896e+01
-1.624367814958095479e+01
-1.624375067651272175e+01
-1.624363651275635334e+01
-1.624367862343787294e+01
-1.624359736144543476e+01
-1.624365974962712400e+01
-1.624360188543796113e+01
-1.624338714182376364e+01
-1.624361859560012533e+01
-1.624321182668208863e+01
-1.624368038773536327e+01
-1.624373474717140553e+01
-1.624341093301773498e+01
-1.624372510910033540e+01
-1.624362626969813661e+01
-1.624369900226593799e+01
-1.624368802607058626e+01
-1.624373466372489361e+01
-1.624370944499968417e+01
-1.624363907873630453e+01
-1.624370802044869677e+01
-1.624357423782348064e+01
-1.624352072179316764e+01
-1.624350252747535706e+01
-1.624372718036175200e+01
-1.624374695420264558e+01
-1.624338217675684959e+01
-1.624361893832682924e+01
-1.624359927475451570e+01
-1.624355457127095193e+01
-1.624362476766109253e+01
-1.624354344010353302e+01
-1.624319751858710958e+01
-1.624370235204697366e+01
-1.624362892508506917e+01
-1.624372154474257357e+01
-1.624341104030609273e+01
-1.624371522665023448e+01
-1.624369621276854403e+01
-1.624370282888412831e+01
-1.624364328682423420e+01
-1.624375163018703461e+01
-1.624349992573261758e+01
3.172505429945886579e-01
-1.624354917109012675e+01
-1.624367151260375408e+01
-1.624335401356220032e+01
-1.624375069439410169e+01
3.172492673620582182e-01
-1.624347411394120044e+01
-1.624377606511115602e+01
-1.624372597634792470e+01
-1.624355060458182365e+01
-1.624369582235812715e+01
-1.624365763366222737e+01
-1.624376124143600819e+01
-1.624362328350543905e+01
-1.624331866204738972e+01
-1.624370861351490092e+01
-1.624368591010570739e+01
-1.624356784224509909e+01
-1.624365921020507386e+01
-1.624374625086784363e+01
-1.624364242255686719e+01
-1.624359793066978241e+01
-1.624363007843493989e+01
-1.624361988008021740e+01
-1.624338535070419454e+01
-1.624282500445842814e+01
-1.624374752044678516e+01
-1.624366630613803153e+01
-1.624364862442016744e+01
3.172563347034156322e-01
-1.624372545778750876e+01
-1.624327690303325156e+01
-1.624369128346443603e+01
-1.624368086159228852e+01
-1.624371758103371377e+01
-1.624364270865916993e+01
-1.624370057582855154e+01
-1.624364506006241626e+01
-1.624372670948505970e+01
-1.624356530010699373e+01
-1.623954828381537752e+01
-1.624362235367297913e+01
-1.624371669888496683e+01
-1.624358863234520811e+01
-1.624377999305724174e+01
-1.624374818801879172e+01
-1.624369052052498930e+01
-1.624376434981823891e+01
-1.624289630651473715e+01
-1.624336144328118081e+01
-1.624374141097069568e+01
-1.624345127642153841e+01
-1.624358674883842824e+01
-1.624372290372848937e+01
-1.624370014667510631e+01
-1.624373748898507230e+01
-1.624348573982716104e+01
3.172480054199695587e-01
-1.624352769255637696e+01
-1.624370011687278748e+01
-1.624374243617057800e+01
-1.624292190670967884e+01
-1.624336122870445465e+01
3.172484220005571953e-01
-1.624310490190982748e+01
-1.624376121759415526e+01
-1.624322965443133882e+01
-1.624364587664603476e+01
-1.624376979768276286e+01
-1.624352958500385924e+01
-1.624315602481365772e+01
-1.624356955885886578e+01
-1.624354566931724264e+01
-1.624363003373146341e+01
-1.624365459382533317e+01
-1.624321730732916791e+01
-1.624342665374279093e+01
-1.624372175931931039e+01
-1.624332380592823455e+01
-1.624352123737334708e+01
-1.624292377531527976e+01
-1.624309944212436818e+01
-1.624373144209385700e+01
-1.624374035298824381e+01
-1.624348276853562112e+01
-1.624339319765567424e+01
-1.624371119141579456e+01
-1.624374811053276346e+01
-1.624365070462226157e+01
-1.624347574412822937e+01
3.172476655803621592e-01
-1.624367206990718415e+01
3.172501445747911153e-01
-1.624299514889717599e+01
3.172514103353022419e-01
-1.624372825622559091e+01
-1.624351815581322001e+01
-1.624245575368405170e+01
-1.624372632205485090e+01
-1.624371367692948454e+01
-1.624361538290977336e+01
-1.624367960095405650e+01
-1.624343945682048229e+01
-1.624381638467311362e+01
3.172493119724095201e-01
-1.624370112717152637e+01
-1.624375605285167268e+01
-1.624369604885577090e+01
-1.624246514141559317e+01
-1.624361252188682059e+01
-1.624374467432499003e+01
-1.624367253780365417e+01
-1.624376287460327362e+01
-1.624339598417282104e+01
-1.624371078312397998e+01
-1.624349962770938305e+01
-1.624369916319846041e+01
-1.624371165335179512e+01
-1.624369279742240835e+01
-1.624371471405028799e+01
-1.624377199411392780e+01
-1.624347825944424173e+01
-1.624365442991256359e+01
-1.624374635219574259e+01
-1.624374110400676585e+01
-1.624375722408295530e+01
-1.624370895624161193e+01
-1.624361152648925000e+01
-1.624366052448749898e+01
-1.624372859001160307e+01
-1.624363615214824108e+01
-1.624365276694297933e+01
-1.624343309998511486e+01
-1.624352579414844300e+01
-1.624362627565859896e+01
-1.624353129267691642e+01
-1.624366960823535422e+01
-1.624371413886546023e+01
-1.624346054494381875e+01
-1.624340616762638945e+01
