1.713438999291683418e+00 5.928940609649673732e+00 3.113102838662693550e+00 6.234857971509606411e-01
4.879385071683682185e+00 3.763263171973603605e+00 1.776585638316677818e+00 4.211372626421568732e+00
3.975264864971803203e+00 3.664452928586958702e+00 5.676253448280864866e+00 5.099162133242421291e+00
5.843903528425002492e+00 5.031595225734914578e+00 5.255541312090910466e+00 5.450802633290455113e+00
6.108888796671292809e+00 5.009930814180624026e+00 3.847104709736653305e+00 4.807409315100808378e+00
5.247462836726469071e+00 3.221529475416696542e+00 2.013932618291158771e+00 4.305249750464261282e+00
4.017776379237221640e+00 4.609918193471469472e+00 4.236084794907405637e+00 3.884281268092799055e-01
6.234127485187609174e+00 5.441810945510440867e+00 6.244830659979892395e+00 4.790245228543119183e+00
6.395186535305110720e-01 2.132544610878262525e-01 1.231191217135477300e+00 4.849815405474280361e-01
4.740782774981096015e-01 2.804500092721711191e+00 1.770087813446119096e+00 4.346715619054397628e+00
4.262671455011221688e+00 4.164951421738107840e+00 5.443495119065141274e+00 2.160924025939029658e+00
2.998766292606744432e+00 3.053631208084360171e+00 1.831561935533612129e+00 5.590551053164539930e+00
4.274478201181721171e-01 3.562444198717303223e+00 5.031723196582261970e+00 4.910407720161898304e+00
1.806508052960552391e+00 2.057201130932057254e+00 2.809350360825882742e+00 5.536457416347110971e+00
2.607428782160300162e+00 2.341496999825527947e+00 2.332219845386005019e+00 5.759672989250876896e+00
3.626459037917108219e+00 3.664038243137285100e+00 2.794268867735410833e+00 2.316512331523041812e+00
2.302382888197982869e+00 3.564983518651033911e+00 1.003589414455512641e+00 5.886400087018754945e+00
1.603748457518940240e+00 4.491998837377228604e+00 5.104055585606465328e+00 1.739360654928882033e+00
6.171163086227884342e+00 4.304758461773324996e+00 4.730485579800838281e+00 1.372892660186629143e+00
2.625098527151086686e-02 4.307987458142674697e+00 5.029412014612747228e+00 2.135279506884494083e+00
3.764925492663286910e+00 5.414555041042118155e+00 3.201262603390341077e+00 1.535337980569073668e+00
1.164775698792610559e+00 6.984010791860334466e-01 1.129320672068022668e+00 4.027864629204403357e+00
2.391849290073412071e+00 2.417141910992036014e+00 1.209113892260519574e+00 2.087885575016203976e+00
6.206269123740112192e+00 4.421371930797759475e+00 2.291080853221115987e+00 4.823832979899793649e+00
1.681383599241438986e+00 1.957199985891990401e+00 2.595083645208167589e+00 1.195902885068510058e+00
6.247331330782156300e+00 2.009008120763303984e-01 3.045309383609551626e-02 5.447542120756350137e+00
6.261746491353054722e+00 1.296625719116657471e+00 4.207276047074140379e+00 1.562676719002074055e+00
2.380327105199671944e+00 3.318865572697829336e+00 4.916383010316527802e+00 2.906109016826801117e+00
7.395070584778133949e-01 6.192474477109331410e+00 3.512163173706615460e+00 2.727382325597728752e+00
5.691300568984678065e+00 9.489852340842568346e-01 3.610291146864857748e+00 3.831165018246764031e+00
2.486220232943710418e+00 5.308215673056984052e+00 1.287853928490306998e+00 1.135756390474429223e+00
2.081042399409870569e+00 2.564188145980050404e+00 4.803075724824450887e+00 1.486928576804219748e+00
6.009289074633209493e-01 5.279022085034602796e+00 4.087352418526474906e+00 4.430418478261519688e+00
1.889001642749285281e+00 3.325667806953834238e-01 2.197153690537404280e+00 6.806527464429831253e-01
4.196415226311525970e+00 3.189454320766230033e+00 2.431420955589643551e+00 4.276963098356554305e+00
5.943749094018283330e+00 1.370783808912672264e+00 4.565594595096625241e+00 3.436178011160270884e+00
3.500461601900285658e+00 1.651494325389258666e+00 4.147809940102328063e+00 1.167849541071986907e+00
5.571069779645211106e+00 8.914446772034405608e-01 3.728335772995535535e+00 6.526559896043465647e-01
2.382221341821280536e+00 2.234186715145895785e-01 1.051877323436440248e+00 3.236928393720664321e+00
3.070332457344616017e+00 4.004956020306983611e+00 3.311084341710389012e+00 4.768418518925410687e+00
4.758534550825896936e+00 5.237156081122885665e-01 1.219256353166932039e+00 4.757828737651275119e+00
3.709409720884058181e+00 3.499259130765163484e+00 9.519680132132917194e-01 5.380465428087742197e+00
5.105293517879712972e+00 6.276501108703188336e+00 5.178403485482337310e+00 1.567497734129466247e+00
5.485028290520681082e+00 2.873295536895125846e+00 2.135962584806081033e+00 1.782094850008858922e+00
1.027276495529770184e+00 1.245575976450508549e+00 4.910795439218344605e+00 2.074203695946228443e+00
5.630603748545660814e+00 3.960076169995343065e+00 3.079123511709529026e+00 4.826001898585616345e+00
1.507692777307756637e+00 5.845826377450318745e+00 5.000521317937101085e-01 1.682963895339673943e+00
8.121869592148940331e-01 2.608566621440712829e+00 4.198056835505163065e+00 3.451219681361902492e+00
4.323051616340672254e+00 5.300542968308032954e+00 4.284365325734632357e+00 5.119074835419772818e+00
5.520043920642319968e+00 2.112069883039975338e+00 1.164130819687200891e+00 4.678334248973593096e-02
3.417860452958570328e+00 4.065959419755659887e+00 3.791839067864767987e+00 5.000851857306997106e-01
5.058154145154071912e+00 9.389986270713804872e-01 3.474094223231331213e+00 5.911189467485399085e+00
1.706233981559282409e+00 2.799675388523886976e+00 4.674629871569347728e+00 4.261977696706752639e+00
5.978484556967003982e+00 4.900898980038520314e+00 1.674960639795614714e+00 5.866313003864374043e-01
3.917387939426974608e+00 2.365503835759252382e+00 5.478440287691390687e+00 2.778716140231381360e+00
5.313979009025737277e+00 4.457041735758203949e+00 1.112155153713931366e+00 3.921958802250016252e+00
3.822235630305491849e+00 4.141196017903072679e+00 1.545892949459717780e+00 5.328833488715938316e+00
2.348430030770449317e+00 3.599529370838787656e+00 8.324353370506916150e-01 2.399563567662243990e-01
3.404391642956277053e+00 4.443975330796912537e+00 4.104923125323021615e+00 3.452171196435158240e+00
1.005853190168207734e+00 2.592699157311429303e+00 3.767099812769735045e+00 2.765171790018861042e+00
5.242768104112814243e+00 2.508792820776683641e+00 5.226141302137590650e+00 4.694272944440348816e+00
1.129148866158459885e+00 3.118894334948885683e-01 5.049227726912420167e+00 5.439546478134682062e+00
3.997502299508953083e+00 2.877926752720191494e+00 3.182599117321625481e+00 3.997214189545783114e+00
2.833939941719761713e+00 6.075569517609629600e+00 3.934781003082906015e+00 1.281696880989567688e+00
2.314817233053076517e+00 4.927541033950561200e+00 5.425809309606379749e+00 4.480712602073554152e+00
3.162177011730476384e+00 3.944494199209444725e-03 5.602150290619808182e+00 5.818420249680985812e+00
4.253898421307684252e+00 1.432288417559705485e+00 4.151824294397861159e+00 1.898097432577813548e-01
2.922245600602982329e-01 2.506365719683067983e-01 1.712481738406825160e+00 4.803932638205881567e+00
2.288343719330046433e+00 5.012975552548973868e-01 1.305943953159686144e+00 4.848601841262849987e+00
1.592693305543075422e+00 3.685436779878127123e+00 4.824152312468339976e-01 1.255338479768697724e+00
2.101926712951403819e-01 2.662718273899662424e+00 2.942942150355913888e+00 3.423635070249123058e-01
2.667084298447036872e+00 9.808036850903159021e-01 5.776715458054263230e+00 4.112214094859889535e+00
1.659654012072049545e+00 1.759099879768049934e+00 1.354529281658583439e+00 2.090542177447493266e+00
5.845900363978115521e+00 1.845669873295602503e+00 3.807755367978089556e+00 5.982630717427439571e+00
3.853636841131343527e+00 6.261855787060703449e+00 4.380275553642285047e+00 5.348687841036046109e-01
5.610737800574182366e+00 3.573712614766283657e+00 4.294404378134322187e-01 4.322036494257551098e+00
2.089892830343708763e+00 1.045167961658382660e+00 4.627232116590348276e+00 6.262493015857455880e+00
1.129099209183189956e+00 3.839534099497076136e-01 9.258378432194146468e-01 5.663431098722345958e+00
8.180078244224289197e-01 3.005271669351411656e+00 5.081919165676264782e+00 2.518483113958148945e+00
4.239522696918711198e+00 1.447961503812140283e+00 4.967869185150476596e+00 5.253331767146566023e+00
1.228287042365425741e+00 1.937848892282984181e+00 3.893885292052046698e-01 5.133104473549366276e+00
4.964747108796724540e+00 4.397483029285539580e+00 4.061204968350224931e+00 3.106873473414337283e+00
3.991705639232433711e+00 4.467799255340517028e+00 6.470619100986184646e-01 1.127583479902526165e+00
4.875659008087213309e+00 5.019465448231565041e+00 2.173721074689098476e+00 3.936774906679420649e+00
4.046735035307754691e-01 3.157952534311110337e+00 4.118281603817232295e+00 5.247144907576489992e+00
5.255522237787327633e+00 2.350534422219450748e-01 5.485534917440618941e+00 3.680429941779910674e+00
1.773362367736943668e+00 4.647063677186999975e+00 1.396571901920396375e+00 2.646889389241995350e+00
2.122729654864128346e+00 4.799547757804479176e+00 6.078717601624922473e+00 5.858559192786610303e+00
2.221003667237484436e+00 3.174063170171030457e+00 3.045211395437417590e+00 5.544797108119011497e+00
4.208468035465827484e+00 2.777211010868739560e+00 3.771707235721309281e+00 2.715253943191258568e+00
2.974111057255918400e+00 5.053314591324459926e+00 3.033562922682163876e+00 4.937975145358502793e+00
4.096963921724875668e+00 1.816222332957107000e+00 9.057012133280046839e-01 4.484873075187406855e+00
9.354339834745033500e-01 3.878415780543210012e+00 2.969628502598713915e+00 3.539949570172566951e+00
3.659288225770877201e+00 1.569133984172037533e-01 4.803043555290265942e+00 1.001869629012743568e+00
1.632882044925348275e+00 4.810125782005006734e+00 5.794700804960179141e+00 6.004103259477066246e+00
1.538352328343793429e+00 4.251677193490596807e+00 3.511685499528384380e+00 2.853393116645929428e+00
3.733279323064916611e+00 4.079677261028025193e+00 5.960962336515351012e+00 5.230615033731078611e+00
6.472445201503349566e-01 3.367299016393093813e-01 1.110393663321188606e+00 1.278529516424095736e+00
1.936136215457517906e+00 5.414704524941946318e+00 2.053955793337332025e+00 2.803634967498153330e+00
1.620285007623356366e+00 2.442545746520817129e+00 4.346003703744413249e-01 3.576889489807096645e+00
2.617981951763186377e+00 3.114962020517356489e+00 5.319717602779338250e+00 6.228258010262124778e+00
5.793501884717601413e+00 4.005671526977171659e+00 3.242699356317113146e+00 2.829727499421631265e+00
5.590256040864477249e+00 1.744473100909595065e+00 2.289715095981283977e+00 3.755958079334477340e+00
1.106563342763198454e+00 3.713673918853138467e+00 3.932590327070943026e+00 1.713519004271183199e+00
2.847222395425194286e+00 1.061757058435726320e+00 4.782649423446215131e+00 2.643736919072377844e+00
3.800335011405194585e+00 4.510206136034649482e+00 4.580096788798158514e+00 1.577190647586617089e-01
1.171764863558302644e-01 4.085599435297873505e+00 1.675113297776583549e-02 1.747823422550600914e-01
4.434719117665908428e+00 1.446751670292052427e-01 5.202918795517618378e+00 4.705939149555410594e+00
7.457648453081019424e-01 2.716682277050335714e-01 5.883026699148430350e-01 1.732281405697104315e+00
3.693592095342149051e+00 5.115359740391911991e+00 1.063961182562102925e+00 4.579830458559639439e+00
5.679163447921474983e+00 2.794117543899335754e+00 3.320636752374417355e+00 4.219251959787492900e+00
3.848356427282820125e+00 5.611542392144604818e+00 2.191870807950758504e+00 1.419034788930928714e+00
3.100926041817209544e+00 2.185722931093204924e+00 9.558441853208208272e-01 2.420622089485243933e+00
3.646511498448957056e+00 4.622173639862960925e+00 1.408341355136261352e+00 2.419555514126556339e+00
3.434984902923907679e+00 2.269097195294169644e+00 5.443668106481645452e+00 4.177416884419838716e+00
2.864959417250650731e+00 3.203168215699817356e+00 4.621291019081350981e+00 1.719662198000974973e+00
5.700477188859174760e+00 5.396943015948363342e-01 4.443579095697633541e+00 2.171949459732811505e+00
4.468261726135950518e+00 4.435638213102529592e-01 5.996076111326603453e+00 7.720646058891399433e-01
3.420172759499017445e+00 5.381175228719536463e+00 2.108699173591018994e+00 4.152615164579243068e-01
4.076277635479449657e+00 1.803023668489418307e+00 3.962466296061880833e+00 3.225097180951375542e+00
5.716435468791398300e+00 3.920785988146365142e+00 4.022391142788012353e+00 4.659818755461740736e+00
8.476233653040647908e-01 3.132982824217515727e+00 3.835783408925655724e+00 4.462389029292133991e+00
2.501183799936122831e+00 5.008919139987467517e+00 1.277044744422613842e+00 2.085089928636785217e+00
3.622715687466901091e+00 4.801471195630631073e+00 2.998913803243097864e-01 3.270981786165578331e+00
5.595022052420450365e+00 5.843428088813681143e+00 5.894244712185797042e+00 5.884528984773335303e+00
3.173071019740311360e+00 3.686759510698388032e-01 4.305349651069440675e+00 3.259332855262216277e+00
2.282549477927541925e+00 4.611142538183791828e+00 2.753796301443042438e+00 5.473242548643388439e+00
1.243521512814493440e-01 9.727255235966897340e-01 2.786729320564106160e+00 8.310203011687826713e-01
5.828659425156731189e+00 4.985546312831437454e+00 2.987078013117416275e-01 9.338118178377188272e-01
3.434860903463432091e+00 3.238390078177734388e+00 3.578452805612216459e+00 4.913094754191213553e+00
2.623336610329037200e+00 2.616667835528306618e+00 1.490148780217434465e+00 6.220943141617990335e+00
4.036061360696049150e+00 1.735187336818091730e-01 2.397844900551672875e+00 2.008909611675470774e+00
5.918444923070179442e+00 6.534019816690948661e-03 3.816039859794183808e+00 5.985328447557164644e+00
2.620405316924289352e+00 6.894586791002438320e-01 5.687040798171586253e+00 1.736939258405457709e+00
5.824749857420345123e+00 2.850034881452538471e+00 3.694658653692358019e+00 7.104739620143636636e-02
5.920089228892035926e+00 5.616904840925881714e+00 8.738363692680127803e-01 4.280262924352387977e+00
3.975572539105903136e+00 3.753525103437970190e-01 1.953072196260601023e+00 1.788367368684322667e+00
3.691617948384212866e+00 5.146750028908431140e+00 1.434266931206439555e+00 5.679828122455434780e+00
6.026073025474475209e+00 5.332801738321768958e+00 2.243168639243831919e+00 3.424807326757155046e+00
4.843405066257551184e+00 1.442374359920617355e+00 9.308572215453111420e-01 5.948739794391138425e+00
2.123993168768957940e+00 3.278938875827822841e+00 6.178354459766138618e+00 4.580472030392280125e+00
3.250435990573794953e+00 1.731555321927002733e-01 6.036255588368210745e+00 9.068218430737211289e-02
1.621216845063846002e+00 3.063838861212382803e+00 4.808179398405338922e+00 1.657411572876499539e+00
4.926472461968400829e+00 4.791252751710588953e+00 3.618405399139881240e-01 2.207913011697053562e+00
3.205293367248477132e+00 3.321630840189497835e+00 6.089410376072333264e+00 3.172117535461984161e+00
6.214662272344265048e+00 3.997747933084685013e+00 5.962536718099054056e+00 1.286190327782041454e+00
6.003125660941470265e+00 3.557127275020945945e+00 4.458496807826982655e-01 2.145282882472106412e+00
8.115855491018794110e-01 1.466687978873962628e+00 5.250964413177180212e+00 1.731882482175333360e+00
3.634315850523013314e+00 1.495954678911410429e+00 3.908115117404383554e+00 3.445321041898427250e+00
2.405426254769082561e+00 4.732736696373045504e+00 3.064875573720105439e+00 1.262965780758090073e+00
1.141338845763716581e+00 5.728598881979217738e-01 9.654042496780549376e-01 1.017138953288440728e+00
1.694108397809807709e+00 1.155327245103881406e+00 1.830215543708992865e+00 5.736585406696627309e+00
5.098269213300166136e+00 3.121861676018815146e+00 1.493924231158561433e+00 5.357901333924755427e+00
5.831101452377328576e-01 3.230157614232595176e+00 3.656399517471465632e+00 5.378761269205645235e+00
4.789206725337089132e+00 4.564276784229339134e-01 6.167018270876971187e+00 4.607706080497393941e+00
5.553898923820642430e+00 5.384708653090600983e+00 9.234835609524048861e-02 4.674948542122245421e+00
4.691993977476496269e-01 5.296487764418032818e+00 1.158052427870305268e+00 2.627082382500004094e-03
2.596780847712593765e+00 3.798038466589154005e+00 3.666748281604626403e+00 4.976494307830636732e-01
5.385764438115123731e+00 4.827179639079495210e+00 5.191361919820312920e+00 3.258115284373634513e+00
2.854908319824502438e+00 3.294486426957454306e+00 2.766377097071477387e+00 3.894456334548199727e+00
3.311128235578407963e+00 6.054695968979052267e+00 1.783393692663278962e+00 5.212911872202120378e+00
6.034188191628842901e+00 7.526303092691640773e-01 3.573777955582357446e+00 2.368104066602692903e+00
2.505983069760679971e+00 3.796051402245521622e+00 1.554364258220103601e+00 2.103967259767238307e+00
1.942642145592170744e+00 9.013415757819233098e-01 3.214085572740141394e+00 1.407775694204323358e+00
1.081529041356580484e-01 1.499510856727877650e+00 6.621920411950957819e-01 1.314629023075057079e-01
5.487960843608078454e-01 3.434215070156982019e+00 1.787606632967908560e+00 1.940597048862781282e+00
3.804935991454302613e+00 5.271198055669408689e+00 1.500057353179297781e+00 5.924099432599911452e+00
4.135555629558488988e+00 3.160056156401736871e+00 4.495933563308825320e+00 4.858630020542114458e+00
5.086551019347931302e+00 1.402894981777190964e+00 1.727989783622592368e+00 1.778358448041598594e+00
2.125254931589827478e+00 4.399586290865889815e+00 5.159077160598197764e+00 6.955517137584084075e-01
1.575001918352607388e+00 1.123439157348417261e+00 5.264829637884925972e+00 2.263436059001094347e-01
4.847948071873064535e+00 5.377831456647935937e+00 2.944487883826507058e-01 4.614556768195085645e+00
1.073301586099108640e+00 4.215127687388173783e+00 5.091458318120835713e+00 4.097536006030584765e+00
3.494025139446459427e+00 2.592725888387286126e-01 3.091146720524708513e+00 3.680190858014933841e+00
4.956353887650725376e+00 5.973723395125299263e+00 5.683554902442460310e+00 2.863150233489411445e+00
5.279633489064319285e+00 1.394693623575532948e+00 1.181788352085002769e+00 3.572895387738691753e+00
1.149391396624525497e+00 1.061767299661218633e+00 6.219904343677465697e+00 4.842525471480041865e+00
5.830915146053260223e+00 5.963048828331142026e+00 5.263541719257956997e-01 2.833641679570225502e+00
3.669486797011337398e+00 5.240545257566425086e+00 5.065650486176378031e+00 4.707359816418999365e+00
4.185758392706158126e+00 5.316564442949244906e+00 1.990874543401704999e+00 1.526035894637561396e+00
2.324136067208886658e+00 2.776129310886861212e+00 4.280926853781616082e+00 3.611871572562381782e+00
3.149259001830286397e+00 3.694938192202975813e+00 4.009295264555720051e-01 2.630439298380559343e+00
2.755482760141291454e+00 4.180213988818038295e+00 4.916219038613762748e+00 5.902116625747823697e+00
3.239953228306671207e+00 4.821409540078120948e+00 2.153177238513267255e+00 4.241013591530641058e+00
5.100381935022414659e+00 4.813831062859901699e+00 5.498348954404382205e+00 6.262716682655422140e+00
2.072121548613001352e+00 3.659978694729122406e+00 2.418237034291014442e+00 1.770720245074634436e+00
3.263232855267035770e+00 3.548167188226876601e+00 4.947752684093632780e+00 2.447655728514502638e+00
7.189115611604844913e-01 7.575633494415863201e-01 6.024121909201058500e+00 3.321475919563429802e+00
4.600134303960896176e+00 4.251538318549729745e+00 4.598798535395125953e+00 3.383868523073690238e+00
1.090666922019811969e+00 2.793002901259671766e+00 5.607198055410234971e+00 2.402334587937225763e+00
2.235176510144361584e-01 5.670218482030400686e+00 1.464461722085317330e+00 1.473917108163643963e+00
3.888989140917237020e+00 5.857796512769834152e+00 2.604361443981121571e+00 9.141519399417177283e-01
1.658607247400694984e+00 5.160938655381544393e+00 3.868615075101900391e+00 1.775494890844050655e+00
2.713636566391248728e+00 3.865298546968210847e+00 2.439677096765909603e+00 4.349161583935917896e+00
4.684998223072772916e+00 4.624962061554969139e+00 2.965254153134950332e+00 3.010068194380277617e+00
1.188702425800444606e+00 3.062206937927376860e+00 4.474796566199752412e+00 1.680326022558123356e+00
5.351010301526942570e+00 5.344439701173330448e+00 3.385345176138835122e+00 1.502864399886346902e+00
1.997175364361248873e+00 6.142566055037376849e+00 5.655885440846018852e+00 2.950803029738197303e+00
4.256189296125942434e+00 5.254446960840486902e+00 2.387276469282507918e+00 2.604253592704245168e+00
4.745124702314525433e-01 3.751640283731587200e+00 5.819725092589772331e+00 3.560505988029873947e-01
4.811903401273935899e+00 1.575079400971576060e+00 3.963088271998137513e-01 3.027508861354373249e+00
1.567288886300470807e-01 3.851309094286793577e+00 6.124940406186202502e+00 5.545714866226314932e+00
3.935548284638778149e+00 1.681531908761897176e+00 3.224753797001012501e+00 4.501905661205021225e+00
1.145004079369564831e+00 1.974637373632122772e+00 2.078182037243616165e+00 5.958107865464278952e+00
2.840356622911791806e+00 3.596362213086913062e+00 3.278925224562090346e+00 2.016699874041686158e+00
3.145701706368564388e+00 2.100775437739413665e+00 9.417936928906401883e-01 4.223060876205978253e+00
7.513217107016726404e-01 2.071306096970363164e+00 1.241077676222814397e+00 2.444638939527904231e+00
5.260324099016803201e-01 1.656486879216677144e+00 1.939700036186465582e+00 3.927053234851012764e+00
4.494302534846002395e+00 4.069999142064132158e+00 6.204281550497069198e+00 2.155642559870685204e+00
5.015138177206892145e+00 2.618974690332888766e+00 1.437040682037441730e+00 1.749000463044650733e+00
2.470327433413670448e-01 4.015335906417440981e+00 4.762392706421307409e+00 2.132371375945313563e+00
1.045774987251249177e+00 3.228466216382831266e+00 1.935263137745960149e+00 3.660827188505296093e+00
4.582894505081553049e+00 5.156918291832789158e+00 3.862119558487426385e+00 2.873644397467221889e+00
4.215027461451994473e-01 2.936170525673237552e+00 4.945694144184290764e+00 2.590676929541974260e+00
8.185498379886478881e-01 6.256842293745880745e+00 4.427173576435125213e+00 1.110568568733508954e+00
2.721889442122604308e+00 5.186367880609571657e+00 2.365657775458162249e+00 2.991720618787498953e+00
3.323227121109036730e+00 3.180423591798295924e+00 4.394558619884628037e+00 6.281518403015460272e+00
2.011887614681577396e+00 5.675226423041181967e-01 6.953415663697936067e-01 5.121559614113178505e+00
5.484089381109441774e+00 4.867367490147084474e+00 3.584895928732513948e+00 4.465075026966639271e+00
3.926538798529233709e+00 1.779429629630357335e+00 5.143115518943685238e+00 7.457739364656216230e-01
2.886914533652881865e+00 2.184853404271119626e+00 4.868484319846323238e+00 4.699674791222760994e-01
4.530158952385807680e+00 1.173187442212342724e+00 4.543268393582119202e+00 2.204930533589331887e+00
5.819005484485889390e+00 2.587263795923602228e+00 1.082775728118640535e+00 2.949203318296792276e+00
8.600358387538961091e-01 3.910274884942259277e+00 2.240881188187014983e-01 5.951916762215322620e+00
8.565473026578868110e-01 1.748488784106630112e+00 4.750954182570859885e+00 5.781832667458975727e+00
4.279995763920690699e+00 3.697545294839124974e+00 3.099752906232740468e+00 3.127666379150215281e+00
3.897401720788018498e+00 3.553535429190108896e+00 1.322906931008967391e+00 3.296919258824537291e+00
4.233197695021862828e+00 3.379279259424922355e+00 1.189695354101834468e+00 7.295892970127595412e-01
3.821842619106892158e+00 2.097206892398916001e+00 4.943134715247314404e+00 5.382445191245812666e+00
4.028656983819576709e+00 4.759011021393538599e+00 3.670559162775067108e+00 5.843962855096011211e+00
1.661540536725136352e+00 2.413779124503166784e+00 1.330732885344201089e+00 1.900156848027298118e+00
1.012333444823157569e+00 1.968106607587179591e+00 4.763251759459284251e+00 5.594987619803308831e+00
4.797007846248734886e+00 1.043683526027653574e+00 3.679503629933355557e-01 1.690440573643702038e+00
2.562539878691511674e+00 4.994094983119966358e+00 2.868219851805017484e+00 1.813962887132411383e+00
5.407484865630672211e+00 2.571838939341705377e+00 3.141406995360096932e+00 4.865069855761189999e+00
2.932927244497874231e+00 2.437605711765241878e+00 6.453003067005986804e-01 4.928905798784569470e+00
3.045496645882576292e+00 2.649077611619996553e-01 6.191877354053740845e+00 2.257136217933820355e+00
1.536665549649857576e+00 2.004791320559924817e+00 5.905302510461807763e+00 3.561829951070759837e+00
2.815225704877761359e+00 5.034951479705271460e+00 1.545597805494844712e+00 3.122476812017670245e+00
1.004899418327169336e+00 2.323622873061380822e+00 3.176515363353056287e+00 4.007175118221217858e+00
2.985406956594252925e+00 3.148933313739993078e+00 1.799036477249294830e+00 3.165120409547248048e+00
5.624431225103206700e+00 6.622937970768104643e-01 1.649209331416757962e+00 6.020088311867777264e+00
2.326531918773400431e-01 3.044384441523239282e+00 3.352106486443971356e+00 3.406388244501636464e+00
4.491417595242277017e+00 2.048162540567753265e+00 3.462304653574575841e+00 4.198438477501610366e-01
9.213964063447389607e-01 3.008305089589215608e+00 5.220025956635967468e+00 3.821756202104876987e+00
2.160495257960280746e+00 1.758311289543852629e+00 8.242678954776916367e-01 6.246982901169980451e+00
5.341116600582414442e+00 3.206276259434972520e+00 5.444405687653220971e-01 4.964732162768083157e+00
2.665345450481003020e+00 4.282702932936131468e+00 6.029244444601303599e+00 6.235272407681479168e-01
3.428337437889071193e+00 1.464390998480776362e+00 1.238736420693467455e+00 2.898411521121856627e+00
3.129300764208174712e+00 1.678637008297183986e+00 3.987463697545010177e+00 2.090813533934764212e+00
5.802235722844767407e-01 1.402917396757921153e+00 1.048463158730904121e+00 6.706931158059115106e-01
4.213078091782612944e+00 1.224736114650055052e+00 1.279494261533278721e+00 3.148576900470704043e+00
6.098170607238814434e+00 2.457669933799926820e+00 5.032465918134861660e+00 5.001978903414061151e+00
3.084426062504733057e+00 1.049121978095398644e+00 3.668559118217987969e+00 3.452354816393731429e+00
6.087345791607845946e+00 5.305460313825166585e-01 1.293443198743775557e+00 1.871539923361742241e+00
1.011996907156620829e+00 4.360514525313177181e+00 1.206332585987385103e-01 4.923845033331843091e+00
4.473042865368250354e+00 4.209008732530851837e+00 8.628321596295808193e-01 3.313134434477932988e+00
5.333482391432125880e+00 2.211890733853857594e+00 3.501227426035093071e+00 4.408182248884714993e-01
2.490086411608628314e+00 2.946512330313108219e+00 4.089389421004248959e+00 4.974420333451595733e-01
2.856282925581691945e+00 4.165758334347572367e-01 2.609925792397357558e+00 4.900547825782172850e+00
5.639626220469397211e+00 1.469050786792177599e+00 3.217175602745829366e+00 1.096672324471782839e-01
2.496770481831730226e+00 4.323921647119001399e+00 4.025776675998121057e+00 1.946975286813413808e+00
2.224056054345402877e+00 2.301234041450583412e+00 4.969453355169196840e+00 5.573796399443707195e+00
4.772182397336711013e+00 2.244061950652130211e+00 3.399096832341450547e+00 5.724517018701178905e+00
4.664027587750243065e+00 5.694521291283792808e-01 7.228459657813218753e-01 2.744104196087811420e+00
4.155256689629716504e+00 4.270023467436408815e+00 4.131252328896860782e+00 3.765658671993576068e+00
5.646739142810278445e+00 5.644697927606683763e+00 4.317365506611151815e+00 4.978884561705345213e+00
1.620979738038963891e+00 1.292611271298222952e+00 5.354077041385124858e+00 3.136650147151899493e+00
5.724790581894014352e+00 4.054726171071132867e+00 5.512030679659909005e+00 6.023327918190444663e+00
2.578952085262781857e+00 3.752270841532213130e-01 2.204484211511432423e-01 4.984700567468789423e+00
1.601318539583952150e-01 2.063629982870835988e+00 4.214330779628572721e+00 6.017597694551170662e+00
5.477045956428320928e+00 4.487228545520927092e+00 4.917163652884791958e+00 4.656389287433500002e+00
4.889284472168461404e-01 2.440634992909922030e+00 5.850840061325958352e+00 2.401701829385412268e-01
2.957691278833683324e+00 2.715315410935401630e+00 3.495005912209833809e+00 4.054958167825079229e+00
3.089682696701935516e+00 2.152109091197567547e+00 1.824374456538867539e+00 6.055216658386996187e+00
3.826896751602709923e+00 5.186583284162500362e+00 2.442262948427158520e+00 5.917103814103746195e+00
3.897269648294864552e+00 4.172303030226992004e-01 1.203987383266487132e+00 8.133515830660649204e-01
5.993258574000511096e+00 2.818583086313288355e+00 9.953068140336567282e-01 1.472877259379718806e+00
6.118389185148010334e+00 1.935999101049816540e+00 5.109351599425489887e+00 4.021695698392931950e-01
3.421550705834544459e+00 9.787678075291139645e-01 2.916836820088451354e+00 5.272945006774854448e+00
2.663535914694311474e-02 5.040059328873813804e+00 4.158121909640410507e+00 9.481922060134244656e-01
1.579471859305699333e+00 3.392843962375625910e+00 1.778340197891211227e+00 5.236531217378055381e+00
4.596446607336241996e+00 5.118820928333692066e+00 1.391012454273491628e+00 4.949011886673573279e+00
5.888814570359543588e+00 4.249364862588105751e+00 5.772814788163300292e+00 1.175484612434525511e+00
4.617553985364180602e-01 3.038586544549790158e+00 2.998472145698438229e+00 6.468668823464386319e-01
4.228032013607691653e+00 2.302247603228967598e+00 2.796814561509332719e+00 2.299031557343161225e+00
3.588769132553050856e+00 4.682426649977642796e+00 7.737403523944986761e-01 5.307226782978346158e+00
4.257104073255803534e-01 1.150114019827414708e-01 4.465516451702879586e+00 5.014519731350764786e+00
5.096903456040557501e+00 6.128227396193143051e+00 3.575116876532266730e+00 6.272634305508312913e+00
1.327499505268941116e+00 8.218541524080206218e-01 1.284118380027928996e+00 2.123174247430206663e+00
2.323312680658388807e+00 4.164669677433284534e+00 1.254038288016399827e+00 1.643062791888685537e+00
1.181268446514387449e+00 4.997777741433582221e+00 3.301139112624470684e+00 1.788475988193046096e+00
4.946232497726898991e+00 3.297130989506201981e+00 3.402185835850988216e+00 3.494907724570742724e-01
2.796892042795429134e+00 3.289828085833189864e+00 7.591672125295837459e-01 1.936557221809658724e+00
2.171690749743113158e-01 5.239727324042626755e+00 3.966506357887568779e+00 2.556971341004965037e+00
4.276266517005639756e+00 4.450274147625211008e+00 3.912116123744591167e+00 4.570144537582814692e+00
4.045328147644777772e+00 2.481242184263126038e+00 5.888816365254336382e+00 1.813690865148769094e+00
4.031720318197907105e+00 4.555062734449371042e+00 6.394990565667034721e-01 5.760395377525731497e+00
3.050422421483616642e+00 2.834574835912031521e+00 2.525696648075681949e+00 1.280232457804337365e+00
5.034920102532937314e+00 4.680315600189148384e+00 9.717349832120458775e-01 1.893948423616140575e+00
5.486285404289610312e-01 1.780801382169671987e+00 8.220879723573514264e-01 4.889942212523188836e+00
5.400036730935929619e+00 3.540139897864831298e+00 5.988326446045680207e+00 2.510493153882539907e+00
3.706186579807045245e+00 2.952503274423230017e+00 4.490389605422780761e+00 2.439644679858026313e-02
4.890231487762259910e+00 2.454663013031336494e+00 4.630371507196159975e+00 5.608341622683510330e+00
4.413597450466596683e+00 8.876681429848413130e-01 3.668444831477764456e+00 5.173944041925926385e+00
1.299928080604817460e+00 5.901194023772247554e+00 2.317874790384109485e+00 6.149130636640639302e+00
5.660932491734363303e+00 4.701981336154401059e-01 5.671394631717021184e+00 4.618961525607072183e+00
6.129737984610277302e+00 2.168824022137366025e+00 3.150087717371247820e+00 9.619416678480927629e-01
3.192383977565012021e+00 1.795699399121559292e+00 4.792417874338289252e+00 3.446926460221297006e+00
2.795922426559445118e+00 4.626599161086349277e+00 5.653067478357327147e+00 2.566277356281125410e+00
3.396911393121142542e-01 4.753108326984685661e+00 3.308367435643907672e+00 4.059090873389753718e+00
4.148230942750745776e+00 5.354597896083356900e+00 2.375451386525686104e+00 3.200920974626025206e+00
1.288583607066646319e+00 3.668425204960122699e+00 4.770876177379350658e+00 5.894349166005484086e+00
1.388423441244688528e+00 3.580645379799757499e+00 3.469937486855384723e+00 4.763498245105936668e+00
3.806664918095092442e+00 2.913379252045724233e+00 1.003459020002268387e+00 2.126906374091981800e+00
1.658456724276881955e+00 2.829791251081434034e+00 3.825349619856572403e+00 2.139833138101561616e+00
6.089529773661606527e+00 6.744759259747384883e-01 3.208240643614981846e-01 4.578294979902893580e+00
2.572591506617419865e-01 4.420903510076113818e+00 2.251213483660001291e+00 2.253564399486934100e+00
2.529443252427372002e+00 2.265332946011494819e+00 2.887905935951752490e+00 5.155547085036716881e-01
4.539947260207990887e+00 4.303346927376297870e+00 4.956697451100413154e+00 5.112124789764993515e+00
5.404641794518877385e-01 5.275066823285603057e+00 3.091285227324150675e+00 7.741328237268227941e-01
4.810297970947924995e+00 1.119265730458106844e+00 1.792217995290551702e+00 1.095307973979336102e+00
3.877308602939357751e+00 4.313099047637965477e-01 1.057725924110659799e+00 5.859226740394023025e+00
8.154849763115227246e-01 5.977701796422866254e-01 3.818196663595420759e+00 2.598232666801524982e+00
3.601086257087756870e+00 5.227084662853926034e+00 5.263970343420599773e-01 9.246365615728340259e-01
2.168609574264037221e+00 1.566119801556207003e+00 3.228158602833172797e+00 1.842753427350630746e+00
4.266582777623226796e+00 5.232281420008988881e+00 4.211031217768185897e+00 1.178220286260983407e+00
2.569013305692429139e+00 3.886751925066525892e+00 5.762044881136938468e-01 5.131596536433540301e-01
2.550890931406773809e+00 6.203400001323709390e+00 6.274059549722988294e+00 1.103234539809603287e+00
3.192411366893005642e+00 4.997542791183878563e+00 3.482171148334169519e+00 4.213057432442354866e+00
1.033815474360307851e+00 2.355920529965050303e+00 5.303337819526488417e+00 5.988279796118879617e+00
4.350050133217114201e+00 1.568390794121402587e+00 1.386802703494615541e+00 6.218690053109530602e+00
3.611272466975813611e+00 5.987854047252171297e-01 5.966222486686360682e+00 4.725653111304515264e+00
3.091661433838352124e+00 2.543900564320108693e+00 4.343083644332123683e+00 4.530658874153906446e+00
1.559535258418726533e+00 4.407626493153616209e+00 4.128125204243553448e+00 2.262519951990388245e-02
1.291254310943773964e+00 1.482171023440794488e-01 2.350334088216194495e+00 6.226344814712712505e+00
5.152579868100691518e-02 6.257527955105292250e+00 2.447919825426336349e+00 2.080049035772193911e+00
3.658482348010556606e+00 6.385498923400382276e-01 2.081838366862377665e+00 1.614907242723186087e+00
5.269745042469160534e-01 6.044457161746032980e+00 2.554571446837548443e+00 1.701394702416372029e+00
4.690758825191553960e+00 1.661810068642121330e+00 2.001241066852608164e+00 1.204805332331407852e+00
5.984748914190011426e+00 6.189165768458067873e+00 1.237300539792726584e+00 4.173096520294846457e+00
1.402224733938101098e+00 3.483966776079584271e+00 5.699120160736772078e+00 1.546266714108512907e+00
3.872973220098294256e+00 5.017468045440410584e+00 5.702696293974019781e+00 2.938072356306091759e+00
3.413085235354386793e+00 2.495676696132584915e+00 6.019785633604225694e+00 8.845149307341617639e-01
1.114010596179826562e+00 3.687980089478200441e+00 5.607139430355348786e+00 2.956256430930930712e+00
3.804005608568092445e+00 5.857330498725018542e-01 1.122490759674660693e-01 4.992640678823285327e+00
1.292407511701539224e+00 5.213219032565469035e+00 1.354905256944431091e+00 4.867444171483988891e-01
4.239235877197386593e+00 9.118137613839443212e-01 8.480445968524525924e-01 5.052338629584760682e-02
1.621693465486714336e+00 4.120287187827910813e+00 3.155377808158718267e+00 3.800927818840571071e+00
2.447299635012224250e+00 2.590230671167252474e+00 2.988003543589431987e-01 1.506222939116144355e+00
8.210715246792050781e-01 1.602395032821453569e+00 5.052373813847739648e+00 4.036614121998908900e+00
2.699020995142591417e+00 5.224335018516631512e-01 6.183461491364701246e+00 2.557186841222931051e+00
3.020032513599134827e+00 1.011162009770883025e-01 4.030846681347609817e+00 2.781991151329687106e+00
1.575043909206106929e-01 7.471874921955142801e-01 2.541712420883535994e+00 3.074299809424141827e+00
3.938270416408691799e-01 1.140913851747432206e+00 6.091207872409881041e+00 3.823828522548604170e+00
1.671812775077956115e+00 4.348951185232254879e+00 1.828471087703300579e+00 2.587525894584530306e+00
2.150965031437193531e+00 3.810509858150653795e+00 1.137451457093096696e+00 4.206606626119878456e+00
5.195904291851328516e+00 3.669594672316270234e+00 3.252359360963368307e+00 4.867123987883796410e+00
3.046726338235680842e+00 3.951490066169602411e+00 1.148161804647359618e+00 1.981008274363863952e+00
4.916055122846252345e+00 2.311312688120247483e+00 1.818262855634213748e+00 6.126177016607637249e+00
4.947586519205251498e+00 4.032870552981684398e+00 8.632233267242285235e-01 3.251042176693866637e+00
5.476040639627642648e+00 2.560692140175810039e+00 4.718473439751554643e+00 3.421877459549830025e+00
2.777695732241516335e+00 1.961289364055241569e+00 3.028176235677751960e-01 5.976399203003918359e+00
9.694965587422786912e-01 6.906133817192640079e-01 1.259642333344798137e+00 3.233126621119051247e+00
5.662869868763175107e-01 3.834938587994365378e+00 3.747111440765270807e+00 1.741263459082116993e+00
4.735331838397647708e+00 5.844917232240023353e-01 5.870760286110250803e+00 8.415967463390900960e-01
5.519331799481484779e+00 6.133849858481844386e+00 5.997276109717254222e+00 3.458080428295026820e+00
4.041309273450107931e+00 1.216303721633344104e+00 5.390357144105133891e+00 4.174066186348245111e+00
3.070018181174317684e-01 2.535557021746039918e+00 2.255524673735200825e+00 9.669572678704093649e-01
5.834042474795159805e+00 9.651309865457034440e-03 5.192779842161385773e+00 8.454869720040905090e-01
3.118066585300822258e+00 2.285451763777490708e+00 4.421453819348975856e+00 3.183679271637773311e+00
5.341503013163846347e+00 5.637373142049018071e+00 1.297175211371403458e+00 1.509477791523489598e+00
5.139450895959329912e+00 1.381622230595976442e+00 2.051170201482568345e+00 3.926625522218242459e+00
1.696366421433335436e-01 2.591993776680931560e+00 4.928125321619652333e+00 4.548460819520911080e+00
2.156201841559180821e+00 9.578153957986791367e-01 3.913111605360195089e+00 3.478506070491298008e+00
4.526579720648111760e+00 3.777824213648983687e-02 4.226570096783190067e+00 5.969410013036926976e+00
3.913351002066211226e+00 1.917056448214082609e+00 9.901600878775730363e-01 5.719335125525655705e+00
2.703557369102113750e+00 4.197254667593578681e+00 4.404826033918775252e+00 1.337851180847050792e+00
2.289323868505851234e+00 4.482508370449906465e+00 1.011625109837762659e+00 2.377110787924555879e+00
4.500148032247484942e+00 3.160707270164257565e+00 1.534426519224434848e+00 1.916454606358638069e+00
4.158671761970062164e+00 5.513772126926744122e+00 8.308654860494544270e-01 4.580212251623883901e+00
2.922204932106674535e-01 4.217350859149984643e+00 6.668694015418682453e-01 5.660461545224053204e+00
5.275566486357780249e+00 4.414570538059878757e+00 1.581058043974829408e+00 3.789501616052119992e+00
2.142089805453178286e+00 3.727271434877978074e+00 2.235120513575231449e+00 5.253970057590530374e+00
5.092575727106643413e+00 4.720590817037951581e+00 4.708237445242625441e+00 4.481275233288496196e+00
3.018240720400879873e+00 4.700799970752264301e+00 6.201012780438510674e+00 6.120805447128624621e+00
4.292498915469621146e+00 4.614122746865623625e+00 5.669720314110452408e-01 3.382107965205914724e+00
5.540960715433016048e+00 5.624746962965577524e+00 1.870120440499689396e+00 3.205953577903033036e+00
3.675595071432776528e+00 8.279485101268825309e-01 5.594275404948926500e+00 1.893490168294810649e+00
6.240990502110121518e+00 1.177898193801886206e+00 4.501783563925123133e+00 3.221917253947367055e+00
6.055603727291626548e+00 4.400829033792377665e+00 4.296876839131974712e+00 3.033534372949823865e+00
2.831811546841429550e+00 5.556778701950778832e+00 4.941104225442556341e+00 4.664918277533775637e+00
4.536664078668887434e+00 2.105166470887027685e+00 5.626021962143087585e+00 1.313850287815452988e+00
7.893931348529650283e-01 7.140238481302093598e-01 5.233248113986575412e+00 1.046881355517006673e+00
4.165000392960939157e-01 4.922922447195960949e+00 4.710378042377231900e+00 4.272801546532863703e+00
4.474182342803254109e+00 1.476860591622820018e-01 3.370598617041056677e+00 5.640862400578473546e-01
2.046137877420023177e+00 1.513882888035330554e-01 5.397740221325443066e+00 4.972407492268987816e+00
1.591963370970628011e+00 4.192925685452275175e+00 4.597700674017339395e+00 1.180238887859663466e+00
1.290479130010562470e+00 6.245438903944885434e-01 1.119933119717591685e+00 2.305997538480538012e+00
1.157836121434528409e-01 2.235384312090341385e+00 6.253997830401421432e+00 4.881506613922110382e+00
6.215793096154408559e+00 1.394956787854475522e+00 4.968576967796132671e+00 5.211608020468687208e+00
2.384919700770214313e+00 1.051375318409935922e+00 1.549440492852194318e+00 5.834843096268318874e+00
4.386790937295429238e+00 1.434150110377574672e+00 5.768838692180357164e+00 1.550078534182988133e+00
1.330624041062300700e+00 3.839706582095341325e+00 2.004249241296868211e-01 2.595452781232638451e+00
3.054767549182929934e-02 1.656075817804971484e+00 4.754254426314854953e+00 4.588873861043331281e+00
7.351541254039054563e-01 5.780897442246558882e+00 3.380890199660792295e+00 1.640921935755663030e+00
1.297811421282346167e+00 2.117944677945159171e+00 8.597732064974471233e-02 3.030827405334268310e+00
1.318895637490494988e+00 6.050578359721938693e-01 5.300457032406891145e+00 6.150348000994502184e-01
5.697380794998504250e+00 1.370575794006077874e+00 1.363380617370053838e-01 3.246671137434120169e+00
1.286826807586377575e+00 4.639056922337510436e+00 3.419061668293197354e+00 4.058600258165119712e+00
5.082267340277198286e+00 5.954329467749070126e+00 5.215325503743912350e+00 5.495008796369880599e+00
5.887672036744767468e+00 1.832933961622687624e+00 5.381550007734448471e+00 6.687076545808864347e-01
3.493028708292387208e+00 3.171260315482922643e+00 4.797108596531661995e+00 9.043119275752405095e-02
1.386824682775120499e+00 1.447000196373081360e-01 4.918864364527149924e+00 1.839498300641880801e+00
8.194296365940243604e-03 6.256242257234839066e+00 3.679379322155762910e+00 5.212869508907866489e+00
4.426623236994415400e+00 2.126718410283887195e+00 9.881586506851532947e-01 1.897907402049679559e+00
5.349384192301833707e+00 5.546881650708264999e+00 3.020892178048613541e+00 3.180530027472951105e+00
2.893582502216956787e+00 2.970767444734580209e+00 4.276806371485082359e+00 1.264493185076615900e+00
1.446736304535903406e+00 3.900257053366073201e+00 2.942479609003356256e+00 3.834705487287246140e+00
5.336362541716470176e+00 3.243316847682161885e+00 1.906168283303961486e+00 3.686992405655640681e+00
5.077483756219733912e+00 2.131700744256012747e+00 3.020584834258019047e+00 1.450256827657471215e+00
2.009275288465977027e+00 1.262429091960721950e+00 6.139367402253234296e+00 1.773523960097466157e+00
1.731766403679866118e+00 2.336157432905605180e+00 3.249448625569369420e-01 1.225126772843228684e+00
3.332246564992735305e+00 4.883413576572222858e+00 4.854697080643645357e+00 1.402887706892070652e+00
4.940109405257940622e+00 1.360875654398242540e+00 4.625974750687937842e-01 4.362957292030684719e+00
5.740875488450228881e-01 4.782264431439280372e+00 3.179297392299549330e+00 3.148067476396030795e+00
3.453425117000376687e+00 4.342238395560765518e+00 3.806664636407511182e+00 3.572867069051367750e+00
4.457253885333502197e+00 1.830609051747217553e+00 4.315287612381084159e+00 2.128843465540764424e+00
3.037533687115577141e+00 3.877490460063072408e+00 5.002151622368655737e+00 1.735033724640719366e-01
2.360688965105786519e+00 2.188644666803290395e+00 6.445089648991997322e-01 2.737193189429207418e+00
1.773257400760092750e+00 2.061652807419578071e-01 1.451701213201252116e+00 2.237874414874251094e+00
3.299189292055123346e+00 3.639402666432597133e+00 4.055591456601453260e+00 8.000607888197833750e-01
3.995692941083186955e+00 4.364437497097103602e+00 2.285073210770367957e+00 6.912252673600940422e-01
2.334926518552211228e+00 5.658955579811866698e+00 5.785192319197577149e+00 6.085191522960440302e+00
2.475683037676161824e+00 3.873261261609250994e+00 3.725155570561491380e+00 4.079425190522853129e+00
3.255023887169237184e+00 2.298607883756374370e+00 4.838025698441044575e+00 4.420480871593762018e+00
4.048052063570120040e+00 4.690305702007669275e+00 3.204694051559161316e+00 1.388341535606065547e+00
5.954944666318610302e+00 1.537552725538926746e+00 3.704974002129808874e-01 7.755264622836470778e-01
5.490338893480682714e+00 3.815486115715418070e+00 1.944963490349826518e+00 3.779141263517808547e+00
5.846616449564794316e+00 3.278981904315738660e+00 3.775127604085083188e+00 4.429857876144504547e-01
3.060723601020204132e+00 3.789416089083741390e+00 4.743015593614299696e+00 4.907254639591797307e+00
2.401060911806290665e+00 3.643231725705775581e+00 2.512149357036919994e+00 4.220125201457853414e+00
2.402372402263373452e+00 3.650192771110948975e+00 1.912146085943878138e+00 4.685367072785678211e+00
6.759214700016019650e-02 5.404239638721693773e+00 2.861410477273436559e+00 6.059961655425233573e+00
2.910789228740514822e+00 1.005256974855160079e+00 4.357798321106129968e+00 6.087948044351401578e+00
3.886311087525066377e+00 1.141806446899064520e+00 3.357259162343591563e-01 5.904249308952133068e-01
7.347226089648589697e-01 1.163569391580382195e+00 1.289051000002348069e+00 4.540318293538033068e+00
2.111126484971820982e+00 5.980424906164416576e+00 6.123447253699985104e+00 3.352601916872117727e+00
2.526178603301662218e+00 1.366672706384159719e+00 9.489548918493702079e-01 3.425321601381265069e+00
5.538462008335339526e+00 5.844833076427820906e+00 8.412378662280370900e-01 5.510521517580645678e+00
4.847730476963742596e+00 1.561053231021175547e+00 4.379057182501214562e+00 4.015979174970262910e+00
2.620213947524253406e+00 6.241110236270898781e+00 4.412657559185213518e-01 5.040773885836943968e+00
1.378729325226150770e+00 5.722848905455713897e+00 5.755029457511021684e-01 3.858587167444220700e+00
1.287730031116234297e+00 1.869111920604861421e+00 1.172718251712898008e+00 1.109408838245655726e+00
3.180993090700912074e+00 2.483883922482293727e+00 8.696077715051715451e-01 3.239222380734267492e+00
9.138195112507754847e-02 5.466035326642270320e+00 8.016506259155905534e-01 2.526505889741934574e+00
3.559969089657125885e+00 3.345816949938475560e+00 4.320434170376100447e+00 4.314735878492791166e+00
5.011966052869606614e+00 4.614723598446556885e+00 3.508674446173690509e+00 5.317582221988518265e-01
1.936340444802204575e+00 5.859227940160021575e+00 6.279376640186304925e+00 4.741759068690376999e+00
3.373727294389832210e+00 9.361833889313709856e-01 8.574226245468967722e-01 1.859057761527364017e+00
6.112374526670522279e+00 3.687256929409251427e+00 3.676321015458744235e+00 4.304263971202102468e+00
1.598797253139569552e+00 1.703312973156805021e-01 2.122082866963272973e+00 5.990980401878874595e+00
4.654935366161802257e+00 3.702914565432439797e+00 5.206443896791570047e+00 2.066357409074253582e+00
5.341002790378312604e+00 1.910298256493050184e+00 4.228331496081963792e+00 4.955503797164479529e+00
2.052117128650087441e+00 2.988947208822587687e+00 3.028891367236141718e+00 6.081416634166417090e+00
3.313469355166343444e+00 3.829344604393459139e+00 1.226289117633020842e+00 4.935244536295207318e+00
1.835655588142592443e+00 1.603950189023813921e+00 2.148284465006707666e+00 3.572867033222278721e+00
4.110754275137487035e+00 5.063974127703354533e+00 7.994263091145588085e-01 5.676269970410896093e+00
5.766019172524933900e+00 6.281518633844888733e+00 5.229554784396308165e+00 6.091053421449173833e+00
5.891304374822015077e-01 3.159122587073988075e+00 5.915610567699396860e+00 1.777228472064853904e+00
5.360148129296872455e+00 5.890750475342435344e+00 6.050309842132155502e+00 1.503532230136577885e+00
3.289889670570134594e+00 4.431429529850860582e+00 2.083315900130358056e+00 3.049062879543593230e+00
3.444899773396044917e+00 5.865987006229627987e+00 1.188853736259019245e+00 5.033143183883117544e+00
5.829458823065517770e+00 2.595399714181326090e+00 1.269127963458139829e+00 9.417163453282860752e-01
4.976882222324716665e+00 3.188646362392868028e+00 2.293461439039542249e+00 4.194716111389406699e+00
1.508708226678157294e+00 3.444173096749361562e+00 1.863796796541233869e+00 4.136455803918219765e+00
4.184954773763685520e-01 5.321689978264403820e+00 5.546073017211108791e+00 5.833643110155923850e+00
3.509418630443783549e+00 1.359507467390819180e+00 1.201800660133420795e+00 3.810244789736051962e-01
1.103624060250195882e+00 4.285093582410633317e+00 2.796220448608295328e+00 3.619256535920269080e+00
1.745131537671164690e+00 4.987683930762091933e+00 1.337117421374884652e+00 9.736787286551247256e-01
5.356138617884628195e-01 1.527397628445895661e+00 3.115938410465732833e+00 4.840734157629258405e+00
4.217014391042227750e+00 5.476989572086568892e+00 6.156867150429172320e+00 1.698452235721564785e+00
5.635288883347481459e+00 5.619091144412344363e+00 6.260131269611457938e+00 3.582801044084985342e+00
2.603675576573053263e+00 5.901002920677829167e+00 1.010813351247025871e+00 1.542513731236569319e+00
1.794877957374519939e+00 5.482949652818574826e+00 3.858372231287670928e+00 2.422624292831682347e+00
6.767971366420661994e-01 4.398172698352005305e+00 5.392202609898411936e+00 8.092167196965261988e-01
4.228833339872393182e+00 4.523229188812720736e+00 5.377739602165479305e+00 2.982419725232390295e+00
9.183055449538010118e-01 1.139841920954938859e+00 3.822206067591460421e+00 4.734797270402352432e+00
1.632883500358869089e+00 4.236797222715016353e+00 5.326607790203666148e+00 6.262816607471386909e+00
1.319651765692098966e+00 2.472359892476328813e+00 5.542088823503751982e+00 3.955342155664024251e+00
3.676768162474962853e+00 5.263481883012083529e+00 3.563313013899688020e+00 7.885963871577372775e-01
4.913075655937242381e+00 5.713919666083319138e-01 3.129065772990800909e+00 4.646282188270452806e+00
4.678351729557016725e+00 5.361656856551508810e+00 6.139776812962479013e+00 4.010975383198204902e+00
1.545944907906303900e+00 5.851961465348453295e+00 1.095205958192802420e+00 3.706327189700610258e+00
2.467402608429644761e+00 4.189020574581181044e+00 4.903558786154692761e+00 4.594207502732053916e-01
1.755867090746874304e+00 2.951270826878982234e+00 5.029121057183982835e+00 4.048964326779119993e+00
6.245387193187418973e+00 4.466803109387330828e+00 4.794341781259913837e+00 3.752893489620743317e+00
8.796124219413231637e-01 5.631226497870674308e+00 2.680622356437674991e+00 2.617626847586572936e+00
2.602555847126883037e+00 5.867771654053377084e+00 2.459368798243282139e-01 3.562115572766571869e+00
5.309933437597989858e+00 1.728125236870418746e+00 3.295001644188021661e+00 1.184082197479740861e+00
2.519627151744185944e+00 5.471806222718738510e+00 1.180100797089036258e+00 7.776320647099599359e-01
6.107933038509552937e+00 3.534658147674145656e+00 2.899055744849347249e+00 5.502575464729524413e+00
6.603625145606234481e-01 6.062320309113817807e+00 3.239011501446003916e+00 1.515046919671413361e+00
3.766544659505528525e+00 5.083706629323211601e+00 1.438148326453197567e+00 2.164925624037527641e+00
5.857770874542133299e+00 5.758246080891713525e+00 9.841052773671166154e-01 4.589930493317810889e-01
6.671549066316722065e-01 3.314761420451533436e+00 4.527542677836502882e+00 4.772506899551828496e+00
8.554585359560389346e-01 9.801102152075956697e-01 4.432566951416637480e+00 1.318670424990033174e+00
2.350052638425139229e+00 3.412613815059544198e+00 1.223375022630623921e+00 1.149965892557001990e+00
8.730702850908981238e-01 2.669112147962743098e+00 1.706800642246643740e+00 2.724649045519939694e+00
2.775197073321846286e+00 4.712488141878139913e+00 2.326446327764116973e+00 1.662545140614887007e+00
5.951882896797367373e+00 4.592728559185808024e+00 5.064664190507484065e-01 4.973528388915513077e+00
3.219082341474958309e+00 1.268410086696831751e+00 3.045945491123569493e+00 4.182117934506353052e+00
2.040930888187349801e+00 5.939421410312517580e+00 3.911801617186287383e-01 4.980876963319632034e-01
2.492056852271820055e+00 1.514109805258724073e+00 4.899212191313443654e+00 1.012808445324584250e+00
5.148536016707606855e+00 1.698697089642269731e+00 5.654634417112187172e+00 3.978467709162372579e+00
4.504081947093260041e+00 1.799641704276812693e+00 3.587413908165375975e+00 9.544617574654064018e-01
5.737379231317189188e+00 3.007778483896441202e+00 6.980863938410121206e-01 5.653074764365138449e+00
1.541815237517641268e+00 5.883093591101200559e+00 1.769967822716346006e+00 4.305475546951371690e+00
1.999870948410548133e+00 2.825188583628478245e+00 1.736931209852013325e+00 4.483705008180921325e+00
4.113331346550042511e+00 3.455272850025275844e+00 6.191759075430071313e+00 2.084696989939637535e-01
3.127243554451539786e-01 4.321136866684921474e-01 4.345819217068660478e+00 2.612324930998582317e+00
6.160935833429731723e+00 4.695955360465877249e+00 3.910037216964457496e+00 4.742044664506583351e-01
2.168784577046127815e+00 5.497110496781779432e+00 3.864215053807978251e+00 3.057402030384383629e+00
4.149567368568527925e+00 2.900269597138460220e+00 5.652650118530355705e+00 1.278221595930931542e+00
5.273189442760094492e-01 5.888123359402414714e+00 1.473716561977423734e+00 4.530039394223191351e+00
1.309184088304467641e+00 1.748617739534097604e+00 2.387150143927750712e+00 4.824068313580431422e+00
4.575513399111290624e+00 4.358646132493446679e+00 9.387358258955649237e-01 2.636340893601915703e+00
2.587230699143933776e+00 1.597396417969887406e+00 4.050740073274735842e+00 2.208407905988837572e-01
1.590783898212518865e+00 2.780013952457175641e+00 5.912299737283188250e+00 4.981225867210906877e+00
3.042367086377973706e+00 7.500904645280247474e-01 4.569490988535692466e+00 2.495822671735199449e+00
1.842240806683132393e+00 6.670085271576147168e-01 2.948759505011918858e+00 3.329212133110955651e+00
5.347372021263185893e+00 4.141907896323711036e+00 3.317520772831529907e+00 2.034953109781417968e+00
3.377800521317690041e+00 1.807554874087352603e+00 3.321068339606287889e+00 5.169460941373292151e+00
5.780329128009042527e+00 2.534525987241692757e+00 4.891202486823625684e+00 1.264128847086739338e+00
1.877726548495772807e+00 1.076195367320062157e+00 2.912165927642934360e+00 6.225164733276071338e+00
4.637551513705834516e+00 1.377856084591776886e+00 5.695236118820642623e+00 1.629186960675032214e+00
2.338426266354387106e+00 2.296722266476302732e+00 3.278829995805562003e+00 4.160456809642792741e+00
1.585291509199225679e+00 1.191044967522116860e+00 1.277489622902790112e+00 9.183913144844323417e-01
1.953246446364666822e+00 5.218198489827350350e-01 1.153775204748479943e+00 4.005799392780841295e+00
6.018912842519942075e+00 3.616060081801397263e+00 3.885150280736023198e+00 2.047702044913447317e+00
3.265062177887364747e+00 2.436782860076025070e+00 3.603769556669391250e+00 5.812342216915138415e+00
5.048543458314972199e+00 1.618384755967642974e+00 1.706093471089143554e+00 1.436461689907901018e+00
5.720268412369487798e+00 2.656392229783698600e+00 1.300050729678047245e+00 5.441440324928621841e+00
2.345462736875905119e+00 3.279853128699223408e+00 5.165820790460762701e+00 2.604698987471252725e+00
5.814960148058286649e+00 1.454448296184031930e+00 2.640616194622072754e+00 4.017911270561747905e+00
4.286066572971837019e+00 2.244740533718247111e+00 7.069829046666363803e-01 4.966690328691253375e-01
2.544914527739586263e-01 3.793327499230637390e+00 4.717189252992988635e+00 2.459940166251492144e+00
5.588899609824505843e-01 5.685656309331507785e+00 2.664257311546304408e+00 4.159455972143976332e+00
2.016793008889437022e+00 8.430393191339288217e-01 4.923024066014590083e+00 5.725949170406225974e+00
1.403668425421483290e+00 4.487040725745298886e+00 4.270952111242311666e+00 5.699262202976200342e+00
5.585953854473631353e+00 1.402676731985874170e+00 5.227546386338697282e+00 4.615132708880020473e+00
5.905713484228973797e+00 7.752236165138025603e-01 1.568567470338969150e+00 5.615431462154202968e+00
1.487559144885368445e+00 6.280524318487444191e+00 3.750141228382088965e+00 1.511462277932576814e+00
2.822661828157134511e+00 1.657235391835493621e+00 1.602599095282973174e+00 5.905926741080031128e+00
9.051860236981945640e-01 6.086411945357937725e+00 2.517673400143249918e+00 1.996605398139378318e+00
1.234481549273745982e+00 4.719192047167920734e+00 3.468484290649873625e+00 5.967172140847969430e+00
2.556426504557434143e+00 6.199036010308002886e+00 3.528903909773296377e+00 2.014524639058673863e-02
1.482494410455451606e+00 1.392828916284860385e+00 1.487274578784808787e-01 3.211985320142591860e+00
4.223306568507928516e-01 9.696892975522755087e-01 4.687033314131658024e+00 4.681668891295425183e+00
4.530968869538043897e+00 2.146376539781190029e+00 3.746875547371204096e+00 1.264905041437254463e+00
2.376777867303632719e-01 3.615202373928141366e+00 3.072139401567775874e+00 4.034454775601403198e-01
1.324080650836525042e+00 4.680634913575122624e+00 4.620345836065455347e-01 2.086630477792653870e+00
3.280115740859639306e+00 1.816731629564400374e-01 1.460327649819527229e+00 4.430783837256899282e+00
5.922505643076193316e+00 5.242873919824708295e+00 3.497529067695956950e+00 1.980831727068902426e+00
1.981108646412220731e-01 1.479093878254032601e+00 2.286926238368641728e-01 6.012429111947368288e-01
2.312569809627229300e-01 4.476624535565870922e+00 1.093891409873142040e+00 2.379319665547395157e+00
1.581732434081663419e+00 1.933608857908333922e+00 1.708392636651944407e+00 3.000649866062165216e+00
4.159718882541982410e+00 5.962478716934203504e+00 1.077512342780042376e+00 5.655478807444692890e+00
2.041311410359189171e+00 2.318271440071361322e+00 3.238406376815999188e+00 2.428355167280072724e+00
5.102712333102610742e+00 5.319265713859157252e+00 5.572878198681441297e+00 2.711170013388523703e+00
9.775565310982905487e-01 3.477403812740910372e+00 1.507606079330604976e+00 6.030770117971635536e+00
5.172807924560389459e-02 1.281398395853298844e+00 2.366626280108981295e-03 1.650581501199463119e+00
5.549067650420608233e-01 1.736441518854295651e+00 2.927937521528350739e+00 4.169032505685378531e+00
9.301921698865889265e-01 4.119157328426005016e+00 4.369824143044918507e+00 5.502850002018731423e+00
4.948327300025550102e+00 1.665320447954824923e+00 1.384708213098303498e+00 5.550522319145528849e-01
7.673742470714925989e-01 4.464769419881386980e+00 3.027876064051502336e+00 1.905843646762755306e+00
1.705314556963707928e-01 5.602945214171811017e+00 8.395519283104496688e-01 2.581856798013802301e+00
1.402333250507517256e-03 3.008191883690171320e+00 2.833956379506797685e+00 1.603575948621595471e+00
1.775627616369316764e+00 4.194735153398960747e+00 4.010301195122390361e+00 2.755002144790394958e-01
3.952139437596565497e+00 4.623098043297336979e+00 8.668800187528559187e-01 5.146085184395854384e+00
4.754886238651235608e+00 3.784525582928046639e+00 5.580903645652725231e+00 6.565710312221458844e-01
1.590769279642443079e+00 4.484603468149757077e+00 4.159668732946278702e+00 2.173064914018469462e+00
3.383652543886558561e+00 6.264504337923840538e+00 4.708719546126372002e-02 9.143089737254195271e-01
3.582865954713557954e+00 2.461999811508316593e+00 2.655022964269912134e+00 3.382502702497149905e+00
2.907429528832385035e+00 3.009399337216797754e+00 2.789624070131659472e+00 6.215770159815288132e-01
3.092365861031494134e+00 3.015027330247945780e+00 5.752448879350189337e+00 5.284376260016803606e+00
5.759827935938408583e-01 3.796668999436582759e+00 5.119885769127174413e+00 5.413112474960339426e+00
4.346640202518358698e-01 2.442306981563776791e+00 5.221154614215231859e+00 2.448069052575172044e+00
3.556134815266836835e+00 2.482735653983275004e+00 4.373288095128759601e+00 1.147140293764981944e+00
7.687048351323259032e-01 4.688571028342633618e+00 3.193820609395605636e+00 4.598614535819520732e+00
2.739204692034748145e+00 4.269569534891852314e+00 5.567415675636418371e+00 7.903777160714888783e-01
7.145480417104301679e-03 4.999607598689850718e+00 2.470895543556882235e+00 3.924456857458696657e+00
1.428412121284643232e+00 3.439284567547318261e-01 6.154717184829483045e+00 5.313024176831974144e-01
4.630708169013295183e+00 3.938149971364839352e+00 3.354424186681947972e+00 1.436117061125529615e+00
2.379273364950435787e-01 4.589616245125867522e+00 3.541456126592291476e+00 6.080242096202550073e+00
4.279267334761206243e+00 1.124387976982036630e+00 4.575159134392045246e+00 4.935380758578753024e+00
6.720012718192481804e-01 1.238015945243986060e+00 1.775931948759230883e+00 4.883715055997336130e+00
5.255793808983006521e+00 7.697891678721446862e-02 2.941500525664447974e+00 3.466799974438581344e+00
2.144428265859278593e+00 4.755590157270903617e+00 3.325807642335711467e+00 5.250435013399147088e+00
2.730475520423646607e+00 3.160731214483685658e+00 3.826076842865778982e+00 8.640083481813852773e-01
4.712905500411921911e-01 5.124592041046252433e+00 4.560177630438100316e+00 1.196404799042374734e+00
2.111752496037566207e+00 2.211984688820857858e+00 3.603537066026979652e+00 4.316959687508501453e+00
1.581988400676753281e+00 2.618794093463064687e+00 1.228521837048563325e+00 9.399541440947871695e-01
6.177366493998189156e+00 5.883818980461078318e+00 2.484780162312799412e+00 7.279702016455117386e-01
1.978239901092536668e+00 5.723300946792532429e+00 2.833102831455456272e+00 5.332451133841825675e-01
5.002591596535604701e+00 5.424158753921772380e+00 6.619218593828131159e-01 9.576352047715926477e-03
1.886770318029421745e+00 9.962568280014997280e-01 2.876840924754968221e+00 1.221729989964844387e+00
3.627650824735846768e+00 8.822141647324430735e-01 3.539522215554942619e+00 7.543117072498519704e-01
1.018696738084512665e+00 5.079148521074960954e-01 3.249702448764332452e+00 5.716939388339862482e+00
8.467227279990803268e-01 1.341507619979298571e+00 3.626068350747676305e+00 5.933451053791239715e+00
5.729643547402981651e-01 2.361270568019895766e+00 4.962598509713513906e+00 5.554528774559442716e+00
1.968724167307357220e+00 4.659374718694884621e+00 1.901808822413009858e+00 5.717827955051808075e+00
8.905284029540259105e-01 1.556535303320536689e+00 2.485886902926349062e+00 5.641300233120372098e+00
2.283489467153500208e+00 5.248916019969770197e+00 6.271743974194371241e+00 5.232857185829966618e-01
1.175173724299426015e+00 3.118155082545272627e+00 4.727192591515591680e+00 2.104382241703623979e+00
5.757953846314401991e-01 5.552254497691137658e+00 2.450798401723385533e-01 5.963229458504267555e+00
3.482582137114634158e+00 3.884593926363873795e+00 1.205365371349654824e+00 2.660697900373156788e+00
5.407036527490064470e-01 2.112467248950644638e+00 5.111767188740584444e+00 7.209267373538201795e-01
8.048650548641907987e-01 2.935361260157721475e+00 1.567727006004341561e+00 3.408329482859744353e+00
4.835227987677924943e+00 1.312383610537552758e-01 5.158599770214144620e+00 1.541967796840127691e-01
9.306174721103117609e-01 2.665406989291883466e+00 2.631529263375180783e+00 1.988680039825735824e+00
4.358185034284800530e+00 3.205759512309749315e+00 2.633861175764110385e+00 3.394628675478111202e+00
2.856607003433513814e+00 3.110789514588427451e+00 3.153804303264045039e+00 2.950296573804653821e+00
6.203678965752538410e+00 5.346909999394522828e+00 2.745566433944857110e+00 2.319921670837243877e+00
4.831469685766601074e+00 1.367648136285622540e+00 2.886474847465748006e+00 4.044456627039567209e+00
1.758830500205239566e+00 1.567006166123853683e+00 1.762661055366703700e+00 1.367382345999739846e+00
3.348587049238946456e+00 1.856174509313827936e-01 3.505688232526774639e-01 2.358636211747695111e+00
2.841111711261478767e+00 4.945669812970717949e+00 6.107216433473972472e+00 2.932249313449729389e+00
3.942714695447089301e+00 1.449991265901480642e+00 2.920731918414322781e+00 1.787349794407715686e+00
2.619386180345227633e+00 3.184379139911165613e+00 1.503898302956913735e+00 5.222107732341587649e+00
5.278641317655409892e+00 1.873681250334201298e+00 1.752519328714194025e+00 3.944555208674898950e+00
5.851521972548045625e+00 3.601305816507586854e+00 4.449184036002303166e+00 3.256881528954428395e-01
5.194267632464532269e+00 3.562736547935348441e-01 2.254342199849751260e+00 5.731017602071683648e+00
5.034769154039490324e+00 1.194666070178965978e+00 5.100630773193885581e+00 4.137345014654124076e-01
2.410510775490311008e+00 3.709496501987881167e+00 1.346106208688851780e+00 4.071795166552974798e+00
2.045015094922696619e+00 6.021504389567403415e+00 5.513011251539357893e+00 5.851265539447959851e-02
5.301148627604231889e-01 6.056423893449567331e+00 5.346801465240625717e+00 2.281813760714717976e+00
3.209426489138736738e+00 1.166310151503527681e+00 4.679209234020618169e+00 2.523159921270930806e+00
2.615499149663867762e+00 5.424951891089328626e+00 3.081945254891410579e-01 5.992782673240416580e-01
2.779543996816117524e+00 2.070410081105992450e+00 3.344356358819317254e+00 2.404764043138357454e+00
2.174181106221817761e-01 8.821469875971865715e-01 5.939107755823900270e+00 5.864324938991171798e+00
6.422901700893272059e-01 1.353175115053114608e-01 2.901674992443440626e+00 6.129800439052821126e+00
2.879526843292812277e+00 4.596238686708415067e+00 3.724397937823606508e+00 3.833422295604352215e+00
1.978374402224794881e+00 4.243765917712506663e+00 2.311541655695944275e+00 4.321894407217493850e+00
1.768261715334871642e+00 5.643939119085480627e+00 2.261562522708590317e-01 4.511590274909563547e+00
5.239965723106255524e+00 4.809446422458157677e+00 2.181867938006129215e+00 4.551567500513389319e+00
6.702432607919441843e-01 3.388865462167470533e+00 3.555241468975388841e+00 2.705476386298273805e+00
2.851515345643460542e+00 4.759468967220786162e+00 3.216381881759658778e+00 4.094319476044232964e+00
6.153615346223553217e+00 4.014395369311870021e-01 2.316029049231317138e+00 1.623642980980322392e-01
4.712497354730091459e+00 1.158629721951009328e+00 6.337882414975135603e-01 3.017539525874749717e+00
3.676059588994192051e+00 5.548869486637389770e+00 2.182352997425090368e+00 1.262298259423140001e+00
5.595801195072117373e+00 2.928176942592631171e+00 4.016512233378545460e+00 2.688923009780355589e+00
5.250639987848115808e-01 2.280658947771541545e+00 1.727270132682414694e+00 5.679962203717079383e+00
2.070926693685948283e+00 2.935856549810676785e+00 6.229639800059200816e+00 4.204430622563328335e+00
2.532648226948385428e+00 5.358371244565038882e-01 3.053253898125126570e-02 5.173370437730955285e-01
3.943804005144707858e+00 1.483552274880871380e+00 3.595488033619052448e+00 1.315107425964479049e+00
5.784724588303981285e+00 3.738342745278631085e+00 5.040750894279815597e+00 1.517271356205708743e+00
4.709275630543482194e+00 1.752289971425224246e+00 4.805111320117932294e+00 9.483377957501308853e-01
1.823572416162417387e+00 5.586040894882818186e+00 2.531792605727174905e+00 4.253541005041347134e+00
2.576435634729857149e+00 6.972857732508809248e-01 7.326616795157709916e-01 3.991310205199928962e+00
4.361929347738652041e+00 5.947066204301154180e+00 4.004000369700666528e-01 2.007488305170221088e-01
1.592954529395722130e+00 5.503091080637840804e+00 1.802331165252794687e+00 3.836249996928121853e+00
9.401915960693957297e-01 2.147526405218048051e+00 1.674861929925524739e+00 3.110251075031655432e+00
2.908618338317474628e+00 5.532988026117227065e+00 1.108552818251970384e+00 6.268476576714188120e+00
4.752900731873626938e+00 5.196546695858014431e+00 3.415594639083511908e+00 1.639365821994294814e+00
2.834763237111128209e+00 3.351893645815446465e+00 2.091686213923321436e+00 2.241882990751807636e+00
3.918358113155127942e+00 1.296506769238217727e+00 5.079780414501054331e+00 4.009639108082298509e-01
5.897669191119045529e+00 2.561931424142370517e+00 5.616455072800952131e+00 1.628053490143301474e+00
5.210257443923968501e-02 1.107401533208324906e+00 4.335269818147209797e+00 2.614796516277438254e+00
4.458980175080925257e+00 4.606728766000560249e+00 2.631724849567429469e+00 2.654278363134384922e+00
5.853709629461389952e+00 5.532161006375216239e+00 1.517969160597381517e+00 3.140350816177928106e+00
1.838739267939625277e+00 2.898595701877300090e-01 2.227273207167407065e+00 2.324563444733584561e+00
5.264677004424307860e+00 5.871524985621221049e+00 6.061374173656639552e-01 1.292085880987431101e-01
4.819926118798755432e+00 5.895698745827234077e+00 2.035294471809167671e+00 5.566172614792780138e+00
5.371338249821352662e+00 4.397595573180812067e+00 3.306004000102296558e+00 5.698404825325309453e+00
4.970522150575878761e+00 6.152014809609399393e+00 5.867636425154922009e+00 5.609718734582997968e+00
1.182819507620765931e+00 4.209724828735343927e+00 5.854736601499564763e+00 7.946072945597899839e-02
2.895606140037680021e+00 1.292287512424032059e+00 2.859592215527848591e+00 5.847982551610929614e-01
4.127093505395422746e+00 2.850711226236684048e+00 1.789996332286720171e-01 1.458363584542397673e+00
5.332209656087226080e+00 2.873048873004070192e+00 2.392117800186736254e+00 5.927196809496764196e+00
1.172436367866987350e+00 5.263151682920094387e+00 9.395055502230459377e-01 8.445422144748526705e-01
1.445843676088442331e+00 1.578004730759381413e+00 4.903738674532942987e+00 5.021470781295210850e-01
3.915346710096684113e+00 7.025372798775841865e-01 4.369566349650779280e+00 2.664982437432675155e+00
1.762691632753242255e+00 4.887823385250832153e+00 1.707629216425541552e+00 3.776172130758604695e+00
2.343322310672094844e+00 1.173018882982033606e+00 1.126125910890992454e+00 1.266893973371757243e+00
4.815059580657345073e+00 1.147655853653642533e+00 1.279290618245013222e+00 5.577608789869500150e+00
2.949796576930339143e+00 4.770816380851207406e+00 4.013676610164266023e+00 4.995784760567290483e+00
6.355292610594216463e-01 1.446023539162328841e-01 1.795079694045726315e+00 1.925451201847873384e-01
1.591752813737680627e+00 2.298508721991416870e-01 4.994801693668560638e+00 2.221812312952650359e+00
5.899975529267890373e+00 2.448830015174753960e+00 1.584413732639144756e+00 5.681322968213694757e+00
4.340946118566704648e+00 5.206679964776345093e-01 2.597997662497758764e+00 2.742350494442698849e+00
6.131015837569363747e+00 5.897032022559116626e+00 3.925720758796324983e+00 2.301825532745211067e+00
4.645585198570929997e+00 1.424821375936884849e+00 1.801446332311774201e+00 4.735805662195568644e+00
3.216765426162055963e+00 9.316187713171949492e-01 6.099712060247162171e+00 5.844234552717289866e+00
1.107959934339069363e+00 2.086320993583612893e+00 3.440495094979172830e+00 4.434975452032177690e-01
5.722818843026934665e+00 2.109404598161220168e+00 3.975721711884611764e+00 3.265141261646045678e-02
1.020510641653208372e+00 5.913716914407285863e+00 2.544168168549635567e+00 6.276033820732843438e+00
4.212768701399645543e+00 1.939412265396585067e+00 8.112509032339134674e-01 1.775645647506588709e+00
2.194832931622177075e+00 4.737387581525539737e+00 5.025387694531480598e+00 4.133060944910980083e+00
9.667735385157859296e-02 5.901623367507395024e+00 4.451514568119895543e+00 1.633922334860822279e-01
5.328842698609361328e+00 2.755294055295747224e-01 3.793550833890056762e+00 3.609149806964114138e+00
5.205587737028431583e+00 6.056837884484354007e+00 4.720400073287106757e+00 5.394156643096119197e+00
7.094937367474222212e-01 4.404309457910189352e+00 4.639607338046164209e+00 2.098235372013225408e+00
1.241628093166248892e+00 3.563424348118563678e+00 4.219733067149454619e+00 4.792362511164944827e+00
1.961407376965365712e+00 4.276477964406693921e+00 5.197931865159636011e+00 1.829468922584057244e+00
1.937737694618701934e+00 3.440105842529232572e+00 3.828739274994449104e+00 7.768310742780581979e-01
1.267058702166474760e+00 2.414266636865637361e-01 2.508266319657539878e+00 1.552544895900588084e+00
5.462447115508107132e+00 4.969457005688075135e+00 1.866006466549790632e+00 2.472833612942382686e+00
5.527652364387644290e+00 4.907194026584755342e+00 1.517218591107892811e+00 5.640685948774400771e+00
2.505167968632034281e+00 2.352923540045057216e+00 2.289541478035474587e+00 5.323864799820051452e+00
3.224796548889805159e+00 3.890470423857309790e+00 6.058420499817287919e+00 3.708624571313715590e-01
2.572275335178973332e+00 5.725340916376612910e+00 5.396289405471518918e+00 3.381182396162367265e+00
4.758141792617443855e+00 2.548544146221636275e+00 2.478174975364283217e+00 4.469290059506246138e+00
4.380057356363956877e+00 5.653619644310023951e+00 3.207180837031569975e+00 8.135599361437753085e-01
1.559805317482187981e+00 4.006137997384601412e+00 4.286761597502779964e+00 2.513881254709624535e+00
5.561035543985433094e+00 3.546655600537600872e+00 5.420469257680669450e+00 4.777201648819253244e+00
2.861403710912242992e+00 3.783175454041389774e+00 3.906775466311863010e+00 3.895775642030151698e+00
9.983576487611529604e-01 2.961952460829341938e+00 2.688508790250496716e+00 4.580254164376480475e+00
2.895897143249933858e+00 5.454212025423005983e+00 5.507730406517484134e+00 1.834109303518060728e-03
5.801654372146459515e+00 3.554638451482919237e+00 5.550863719967419563e+00 8.599780960158165399e-01
1.394359008588325954e+00 1.640989312517680654e+00 5.525379103018465798e+00 4.671531626994824826e+00
4.206372534141547548e-01 3.648506364181926198e+00 3.124110508841482670e+00 4.636893787029825020e+00
4.084329002393245922e+00 1.735102957670824564e+00 4.241427682455349846e+00 4.218046740826997820e-01
4.665610152357315243e+00 4.161129401688123508e+00 2.459930144070734265e-02 4.526904731444642671e+00
6.154907068053200980e+00 3.022768646408223958e+00 4.817488442697446693e+00 5.334373759186047392e-01
5.582043515410652468e+00 1.678173715613265449e+00 8.657300497039885911e-01 5.270572270798105308e+00
1.395795291490198542e+00 4.672637424991913591e+00 3.250490220387250329e+00 2.218653657987234684e+00
4.849735216194294374e+00 7.917363653374277499e-01 3.075754713761757575e+00 4.580651585301557915e+00
5.308463173677651525e+00 3.044668010626979004e+00 2.380617807833959709e+00 4.355838821251003523e+00
9.862144654213601536e-01 3.226000059199169101e+00 1.420975517740545868e+00 2.324761074018586005e+00
1.643145554577220002e-01 5.838886516613632338e+00 4.448953309777109233e+00 1.453900275012818488e+00
1.995723724527921128e+00 6.131624289655674964e+00 4.157707838524841826e+00 1.788802676285744298e+00
4.793631218893300350e+00 8.882165879840843437e-02 1.232573358760438609e+00 6.136554680158961439e+00
1.676072897925628968e+00 3.200157125467725905e+00 6.213489681422847077e+00 1.287306251208198082e+00
1.275022106954526002e+00 1.890257650648055343e-01 5.223462442034848330e+00 3.533882447054066400e+00
5.616970426889040802e+00 5.936178466590703806e+00 3.727145210714517543e+00 2.828061642409429588e-01
1.920205187698952320e+00 1.846050897697506077e+00 1.052679896424196349e+00 1.284481768781734701e+00
5.995944328276538116e+00 3.866274942613324939e+00 3.602110917866431006e+00 4.715109616870448050e+00
3.165637427318210850e-01 2.083686654829989049e+00 1.765579743673345359e+00 2.064715155965900772e-01
1.717995018715775535e+00 4.858845925914009101e+00 8.012592784096193022e-01 3.623698035701292675e+00
5.650022464630762187e+00 4.732154411595241861e+00 3.213655442435991105e+00 7.243384616924515296e-01
2.046449653050836481e+00 5.243491828412059519e+00 3.202600136493399585e+00 2.356837994830382144e+00
6.243345300621442107e+00 1.804892760805994589e+00 3.195151586983785208e+00 1.757354087263765186e+00
4.074004700547551927e+00 5.490842314303228555e+00 3.861861492834595122e+00 3.213882685573592912e+00
1.275643702602798246e+00 7.389558614462210517e-01 5.022080083094282443e+00 5.548604417334248140e+00
6.079284387741402007e+00 4.358807029096786856e+00 1.255164247359037866e+00 3.071114410632230562e+00
2.500308644270799352e+00 5.879283936933769716e+00 4.096205752978103298e+00 4.191518307697584156e+00
3.879323691891512826e+00 2.069822903443651274e+00 8.082160289575279766e-01 5.519715160012254707e+00
3.181080226884789863e-01 3.804512904692450181e+00 8.488697708745452930e-01 2.077519565264601020e+00
2.701507704092759088e+00 5.269515962336579484e+00 1.640337327385728294e-02 5.436451072523230010e+00
2.024971507203385368e+00 2.228043692619499971e+00 1.603270602041494186e+00 4.527819832143323175e+00
2.602467466928732431e+00 2.034273962674770786e+00 5.678660535897149586e+00 1.139465521528891134e+00
5.287215045818543402e+00 4.123905430578956199e+00 2.722037254887641033e+00 6.088470255657019159e+00
5.674961395122093855e+00 5.467153555549072230e+00 5.104567371779418217e-01 4.663662761546542690e+00
3.130706428783491369e+00 5.629855761714210871e+00 5.070431604249722168e-01 1.618186376879011013e+00
6.107858255253593605e+00 4.562721445240611295e+00 1.922915004695800567e+00 1.374096100107711660e+00
1.107708081754957385e+00 1.178291409187083749e+00 5.050506229941239766e+00 3.212302396068763777e+00
9.461640390370626985e-01 1.721585016630053477e+00 5.854981802957356152e+00 4.234541836609326815e+00
8.456245193171985086e-01 3.979984119695820333e+00 3.246441559716896297e+00 3.243475657309178306e-01
2.147737017844379537e+00 5.182394741243459002e+00 5.421119997869272567e+00 9.220748696903705577e-01
2.750657346246134782e+00 2.723253431332239849e+00 4.786075927125740925e+00 4.577417117551463299e+00
2.956695521390012793e+00 4.616655503436837726e+00 5.623555693612751760e+00 3.991788335921252706e+00
5.283394031435860505e+00 2.248879251155494696e+00 4.028282184475895811e+00 2.982610168761408165e+00
4.759964253690623259e+00 1.044029614974953946e+00 6.164347943475991798e+00 7.700221389635816260e-01
2.428277827482825391e+00 1.552394429695969746e+00 4.661388729775102213e+00 1.048270363737658695e+00
3.554629896564995395e+00 4.819776635655405705e+00 3.064497577246492188e+00 2.006264910651797351e+00
5.881663902549425949e+00 5.629861386014708424e-01 5.145169116345069682e+00 1.540967103074005473e-01
2.600764402581518198e+00 2.651011829952677701e+00 4.475725131689238800e+00 2.576889044379390814e+00
8.114572369117857287e-01 3.376068190680402981e-01 5.491088852423280819e+00 9.111821848545078595e-01
1.408917985547157858e+00 4.041999843045505081e+00 2.973674852549252901e+00 1.839691326591325504e+00
3.090374575143354785e-01 1.679718350414218311e-02 2.649335286663638822e+00 1.572418549410037336e+00
4.854027561166548210e+00 3.170822109335359684e+00 3.341214410605298113e+00 4.785068254749496042e+00
7.604197382880917289e-01 5.449641883681111132e+00 3.987227145677645801e+00 2.533693781086512775e+00
4.257157278823905378e-01 2.809834250247063459e+00 2.570816929935484940e-01 5.425915477091302286e+00
2.273303607298652995e+00 3.607104124563982883e-01 4.875046638361776985e+00 2.193199588609772432e-01
4.403342308981288866e+00 3.021344270132194865e+00 4.624457734040167800e+00 2.801500278821160261e+00
4.229798949422851173e+00 1.176420910996919922e+00 4.227075423644584440e+00 7.856889437708219903e-01
5.771613377270759848e+00 5.170652867557895327e+00 5.105212699749623440e+00 4.715016892741862864e-01
1.157375588365206598e+00 3.143799822438143377e+00 1.227359330944889582e+00 2.374294997871535529e+00
3.890387758823766529e+00 2.918361796829860744e+00 3.533080988241407816e+00 2.668020244762694393e+00
4.293816468182254376e+00 6.158830050596460381e+00 3.776757763310165661e+00 5.988733578409993763e-01
1.931960513439174187e+00 6.257657731716571803e+00 3.934182739707509313e+00 4.974966050699939579e+00
6.417476348477051395e-01 2.684350265167563698e+00 5.092442779145982534e+00 5.054201355607615298e+00
2.554013640742158309e+00 4.408540900041487021e+00 5.772835624143238142e+00 2.339864159540990585e+00
5.489141467897140636e+00 3.647084390902245232e+00 1.766032405888336987e+00 4.564557057717480326e+00
9.190979622794919202e-01 5.801398307305316138e+00 5.025943088282963878e+00 3.954097247588197028e+00
5.898514927834132671e+00 3.557851506578557643e+00 3.004226618601964383e+00 2.759286920233205098e+00
2.598854079622384905e+00 4.314169851006226963e+00 4.247979050934358014e+00 5.740524194229643662e+00
4.291419401782516019e+00 6.096763449011747049e+00 7.514420125802092620e-01 4.303592219065595970e+00
2.975512115299192573e-01 3.702497663157337193e+00 6.268589869060419595e+00 1.738116790800447786e+00
7.012678107313685683e-01 4.187745155880043257e-01 1.706298632752600408e+00 2.292378528636430879e+00
3.599080770711356347e+00 3.286275059314835989e+00 1.557456790643553246e+00 2.948455800001458016e+00
4.198761334922633814e+00 2.271077444901829612e+00 5.281653839849812293e+00 1.280163398087718729e+00
3.588865613656685660e+00 7.204812297171501179e-01 4.502058222619741201e+00 1.972285891279479175e+00
3.378398054735800571e+00 3.329153904460456115e+00 2.824455420498188651e+00 3.221783006546233175e+00
2.708207621557672695e+00 1.922110872790008029e+00 5.791356048901046272e+00 3.174027883740768718e+00
3.904231495966661747e+00 7.217086931204660383e-01 7.836372160445818080e-01 3.628200323960576679e+00
3.862074321908632868e+00 5.521709559971920811e+00 5.747993696772208949e+00 2.521721570184516814e+00
4.373807702188100555e-01 5.285728460609110613e+00 2.318802756208752314e+00 4.739875036981751499e+00
5.701961452627667626e+00 6.205450435667074771e+00 3.051773622203586722e+00 2.313447294296439249e+00
