-1.622547794431448054e+01
-1.763352870643138814e+01
-1.808050487637520831e+01
-1.626815352439881224e+01
-1.807371428608893993e+01
-1.763825443089009326e+01
-1.808113333582878113e+01
-1.807982484996318107e+01
-1.807410167753696939e+01
-1.807319677770136934e+01
-1.162236052332446201e+00
-1.808055096566677022e+01
-1.807388232350347579e+01
-1.808029684126376679e+01
-1.807415730953216837e+01
-1.807803646624089211e+01
-1.806763529777526145e+01
-1.807840029597280918e+01
-1.807848170995711712e+01
-1.808009583353996419e+01
-1.806127801835535962e+01
-1.807635897696017224e+01
-1.528004283308982991e+01
-1.806290441751480103e+01
-1.806421206295489768e+01
-1.552155957520008478e+01
-1.804168847203255410e+01
-1.669637149274350918e+01
-1.722043719291687225e+01
-1.807206415235996033e+01
-1.807937642633914876e+01
-1.622308502644300177e+01
-1.807898822128772309e+01
-1.763774750828742555e+01
-1.807543958425520714e+01
-1.808016839325428649e+01
-1.807984425723552135e+01
-1.807331691682339780e+01
-1.808256545662880654e+01
-1.807884870171545089e+01
-1.807837594747542553e+01
-1.664829956889153095e+01
-1.808001815378666777e+01
-1.763928259909153340e+01
-1.808045226931572103e+01
-9.046807441860436061e-01
-1.807801414430142017e+01
-1.806640322208403759e+01
-1.807886654138563642e+01
-1.807897051870821770e+01
-1.527559626996517039e+01
-1.555279424339532746e+01
-1.807464215755462433e+01
-1.807217211127282042e+01
-1.762161107659340331e+01
-1.807668721079826923e+01
-1.805387383103370524e+01
-1.808086607456207062e+01
-1.807318529784680550e+01
-9.738459668122233515e-01
-1.552066650986671625e+01
-1.808067457973956849e+01
-1.807121194303035239e+01
-1.807948953807354897e+01
-1.778992769420145947e+01
-1.651184260547161031e+01
-1.807548402547836019e+01
-1.808062248229980185e+01
-1.807478176653385660e+01
-1.808141320347785452e+01
-1.807264674603939980e+01
-1.807822218239307688e+01
-1.806598006188870187e+01
-1.808164743781088646e+01
-1.780043691694736196e+01
-1.534498539865016475e+01
-1.804712707400322813e+01
-1.621938765645027303e+01
-1.807260715067386414e+01
-9.054276590235530442e-01
-1.780103879570960856e+01
-1.807027082443238086e+01
-1.626595150530338785e+01
-1.723627437353133374e+01
-1.807869005501269299e+01
-1.770155563056469461e+01
-1.807635990977286866e+01
-1.763900647163390545e+01
-1.658527420759201831e+01
-1.622340271919966170e+01
-2.700986628234386178e+00
-1.807836249172688170e+01
-1.805638337433339302e+01
-1.807882229089736015e+01
-1.807874495089055600e+01
-1.807890960276126080e+01
-1.719634294807910990e+01
-1.806973572075366974e+01
-1.807719513773916731e+01
-1.536433720290660077e+01
-1.807940504550932914e+01
-1.806829866468905621e+01
-1.807669268548488262e+01
-1.806876043379307006e+01
-1.808057045042515298e+01
-1.779722040295602170e+01
-1.808127370178700843e+01
-1.552290093451738606e+01
-1.578080209493637476e+01
-1.670870095193385652e+01
-1.808146041929721903e+01
-9.927060242742299367e-01
-1.761758732795714621e+01
-1.807912958860396202e+01
-1.807666312456131408e+01
-1.619235935211181143e+01
-1.763787197172640830e+01
-1.807972443699836873e+01
-1.763146592080594743e+01
-1.807857762873171481e+01
-1.546539285182953094e+01
-1.807862946987152597e+01
-1.808183981776237559e+01
-1.807893847823144284e+01
-1.807988642752169639e+01
-1.808144446611403566e+01
-1.808195208311081004e+01
-1.765717222988604718e+01
-1.804642058014870543e+01
-1.808173023164272308e+01
-1.807356422841548849e+01
-4.138043780252337100e+00
-1.807825334370137682e+01
-1.622182357013225840e+01
-1.622355341613292268e+01
-1.763680512607098194e+01
-1.807677820920945067e+01
-1.807248115837575142e+01
-1.807739551067352579e+01
-1.807335699796676920e+01
-1.653314492404459912e+01
-1.807809953093528321e+01
-1.807337733805178814e+01
-1.807983652651310180e+01
-1.807477031350136443e+01
-1.806769236028194925e+01
-1.807387431561945945e+01
-1.807760685384272747e+01
-1.552432215809822047e+01
-1.808140977025031404e+01
-1.763552739024162719e+01
-1.807787540554999595e+01
-1.807382023930549408e+01
-1.806315221190451226e+01
-1.765707966089249936e+01
-1.807298916876316852e+01
-1.807697032094003120e+01
-1.807320132553577707e+01
-1.780048578679561544e+01
-1.807654069066048663e+01
-1.527956333160400249e+01
-1.807737253606319072e+01
-1.807601589858532165e+01
-1.807236237823963165e+01
-1.763731083869933869e+01
-1.807822668552398326e+01
-1.807665139138697086e+01
-1.807313819527626464e+01
-1.807826474308966525e+01
-1.769474788010120747e+01
-1.780353165268897797e+01
-1.807634638547898120e+01
-1.636372937560080487e+01
-1.807963212132455055e+01
-1.806971842646598958e+01
-1.807700182795525023e+01
-1.807494180798530437e+01
-1.807963121235370707e+01
-1.721871136426925020e+01
-1.627512214183806805e+01
-1.626506775021552187e+01
-1.806247840225695711e+01
-1.806338767111302346e+01
-1.807778505682944470e+01
-1.807873098552226665e+01
-1.808068859875201895e+01
-1.807724823951722115e+01
-1.622119869142770554e+01
-1.761275625228881836e+01
-1.807993839979171469e+01
-1.807318828105927722e+01
-1.807907229363919654e+01
-1.807929714322089154e+01
-1.578964890241623387e+01
-1.807687231004237205e+01
-1.808152672648429871e+01
-1.765983284115791818e+01
-1.807067695260047202e+01
-1.808086763620377369e+01
-1.626412845849990774e+01
-1.636141883432865285e+01
-1.807900365889073058e+01
-1.807882699668407867e+01
-1.807661085426807546e+01
-1.807572193145750461e+01
-1.528268602192401815e+01
-1.807870737612248035e+01
-1.807930428385733279e+01
-1.807916645407676981e+01
-1.806544072329998230e+01
-1.807604878842829521e+01
-9.021341923857107981e-01
-1.807289048135279685e+01
-1.807958863377570680e+01
-1.807877201139926271e+01
-7.753010148182509775e-01
-1.552156763970852360e+01
-1.807911655604838685e+01
-1.807229592502118010e+01
-1.807600099742412780e+01
-1.686279008388518719e+01
-1.806758750379085754e+01
-1.644438241124154487e+01
-1.807908512353896313e+01
-1.806447801589966673e+01
-1.807711150944232514e+01
-1.536804095953703353e+01
-1.808048219978808291e+01
-1.807835049629210999e+01
-1.722562540769576600e+01
-1.807408155202865530e+01
-1.622520969659089829e+01
-1.807265864312648418e+01
-1.808060885071753177e+01
-1.779997963607310041e+01
-1.724475590288637861e+01
-1.807990596890449808e+01
-1.527521416842937008e+01
-1.807334868013858298e+01
-1.806739076375960806e+01
-1.807402492165567054e+01
-1.807988542616368477e+01
-1.529473537206650136e+01
-1.552533257305622350e+01
-1.807735912799836342e+01
-1.622186802476644019e+01
-1.722187452018261666e+01
-1.807624376416207568e+01
-1.806477963328361369e+01
-1.807168765068054839e+01
-1.807792568504811115e+01
-1.807966423034669390e+01
-1.807868237793444877e+01
-1.808100240230561440e+01
-1.564713221136480703e+00
-1.720328958928585905e+01
-1.807689771950245827e+01
-1.627099477946757489e+01
-1.807948270738123853e+01
-1.807415211796760701e+01
-1.553078589737415705e+01
-1.551187446862459041e+01
-1.808076103031635284e+01
-1.807867005765438506e+01
-1.807794083654880879e+01
-1.529378189742564231e+01
-1.805951607227324729e+01
-3.668574448488652884e+00
-1.807080317735671571e+01
-1.763322882652282431e+01
-1.780613030493259785e+01
-1.808001785576343323e+01
-1.766420022249222299e+01
-1.807177339494229074e+01
-1.807527895271777041e+01
-1.808035665154457661e+01
-1.805781230926514525e+01
-1.807720911800860364e+01
-1.807487012445927022e+01
-1.780122417211532593e+01
-1.622313841134310053e+01
-1.622078973948955749e+01
-1.807326309382916563e+01
-1.623555746078492135e+01
-1.807873263657094398e+01
-1.807448614537717191e+01
-1.664299193620683326e+01
-1.807380003035068583e+01
-1.807203010916710895e+01
-1.808049770593644467e+01
-1.780259397327900572e+01
-1.806972920000553628e+01
-1.622224139124154618e+01
-1.808015712797640973e+01
-1.806568055450914656e+01
-1.778973707556723838e+01
-1.552765847444533875e+01
-1.780253313183783348e+01
-1.807578395009040051e+01
-1.734828933477402302e+01
-1.806482962071895670e+01
-1.807960538566112163e+01
-1.771275670528411439e+01
-1.762106463313102012e+01
-1.806292567849158814e+01
-1.528459099233150731e+01
-1.686247978210449716e+01
-1.807846351265907714e+01
-1.806953296065331216e+01
-1.806057770848273591e+01
-1.763200840353965049e+01
-1.626623154580593322e+01
-1.657370463013648987e+01
-1.527872578203677456e+01
-1.528267584443091565e+01
-1.622652878612279892e+01
-1.806787962317465812e+01
-1.808000625073910683e+01
-1.528184947371482316e+01
-1.807802047729493466e+01
-1.808165614902971896e+01
-1.808126887083054513e+01
-1.807905215322971060e+01
-1.623493734002112276e+01
-1.808123417198657634e+01
-1.780759539306163219e+01
-1.807657063901423555e+01
-1.807938168346881369e+01
-1.537146480083465683e+01
-1.806522389948368357e+01
-1.626686239242554421e+01
-1.529552069902420541e+01
-1.579529544115066741e+01
-1.699157896172255100e+00
-1.807752982974052358e+01
-8.293547416105865322e-01
-1.626288762688636069e+01
-1.807942726612092699e+01
-1.808011673986912271e+01
-1.807018546760083311e+01
-1.722320255041121939e+01
-1.652249120175838826e+01
-1.807300076484680318e+01
-1.599718735218047705e+01
-1.808029500544071766e+01
-1.713861907124518424e+01
-1.807805153131485199e+01
-1.807098707258701964e+01
-1.807557539343833497e+01
-1.528074119687080668e+01
-1.807331110239027794e+01
-1.806162100732327858e+01
-1.807972317337989310e+01
-1.527861633896827875e+01
-1.808225282132626077e+01
-1.806955812275408491e+01
-1.808054222464561178e+01
-1.780043319463730711e+01
-1.807991664707661528e+01
-1.808039471209048443e+01
-1.529201581478118044e+01
-1.780355332493780907e+01
-1.807534061372279766e+01
-1.805779029726982898e+01
-1.807853626906871369e+01
-1.807953847646714252e+01
-1.807903792262077758e+01
-1.780256098210811899e+01
-1.806928305327891948e+01
-1.527336470782757161e+01
-1.807666716277598695e+01
-1.807991315424441225e+01
-1.807856321334838157e+01
-1.777983337938785624e+01
-1.807692434191704933e+01
-1.763530275225640409e+01
-1.807811302840709544e+01
-1.807947363853453737e+01
-1.807308363318444222e+01
-1.807555880844594043e+01
-1.551673901975154912e+01
-1.806998942792416685e+01
-1.808136538565159412e+01
-1.780447874665259889e+01
-1.807765856087208434e+01
-1.807815715372563048e+01
-1.807516719996928600e+01
-1.578533894717693720e+01
-1.805948709249496531e+01
-1.808212228417395551e+01
-1.552483864128590163e+01
-1.808208469748496583e+01
-1.807694690227509327e+01
-1.807793710529805153e+01
-1.622758103609085012e+01
-1.806854344308375104e+01
-1.808073560893535259e+01
-1.527998788356780935e+01
-1.807519258856773092e+01
-1.722350581586361429e+01
-1.780432803928851371e+01
-1.807671723663806418e+01
-1.806548621654510356e+01
-1.806193013489245303e+01
-1.807770293951035612e+01
-1.807854245305060914e+01
-1.527907907366751949e+01
-1.808146107196808217e+01
-1.807496789693833250e+01
-1.714501271545887207e+01
-1.807876466810704486e+01
-1.778898007273673088e+01
-1.807546215951441582e+01
-1.808204235732556242e+01
-1.807589046061039895e+01
-1.552051520198583567e+01
-7.730063911527397247e-01
-1.670442816317080670e+01
-1.552589339315890804e+01
-1.807511201798915934e+01
-1.806790179312230293e+01
-1.764332663714885641e+01
-1.808010878562926038e+01
-1.808217876851557904e+01
-1.807584295868873880e+01
-1.808141388297082486e+01
-1.808208821415900758e+01
-1.808264805972575218e+01
-1.807612814009188895e+01
-1.779205493628978729e+01
-1.532162937521934687e+01
-1.807868168056010560e+01
-1.583283942937850952e+01
-5.919666321575640211e+00
-1.807636922299861837e+01
-1.807985324561596130e+01
-1.805742179453372742e+01
-1.719259139299392913e+01
-1.779191889762877921e+01
-1.715083229839803280e+01
-1.807683910727500631e+01
-1.807231082916258913e+01
-1.808031609356403990e+01
-1.808088688552380319e+01
-1.806340317428111675e+01
-1.493596402108669352e+01
-1.764256883561612455e+01
-1.779631221890448955e+01
-1.807242780327795373e+01
-1.807372387349606058e+01
-1.807071473896503022e+01
-1.762974556684493876e+01
-1.807190121114254211e+01
-1.552215642035007903e+01
-1.807727680802346271e+01
-1.807818673253057895e+01
-1.808111937344075670e+01
-1.807916367053985951e+01
-1.807450020909308819e+01
-1.808033944368363777e+01
-1.807665027081966613e+01
-1.807015917301178476e+01
-1.807494541704655688e+01
-1.554871306419372523e+01
-1.779705697000028053e+01
-1.578690161406993475e+01
-1.808146125376224589e+01
-1.807103945910931131e+01
-1.722304073274135661e+01
-1.807643991112709614e+01
-1.808012401461601115e+01
-1.807722585201264565e+01
-1.808076708614825634e+01
-1.807984237670898864e+01
-1.807914067208768216e+01
-1.807690293490887257e+01
-1.765987608134745912e+01
-1.808041365146638313e+01
-1.491810921877622853e+01
-1.551662223190069056e+01
-1.808018048703669578e+01
-1.807654744982718498e+01
-1.808154073357581737e+01
-1.807664946019648511e+01
-1.807778324782849211e+01
-1.552554181814194223e+01
-8.073516659438610965e-01
-1.807670515775680542e+01
-1.767765409946440514e+01
-1.807818366587163439e+01
-1.807720027267933816e+01
-1.807435832023620392e+01
-1.805706732571125883e+01
-1.807635646462439638e+01
-1.807884114384650331e+01
-1.808068619370460084e+01
-1.807184610366822142e+01
-8.524005339480936749e-01
-1.808141188919543652e+01
-1.551614595502615046e+01
-1.807472964227200407e+01
-1.807853996455668977e+01
-1.780333419144153240e+01
-1.808114769160746960e+01
-1.808109035193920633e+01
-1.763844492435453404e+01
-1.808161077797413085e+01
-1.808181066215037802e+01
-1.806653690338133700e+01
-1.808078889846801474e+01
-1.807406553924084491e+01
-1.551407482624053991e+01
-1.583492888212203731e+01
-1.722126784324646565e+01
-1.808049518764018160e+01
-1.807844625711440756e+01
-1.808028478622435387e+01
-1.807825688123702434e+01
-1.808202923536299878e+01
-1.807740870714186343e+01
-2.517506666854024466e+00
-1.654358769357204295e+01
-1.808086661100386650e+01
-1.807799599468708962e+01
-1.528489745259285115e+01
-1.779259033501148224e+01
-1.808107784688473529e+01
-1.807768085896969623e+01
-1.089953199215232926e+00
-1.808013678789138723e+01
-1.806071404814719017e+01
-1.763865979909896353e+01
-9.505604446865618673e-01
-1.763731856048108426e+01
-1.807580949664114911e+01
-1.564257955551147106e+01
-1.527092015147209025e+01
-1.807893835008145089e+01
-1.807478039562701966e+01
-1.578610670268535010e+01
-1.808065037727356739e+01
-1.807507203817367980e+01
-1.807716165781020479e+01
-1.686254745125771848e+01
-1.808156359791755818e+01
-1.807604059576989286e+01
-1.807576662003994272e+01
-1.807663419246672376e+01
-1.588770000934600723e+01
-1.807617982029915282e+01
-1.807528376877308673e+01
-1.807577496170997478e+01
-1.808084868788720101e+01
-1.808209891021250471e+01
-1.528780324459075324e+01
-1.807044411301612996e+01
-1.763895459175111213e+01
-1.527916216850280762e+01
-1.807266776263713481e+01
-1.807625656425951632e+01
-1.807610489428043365e+01
-1.807592441141604667e+01
-1.807196615338326495e+01
-1.808045983314513450e+01
-1.807947673797608701e+01
-1.806838281750678021e+01
-1.780114371776582161e+01
-1.528361855745314735e+01
-1.626482852101326060e+01
-1.807627093195915080e+01
-1.763760770857333782e+01
-1.807894581556319835e+01
-1.527720112800597363e+01
-1.807421338856218895e+01
-1.529294968247413777e+01
-1.807849347591401568e+01
-1.807694586813450144e+01
-1.807619858384132527e+01
-1.765050471723078118e+01
-1.583377495110035404e+01
-1.807829156219958122e+01
-1.719509151875971753e+01
-1.808155965507031482e+01
-1.807368136048317098e+01
-1.807808857262134339e+01
-1.807916570603849138e+01
-1.807747763991356038e+01
-1.808077004551886091e+01
-1.807820061743259998e+01
-1.717673384845255669e+01
-1.807732136249542521e+01
-1.807475309967995614e+01
-1.807722356617449933e+01
-1.807807305455207114e+01
-1.725975612401961001e+01
-1.807728782296180015e+01
-1.805980789661407826e+01
-1.737431610822677186e+01
-1.807639056444167736e+01
-1.626716931760311979e+01
-1.807455761730671284e+01
-1.759929472208024137e+01
-1.528412054479121807e+01
-1.808063573241234678e+01
-1.807587528228758700e+01
-1.527489586174488423e+01
-1.807105364501477496e+01
-1.808125464022159079e+01
-1.808065751194953208e+01
-1.583552438616752411e+01
-1.807977456450461062e+01
-1.808132567703723481e+01
-1.807438645064831562e+01
-8.900270337471739568e-01
-1.808054843544961088e+01
-1.807762320339680073e+01
-1.807271634936333271e+01
-1.528567130565643595e+01
-1.808181392550469013e+01
-1.552523923814296403e+01
-1.807732292711735411e+01
-1.021602149447426111e+00
-1.578376042842864813e+01
-1.807841480672358614e+01
-1.527700354158878149e+01
-1.807775293290614727e+01
-1.808023235499858217e+01
-1.806870025396348467e+01
-1.807299636006354859e+01
-1.528171148002148527e+01
-1.808016183376311758e+01
-1.807529333829880613e+01
-1.764496166110038189e+01
-1.807984605729580707e+01
-1.807703377604486050e+01
-1.807476992607116983e+01
-1.807810170650482462e+01
-1.763380251526832154e+01
-1.807161366939544322e+01
-1.645614442527293164e+01
-1.579024263620375734e+01
-1.808043024539946941e+01
-1.807433363497257517e+01
-1.807522280216217325e+01
-1.807461750209331441e+01
-1.807563869357108288e+01
-1.808166550993919230e+01
-1.807612312138081734e+01
-4.375977274775504355e+00
-1.807520720064639619e+01
-1.551579663008451071e+01
-5.680994730442762375e+00
-1.808061652481556791e+01
-1.552942844331264638e+01
-1.654271728396415142e+01
-1.807804603576660440e+01
-1.807226452231406455e+01
-1.762580440938472393e+01
-1.807357847690583341e+01
-1.804874475598336048e+01
-1.762378841042519539e+01
-1.808001429736614440e+01
-1.807725852131842714e+01
-1.807463491559028057e+01
-1.808087791502475028e+01
-1.806596599221230193e+01
-1.807700565159321471e+01
-1.529247714579105377e+01
-1.719031271934507998e+01
-1.721693035066127209e+01
-1.807917095720768330e+01
-1.721545173823833608e+01
-1.726488283872603446e+01
-1.529606844186783121e+01
-1.807671958804131407e+01
-1.807050396800040204e+01
-1.807609196603297619e+01
-1.806767285764217590e+01
-1.652010436952114603e+01
-1.763638916015624503e+01
-1.807577479183673930e+01
-1.807249179482458956e+01
-1.807891022562981220e+01
-1.807886682450772398e+01
-1.713093730211259214e+01
-1.807382203638553619e+01
-1.807257969379426044e+01
-1.807545647919178933e+01
-1.622615356445312429e+01
-1.552375828027725113e+01
-1.807789707183837535e+01
-1.807843291759491322e+01
-1.806477264165877727e+01
-1.806350521147250276e+01
-1.807786238789557132e+01
-1.738456229567529121e+01
-1.578776107728481293e+01
-1.552541762683541160e+00
-1.552610186338423937e+01
-1.552605613768101023e+01
-1.780688327252864767e+01
-1.527821888625621405e+01
-1.551691199243068908e+01
-1.622078862190246440e+01
-1.763519032299518940e+01
-1.807720620930194144e+01
-1.807865340411662203e+01
-1.807901054024697274e+01
-1.807456706464289198e+01
-1.807520326375962938e+01
-1.625097100734709699e+01
-1.780472386181355660e+01
-1.808048011064530414e+01
-1.807684568762780231e+01
-1.807985984385014433e+01
-1.807986878156660637e+01
-1.807954816818235599e+01
-1.808052612245083068e+01
-1.528102969229221131e+01
-1.807740789353846012e+01
-1.578726144731044556e+01
-1.807659052014351175e+01
-1.807943879067898862e+01
-1.807801896333693037e+01
-1.808215544223786608e+01
-1.807885935008526346e+01
-1.807804388403893370e+01
-1.808096366822719503e+01
-1.763846710622311065e+01
-1.807850548326969076e+01
-1.807982591688632468e+01
-1.548912255764007639e+01
-1.526548448204993846e+01
-1.762956627309322855e+01
-1.780516680181027667e+01
-1.807350105643272542e+01
-1.763067156374454569e+01
-1.807382757365702730e+01
-1.622575569599866441e+01
-1.762764546275137434e+01
-1.808042813539505289e+01
-1.807941273152828998e+01
-1.807765068113803153e+01
-1.622549947500228740e+01
-1.626639805436135333e+01
-1.762924138605594848e+01
-1.806913625001905999e+01
-1.807996537685393434e+01
-1.808061171174048454e+01
-1.807755340337753580e+01
-1.807738281786441092e+01
-1.807991828024386294e+01
-1.807611147761344483e+01
-1.807994904220104360e+01
-1.807858198583124576e+01
-1.807743714749812725e+01
-1.807960641086101816e+01
-1.807481903433799175e+01
-1.807967913448809583e+01
-1.551544467359780910e+01
-1.807902951836586070e+01
-1.807290109097956687e+01
-1.807961640954017213e+01
-1.807809900045394613e+01
-1.760355351567269366e+01
-1.807263057827948316e+01
-1.764688689708709646e+01
-1.807857555150985718e+01
-1.657532809972764198e+01
-1.807978526949881726e+01
-1.531235525906085471e+01
-1.807800658047198894e+01
-1.528071438968181006e+01
-1.552862101197243128e+01
-1.806917279958725331e+01
-1.807812148332594404e+01
-1.807286003232003324e+01
-1.551607860326766897e+01
-1.806835758686066740e+01
-1.807258528172970458e+01
-1.807932841181754569e+01
-2.784593025670619948e+00
-1.807383776307106160e+01
-1.723236215412617156e+01
-1.807796635329722434e+01
-1.807706220448016055e+01
-1.721203881204129615e+01
-1.807786641716956666e+01
-1.807468447685242197e+01
-1.807311376631259847e+01
-1.807998329699039530e+01
-1.808061323761940287e+01
-1.808132410645484711e+01
-1.807551688253879263e+01
-1.807982056140899729e+01
-1.532400457561016616e+01
-1.806695677936076549e+01
-1.807794429361820221e+01
-1.807149236202240772e+01
-1.807309591174124463e+01
