-1.804745101928709516e+01
-1.804994634091854877e+01
-1.805247394740580802e+01
-1.804678217172623533e+01
-1.727162853777409168e+01
-1.805615245997906726e+01
-1.805569173991679222e+01
-1.778449398279188642e+01
-1.714493259787560220e+01
-1.805298442542552806e+01
-1.805738430023194141e+01
-1.805130600035190014e+01
-1.777077423930166944e+01
-1.805534095466137146e+01
-1.804592951238154441e+01
-1.804648015499114422e+01
-1.805604149401189318e+01
-1.777846488356589560e+01
-1.621589969843626378e+01
-1.805228894650936056e+01
-1.805600654482840994e+01
-1.805449371933937286e+01
-1.720478325188159729e+01
-1.805711986422538118e+01
-1.805197837948799844e+01
-1.717664653360845151e+01
-1.722781043946742940e+01
-1.621326585710049173e+01
-1.805828589200973511e+01
-1.805721608698367575e+01
-1.805136694014072773e+01
-1.804932645857332929e+01
-1.804310795366764353e+01
-1.804633568227291818e+01
-1.803709707558156339e+01
-1.531146575510501506e+01
-1.553362472355365398e+01
-1.805762336850165894e+01
-1.805343658030033183e+01
-1.805562325119971234e+01
-1.805516574680804709e+01
-1.805617874562740255e+01
-1.713866899311543790e+01
-1.805450968146324797e+01
-1.805436691939831562e+01
-1.588404643237591074e+01
-1.552775516211986684e+01
-1.805114008188247254e+01
-1.805745635628699830e+01
-1.805834197998047941e+01
-1.805311752259732927e+01
-1.805446050465107533e+01
-1.551955892443656815e+01
-1.803312647342681885e+01
-1.651685758829117745e+01
-1.805440416038037199e+01
-1.804574972093104179e+01
-1.805212854146956403e+01
-1.804993708133697439e+01
-1.621347341537476439e+01
-1.804987376928329113e+01
-1.657430910766124299e+01
-1.553496189415454865e+01
-1.762607303559780192e+01
-1.805859405696392272e+01
-1.622715077996253541e+01
-1.805618394315241559e+01
-1.805894337892532420e+01
-1.578432806134223831e+01
-1.805319634079934588e+01
-1.805452590882778097e+01
-1.805177487432957051e+01
-1.805853539109228478e+01
-1.805811593532561687e+01
-1.621225470304489491e+01
-1.805190545022486859e+01
-1.804729546010494445e+01
-1.805544671416281588e+01
-1.805361714363097292e+01
-1.805533303618431518e+01
-1.621690129935741354e+01
-1.761041070222853833e+01
-1.805593522787094685e+01
-1.747489243149757598e+01
-1.765150510072707135e+01
-5.129442881955765365e+00
-1.805370277464390583e+01
-1.804647168517114508e+01
-1.759894534647465392e+01
-1.805334294438362264e+01
-1.805588243007659344e+01
-1.663495635986326349e+01
-1.805274874269960961e+01
-1.803578551709652444e+01
-1.651636369675398797e+01
-1.528765704929828750e+01
-1.761299779117107889e+01
-1.805597088634968728e+01
-1.669273965358735268e+01
-1.805349315702915547e+01
-1.805527751743793274e+01
-1.804303640723230018e+01
-1.804733607470988588e+01
-1.527801630198955785e+01
-1.805775536894797284e+01
-1.761601138710975434e+01
-1.730705725550652829e+01
-1.626007714569568563e+01
-1.805290769338609280e+01
-1.804324632287024599e+01
-1.805655552446841838e+01
-1.805817774832247480e+01
-1.805180390775204557e+01
-1.778168762028216321e+01
-1.805218487381934978e+01
-1.652670148313044152e+01
-1.530239133238792526e+01
-1.804696896076202961e+01
-1.803170492351054222e+01
-1.805706750154496021e+01
-1.528336897194385458e+01
-1.805404919683934395e+01
-1.762498123943805695e+01
-1.805539834201335836e+01
-1.805749138593673919e+01
-1.804882006049155763e+01
-1.726734564900397828e+01
-1.804353289008141559e+01
-1.805270980596543495e+01
-1.804373902976512767e+01
-1.529533704221248946e+01
-1.728716006875038502e+01
-1.760117807984352467e+01
-1.627201257944107837e+01
-1.763821889758110473e+01
-1.805610925257206034e+01
-1.805298337936401865e+01
-1.804558244645596687e+01
-1.805547380745409924e+01
-1.762750055491924783e+01
-1.530450347661972188e+01
-1.805712161660195036e+01
-1.219022577302530275e+00
-1.639214109182357859e+01
-1.805472547709942077e+01
-1.804370478093624897e+01
-1.804580407440663237e+01
-1.805468106567859010e+01
-1.669234824478625612e+01
-1.805680643916129924e+01
-1.805051381587983883e+01
-1.804850348532199078e+01
-1.805182291865349242e+01
-1.769387113749979434e+01
-1.805817448794840629e+01
-1.805434698462487830e+01
-1.805715918540954590e+01
-1.528019252419472096e+01
-1.805213889181613141e+01
-1.621238558441401167e+01
-1.578111253380775025e+01
-1.805502126216889280e+01
-1.805503293573857704e+01
-1.804422367513179282e+01
-1.803745344877242474e+01
-1.778683789968491169e+01
-1.732514858543872194e+01
-1.805687774419784475e+01
-1.552376341819762828e+01
-1.804643321633339070e+01
-1.713780676424503824e+01
-1.805183498859405944e+01
-1.804384421408176209e+01
-1.805565052926540304e+01
-1.805013460218907539e+01
-1.805579493641853261e+01
-1.805298675298689659e+01
-1.805242400765419220e+01
-1.551973665952682069e+01
-1.730672094225882773e+01
-1.802743737697601034e+01
-1.805438175797461042e+01
-1.805252800583839345e+01
-1.562595536261796880e+01
-1.805198819637297802e+01
-1.553525535166263793e+01
-1.805729347765445070e+01
-1.805183711051941842e+01
-1.805174972414969403e+01
-1.805800991654395915e+01
-1.804126629829407591e+01
-1.627065501213073873e+01
-1.762375427782536974e+01
-1.778090969622136086e+01
-1.805166690647602934e+01
-1.805760755240917348e+01
-1.762426626086235615e+01
-1.805343445241451761e+01
-1.805165876746179165e+01
-1.621311325281858728e+01
-1.777956565022470059e+01
-1.805718000531197021e+01
-1.132191171310842126e+00
-1.804960434436798877e+01
-1.552128065079450359e+01
-1.762381919324397472e+01
-1.805187516808510040e+01
-1.804584033191204995e+01
-1.805508114099503203e+01
-1.805253896713257333e+01
-1.805750854015350626e+01
-1.805528954565525979e+01
-1.805113219618796805e+01
-1.805778687596319543e+01
-1.621244518309831406e+01
-1.805713572502135378e+01
-1.805403781831264709e+01
-1.621277769505977062e+01
-1.804374244511128111e+01
-1.805784275233744651e+01
-1.805812174081801658e+01
-1.763349095284939949e+01
-1.764795090854169857e+01
-1.713963500857351718e+01
-1.805595021247864551e+01
-1.804812553524972074e+01
-1.805883593857288005e+01
-1.805750405192373975e+01
-1.805533541440964029e+01
-1.621407337188720632e+01
-1.805559780299663686e+01
-1.803896825611591126e+01
-1.805425449907780333e+01
-1.805343347191810821e+01
-1.805464335083960847e+01
-1.804451344609259777e+01
-1.805439545512198762e+01
-1.804629455804823479e+01
-1.804053897857665945e+01
-1.663371615409851856e+01
-1.805639702379702172e+01
-1.805267744660378781e+01
-1.805340402424336688e+01
-1.805576192438602945e+01
-1.805063310563565082e+01
-1.599461523890494874e+01
-1.578150873482226757e+01
-1.805641865432261639e+01
-1.805130564868450094e+01
-1.551753284335136662e+01
-1.805657376050949381e+01
-1.804876979887486499e+01
-1.805810574591160744e+01
-1.805643690228462361e+01
-1.805224881172181028e+01
-1.805611864328385252e+01
-1.805396321415902250e+01
-1.803828905820846273e+01
-1.805493077635763655e+01
-1.805748367309571378e+01
-1.805107354223729388e+01
-1.805526890754699210e+01
-1.529900975823402653e+01
-1.805103967189789671e+01
-1.805380273163319416e+01
-1.804658173620700268e+01
-1.805054338872433206e+01
-1.805507429838181110e+01
-1.778458568453788402e+01
-1.805802161097527758e+01
-1.804949470460416094e+01
-1.805652231276036446e+01
-1.805127075612544374e+01
-1.805781061053276915e+01
-1.805002354383467633e+01
-1.551827947348356318e+01
-1.805056734383106587e+01
-2.023919146507978883e+00
-1.654678487777709961e+01
-1.805182104706764434e+01
-1.527938492894173095e+01
-1.805133003890513166e+01
-1.527637756466865859e+01
-1.804879106283188150e+01
-1.778031101524830859e+01
-1.778637602329252942e+01
-1.805352298319340321e+01
-1.805423681139946979e+01
-1.805618462264538593e+01
-1.713948948085308288e+01
-1.805205768644808728e+01
-1.805292600095273059e+01
-1.586067703366279602e+01
-1.778295230865478871e+01
-1.804972984790802570e+01
-1.551482389867305578e+01
-1.805126200318336771e+01
-1.805342378914357226e+01
-1.804980691671372384e+01
-1.055649351701140048e+00
-1.657808243632315737e+01
-5.129614721704272462e+00
-1.804430393874643812e+01
-1.803410837054251914e+01
-1.805523403584958686e+01
-1.805701867043971376e+01
-1.805090915560721854e+01
-1.805663279592990378e+01
-1.805727749466896626e+01
-1.805625427365302116e+01
-1.762069080471991001e+01
-1.627059356570244120e+01
-1.805772044956684397e+01
-1.759208893477917712e+01
-1.805673788785935230e+01
-1.805217544138431762e+01
-1.805711014270782755e+01
-1.804078067280352471e+00
-1.657823536694050759e+01
-1.805721719264983705e+01
-1.805014190673828622e+01
-1.762807777523996222e+01
-1.805829585194587850e+01
-1.723050912320614358e+01
-1.805464504361153644e+01
-1.805167098939417869e+01
-1.762489717304705295e+01
-1.805855663716793202e+01
-1.805462853312493721e+01
-1.716216340661049600e+01
-1.805530461370944195e+01
-1.805573595762252737e+01
-1.805713837444783110e+01
-1.625678946077824705e+01
-1.805411591529847115e+01
-1.763321707248687531e+01
-1.778534995317457756e+01
-1.805253628492356199e+01
-1.805745010972023223e+01
-1.715926733613015642e+01
-1.594059414863586177e+01
-1.621428658068180439e+01
-1.636496898829937763e+01
-1.528066225945949341e+01
-5.129036021442152204e+00
-1.805519351065159483e+01
-1.804691431522370237e+01
-1.805754038393498462e+01
-1.805237127840520017e+01
-1.805492398142813926e+01
-1.529217213690280808e+01
-1.805088699162006094e+01
-1.803973702788352185e+01
-1.805451649725438656e+01
-1.803168151676655384e+01
-1.804919447302819435e+01
-1.685065978467465087e+01
-1.805546121597289400e+01
-1.805881985425949310e+01
-1.805363712012768218e+01
-1.657515418827533438e+01
-1.804945597052573447e+01
-1.804909059405326488e+01
-1.722187005877495025e+01
-1.530394669473171376e+01
-1.805239246189595193e+01
-1.804686236083508177e+01
-1.805483432710169822e+01
-1.802733554244041159e+01
-1.777872965037824216e+01
-1.804160066545010110e+01
-1.761821631491184803e+01
-1.805404223501681571e+01
-1.761338222622870475e+01
-1.804621883332728771e+01
-1.805501754879950482e+01
-1.805574775040149760e+01
-1.775800370872020650e+01
-1.762637615501879296e+01
-1.805263562500477192e+01
-1.621259698569775054e+01
-1.548008724302053096e+01
-1.805686365067959898e+01
-1.100480440072715504e+00
-1.805300140380859375e+01
-1.805331838130949862e+01
-1.805303137004375102e+01
-1.805712881088256339e+01
-1.719904959201812034e+01
-1.761362646818162148e+01
-1.805364099442958192e+01
-1.805043463110924762e+01
-1.804243049919604758e+01
-1.805652604103089232e+01
-1.552106689661741434e+01
-1.528820178806782337e+01
-1.805660413205623271e+01
-1.722431705892085674e+01
-1.778251169323921843e+01
-1.804936763942243161e+01
-1.805836204886436036e+01
-1.763079122900962759e+01
-1.726879790723322827e+01
-1.718260562419892423e+01
-1.805489675700664520e+01
-1.805798011124133495e+01
-1.805853359401224623e+01
-1.805459688305855082e+01
-1.805292075872422330e+01
-1.804758394658566445e+01
-1.805711195766926380e+01
-1.804955157935618715e+01
-1.805391322672365817e+01
-1.805332596898078279e+01
-1.805095776617526226e+01
-8.988271387061104178e-01
-1.805709547102450330e+01
-1.804704402089118531e+01
-1.805311441123485139e+01
-1.804976496994494539e+01
-1.805680526494980143e+01
-1.805458032488823505e+01
-1.805148440897463757e+01
-1.762128855586050946e+01
-1.804894248247146038e+01
-1.713145305514337124e+01
-1.804785858392713749e+01
-1.805583467185498137e+01
-1.805184092521667694e+01
-1.714334123134613108e+01
-1.578296001553535532e+01
-1.805584159195424121e+01
-1.805122667253016999e+01
-1.721052764058114093e+01
-1.763924062848091268e+01
-1.626864682435990161e+01
-1.803539092540740185e+01
-1.804933666884899068e+01
-1.805663089752198047e+01
-1.805794117748738259e+01
-1.805717143416405435e+01
-1.804424639940260988e+01
-1.804702773690222273e+01
-1.805744574069975883e+01
-1.777459553778171752e+01
-1.805325143039226532e+01
-1.805213803648949167e+01
-1.805624884366989491e+01
-1.805672763884067322e+01
-1.805621532499790050e+01
-1.527814870178699280e+01
-1.805101328492165180e+01
-1.804338675141334747e+01
-1.805575508773325666e+01
-1.804686022698879100e+01
-1.805138163864613787e+01
-1.761834123134614316e+01
-1.669319875836373157e+01
-1.588282346129417455e+01
-1.528099609315395924e+01
-1.805672612190245729e+01
-1.804792471230028994e+01
-1.554442772567271902e+01
-1.804166625440119631e+01
-1.777251773476601926e+01
-1.805328375995159362e+01
-1.719749983251093894e+01
-1.805409251153468730e+01
-1.805491229295729738e+01
-1.804312358498573232e+01
-1.805761951804161569e+01
-1.805703114271163656e+01
-1.805237906873226095e+01
-1.528488823473453273e+01
-1.735428572893142274e+01
-1.714775486886501099e+01
-1.622115061283112070e+01
-9.201466574566437018e-01
-1.805331782102586047e+01
-1.805160216093064562e+01
-1.805514796078205464e+01
-1.805310150682927173e+01
-1.805685080289840982e+01
-1.805291381776333637e+01
-9.029631851240994544e-01
-1.762950485646725696e+01
-1.804734960496426410e+01
-1.805709334611891137e+01
-1.683451421558855898e+01
-1.657324378192424419e+01
-1.621302108466624858e+01
-1.759383110105992643e+01
-1.805709558129309755e+01
-1.805415689051152484e+01
-1.713913489878177288e+01
-1.805675149857999173e+01
-1.776623946428298950e+01
-1.727328234016895436e+01
-1.805631681382657305e+01
-1.805469789803028391e+01
-1.805576491355895286e+01
-1.627271658182144165e+01
-1.625390240848064849e+01
-1.720735777914523723e+01
-1.805291596651076702e+01
-1.805097054243088195e+01
-1.626936485767364005e+01
-1.528945829570293569e+01
-1.763074286878107699e+01
-1.805457008183002898e+01
-1.805057374835013206e+01
-1.805142128765584175e+01
-1.805387744903562819e+01
-1.762681969106197499e+01
-1.805367712676524405e+01
-1.805600503683088931e+01
-1.805282361209391695e+01
-1.805746208131314035e+01
-1.552210170924663402e+01
-1.621196713596583194e+01
-1.717945141494275063e+01
-1.805476246178151456e+01
-1.805270148217678283e+01
-1.776320260465145040e+01
-1.669226224720477703e+01
-1.804848372042180316e+01
-1.805636985003947714e+01
-1.805503312945364769e+01
-1.776790274679659376e+01
-1.804083109200000834e+01
-1.805719489753245455e+01
-1.803955418169497804e+01
-1.805725116133689312e+01
-1.598783117830753575e+01
-1.805324803590773186e+01
-1.805696127414704222e+01
-1.805491765737532717e+01
-1.623004091531037929e+01
-1.805834644734859395e+01
-1.804735607802868103e+01
-1.805133810639382119e+01
-1.578754481375217722e+01
-1.805245783925057168e+01
-1.805052717924118255e+01
-1.621750811934471415e+01
-1.804774195849894625e+01
-1.533415253460407435e+01
-1.805773030817509905e+01
-1.805544486343859489e+01
-1.528126983344555079e+01
-1.761762686371802644e+01
-1.805378410220146534e+01
-1.762777391672134897e+01
-1.805072572827339883e+01
-1.804942417442798686e+01
-1.725657542645930320e+01
-1.733777133226395506e+01
-1.804895867705344159e+01
-1.805194516777993741e+01
-1.803905756771563773e+01
-1.621200037300586416e+01
-1.726088014543057625e+01
-1.805408228337764953e+01
-1.805578051507472637e+01
-1.804067824482917004e+01
-1.805302357375623146e+01
-1.763437879085540416e+01
-1.621975376754998877e+01
-1.804029318094253043e+01
-1.805285277068614036e+01
-1.726961047947407124e+01
-1.578688504099846490e+01
-1.805183984935282737e+01
-1.778109808862208752e+01
-1.805516857206821868e+01
-1.531094680130481400e+01
-1.805237060785295000e+01
-1.721682960987091349e+01
-1.805746533870696169e+01
-1.529198969602584945e+01
-1.805448914766312285e+01
-1.528179973363876165e+01
-1.805095970034599162e+01
-1.805190298259258697e+01
-1.805624285042286559e+01
-1.655558086633681469e+01
-1.627090642154216837e+01
-1.805179725289343651e+01
-1.805599693357945057e+01
-1.551835306435823547e+01
-1.805613523721694591e+01
-1.685405848622320946e+01
-1.805375126600266000e+01
-1.805092810988426422e+01
-1.805014164447783287e+01
-1.804981949329376789e+01
-1.528722230195999643e+01
-1.551749194562435008e+01
-1.553290304839610947e+01
-1.762965901494026610e+01
-1.625768094658851126e+01
-1.778623647093771964e+01
-1.805865205228327852e+01
-1.805610555708408427e+01
-1.805625202357769865e+01
-1.805249693393706067e+01
-1.804724085032940906e+01
-1.716045112907886860e+01
-1.805614394843577131e+01
-1.805571061670781319e+01
-1.805236701965330681e+01
-1.805302201807498719e+01
-1.805006284117700233e+01
-1.760477307140826397e+01
-1.621318059116601518e+01
-1.578103308677673056e+01
-1.805388212800025727e+01
-1.805206159353257078e+01
-1.805028681755066344e+01
-1.802158913910388804e+01
-1.713720963597298663e+01
-1.805601811110973287e+01
-1.553340862393379318e+01
-1.762468424439431303e+01
-1.762409626245498728e+01
-1.595877363979816543e+01
-1.805032232999800357e+01
-1.529036236703395346e+01
-1.805775873959064270e+01
-1.805400689244270751e+01
-1.805039260983467742e+01
-1.805460981726647063e+01
-1.805871603786944846e+01
-1.805536359250546852e+01
-1.805668903589248941e+01
-1.805707953870295412e+01
-1.777735419273376039e+01
-1.805570260882378619e+01
-1.578271026909351171e+01
-8.453863300383089863e-01
-1.805575659275054079e+01
-1.805707472264765912e+01
-1.804886084794998169e+01
-1.804219733476639576e+01
-1.804930775463580872e+01
-1.805441685020923615e+01
-1.804906461536885232e+01
-1.805507657825946310e+01
-1.804909405112265830e+01
-1.805068839490413879e+01
-1.643067285120486432e+01
-1.592729162573814605e+01
-9.035199829842898156e-01
-1.805151658058167286e+01
-1.760780734419823190e+01
-1.804926955103875486e+01
-1.804410390257835317e+01
-1.552110976576804902e+01
-1.804172872900962332e+01
-1.805015500783920857e+01
-1.761453378200530651e+01
-1.762487106621264488e+01
-1.805309612154960419e+01
-1.805800233185290082e+01
-1.728230588734149720e+01
-1.804817367494105085e+01
-1.761784720122812686e+01
-1.620378302335739207e+01
-1.719424861967563700e+01
-1.805193201899528077e+01
-1.805513484776019340e+01
-1.804982748031616069e+01
-1.805687000155449340e+01
-1.804953426122664339e+01
-1.805472482442854698e+01
-1.805666508078575205e+01
-1.804396134018897158e+01
-1.636822228729724671e+01
-1.805170592367649718e+01
-1.578426614105701731e+01
-1.805676453411580340e+01
-1.805151174366473654e+01
-1.805562496781350035e+01
-1.805073274970053987e+01
-1.805717988312244060e+01
-1.805388164520264027e+01
-1.804414960741994989e+01
-1.805411315858363253e+01
-1.805402912795543813e+01
-1.805408650636672974e+01
-1.805228137373923403e+01
-1.805694217383860334e+01
-1.805688225030899474e+01
-1.805623866021632651e+01
-1.805375944375991537e+01
-1.762856332957744598e+01
-1.805731897056103108e+01
-1.761720411181450174e+01
-1.762115160822868631e+01
-1.804747906625271625e+01
-1.805384118556975537e+01
-1.805063067078591388e+01
-1.729343220591543684e+01
-1.805313823819160035e+01
-1.805230496227741810e+01
-1.805657528340816143e+01
-1.805368993878364137e+01
-1.552357020974159774e+01
-1.805566081702708203e+01
-1.804936255812646095e+01
-1.805346673130989643e+01
-1.805534992218016299e+01
-1.805583312511444660e+01
-1.805262548327445060e+01
-1.805363227725028352e+01
-1.802197152376174216e+01
-1.621126774251461100e+01
-1.805497047007084532e+01
-1.805299822092057482e+01
-1.777975776791571860e+01
-1.804648026525974913e+01
-1.767189708054065633e+01
-1.805224708616733054e+01
-1.805759775638579256e+01
-1.640253984034062995e+01
-1.805204930007457520e+01
-1.805873199403287543e+01
-1.804275101125239189e+01
-1.805510541498659904e+01
-1.805674075484276386e+01
-1.762227375805379381e+01
-1.536911111176014089e+01
-1.598838806450366690e+01
-1.804895419180392935e+01
-1.527248387038707911e+01
-1.805555779337884559e+01
-1.805536296069623603e+01
-1.803962056338787789e+01
-1.804268484413623952e+01
-1.529628437757491888e+01
-1.804372008740902444e+01
-1.621750810444355295e+01
-1.804807539284228923e+01
-1.801376699507236623e+01
-1.803207209706305747e+01
-1.803715400397778623e+01
-1.805146562159060508e+01
-1.805642128884791831e+01
-1.805833575129508617e+01
-1.805081391334534757e+01
-1.805446111857892078e+01
-1.778167700767517800e+01
-1.804801393747330707e+01
-1.803764063417911245e+01
-1.761345364153384807e+01
-1.804774657487869050e+01
-1.805640695691109343e+01
-1.621404696553945257e+01
-1.805435852408407982e+01
-1.804518132507800843e+01
-1.804308418333531350e+01
-1.760494869649410177e+01
-1.762163802385329703e+01
-1.762669643759728189e+01
-1.761401515901088999e+01
-1.805596890449525205e+01
-1.805415894687175182e+01
-1.805711379051209065e+01
-1.805487597882747863e+01
-1.805629164874553894e+01
-1.805638075470924520e+01
-1.804854866564275184e+01
-1.805746383965016477e+01
-1.805593997836113118e+01
-1.805355776846408133e+01
-1.805238487124444546e+01
-1.805301060676574210e+01
-1.805006543099881711e+01
-1.805216532945633290e+01
-1.805325353145597944e+01
-1.805601839423180266e+01
-1.763884981274605224e+01
-5.129093367513269719e+00
-1.805537344217300344e+01
-1.805653923749923706e+01
-1.777945572733879942e+01
-1.804307819604873586e+01
-1.802777603268622642e+01
-1.805340923070906456e+01
-1.770663447082043973e+01
-1.805213908255099753e+01
-1.778785694837571540e+01
-1.805543056428433246e+01
-1.805430035591125204e+01
-1.805810409486292656e+01
-1.805333382785320495e+01
-1.804607938528059918e+01
-1.804895838201046487e+01
-1.805729427635669992e+01
-1.804922436177731271e+01
