-2.005290850996971130e+01
-2.009392967820167542e+01
-2.006170424818992615e+01
-2.003494997322559357e+01
-2.005105005204677582e+01
-2.005247503519058228e+01
-2.001893371343612671e+01
-2.004523415863513947e+01
-2.004688116908073425e+01
-2.004631224274635315e+01
-1.994855371117591858e+01
-2.002271972596645355e+01
-2.004503192007541656e+01
-2.005834028124809265e+01
-1.994748918712139130e+01
-2.009418727457523346e+01
-1.995237147808074951e+01
-2.000189004838466644e+01
-2.004283788800239563e+01
-1.997145618498325348e+01
-2.000501331686973572e+01
-1.998762455582618713e+01
-2.004354843497276306e+01
-2.006261050701141357e+01
-1.997146917879581451e+01
-1.993592548370361328e+01
-2.004486067593097687e+01
-2.006465458869934082e+01
-1.995489040017127991e+01
-2.001329393684864044e+01
-2.005151493847370148e+01
-2.004951018095016479e+01
-1.999530734121799469e+01
-2.004301977157592773e+01
-2.006337340176105499e+01
-2.005588540434837341e+01
-2.004780556261539459e+01
-1.993166713416576385e+01
-1.994925393164157867e+01
-2.005496585369110107e+01
-2.005301459133625031e+01
-1.994023032486438751e+01
-2.005129747092723846e+01
-2.002177886664867401e+01
-2.009347108006477356e+01
-2.005886344611644745e+01
-1.998524858057498932e+01
-2.009421649575233459e+01
-1.999208047986030579e+01
-1.996639887988567352e+01
-2.003146351873874664e+01
-1.998675301671028137e+01
-2.004994523525238037e+01
-2.005834111571311951e+01
-2.005358107388019562e+01
-2.009404130280017853e+01
-2.001008461415767670e+01
-2.008665068447589874e+01
-2.009406441450119019e+01
-2.003922575712203979e+01
-1.996082809567451477e+01
-2.005860117077827454e+01
-2.009228603541851044e+01
-2.006026661396026611e+01
-2.005998101830482483e+01
-2.006669178605079651e+01
-2.005763234198093414e+01
-2.009387950599193573e+01
-1.998501881957054138e+01
-1.999633450806140900e+01
-1.998593214154243469e+01
-2.005140393972396851e+01
-1.993687514960765839e+01
-2.006746760010719299e+01
-2.006204828619956970e+01
-2.003395295143127441e+01
-2.004970619082450867e+01
-2.003591205179691315e+01
-2.002314174175262451e+01
-1.993836759030818939e+01
-1.993096072971820831e+01
-2.005594913661479950e+01
-2.005866642296314240e+01
-2.006239791214466095e+01
-2.003281074762344360e+01
-2.002605368196964264e+01
-1.995103371143341064e+01
-2.004034802317619324e+01
-2.004949489235877991e+01
-2.006558442115783691e+01
-2.004326549172401428e+01
-2.005333356559276581e+01
-2.004301348328590393e+01
-2.004791121184825897e+01
-2.009446120262145996e+01
-1.993081434071063995e+01
-2.009330002963542938e+01
-1.999256506562232971e+01
-2.007386201620101929e+01
-2.006799998879432678e+01
-1.999613386392593384e+01
-2.003786931931972504e+01
-2.004520367085933685e+01
-2.006987378001213074e+01
-1.994120740890502930e+01
-2.009419283270835876e+01
-2.009415818750858307e+01
-1.993869926035404205e+01
-2.004890607297420502e+01
-2.009418199956417084e+01
-2.004642590880393982e+01
-2.004706732928752899e+01
-2.005669991672039032e+01
-1.996880219876766205e+01
-2.004643833637237549e+01
-1.998442694544792175e+01
-2.001123245060443878e+01
-2.001644372940063477e+01
-2.004559539258480072e+01
-1.993985584378242493e+01
-2.004284173250198364e+01
-2.004559315741062164e+01
-2.005068103969097137e+01
-2.003915809094905853e+01
-1.993660674989223480e+01
-2.008904774487018585e+01
-2.005958396196365356e+01
-2.005942192673683167e+01
-2.005788436532020569e+01
-2.006809103488922119e+01
-2.003059495985507965e+01
-1.997370946407318115e+01
-1.996924391388893127e+01
-2.005255472660064697e+01
-2.006289666891098022e+01
-2.005358906090259552e+01
-2.005528619885444641e+01
-2.006718385219573975e+01
-1.996801343560218811e+01
-2.005916436016559601e+01
-2.004744587838649750e+01
-2.005267655849456787e+01
-2.005929428339004517e+01
-1.995967453718185425e+01
-2.005887368321418762e+01
-1.994176000356674194e+01
-2.002790954709053040e+01
-1.994242006540298462e+01
-2.000187243521213531e+01
-2.004708687961101532e+01
-2.008604200184345245e+01
-1.993987850844860077e+01
-2.005601702630519867e+01
-2.005856204032897949e+01
-2.004759731888771057e+01
-2.004267667233943939e+01
-2.006556482613086700e+01
-2.006882257759571075e+01
-2.005841995775699615e+01
-2.006300005316734314e+01
-2.009132309257984161e+01
-2.004912628233432770e+01
-1.999984511733055115e+01
-2.004317335784435272e+01
-2.005727058649063110e+01
-2.006169392168521881e+01
-2.000354447960853577e+01
-1.994676180183887482e+01
-2.009351849555969238e+01
-2.009312599897384644e+01
-2.006249065697193146e+01
-2.003876066207885742e+01
-2.009434558451175690e+01
-2.009412488341331482e+01
-1.999405719339847565e+01
-2.003798244893550873e+01
-2.003767664730548859e+01
-2.005428624153137207e+01
-1.993567043542861938e+01
-2.006523577868938446e+01
-2.005336391925811768e+01
-2.004844141006469727e+01
-2.005280055105686188e+01
-2.006056147813796997e+01
-2.006239867210388184e+01
-2.002027922868728638e+01
-2.002968068420886993e+01
-1.997678084671497345e+01
-1.996631492674350739e+01
-2.005938552320003510e+01
-1.993722294270992279e+01
-2.005576713383197784e+01
-2.005009815096855164e+01
-1.993675751984119415e+01
-2.005149026215076447e+01
-2.007173311710357666e+01
-2.001026290655136108e+01
-2.002227403223514557e+01
-1.994840979576110840e+01
-2.004584202170372009e+01
-2.007109531760215759e+01
-1.997346380352973938e+01
-2.004910713434219360e+01
-1.996667231619358063e+01
-1.994083635509014130e+01
-2.001931804418563843e+01
-2.004998977482318878e+01
-2.001660653948783875e+01
-2.001685220003128052e+01
-2.002231562137603760e+01
-2.002501372992992401e+01
-2.006519776582717896e+01
-2.006427110731601715e+01
-2.004185687005519867e+01
-1.996384821832180023e+01
-1.997766360640525818e+01
-2.003949245810508728e+01
-2.009309700131416321e+01
-2.005893813073635101e+01
-2.005918726325035095e+01
-1.997217729687690735e+01
-2.009421110153198242e+01
-2.004920737445354462e+01
-2.003137190639972687e+01
-2.004641789197921753e+01
-2.003933046758174896e+01
-2.003827151656150818e+01
-2.007681661844253540e+01
-2.002663078904151917e+01
-2.000634191930294037e+01
-2.005263526737689972e+01
-2.005295920372009277e+01
-1.995280447602272034e+01
-2.004885061085224152e+01
-2.006312282383441925e+01
-2.007122880220413208e+01
-2.004460835456848145e+01
-2.005562940239906311e+01
-1.999826064705848694e+01
-2.004677946865558624e+01
-2.003620944917201996e+01
-2.005243265628814697e+01
-2.005905716121196747e+01
-2.008243209123611450e+01
-1.998138724267482758e+01
-2.005857174098491669e+01
-1.999022747576236725e+01
-2.003874802589416504e+01
-2.009147106111049652e+01
-2.005039988458156586e+01
-2.003552249073982239e+01
-2.005864407122135162e+01
-2.000073055922985077e+01
-1.994898486137390137e+01
-2.004090312123298645e+01
-1.998164273798465729e+01
-2.005144274234771729e+01
-2.005019307136535645e+01
-2.005767175555229187e+01
-1.994107051193714142e+01
-2.004991732537746429e+01
-2.002318193018436432e+01
-2.001803451776504517e+01
-2.005420583486557007e+01
-2.003772507607936859e+01
-2.005238462984561920e+01
-2.005295524001121521e+01
-2.009411917626857758e+01
-2.001861885190010071e+01
-2.004182823002338409e+01
-2.005069859325885773e+01
-1.998107360303401947e+01
-2.004897278547286987e+01
-1.993086260557174683e+01
-2.005093511939048767e+01
-2.004228304326534271e+01
-2.008437493443489075e+01
-2.009154379367828369e+01
-2.003981675207614899e+01
-1.995633958280086517e+01
-2.000115051865577698e+01
-2.005510650575160980e+01
-1.996556927263736725e+01
-1.997533501684665680e+01
-2.003842958807945251e+01
-2.006300330162048340e+01
-2.007091179490089417e+01
-2.009287455677986145e+01
-2.005279387533664703e+01
-2.007046668231487274e+01
-2.009346623718738556e+01
-2.004468035697937012e+01
-1.999633783102035522e+01
-2.002148312330245972e+01
-2.009231232106685638e+01
-2.009219846129417419e+01
-2.002953808009624481e+01
-2.004752074182033539e+01
-2.000292034447193146e+01
-2.006504817306995392e+01
-2.006982056796550751e+01
-2.005712725222110748e+01
-2.006431910395622253e+01
-2.009403784573078156e+01
-2.007779282331466675e+01
-2.004802963137626648e+01
-2.005032537877559662e+01
-1.997839008271694183e+01
-2.009431000053882599e+01
-2.003336177766323090e+01
-2.004425442218780518e+01
-2.009417077898979187e+01
-2.002524784207344055e+01
-1.993116289377212524e+01
-2.005112847685813904e+01
-2.005675962567329407e+01
-2.005565743148326874e+01
-1.994006621837615967e+01
-2.003650008141994476e+01
-2.003324344754219055e+01
-2.002760505676269531e+01
-1.999328917264938354e+01
-2.000790126621723175e+01
-2.006145165860652924e+01
-2.004728074371814728e+01
-1.993531425297260284e+01
-2.006381846964359283e+01
-2.001378960907459259e+01
-2.006354027986526489e+01
-2.003710283339023590e+01
-2.009286463260650635e+01
-1.993872256577014923e+01
-2.001800769567489624e+01
-2.000451463460922241e+01
-2.004442548751831055e+01
-2.009427420794963837e+01
-2.008371634781360626e+01
-2.004995155334472656e+01
-2.009385047852993011e+01
-2.000404177606105804e+01
-2.005799284577369690e+01
-2.004213726520538330e+01
-2.009430049359798431e+01
-1.994247567653656006e+01
-2.002426210045814514e+01
-1.993079432845115662e+01
-2.006130129098892212e+01
-2.005152408778667450e+01
-2.005596770346164703e+01
-2.007429139316082001e+01
-2.004489877820014954e+01
-2.007705445587635040e+01
-2.005134817957878113e+01
-2.004814963042736053e+01
-2.005530281364917755e+01
-2.006509414315223694e+01
-2.002841030061244965e+01
-2.002335026860237122e+01
-2.004637737572193146e+01
-2.007009214162826538e+01
-2.007120776176452637e+01
-1.993375493586063385e+01
-2.009119990468025208e+01
-2.009340895712375641e+01
-1.998800651729106903e+01
-2.004922392964363098e+01
-1.996338626742362976e+01
-2.007090650498867035e+01
-2.006048794090747833e+01
-2.009126217663288116e+01
-2.002594284713268280e+01
-2.009150297939777374e+01
-1.996070821583271027e+01
-2.009268407523632050e+01
-2.009426987171173096e+01
-1.999864874780178070e+01
-1.994848726689815521e+01
-2.006728123128414154e+01
-2.005889040231704712e+01
-2.007011219859123230e+01
-1.994337421655654907e+01
-2.009340186417102814e+01
-1.998159952461719513e+01
-1.993620036542415619e+01
-2.004983447492122650e+01
-2.005116419494152069e+01
-1.997288273274898529e+01
-2.003360235691070557e+01
-2.007033962011337280e+01
-2.007007148861885071e+01
-2.004960170388221741e+01
-2.005298034846782684e+01
-2.004942935705184937e+01
-2.004292932152748108e+01
-2.009254935383796692e+01
-2.004490935802459717e+01
-2.003673686087131500e+01
-2.007187896966934204e+01
-2.003845582902431488e+01
-2.004305118322372437e+01
-2.004378174245357513e+01
-2.000525386631488800e+01
-2.005734553933143616e+01
-2.004366216063499451e+01
-1.993555909395217896e+01
-2.009277863800525665e+01
-2.004129001498222351e+01
-2.001219423115253448e+01
-1.993850655853748322e+01
-2.005861797928810120e+01
-2.005099529027938843e+01
-2.001495544612407684e+01
-2.001746161282062531e+01
-2.007168966531753540e+01
-2.004101358354091644e+01
-2.004864101111888885e+01
-2.001150600612163544e+01
-1.997555203735828400e+01
-2.002536548674106598e+01
-1.995392614603042603e+01
-2.004961711168289185e+01
-1.994031304121017456e+01
-2.004693947732448578e+01
-2.004198421537876129e+01
-2.000096751749515533e+01
-2.005908313393592834e+01
-2.005456222593784332e+01
-1.993662810325622559e+01
-2.005893625319004059e+01
-2.009383958578109741e+01
-2.003956526517868042e+01
-1.994287544488906860e+01
-2.006463374197483063e+01
-2.004299779236316681e+01
-2.005655418336391449e+01
-2.004033905267715454e+01
-2.004506367444992065e+01
-2.005168011784553528e+01
-2.005391344428062439e+01
-2.006781388819217682e+01
-2.008415950834751129e+01
-1.993500010669231415e+01
-1.996532782912254333e+01
-1.995731170475482941e+01
-2.006464868783950806e+01
-2.004613685607910156e+01
-2.009413896501064301e+01
-2.005975340306758881e+01
-2.006659758090972900e+01
-2.004741589725017548e+01
-2.004750508069992065e+01
-1.995577597618103027e+01
-2.005174344778060913e+01
-1.994763986766338348e+01
-2.003887222707271576e+01
-2.009343950450420380e+01
-2.001046274602413177e+01
-2.005077014863491058e+01
-1.994668526947498322e+01
-2.006394189596176147e+01
-2.007134979963302612e+01
-2.006907172501087189e+01
-2.003058055043220520e+01
-2.001918186247348785e+01
-2.005799229443073273e+01
-2.002070419490337372e+01
-1.995497408509254456e+01
-2.003690487146377563e+01
-2.005516971647739410e+01
-2.009436993300914764e+01
-1.993769589066505432e+01
-1.993600308895111084e+01
-2.002573549747467041e+01
-2.006039327383041382e+01
-2.004247696697711945e+01
-1.995427228510379791e+01
-2.005291761457920074e+01
-2.008924201130867004e+01
-2.009437268972396851e+01
-2.002869446575641632e+01
-1.994227316975593567e+01
-2.005310025811195374e+01
-2.005214911699295044e+01
-2.008922323584556580e+01
-2.004030828177928925e+01
-1.998434650897979736e+01
-2.009421359002590179e+01
-2.004116788506507874e+01
-2.006406511366367340e+01
-2.004337272047996521e+01
-2.003953757882118225e+01
-2.009342542290687561e+01
-2.009272325038909912e+01
-2.004589730501174927e+01
-2.004048708081245422e+01
-2.003747162222862244e+01
-2.000872373580932617e+01
-1.995681619644165039e+01
-2.004323562979698181e+01
-2.008757394552230835e+01
-2.003261600434780121e+01
-2.001927755773067474e+01
-2.004400211572647095e+01
-1.999134875833988190e+01
-2.009110786020755768e+01
-1.993720029294490814e+01
-2.005252934992313385e+01
-2.006198644638061523e+01
-2.003659257292747498e+01
-1.997398792207241058e+01
-1.994246993958950043e+01
-2.005448263883590698e+01
-1.993053513765335083e+01
-1.993594522774219513e+01
-2.004366002976894379e+01
-2.005120113492012024e+01
-1.993845012784004211e+01
-2.005193388462066650e+01
-2.002736981213092804e+01
-1.995593392848968506e+01
-2.005178894102573395e+01
-1.993589971959590912e+01
-2.004727415740489960e+01
-2.002436321973800659e+01
-1.996392065286636353e+01
-2.009306991100311279e+01
-2.005136018991470337e+01
-1.998241201043128967e+01
-2.003940483927726746e+01
-2.003579314053058624e+01
-2.003115890920162201e+01
-2.004418018460273743e+01
-1.998107276856899261e+01
-2.005929316580295563e+01
-2.009414942562580109e+01
-2.004591219127178192e+01
-2.009233765304088593e+01
-2.006467328965663910e+01
-2.005101571977138519e+01
-2.005884218215942383e+01
-2.005695629119873047e+01
-2.004452106356620789e+01
-2.005903372168540955e+01
-2.005953451991081238e+01
-2.004609823226928711e+01
-2.007170809805393219e+01
-2.004514111578464508e+01
-2.006128068268299103e+01
-2.006381034851074219e+01
-2.002574191987514496e+01
-2.004602950811386108e+01
-2.005359733104705811e+01
-1.997117730975151062e+01
-1.993670015037059784e+01
-2.005573038756847382e+01
-1.999693237245082855e+01
-2.007109671831130981e+01
-2.009211909770965576e+01
-2.002536442875862122e+01
-2.004298886656761169e+01
-2.005333620309829712e+01
-2.009395888447761536e+01
-2.009253284335136414e+01
-1.984160196781158447e+01
-2.004462425410747528e+01
-2.004679492115974426e+01
-2.006520219147205353e+01
-2.006683546304702759e+01
-2.004273091256618500e+01
-2.004282520711421967e+01
-2.008988799154758453e+01
-2.003744176030158997e+01
-2.005338710546493530e+01
-2.009400753676891327e+01
-2.009254498779773712e+01
-2.002366632223129272e+01
-2.003781931102275848e+01
-2.004504761099815369e+01
-2.005038648843765259e+01
-2.007144193351268768e+01
-2.006106680631637573e+01
-2.005585215985774994e+01
-2.004950255155563354e+01
-2.002092276513576508e+01
-2.005103966593742371e+01
-2.001462425291538239e+01
-2.005334691703319550e+01
-1.993735733628273010e+01
-2.004636237025260925e+01
-2.009379392862319946e+01
-2.005097660422325134e+01
-2.004669487476348877e+01
-2.006138539314270020e+01
-2.003107807040214539e+01
-2.005361570417881012e+01
-2.009395726025104523e+01
-1.993833261728286743e+01
-1.993845555186271667e+01
-2.009434694051742554e+01
-1.999682427942752838e+01
-2.004627387225627899e+01
-2.009388753771781921e+01
-2.005407707393169403e+01
-2.004586666822433472e+01
-2.004075197875499725e+01
-2.003942026197910309e+01
-2.000604920089244843e+01
-2.002172401547431946e+01
-2.009384121000766754e+01
-2.005346673727035522e+01
-2.003555630147457123e+01
-2.006417372822761536e+01
-1.997861494123935699e+01
-2.004216097295284271e+01
-2.005830916762351990e+01
-2.003716222941875458e+01
-2.003560787439346313e+01
-2.006529988348484039e+01
-2.007650929689407349e+01
-1.994189836084842682e+01
-2.009319072961807251e+01
-2.003383477032184601e+01
-2.005234512686729431e+01
-2.009331648051738739e+01
-1.998097014427185059e+01
-2.005788558721542358e+01
-1.998935963213443756e+01
-1.998654693365097046e+01
-2.009375452995300293e+01
-2.004975743591785431e+01
-2.005860641598701477e+01
-2.009423625469207764e+01
-2.002018344402313232e+01
-2.005848926305770874e+01
-2.005847431719303131e+01
-1.996239018440246582e+01
-2.005860550701618195e+01
-2.009421756863594055e+01
-1.993174652755260468e+01
-2.004136557877063751e+01
-2.002013465762138367e+01
-2.004973226785659790e+01
-2.006056205928325653e+01
-1.994574847817420959e+01
-2.002805374562740326e+01
-2.004341399669647217e+01
-1.995105616748332977e+01
-2.009360164403915405e+01
-2.004414039850234985e+01
-2.002911184728145599e+01
-2.009244266152381897e+01
-2.006526613235473633e+01
-1.993624779582023621e+01
-2.004416975378990173e+01
-2.005357258021831512e+01
-2.009366849064826965e+01
-2.006390100717544556e+01
-2.006683872640132904e+01
-2.003757682442665100e+01
-2.004699300229549408e+01
-2.005466164648532867e+01
-2.006306968629360199e+01
-2.004656134545803070e+01
-2.003228603303432465e+01
-2.009437504410743713e+01
-1.993521682918071747e+01
-1.998441745340824127e+01
-2.005939213931560516e+01
-2.007147607207298279e+01
-2.005104188621044159e+01
-2.006842920184135437e+01
-2.004541252553462982e+01
-2.002193716168403625e+01
-2.005444075167179108e+01
-1.996165709197521210e+01
-2.006356440484523773e+01
-2.006239978969097137e+01
-2.009118223190307617e+01
-2.005572231113910675e+01
-2.000332114100456238e+01
-2.004904468357563019e+01
-2.000993709266185760e+01
-2.003432925045490265e+01
-2.007103729248046875e+01
-2.002112863957881927e+01
-2.009405827522277832e+01
-2.006999573111534119e+01
-2.006952835619449615e+01
-2.001106935739517212e+01
-2.004566806554794312e+01
-2.005791343748569489e+01
-2.007102049887180328e+01
-2.004469542205333710e+01
-2.009336392581462860e+01
-2.005460117757320404e+01
-2.005686280131340027e+01
-1.994116443395614624e+01
-2.003307634592056274e+01
-2.006378632783889771e+01
-2.007061862945556641e+01
-2.003748340904712677e+01
-2.007543301582336426e+01
-2.004911160469055176e+01
-2.005921632051467896e+01
-2.008752912282943726e+01
-2.005156776309013367e+01
-2.005012550950050354e+01
-2.002066366374492645e+01
-2.005212980508804321e+01
-1.995495869219303131e+01
-2.004638537764549255e+01
-2.004436905682086945e+01
-2.004999901354312897e+01
-2.009398250281810760e+01
-2.007167495787143707e+01
-2.005301393568515778e+01
-2.006977424025535583e+01
-1.994786733388900757e+01
-2.005606760084629059e+01
-2.009407979249954224e+01
-1.994815666973590851e+01
-2.003306198120117188e+01
-1.995120535790920258e+01
-2.003553622961044312e+01
-2.009251718223094940e+01
-1.994350646436214447e+01
-1.993879498541355133e+01
-1.999701283872127533e+01
-2.003130348026752472e+01
-2.004569031298160553e+01
-1.994306620955467224e+01
-2.005127780139446259e+01
-2.004517835378646851e+01
-1.993096353113651276e+01
-2.001392428576946259e+01
-2.004949192702770233e+01
-2.007942482829093933e+01
-1.994359837472438812e+01
-2.006987355649471283e+01
-1.993062967061996460e+01
-1.995226609706878662e+01
-2.001607336103916168e+01
-1.994341097772121429e+01
-1.994245888292789459e+01
-2.005859021842479706e+01
-2.004214930534362793e+01
-2.006503123044967651e+01
-1.995169596374034882e+01
-2.009426495432853699e+01
-1.995302382111549377e+01
-2.003911036252975464e+01
-2.004233412444591522e+01
-2.007156178355216980e+01
-2.005703401565551758e+01
-2.006427843868732452e+01
-2.009286201000213623e+01
-2.004885949194431305e+01
-1.994087110459804535e+01
-2.005876526236534119e+01
-2.009389588236808777e+01
-2.000002722442150116e+01
-2.001229028403759003e+01
-1.999029839038848877e+01
-1.997662305831909180e+01
-2.005515806376934052e+01
-2.002647483348846436e+01
-2.001217260956764221e+01
-2.005172593891620636e+01
-1.994567431509494781e+01
-1.993895134329795837e+01
-2.005841618776321411e+01
-2.004333636164665222e+01
-2.002182847261428833e+01
-2.003089158236980438e+01
-2.005309537053108215e+01
-1.994550611078739166e+01
-2.009257552027702332e+01
-2.007053487002849579e+01
-2.003366704285144806e+01
-2.004779233038425446e+01
-1.995343343913555145e+01
-2.009370791912078857e+01
-2.004823523759841919e+01
-2.009118293225765228e+01
-2.005543322861194611e+01
-2.009398983418941498e+01
-2.005784323811531067e+01
-2.009202611446380615e+01
-1.999615608155727386e+01
-2.006538678705692291e+01
-2.009398101270198822e+01
-2.005912271142005920e+01
-1.998705631494522095e+01
-1.993548063933849335e+01
-2.004659685492515564e+01
-2.009442642331123352e+01
-2.005862492322921753e+01
-1.994929604232311249e+01
-2.005078490078449249e+01
-2.006523677706718445e+01
