-2.116035830676555562e+01
-2.115835905969142061e+01
-2.116006754338740947e+01
-2.115990028977393678e+01
-2.116041786372661804e+01
-2.116044067144393281e+01
-2.115995876789091668e+01
-2.116041497290134643e+01
-2.116045715510844616e+01
-2.116049054265022278e+01
-2.116038356125355335e+01
-2.116017331779002930e+01
-2.116044884622098010e+01
-2.116044148802756908e+01
-2.115934725701809427e+01
-2.115959956049919910e+01
-2.116028326451777630e+01
-2.116044963002203616e+01
-2.116037275791167360e+01
-2.115987372398377531e+01
-2.116031626760960194e+01
-2.116042984724044729e+01
-2.115998392999173561e+01
-2.116044224202633828e+01
-2.116052064895630025e+01
-2.116042734384537738e+01
-2.116028689444063815e+01
-2.116011591851711060e+01
-2.115785875916480308e+01
-2.116009573042393299e+01
-2.115976848006247479e+01
-2.115644352734087974e+01
-2.116049703657626324e+01
-2.116026881635188417e+01
-2.116022376120091408e+01
-2.116011175215244933e+01
-2.116046467721463031e+01
-2.116027337014675069e+01
-2.116037143468857451e+01
-2.116025772094727131e+01
-2.116045233309269236e+01
-2.116043277978897308e+01
-2.116047175526619029e+01
-2.115988266468047385e+01
-2.116034927666186860e+01
-2.116018705964087943e+01
-2.115995671749115203e+01
-2.115928426384924776e+01
-2.116012217700480846e+01
-2.116026987731456188e+01
-2.116038386225699952e+01
-2.116006343960762592e+01
-2.116041178107261445e+01
-2.116042856276036588e+01
-2.115987482964992239e+01
-2.115946062803269001e+01
-2.116047873198985130e+01
-2.116017788946628997e+01
-2.116043772399425649e+01
-2.116033909320831086e+01
-2.116044157743455401e+01
-2.116047357022761588e+01
-2.116043610274790865e+01
-2.116024928689002849e+01
-2.116026608943938925e+01
-2.116036684811115620e+01
-2.115913742780685070e+01
-2.116043424010277008e+01
-2.116025866568087821e+01
-2.115659818351268484e+01
-2.116031745374202444e+01
-2.116031033396721739e+01
-2.115833803117275025e+01
-2.116035221219063445e+01
-2.116023733615875813e+01
-2.116048976182937125e+01
-2.115958789885044666e+01
-2.116036744117738166e+01
-2.116032536029815958e+01
-2.116042704880238290e+01
-2.116036970615387247e+01
-2.116043725311755352e+01
-2.116025377511979144e+01
-2.116020061969756227e+01
-2.115984696447850055e+01
-2.115966458022595020e+01
-2.116040685474872873e+01
-2.116049582958222430e+01
-2.115976954102517738e+01
-2.116029788255690747e+01
-2.116047022938727906e+01
-2.115878400802612802e+01
-2.116026787757873251e+01
-2.116035707890987894e+01
-2.116035025715827800e+01
-2.116037937998771667e+01
-2.116018336117267395e+01
-2.116026417911053414e+01
-2.116008668243884117e+01
-2.115973882377148030e+01
-2.116012222170828494e+01
-2.115942125916480876e+01
-2.115999232232569938e+01
-2.116016998291015128e+01
-2.116026485264302437e+01
-2.116008922755717947e+01
-2.116036374866961367e+01
-2.116026741862295779e+01
-2.116034536361694052e+01
-2.115980528295041552e+01
-2.116045203208922487e+01
-2.115994358062743785e+01
-2.116029908657074543e+01
-2.115955860614776540e+01
-2.115999260246753266e+01
-2.116046628355980275e+01
-2.116035013794899555e+01
-2.116011503934860016e+01
-2.116035149693489004e+01
-2.116006887257099223e+01
-2.116021780371665173e+01
-2.116040856540201887e+01
-2.116038381457328299e+01
-2.116009303331375691e+01
-2.115960298478604074e+01
-2.115967112779617310e+01
-2.116021362841129871e+01
-2.116044332087040303e+01
-2.116020096838475339e+01
-2.116015699803829619e+01
-2.116041142344475645e+01
-2.116043630838393597e+01
-2.116042357683182473e+01
-2.116040953993797658e+01
-2.116038373410702178e+01
-2.116049430370331308e+01
-2.116027478575706056e+01
-2.116045385599135997e+01
-2.116045561134815856e+01
-2.116048946380615092e+01
-2.116041695475578521e+01
-2.116044404804706502e+01
-2.116038375496864177e+01
-2.116045495867728476e+01
-2.116017851829528951e+01
-2.116031684577465199e+01
-2.115983831286431283e+01
-2.116005873382091451e+01
-2.116025593876837263e+01
-2.116043232381343486e+01
-2.116026634275914020e+01
-2.116045503616333789e+01
-2.116017870903014853e+01
-2.116031047403811982e+01
-2.115951224565505484e+01
-2.116034162044525502e+01
-2.115981175005435944e+01
-2.116019084155558971e+01
-2.116015093326569030e+01
-2.116036523282527426e+01
-2.116046073138714334e+01
-2.115936045646667552e+01
-2.116008511185646057e+01
-2.116030653715134235e+01
-2.116016757786274383e+01
-2.115984643399715637e+01
-2.115992899835109142e+01
-2.115762791633604678e+01
-2.115981021523476358e+01
-2.116042514443397593e+01
-2.115841152071952536e+01
-2.116042908132076050e+01
-2.115869707763195606e+01
-2.116046321392059326e+01
-2.115991874039172771e+01
-2.116043843626975729e+01
-2.116029804646969126e+01
-2.116036360859871124e+01
-2.116045575141907875e+01
-2.116002335846424387e+01
-2.115990044474602172e+01
-2.115957168042659120e+01
-2.116023788750172585e+01
-2.116030080020428272e+01
-2.116045070588587507e+01
-2.116042110323906655e+01
-2.116035493314265281e+01
-2.115882321000099608e+01
-2.115987197160721323e+01
-2.116012157201766541e+01
-2.115887625813483197e+01
-2.116044584512711069e+01
-2.116010557115077262e+01
-2.116041357219219421e+01
-2.116044468283652691e+01
-2.116018123328685263e+01
-2.116008740365504082e+01
-2.116054403185844635e+01
-2.116018065512181323e+01
-2.116039899885654663e+01
-2.116035405099392008e+01
-2.116039793789385470e+01
-2.116046274006366801e+01
-2.116046906113624715e+01
-2.116042119264602661e+01
-2.115973402261734293e+01
-2.115999969244004220e+01
-2.115986044406892219e+01
-2.116026803851127269e+01
-2.116025777459143953e+01
-2.116025735735894742e+01
-2.116027614176273275e+01
-2.116046119332313680e+01
-2.116048522889613537e+01
-2.116038644611835906e+01
-2.116037830412387066e+01
-2.115994773209094859e+01
-2.116027157008647919e+01
-2.116044735312461711e+01
-2.116040342450141054e+01
-2.116019279360771677e+01
-2.115963274836539298e+01
-2.115989506244660845e+01
-2.116042623221875019e+01
-2.115982195734978788e+01
-2.116048871576786539e+01
-2.115973643958568218e+01
-2.116044963598250561e+01
-2.116044361889363401e+01
-2.116032761931419870e+01
-2.116005601882933718e+01
-2.116035442054272053e+01
-2.116049816608428102e+01
-2.116040315330029031e+01
-2.116045427620411701e+01
-2.116009026169777485e+01
-2.116048693656920676e+01
-2.116029839813708335e+01
-2.116047953367233703e+01
-2.116035915315150717e+01
-2.116027362048625093e+01
-2.116018646359443167e+01
-2.116020386219025440e+01
-2.116020836532115013e+01
-2.115989962220191245e+01
-2.116036573946475485e+01
-2.115997194051743335e+01
-2.116044067442417997e+01
-2.115963718891143230e+01
-2.116040881276131103e+01
-2.116045114994047793e+01
-2.116036761105062070e+01
-2.116001039445400522e+01
-2.116046420037745790e+01
-2.116046990454197285e+01
-2.115998728871345946e+01
-2.116042012274266071e+01
-2.115991729497909546e+01
-2.116043047904969043e+01
-2.115988573729991273e+01
-2.116045552194118429e+01
-2.116047745943070524e+01
-2.116007081568241333e+01
-2.116006786525248629e+01
-2.116046675145626565e+01
-2.116013403832911877e+01
-2.116046238243578870e+01
-2.116032574772835773e+01
-2.116017052531242015e+01
-2.115946162045003121e+01
-2.116033991575240236e+01
-2.116035876274109029e+01
-2.116037548482417563e+01
-2.116013423800468729e+01
-2.116046254336834664e+01
-2.116037397682666210e+01
-2.115990158915520425e+01
-2.116012172102927735e+01
-2.116042054891585522e+01
-2.116038186848162894e+01
-2.116007258296013305e+01
-2.116042222976683718e+01
-2.116042416691780659e+01
-2.116047889590263509e+01
-2.115768723785876304e+01
-2.116043567359447408e+01
-2.116015361845493459e+01
-2.116023400127888010e+01
-2.116033706367015554e+01
-2.116033139526843598e+01
-2.116047776639462086e+01
-2.116047297418116813e+01
-2.116042924821375948e+01
-2.116041590273380280e+01
-2.116038648188113669e+01
-2.116033742427825715e+01
-2.116000261008738903e+01
-2.116044428348541828e+01
-2.116044834256171470e+01
-2.116042789518834155e+01
-2.116049161553382163e+01
-2.116048623025416831e+01
-2.116041702330112528e+01
-2.115986969172955412e+01
-2.115902437567709882e+01
-2.115994987785816761e+01
-2.115998084545134716e+01
-2.116037983298301484e+01
-2.116041448414325643e+01
-2.116031998395920510e+01
-2.116034762263297964e+01
-2.115992752015591094e+01
-2.116035926043986848e+01
-2.116041936278342206e+01
-2.115961762964725068e+01
-2.116021981537342356e+01
-2.115928912460804767e+01
-2.116040856540202597e+01
-2.116040016710758920e+01
-2.116010690331459898e+01
-2.116028366684913209e+01
-2.116028569340706511e+01
-2.116040888130665110e+01
-2.116046993434429524e+01
-2.115589557290077849e+01
-2.116007376313208965e+01
-2.116044552028177961e+01
-2.116037032902241677e+01
-2.116044858992099265e+01
-2.116043613255024525e+01
-2.116042455434798697e+01
-2.116034489274024821e+01
-2.116042562425136708e+01
-2.116041489243507456e+01
-2.116045514643191439e+01
-2.115798050761222981e+01
-2.116025915145874592e+01
-2.115895950794221037e+01
-2.116013696193695637e+01
-2.116050291955471963e+01
-2.116045573949813630e+01
-2.116044750809669850e+01
-2.116000233292580646e+01
-2.116043578982352713e+01
-2.116032154262065035e+01
-2.116044716835021333e+01
-2.116030002534390420e+01
-2.115990918874740601e+01
-2.116013062894344543e+01
-2.116038997769356556e+01
-2.116037943065165905e+01
-2.116005829572677044e+01
-2.116047034859656861e+01
-2.116012339890002991e+01
-2.116046211123467202e+01
-2.116033708751200848e+01
-2.116027921438217874e+01
-2.116044744253159493e+01
-2.116050959527493802e+01
-2.116041765511035777e+01
-2.116042712628841826e+01
-2.116042364835738709e+01
-2.115995495319367237e+01
-2.116028418540954448e+01
-2.116051606833934429e+01
-2.116014145314694161e+01
-2.116027631163596823e+01
-2.116033252179622792e+01
-2.116028959155081779e+01
-2.115984616279602548e+01
-2.116033747494220307e+01
-2.116038742065429545e+01
-2.116008827984333251e+01
-2.115924940705299662e+01
-2.115999159216880443e+01
-2.115976748466492197e+01
-2.116031699776649333e+01
-2.116043444275855379e+01
-2.116041379868984862e+01
-2.116031907200812867e+01
-2.116022066175938576e+01
-2.115994473099709339e+01
-2.116033756434918800e+01
-2.116028838455676819e+01
-2.116048646569252512e+01
-2.115897977948189634e+01
-2.116049410104751871e+01
-2.116038807332516214e+01
-2.116036953330040760e+01
-2.115993476808071705e+01
-2.116044543385505250e+01
-2.116024289727210927e+01
-2.115997427701950073e+01
-2.116035320758819083e+01
-2.116049625277518587e+01
-2.116034696400165416e+01
-2.116036376357078908e+01
-2.115999324917793700e+01
-2.116049638688564372e+01
-2.116043765842914226e+01
-2.116045338213443827e+01
-2.116044235825537356e+01
-2.116044455170632688e+01
-2.116040836274623871e+01
-2.115983438491821289e+01
-2.116025680303572543e+01
-2.116044251620768790e+01
-2.116044052839279388e+01
-2.116031315028668303e+01
-2.116045625805855224e+01
-2.116049657464027334e+01
-2.116050930917263528e+01
-2.116040318012237265e+01
-2.116033365726471160e+01
-2.116023115217686623e+01
-2.116038660705089569e+01
-2.116044046282768676e+01
-2.116040118038654327e+01
-2.116045037508009941e+01
-2.116030956208706471e+01
-2.116035542488097931e+01
-2.116011863350868083e+01
-2.116029332876205160e+01
-2.115963039100170562e+01
-2.116011378467082338e+01
-2.115975377857684236e+01
-2.116025780439377257e+01
-2.116016969978808859e+01
-2.116046542823313814e+01
-2.116047151684762184e+01
-2.116024428904055199e+01
-2.116006266176700734e+01
-2.116030997037886863e+01
-2.116033101677893313e+01
-2.116026257276534750e+01
-2.116033917367459338e+01
-2.115729023218155902e+01
-2.116016567945480986e+01
-2.116003759503364634e+01
-2.116034674048423270e+01
-2.116030331552029153e+01
-2.115960876047611805e+01
-2.116000903546809297e+01
-2.115991692245006206e+01
-2.116018729209898908e+01
-2.116039412617684334e+01
-2.116041662096976594e+01
-2.116024809479714008e+01
-2.116028995215893360e+01
-2.115992207229136923e+01
-2.115991425216197896e+01
-2.116034455299377015e+01
-2.115985941886902921e+01
-2.115990725755690960e+01
-2.115986149609088329e+01
-2.116005737483500582e+01
-2.116001542508602995e+01
-2.116002694964408448e+01
-2.116042442917823152e+01
-2.116045300066470247e+01
-2.115962617397308776e+01
-2.116023659110069843e+01
-2.116038872301579588e+01
-2.116016719937325163e+01
-2.116051110923289613e+01
-2.116045857369900673e+01
-2.116047920584678721e+01
-2.115971966981888386e+01
-2.116018578708171205e+01
-2.116009815335274169e+01
-2.116040941774845763e+01
-2.116038989722728658e+01
-2.116052094995974286e+01
-2.116044398248196501e+01
-2.116042562127113769e+01
-2.116029993593692637e+01
-2.116009793579578968e+01
-2.116043775379657532e+01
-2.116044077277183533e+01
-2.116041356921196126e+01
-2.116023938357829337e+01
-2.116036668121814657e+01
-2.116007509529590536e+01
-2.116031891107560270e+01
-2.116032486855983663e+01
-2.116014933884144611e+01
-2.116041676998138499e+01
-2.116047239601611096e+01
-2.116028179824352762e+01
-2.116023054122924307e+01
-2.115799099206924438e+01
-2.116047212481500139e+01
-2.116017679274081686e+01
-2.116042934954165844e+01
-2.116041192412376049e+01
-2.116043193936348032e+01
-2.116050797104835013e+01
-2.116004089415072542e+01
-2.116050774753092867e+01
-2.116043961644172100e+01
-2.116012794077397174e+01
-2.116033241152763367e+01
-2.116026771962642883e+01
-2.116044059991837401e+01
-2.115997771620749646e+01
-2.115996743142604686e+01
-2.116043890714644959e+01
-2.116034266352652438e+01
-2.116014611423016234e+01
-2.116000638306140402e+01
-2.116039772629737925e+01
-2.116033698916435313e+01
-2.116031224131583954e+01
-2.116043671965598350e+01
-2.116032840609551613e+01
-2.116035793423652223e+01
-2.116050673425197104e+01
-2.116038657426834391e+01
-2.116042916774749472e+01
-2.115984342992306111e+01
-2.116032006144524047e+01
-2.116014665961264285e+01
-2.116041498780250407e+01
-2.116008698940276034e+01
-2.116022919714450268e+01
-2.116049212813377522e+01
-2.116034200191498371e+01
-2.116001662015915130e+01
-2.116044551134109142e+01
-2.116027836799622719e+01
-2.116041065156460022e+01
-2.116012546420096996e+01
-2.116051874756812623e+01
-2.116016333997250243e+01
-2.116008187830448861e+01
-2.116017444729804353e+01
-2.116047453582285343e+01
-2.116024844050408049e+01
-2.115993428528310005e+01
-2.116049257516860038e+01
-2.116052476167677554e+01
-2.116006546020507884e+01
-2.116043995618820617e+01
-2.116035774052142315e+01
-2.116009126007557484e+01
-2.115990139245985802e+01
-2.116018782556055911e+01
-2.115996088981628276e+01
-2.116042654812336465e+01
-2.116016507446766681e+01
-2.116041210591792066e+01
-2.116024172902106315e+01
-2.116023342907429594e+01
-2.115995948612690825e+01
-2.116040595471859476e+01
-2.116034158170223733e+01
-2.115998175144194704e+01
-2.115982875525951812e+01
-2.116041767001152607e+01
-2.116042214035988778e+01
-2.116050250530241783e+01
-2.116046369373798441e+01
-2.116049216389655641e+01
-2.116038400232790906e+01
-2.116009340286254314e+01
-2.116008367836476722e+01
-2.116009233593940664e+01
-2.116030891835690397e+01
-2.116049235761165193e+01
-2.116040967702866027e+01
-2.115914160013198497e+01
-2.116043702363966972e+01
-2.115975823104380993e+01
-2.116033238470554778e+01
-2.116033688187599893e+01
-2.116054394245148629e+01
-2.116041830182076211e+01
-2.116032724678516885e+01
-2.116034828722477457e+01
-2.115990405380725647e+01
-2.115999005734919791e+01
-2.116043732762337015e+01
-2.116048033833503084e+01
-2.116041603088378409e+01
-2.116041156053543659e+01
-2.115940969586372233e+01
-2.116043578684330484e+01
-2.115962751805782815e+01
-2.115990412831306244e+01
-2.116046128273011462e+01
-2.116044886112211998e+01
-2.116005823612212922e+01
-2.116045012474059206e+01
-2.116031713187694763e+01
-2.116041074097157448e+01
-2.116030367612839314e+01
-2.116012981832026796e+01
-2.116045054495333844e+01
-2.116044164001940686e+01
-2.116040095090865236e+01
-2.116033860445021375e+01
-2.116031709015369344e+01
-2.115905307829379822e+01
-2.116042110025882295e+01
-2.115992798209190084e+01
-2.115966113209724853e+01
-2.116036491990090340e+01
-2.116042574048043079e+01
-2.116037281751632904e+01
-2.116036284565925740e+01
-2.116043972671031526e+01
-2.116032999753952026e+01
-2.116042185127736275e+01
-2.115988757312298674e+01
-2.116041776537895913e+01
-2.116050585508347126e+01
-2.116024761199951953e+01
-2.116011566221714091e+01
-2.116046452522278187e+01
-2.116044341027737374e+01
-2.115989541411400410e+01
-2.116022492647170239e+01
-2.116030386984348866e+01
-2.116038810610771392e+01
-2.116032717227934867e+01
-2.116002299189567282e+01
-2.115993888378143595e+01
-2.115904707312583710e+01
-2.116035928428173563e+01
-2.116047893464565277e+01
-2.115995797812939472e+01
-2.116020841896535032e+01
-2.116032630205154419e+01
-2.116043685972691080e+01
-2.116002058088779236e+01
-2.116022778153419281e+01
-2.116018637418746096e+01
-2.116037391722202088e+01
-2.116042523086071014e+01
-2.116039839386940713e+01
-2.116015422046184824e+01
-2.115999692380428243e+01
-2.115982015132905047e+01
-2.116013796627521870e+01
-2.116047984361649981e+01
-2.115985273420810842e+01
-2.115992963314056396e+01
-2.116030831336975382e+01
-2.116037819385528707e+01
-2.116041110455989482e+01
-2.116037577986716300e+01
-2.116034566760063385e+01
-2.116044491231442493e+01
-2.116023624837398742e+01
-2.116030169725419086e+01
-2.116002212464809773e+01
-2.116031924486160065e+01
-2.115831054449080639e+01
-2.116043933629990192e+01
-2.116027745902537660e+01
-2.116045547127723836e+01
-2.116006475985051338e+01
-2.116038029193878600e+01
-2.116049756705761098e+01
-2.116046676337719745e+01
-2.116041840910912697e+01
-2.116043488085269786e+01
-2.116015310585499165e+01
-2.115998890995979664e+01
-2.116004992723466316e+01
-2.116046366095543263e+01
-2.116041774153709554e+01
-2.116044918894768045e+01
-2.116045653223991252e+01
-2.115994440317154002e+01
-2.116046995520590812e+01
-2.116037893593311381e+01
-2.116008788049220968e+01
-2.116042782068252848e+01
-2.116048537492751436e+01
-2.116037467718124887e+01
-2.116041112840175131e+01
-2.116035492718220112e+01
-2.116043935120106312e+01
-2.116043373644351533e+01
-2.116040742099285055e+01
-2.116029478609562275e+01
-2.116026792526245615e+01
-2.115986600518226268e+01
-2.115989769399165965e+01
-2.116032783389090710e+01
-2.116015655696393338e+01
-2.115958158671856992e+01
-2.116021007001399923e+01
-2.115980740189551312e+01
-2.115984572768210370e+01
-2.116047899425029399e+01
-2.116021226346492057e+01
-2.115871292948721916e+01
-2.116032156348229165e+01
-2.116030933260918800e+01
-2.116036753058434527e+01
-2.116042300462721926e+01
-2.115910285413264447e+01
-2.115989823341369558e+01
-2.116047987937927388e+01
-2.116051360368728140e+01
-2.116039792597294777e+01
-2.116017074286936861e+01
-2.116007143557072823e+01
-2.116040329635143280e+01
-2.116044378280639648e+01
-2.116040537357330464e+01
-2.116029679477214742e+01
-2.116017441749572470e+01
-2.115978587567806457e+01
-2.116035481393337037e+01
-2.116044294536114734e+01
-2.115990732908248972e+01
-2.116033156216143496e+01
-2.116047148406504519e+01
-2.116044585406781309e+01
-2.116027803122998208e+01
-2.116045130491257353e+01
-2.116044112443924519e+01
-2.116042776703834249e+01
-2.116016076803206403e+01
-2.116033963561057618e+01
-2.116023950278760068e+01
-2.116038751006126262e+01
-2.116043127477167829e+01
-2.116000765562057495e+01
-2.116042778491974019e+01
-2.116034465134142550e+01
-2.116046840846539467e+01
-2.116040990054607818e+01
-2.115991876423359486e+01
-2.116046214103699086e+01
-2.116018334925175282e+01
-2.116042613983154297e+01
-2.116048540174960024e+01
-2.116002528667449667e+01
-2.116028162539005208e+01
-2.116033577620983763e+01
-2.116039481163024405e+01
-2.116025185286998322e+01
-2.116035833656787446e+01
-2.116043940484524555e+01
-2.115958785116673013e+01
-2.116042169034481191e+01
-2.116043928861616763e+01
-2.116041425466536552e+01
-2.116043450534342796e+01
-2.115990569591522430e+01
-2.115995969176293556e+01
-2.116048499345779277e+01
-2.116036524474620251e+01
-2.116011472344398214e+01
-2.116038416326047056e+01
-2.116046823859214498e+01
-2.116013981103896313e+01
-2.115995806753635478e+01
-2.116044163703918457e+01
-2.116007061302662251e+01
-2.116050362288952158e+01
-2.116032132804393129e+01
-2.116006066203117797e+01
-2.116029412746429728e+01
-2.116046181321143749e+01
-2.116041793823241690e+01
-2.116029202044011015e+01
-2.116035960614680889e+01
-2.116047966778278067e+01
-2.115989273786544800e+01
-2.115986797511578388e+01
-2.115999319255352518e+01
-2.116042566597460706e+01
-2.116047570109368436e+01
-2.116034636497498411e+01
-2.116036190986633159e+01
-2.116016939282416587e+01
-2.116044850647448783e+01
-2.116033546626567841e+01
-2.116043446958063612e+01
-2.116042518019677132e+01
-2.116037462949752523e+01
-2.116006201803683950e+01
-2.116028426885605640e+01
-2.116050050258635906e+01
-2.116049219667912951e+01
-2.116035533249378275e+01
-2.116043025255202537e+01
-2.116035986244677858e+01
-2.116043519973753817e+01
-2.116030362546444721e+01
-2.116033555567263846e+01
-2.116034143865108774e+01
-2.116028853058815073e+01
-2.116044976115226817e+01
-2.116041980981826498e+01
