4.129048202090748632e+00 4.406145961519065679e+00 2.935228687380406765e+00 4.299566014332238950e+00
5.200456123331286484e+00 3.755068408793097223e+00 2.398695262640456516e+00 4.140682793435154885e+00
5.114512592736143226e+00 1.648069906054347999e+00 6.090800898472821245e+00 4.907441307964244714e+00
4.561998976405917894e+00 6.771648593104769853e-01 5.735956394320490537e-01 3.372025728866383965e+00
2.226548507115226005e+00 2.010278826214293879e+00 3.539015294816877377e-01 5.403570976323821107e+00
5.574319652012794890e+00 5.527936089817027110e+00 1.179504822425619714e+00 5.492805492125753197e+00
4.561988848521870921e+00 2.383224301342604878e+00 4.934608432566287006e-01 5.672872912792343847e+00
4.507665245488944095e+00 2.283194315335471014e+00 2.115943352533349753e+00 2.370568854915256818e+00
5.472483873084669881e+00 2.910135967962302672e+00 1.219764146710661912e+00 6.140924173061224955e+00
4.476143930175465080e+00 5.824500085165685626e+00 5.725063402933349366e+00 4.706848988837220027e+00
1.552151008468418913e+00 3.289243386740990704e+00 1.677980322363428201e-01 1.554781131163752994e-01
3.268045894542535024e+00 2.576619872480537143e+00 1.759871636729284650e-01 2.363995727071166897e+00
4.099109743329790945e+00 6.262913956955018513e+00 1.711899950399396353e+00 5.876343123557934867e+00
4.189249976914628526e+00 4.919465858340207554e+00 3.255351810933115431e+00 4.801268499254372379e+00
8.064964185923939599e-01 1.570465533182670015e+00 6.010236908519265953e+00 1.135959351588489152e+00
2.594931187172193621e+00 4.420664842541411232e+00 1.063496655261902818e-01 2.144347775473986584e+00
6.099811687527406434e+00 5.414976312756587085e+00 4.312521235642309492e+00 4.798378909412971183e+00
5.841639061007495748e+00 1.266824439795510626e+00 4.197333931953704855e+00 9.916013596908412886e-01
5.423324685372679532e+00 5.451747480537779467e+00 1.218143992725159608e+00 1.574395170016017698e+00
4.506527279301502986e+00 1.997590020824697055e+00 4.917744268257704832e+00 1.012330048813857575e+00
3.474419636678603984e-01 3.106848285587676450e+00 2.737988051921047994e+00 4.130831688211340946e+00
4.223737311751725620e+00 3.397996114510043464e-01 5.984108966335853985e+00 2.650633597180431789e+00
4.581626846453921154e+00 5.618352480035604835e+00 5.069267140615927758e+00 1.458829814520588242e+00
2.995384967707544477e-01 1.361302766624255201e+00 4.939725276022811862e+00 4.168251586993422464e+00
1.519772884460906193e+00 2.720233748676247565e+00 2.276111870788387836e+00 2.456647745984420261e+00
4.156329287579627163e+00 6.137181869238240717e-01 4.513202511324950983e+00 2.417991692427421402e+00
2.847714380384086752e+00 1.565043426716180575e+00 3.959694732851963384e+00 1.594374393025296932e+00
5.676238519844674535e+00 5.806373417788396551e+00 6.005717363952311594e+00 4.777460439673192560e+00
1.373996676275280882e+00 4.866422662241070007e+00 2.709614556295718568e+00 2.443937558975946445e+00
3.382883868292240415e+00 2.005310648865879841e+00 1.488339420766715326e+00 1.565394094502353228e+00
3.048239900076955555e-01 8.238628488011040529e-01 2.815020109540534499e+00 4.854746983656593962e+00
3.100057081927198421e+00 2.728463727073625833e+00 5.471460813264573453e+00 5.560013754412199027e+00
4.444865824265952448e+00 2.063010979979728265e+00 1.401517620388894381e+00 6.088971847438170437e-01
1.413925690594971751e+00 5.887826301938591023e+00 9.948505174140372942e-01 5.255371276313328899e+00
1.926290518506962091e+00 4.462037602431056627e+00 7.361804495723263120e-01 5.475183338534806765e+00
3.984284204217853009e+00 1.299458884918923474e+00 4.723325121104991808e+00 2.663069614374607319e+00
4.265912428296980252e+00 1.136501847088914108e+00 2.115671615242181058e+00 6.799517751642505381e-01
3.390925207546320319e+00 3.481198403304921918e+00 4.917388219136960004e+00 3.201340894757067623e+00
5.969879384479558126e+00 4.126156347030272897e+00 4.276791569020009232e-01 6.180952293273290543e+00
3.413446035135589529e+00 1.268259262207469540e+00 1.389044178928881823e-01 3.596969212715929398e+00
5.515114656027428452e+00 1.660160652342999033e+00 2.842747590482868070e+00 5.291254901788505549e+00
5.899913095190371770e+00 4.293007731820932538e-01 5.741381975779271229e+00 1.912088744303520160e+00
1.348067321272268249e+00 3.413316974993004571e+00 2.362384319197774474e+00 1.286230696217842917e+00
1.593045115601412487e+00 1.082528577633961320e-01 2.108038824781663934e+00 8.265753852087092124e-01
2.330951644801847245e+00 3.137787867485764881e+00 5.946651522430520309e+00 1.269907761911433841e+00
6.282675893465836658e-01 5.905756538092084895e+00 3.278226553413737587e+00 5.369628297537518691e+00
4.404871041618199534e+00 5.370764740843691598e+00 5.837262107164518099e+00 3.727310982773191395e+00
1.424808971858839479e+00 8.191776226635396618e-01 5.393767707819249857e+00 3.323006808376757770e-01
1.608094580127742645e+00 2.216635675573870756e+00 2.902100502488458300e+00 5.823898589501592227e+00
3.205627547875543382e+00 4.576667695214257314e+00 7.190999419643826496e-01 4.784044184975391190e+00
4.243297183866022060e+00 5.367351718183779319e+00 4.236554348403916315e+00 3.714827022470287954e+00
5.577267851475510296e-01 1.011929428415190735e+00 4.635976449057644388e-01 5.984567425381041694e+00
8.446268873738639327e-01 2.977209216366841549e+00 2.156621798617504471e+00 1.147188862079878247e+00
4.619824421627001243e+00 6.579850689273400999e-01 5.548700907447858377e+00 3.587685900804789885e+00
5.949025185924673664e+00 3.142197136562301818e+00 4.092179281829358750e+00 6.973787672293110806e-02
5.840078772516061001e+00 5.461347571749940677e+00 5.424024126618665065e+00 4.006913979941687742e+00
1.768054071341187417e+00 1.424376748830275541e-01 3.034696517693094009e+00 3.669181447908002880e-02
5.292389912369299232e+00 2.660587473405754189e+00 1.844406503319251378e-01 6.220301862072839860e+00
1.127218201158771915e+00 3.311709269777805886e+00 4.725876375815041719e+00 6.153005136311478829e+00
3.517440647269967524e+00 8.185065824557435921e-01 1.481610387149165486e+00 2.328961009774573654e+00
3.426952512509327531e-01 2.004113176589348289e+00 6.166473695841827585e+00 2.972731041612632019e+00
5.110159788818623205e+00 5.562703858328515771e+00 4.570424743863535255e+00 2.407419620893184398e+00
1.761285250959477411e+00 1.491768293581742677e+00 2.365954028057626779e+00 3.376927714110290246e+00
1.972578152942875640e+00 4.224930710150132107e-01 2.229060689593695077e+00 4.049594521877157405e+00
2.760607538420898788e+00 5.289711591121434076e+00 5.819474168770326195e+00 5.849116302702334735e+00
2.061109941398674650e+00 5.526658816642406435e+00 4.754885924961969934e+00 2.453293060094447586e+00
3.184124755358499037e+00 1.523634176569338639e+00 3.463055896477182483e+00 5.625424562178724663e-01
1.746048994208164062e+00 2.554861589479767492e+00 2.013264120459424822e-01 1.339947088250265761e+00
3.800230922024363078e+00 4.691309191664476685e+00 2.746307733137669516e+00 1.826268173857274801e+00
2.339375145092793762e+00 3.804233088603834911e+00 4.869698055969373662e+00 3.226531332904576832e+00
5.541282992237086980e+00 4.484621731913652987e+00 4.482597411177878577e+00 1.184869729819802764e+00
4.000889312006076004e+00 1.067787174119514626e+00 1.136573686022949392e+00 4.749624970125827517e+00
3.128211838437392700e+00 4.467196873826131842e+00 6.668163138097168430e-01 3.814982785839862611e+00
1.541799004332705447e+00 1.356916555056366436e+00 4.471306919068212871e+00 1.073701568536198581e+00
4.580911349711838110e-01 2.633393969233527088e+00 4.794542708948155152e+00 2.836999171309586121e+00
4.148205879586346789e+00 5.102217486983190220e+00 3.103043007253500907e-01 1.165079088939074969e+00
1.298191478655602804e+00 4.734076475047390709e+00 1.948331660992860481e+00 4.705909491416989887e+00
1.333407568106290131e-01 4.877257925729369781e+00 6.047443110365472663e+00 6.161469969491928822e+00
4.662545773086179679e-01 4.341731634659761419e+00 4.234320367484433412e+00 1.555667940409882544e+00
5.212698793571732381e+00 2.839166368385773964e+00 2.721188248094780771e-01 6.265271788093975225e+00
3.350345745676448495e+00 4.262308950404962715e+00 5.252531963110871338e+00 4.710325900947740507e+00
4.220270743973457250e+00 3.341764629201241288e+00 7.266824184442741696e-01 3.809757291209736163e+00
3.508584130560440939e-01 2.889243052404073975e+00 2.485039235659554979e+00 5.936347649747581556e+00
3.828319857820108307e-01 6.131715325593429355e+00 5.986120903135782712e+00 2.939292870747541642e+00
5.770743890903539786e+00 2.794326038749525565e-01 3.276883476128978234e+00 7.510792179334159213e-01
2.504977577168181480e+00 1.101960983415555040e+00 4.489643112654417401e+00 2.184788080590747139e+00
6.169682936286446484e+00 5.465337652069101715e+00 4.655175369882835312e+00 1.129126247167413277e+00
3.848142034929224131e+00 3.238664627634833426e+00 5.199085498198918742e-01 1.305466903133094325e+00
2.180234887865601046e+00 5.835552829628456450e-01 5.051835493990149750e+00 2.302007800283674133e-01
4.827961382012888158e+00 3.446576462094112170e+00 5.268569263830347182e+00 4.914402692246454762e+00
3.998294778658647797e+00 1.907465409769034004e+00 5.322412784399402241e+00 4.450043258711921190e+00
3.673286328577202831e+00 2.757500586232005890e+00 3.793959215112457706e+00 2.634606069674653828e+00
1.564117225137813483e+00 3.669553339915888390e+00 2.269532456896494743e+00 1.877351091932918825e+00
3.348177133871454991e+00 2.416992548148294784e+00 4.487060870127616674e+00 7.186971075241936624e-02
5.908026435760081796e+00 6.571217722546276452e-01 1.958655940015693986e+00 5.366282344077220934e+00
5.699421958814881783e+00 5.230522802907050739e+00 6.008357765515262017e+00 3.710320522604444449e+00
2.855175385186934811e+00 2.982396522469741296e+00 5.899904666891684357e+00 4.752340121895868741e+00
5.976362925425251049e+00 1.240904798817590748e+00 4.365811145360474765e-01 4.702423560233722100e+00
3.314819173595554336e+00 5.164931314509612292e+00 5.073945850384981249e+00 3.242234853479839085e+00
5.649454736274416966e+00 2.390479996450475486e+00 3.773086888282585427e+00 3.232096557674430048e+00
7.202425978835317322e-01 6.142395123313964866e+00 5.475261647346398863e-01 3.383245563722189875e+00
2.387350026590316698e+00 3.426693262976390209e+00 1.921686060457148848e+00 5.546670992605342576e+00
2.452328308042548421e+00 3.834174030651407605e+00 2.971162334682782014e+00 4.030664535329894882e+00
3.692627654152851324e+00 2.903997809252415241e+00 1.662691844900556493e-01 1.975289861539500036e+00
2.004081142121897585e+00 2.956081874072610916e+00 3.512345200046766536e+00 4.839109963877097798e+00
1.162820578105666636e+00 2.309148008374928729e+00 5.100659921811931952e+00 6.051047263477999039e+00
4.961646214128934140e+00 1.551480335043209147e+00 5.937523344797915215e+00 1.521481318229952917e+00
4.288910613436856423e+00 3.433610084643131444e+00 1.145317136004666558e+00 3.122688334482316641e+00
2.611050457819252379e+00 2.219541762375460525e+00 5.921843837251700826e+00 4.218268859167796592e+00
1.410112224042655793e+00 4.836271311038786713e+00 2.182669456871399127e+00 3.811329920491222101e+00
3.102893157036724858e+00 5.715559761478659517e+00 9.175452456328462292e-01 2.346560808800541409e+00
2.067107966738444880e+00 2.676029273794485519e+00 1.900743423802395915e+00 1.123761716041068004e+00
3.285076784608327860e-01 5.740237765097965905e+00 2.874559846478463410e+00 5.820590127684473813e+00
2.739867496569888150e+00 4.426961121573400604e+00 8.030995996379903801e-01 3.136388182157087368e+00
4.622273130829649190e+00 6.165342043914359138e-01 4.666279481635141835e+00 6.220014823408778426e+00
2.948717444496161466e+00 5.588856393651345122e+00 6.196935087695167432e+00 9.675504510386837564e-01
4.980198916016424171e+00 5.231905877225083934e+00 2.141959187608291279e-02 3.910348551827149244e+00
4.141524928038101017e+00 3.261977646417260068e+00 4.358741064692651435e+00 2.662437149009131865e+00
4.877263378715890774e+00 5.916602439794552026e+00 6.024727276924234154e+00 8.108578332196993976e-01
2.301243258781947354e+00 4.049707643395104917e+00 1.810456556864305844e+00 5.974831361472615399e+00
1.832278525146442183e+00 5.813605399431433618e+00 5.502448773448595176e+00 2.661165983203516827e+00
4.418600916971429093e+00 4.815343004084570389e+00 1.546365035197065474e+00 5.425991162739867590e+00
1.873941983332821470e+00 3.023825798772990403e+00 3.720486299727659762e+00 4.630471415260625001e+00
3.598041001382093373e+00 3.792269129608038192e+00 3.061594049932803707e-01 7.004221151581280225e-01
9.110063351880590687e-01 5.310502298996423454e-01 6.200748545494171537e+00 3.164021221067439882e+00
3.671356429315403513e+00 1.439205795565928980e+00 4.383696798373634351e+00 1.897710942421970470e+00
1.708897340209591720e+00 2.003919308560113688e+00 4.527333003130952882e+00 1.708750041769279804e+00
2.648474454021974012e+00 5.876853119555673632e-02 4.782540076875356760e+00 4.155106636982120349e+00
2.557355524850412287e+00 4.104562069907857769e+00 4.880924656286318886e+00 5.618360101638783632e+00
2.196514972804793076e-01 2.325430364793805715e+00 6.249849680763619908e+00 3.503245407182000726e+00
4.344493537752168955e+00 6.163306643144026431e+00 2.842699820514186015e+00 3.171792604043520702e-01
1.778229569899661966e+00 5.545359447903862815e+00 5.149244917280205946e+00 7.952358667605671227e-01
1.678234294636300472e+00 3.887666100545338121e+00 3.943487344101030967e+00 4.335582300261228816e+00
5.452990414216035475e+00 3.838929090902596819e+00 5.121420229037952909e-01 6.520752904988088572e-01
2.175006742289963935e+00 5.493364307578723960e+00 1.876787639219660964e+00 1.175217214305912083e+00
1.594471750825916967e+00 4.336121884722173192e+00 1.395024906092770633e+00 2.857261026885479449e+00
1.872278999289280543e+00 4.591329542274237063e+00 4.037415282056013410e+00 5.150343506657147685e+00
4.934866603918977468e+00 3.208164875544152306e+00 3.690910549294445619e+00 5.066311860576544035e+00
5.819936999738810179e+00 2.181573424697983210e+00 1.240001320261056250e+00 9.056837958015573342e-02
4.075627305721496008e+00 4.104357821271080731e+00 4.595021419907546090e+00 2.129201883712783960e+00
1.281609491993123129e+00 6.017862890489874772e+00 8.765059489719935204e-01 2.412881226958492498e+00
5.057463044217624493e+00 6.263959341522974178e+00 5.958990954977550381e+00 4.908582662013338371e+00
1.295970353795552255e+00 2.917611760550156141e+00 3.771717507316909135e+00 6.105514400321949253e+00
7.837295917092517161e-01 1.553987630238766293e+00 2.611385595607872423e-01 6.805997923795141791e-01
1.006281104661337134e+00 8.326926936179038785e-01 5.709833751897687826e+00 2.313991947445794395e+00
1.789506538607790409e+00 5.942661344207889051e+00 3.420512841619038347e-01 5.296711809863041687e+00
2.165594991588529528e+00 2.477687190171575793e+00 2.484410366091941214e+00 1.162134591995421795e+00
2.511302335537105357e+00 3.477493337890174008e+00 3.577003106416430267e+00 5.247171401124579582e+00
8.751123938318958739e-01 3.263590812942704034e+00 4.640064299884258503e+00 8.489433761001377032e-01
1.850457574433602481e+00 5.934334833366123441e+00 2.510503072246015766e+00 5.762667541564183704e-01
6.731443794572648798e-02 2.288759900559719451e+00 3.378122264739621627e+00 5.514603645674601928e+00
1.927183546068390818e+00 9.744384340010114887e-01 7.490581000857170491e-01 4.227839123120512355e+00
5.998319413289268986e+00 4.487370887586003221e+00 4.760405159762603589e+00 6.242705108680961956e+00
4.700023778411814845e+00 7.830634744437969808e-01 6.890966603988585293e-01 2.023765602853825563e+00
4.154485533808014885e+00 4.031667546975267413e+00 3.283634876072576425e+00 5.122655341551144659e+00
3.241299994788013894e+00 3.584856188048085368e+00 2.945770561834904377e+00 1.672875974384888442e+00
3.847711721719522693e+00 2.501840817363261582e+00 3.714011090296549078e+00 5.144453111719511362e+00
5.433724497611379434e+00 3.899255273553963619e+00 1.935519540877436606e+00 4.187139904670035939e+00
2.364424509575397071e+00 3.473825666123548928e-01 5.926432182888188294e-01 5.812139321187136609e+00
3.692618701184397612e+00 6.653876025294394037e-01 1.691810395924822297e+00 4.377069014295539517e+00
5.495856424493624104e+00 7.246283865533181823e-01 5.457588264676028089e+00 5.880715928333364317e-01
5.601093519145076804e+00 5.123307084664893152e-01 3.752228316648690942e+00 6.249681956214055312e+00
2.434829946387571109e-01 3.734341239642418930e+00 2.039444162165959806e+00 2.619339960022194269e+00
4.324324348704610799e+00 2.655474912372164376e+00 1.477449274784986333e+00 1.480059521572423709e+00
2.624804775163879000e+00 1.824080731965619928e-01 3.938836842958841622e+00 3.229647447258073178e+00
5.440685148089286827e+00 2.855804649311691090e+00 1.548401951977552038e+00 6.822529378496508534e-02
1.189535083084868106e+00 6.981664327342411713e-01 3.948199314272653471e+00 5.835459975154904555e+00
5.431396045436017728e-01 1.953099721830823254e+00 3.666959961829384884e+00 4.740724511253266549e+00
1.142054400763611310e+00 1.305127238439315551e+00 2.718042894829846290e+00 5.075098170767818218e+00
7.927274584850727557e-01 1.979470415722373700e+00 2.602395121117548005e+00 3.693999722221803950e+00
4.135617936353419566e+00 6.039733899666228645e+00 2.291920721065971556e+00 1.621725186249654838e-01
8.826694927262987433e-02 5.820262990315884011e+00 4.824649574843020261e+00 2.888509052265610055e+00
1.318913376588778830e+00 1.479970957202288551e+00 1.286919153656657544e+00 1.613892796498286986e+00
4.785038943913355602e+00 6.066033195232583886e+00 1.989587987116527401e+00 5.432868064140064845e+00
2.549955878633686446e+00 4.133427603528261329e-02 7.206144041581536985e-01 2.656721869867906705e+00
1.679477719585985573e+00 6.391943818206692329e-01 4.585050931191869128e-01 5.011393740006989894e+00
2.886342141456438970e+00 2.820612677690980785e+00 4.656862598505771444e+00 3.439475372337872816e+00
3.873278971879180244e+00 5.386255962652977125e+00 2.509072274436215944e-01 4.558622326589734652e-01
3.968656174896258104e+00 3.515729226173026634e-01 1.403820095270966739e+00 3.637662898544142376e+00
3.026945742759739488e+00 3.466032407645691205e+00 2.413516799053562867e+00 2.287777837902813971e+00
4.456923688295419961e-01 4.358458611040283870e+00 4.949253537027041183e+00 6.222768659396423985e+00
4.355551807674003406e+00 6.959267094423817746e-01 2.315039716651300150e+00 4.665631904497582028e+00
3.875741619513730196e+00 4.349048372985858002e+00 2.001307579813800253e+00 3.725133038055840062e-01
6.279062521145223563e+00 2.490329811060663534e+00 4.748170946666943948e+00 3.923687819365537233e-01
1.858462894283148703e+00 9.289175470673678436e-01 1.569088782452247699e+00 6.280201160240128644e-01
9.746253450869656332e-01 3.136540582443666292e+00 3.751754614318972170e+00 7.215064307169994917e-01
4.413951374314414977e+00 3.935832017522943982e+00 4.980564662302682244e+00 3.093336651770172807e+00
1.087543991247579944e+00 2.836848633153989496e+00 5.156835490239657815e+00 3.139414879830432437e+00
1.049427561357366923e+00 5.111453772224731074e-01 1.155556470001722680e+00 1.888752826593866008e+00
2.303206148401767628e+00 3.645369678441082506e+00 1.446032092066879660e+00 1.484991466357353351e+00
2.573851246295388862e+00 5.079087902962396761e+00 1.587894166995673872e+00 3.775678212593331917e+00
6.082026769592098425e+00 2.356244192938472093e+00 2.170070888506036244e+00 4.897596033225195100e+00
3.540460296520312689e+00 1.354610593412812092e+00 8.259544039586115272e-01 8.963980164879020718e-02
5.939792202292104584e+00 3.954935455476183304e+00 3.469256693980238837e-01 4.992925202796472561e+00
6.750332046249714057e-01 1.436878927675977469e+00 4.884424335598456679e+00 5.497461686899054456e+00
4.414500083598818847e+00 1.527326953775668406e-01 2.726148128876646037e+00 4.082423577658985003e+00
2.365521179931280582e-01 3.410758274728861839e+00 4.423336387024913385e+00 2.394240422627741172e+00
1.911805736556529522e+00 6.194342888657615731e+00 4.717470283398467856e+00 4.439994354474465332e+00
2.095345127004645480e+00 3.751935735905676861e+00 2.050908694563151169e+00 5.134501507488677063e+00
4.602847243007571976e+00 1.403237641289200699e+00 4.066357440358999931e+00 5.056506472459981971e+00
4.939713545452879551e+00 5.993169378084565402e+00 4.997880718140461198e+00 2.680662868357597262e+00
1.888702117820187043e+00 2.428325656352587458e+00 5.193596598280053600e-01 1.889171350589683440e+00
3.608559991460329019e+00 1.934096153367038440e+00 2.192319409779129313e-01 1.264891921707472111e+00
3.342476857398134715e+00 4.491858719165001013e+00 2.745585762730749835e+00 3.904356126174002739e+00
4.354198443496883009e+00 3.592471577156431284e+00 8.431457036113937376e-01 2.943798553308546229e+00
4.550847005578706472e+00 1.506560070016246478e+00 5.900854097996673708e+00 3.815445266614557962e+00
2.472983804579498290e+00 1.650666286291892826e+00 5.280689455689905110e+00 5.499133042811783945e+00
6.212247096035009797e+00 5.865610584926997939e-01 1.073885218586800194e+00 4.942230278638071184e+00
5.999686384662061833e+00 2.359984455873324283e+00 4.222797069890080301e+00 1.803495924087935798e+00
3.743894535747792407e+00 5.572003586001349262e+00 5.851131942076250869e-01 6.047778821222228318e-01
2.375347802203933600e+00 6.266742266356956748e+00 4.054096233844649788e+00 1.335503662430321148e+00
5.114519507508044072e+00 5.176773672348607747e+00 3.978910726379912610e+00 3.394782032992583964e+00
4.630716697910114199e+00 1.690338987598268616e+00 3.191635968868557605e+00 2.007185413502272198e+00
2.255612276321591558e+00 5.745372379296052046e+00 5.603637724590060820e+00 1.152479898933559843e+00
3.020735681739763923e+00 4.545553540703641815e+00 3.412888520073756204e+00 4.881941727672762354e+00
2.189029185991155035e+00 5.495597944913734878e+00 3.002388922229045853e+00 1.715383776089367096e+00
3.007648717233287958e-02 5.008427811141187291e-01 3.450951419116238927e+00 2.776569436704500848e+00
4.835468022065046334e+00 1.727487917074008061e+00 8.185371420407397958e-01 5.165423168696271716e+00
4.494666520431311874e+00 1.652336750563415224e+00 5.796377342505321106e-01 5.535523678132064695e+00
4.500004162582151856e+00 1.492889642047119825e+00 2.215272774608819439e+00 1.807989024969713476e+00
4.141759698693823211e+00 6.467434537994578569e-01 4.642739865349827966e+00 1.118800482381660633e+00
3.603218921846811806e+00 2.747527771898458648e-01 1.840575421279288193e+00 4.218608159922538903e+00
5.801155562044492342e+00 2.894016409864095696e+00 7.266428431009054612e-02 3.737741885221888882e+00
4.672042880464245762e+00 1.585713799321996742e+00 6.018021110864709478e+00 3.032974058928965544e+00
3.296140926812860084e+00 4.268330470737719651e+00 3.614317011825973314e+00 2.206187106996658986e+00
2.757559777626638731e+00 2.369371233300389790e+00 5.747128244666213526e+00 5.947317388633556412e+00
5.036285851065803065e+00 3.158699889411505257e+00 1.772616615763582093e+00 8.644479173938642846e-01
5.820530249165976500e+00 2.555589785869477382e+00 1.251436993639323036e+00 9.487851353087858319e-01
4.186107096120871063e+00 4.834527767247844388e+00 3.255304384222267977e+00 2.259602612100497510e+00
2.047656036168712834e+00 2.354895518116272957e+00 4.746129930983835621e+00 5.282002947984127950e+00
7.660862813653950276e-01 4.792898130792182521e+00 2.923411120547164010e+00 4.610425718409955742e+00
1.876133002063446742e-01 4.485904251240844687e+00 5.782514530649544682e+00 3.693484885203631052e+00
2.808702323248625454e+00 5.944916299691175077e+00 6.010032075683112929e+00 5.909172494061565750e+00
4.823070487303112053e+00 6.048363070715194745e+00 4.928163570977455166e+00 8.105211324917177551e-01
2.303152408433451814e+00 6.008774293709957526e-01 2.798193282924164027e+00 3.879218868775045514e+00
9.356531832093106793e-01 3.434538713329978066e+00 3.964162557533712050e+00 2.674008567003961279e+00
1.547327690664525246e+00 5.479154606883818168e+00 1.341826359914900513e+00 1.796728296372985811e+00
1.364294495465465440e+00 5.741659339085909863e+00 9.174048000055821106e-01 5.177921047277694200e+00
2.983855667644072618e+00 5.409366627008570738e+00 6.073771855256886454e+00 3.999032490686559971e+00
6.207247370600327052e+00 4.322682535085227151e+00 3.727513451034718983e+00 3.019183332877914960e+00
5.951475515508633407e+00 1.582199924820887338e+00 2.988022096710770903e+00 1.864171668269780424e+00
4.417493385333147948e+00 6.256775638440034371e+00 1.836383546382900578e+00 5.114915172419103762e+00
4.462511057263203185e+00 1.969324783767761655e+00 6.112498444979666878e+00 4.934221414196716893e+00
1.536820536359560618e+00 6.238584608987413738e+00 2.617659879305904269e+00 5.126055526274265972e+00
3.190591220081758994e+00 6.064760287347727541e+00 5.592735436508143643e+00 1.004551577974928556e+00
6.235754216411697470e-01 4.163902284619433125e+00 1.633479293111494091e+00 3.322400917692113875e+00
1.621402207098673554e+00 5.579753577077065430e+00 5.577485293814079981e+00 4.884355191446091204e+00
5.147495600976926822e-01 2.005446827998807358e+00 3.843724637918896736e+00 3.464231695442212988e+00
4.304985980580067206e+00 5.553071245143241796e+00 3.452248729600507549e+00 9.709772940175860345e-01
4.072641482816954372e+00 1.257593074475767958e+00 5.976839728214116576e+00 5.957805383487970730e+00
5.890205611098466854e+00 3.486010521640596771e+00 9.915057963055691204e-01 5.453036704849600902e+00
4.958629326030639106e+00 4.876404342301380979e+00 2.828734604325028545e+00 3.289825139086910433e+00
7.914490354898582464e-03 4.176136068787458022e+00 2.653253563055314457e-01 4.696767506996317287e+00
2.919577275873364908e+00 1.851689116406959323e+00 5.970834217290107659e+00 4.345891676792792424e+00
2.270895791891446580e-01 9.105599848020148324e-01 9.303458104689746877e-01 1.983129311380020354e+00
4.553916749481601300e+00 5.272968216165793365e+00 2.872752011328502775e+00 4.461808403615691532e+00
4.684275981341743389e+00 1.814818189505377766e-01 5.951449631082605940e+00 4.896138107704341103e+00
5.820901758610046883e+00 2.771569625713477425e+00 3.183332203683027828e+00 2.524001276793551352e+00
5.913882701275106513e+00 1.361760012959923882e+00 1.376295251689562793e+00 1.528748963147235074e+00
1.436203204014952384e+00 3.437777707207308353e+00 2.903704853412234055e+00 4.803002362068120590e+00
6.142795587462696716e+00 5.014274683765541418e+00 1.613720322727124401e+00 2.080172302664752060e+00
1.695034634410338859e+00 1.717022563615693720e+00 4.957754390796251798e+00 6.271928505255596420e+00
5.383152784485330855e+00 4.361708200672130609e+00 2.197063333060552015e+00 2.629865234960248044e-01
2.102701301889776442e+00 2.615636141380224711e+00 6.356423880710027063e-01 4.059142594022309147e+00
2.999747598494145517e+00 1.917363006030324613e+00 2.428146635596997172e+00 4.778326730296850400e+00
9.855977693341372303e-01 3.372913093110791127e+00 3.391725811715851968e+00 4.245185047285942481e+00
4.787032393467627323e+00 4.945183821530494406e+00 9.592679562027415230e-01 2.592576904003386584e+00
6.246956780341325732e+00 2.323346737315525878e+00 4.680898311083694807e+00 1.531144304129760991e+00
6.005263447059623338e-01 2.811759527341245235e+00 5.262380621289928229e+00 1.162908323810289135e-01
3.997312824205082382e+00 5.121634001754946652e+00 2.957377317157515062e+00 5.004691670977863716e+00
2.128189591004184145e+00 1.948266477390797613e+00 8.424334898829324292e-01 8.553500372882681946e-01
1.294708932156720449e+00 1.017927797799717426e+00 5.748978212678445665e+00 3.497291407176041034e+00
2.574014410536992870e+00 3.722009654295113101e+00 2.439709298924829906e+00 4.213876965119856877e+00
2.137321262881180239e-01 3.130033307572758439e+00 4.138925311755244252e+00 2.105264156319570201e+00
1.287651125431806820e+00 2.822784225149835624e+00 3.015890246614624459e+00 4.957287302762241055e+00
6.028967870876861923e+00 2.840380210448445020e+00 5.904103948208192953e+00 3.481824853550340659e+00
3.244805107463978544e+00 1.260211841337007588e+00 4.767378591658392395e+00 3.256722851946356911e+00
5.579762298861492553e+00 5.866515323360737000e+00 1.608911046097086350e+00 7.446825148922341375e-01
1.556799851891312647e+00 5.318072445172609131e-01 4.371648715119800244e+00 3.795357556192843207e-01
3.485999959294893369e+00 1.535442899678837847e+00 5.424606760052180121e+00 4.434197914243969585e+00
6.075671487862893905e+00 1.596416945828839529e+00 5.398057034969525603e+00 2.432652595821465979e+00
1.538777930119170634e+00 6.096568716286876466e+00 5.284326753957617306e+00 5.717616618628312608e+00
7.731933218563709076e-01 2.986117596034958854e+00 4.057674374070640688e+00 7.619509330191456264e-01
1.888063524549033145e+00 1.234726123991027436e+00 1.941586800032369498e+00 1.242154731827452285e-01
4.863653013961970473e+00 5.676704852236812648e+00 4.674227814442721396e+00 4.965039946299848239e+00
5.644009658329735002e-01 5.153275319469543092e+00 1.831205072602541284e+00 1.509339309644234906e+00
5.157303385190938450e+00 4.888455248610076076e+00 5.306876633662742648e+00 1.070091393585506090e+00
6.247183340185107348e+00 1.290187845593481875e+00 6.433780022784139074e-01 1.234812144000146938e+00
4.430849528679734917e+00 4.475625279285512903e+00 5.102964549709978037e+00 6.133160208026557036e+00
5.702567118345313268e+00 4.033092042546992495e+00 6.914360573342830385e-01 2.296407723740385154e-01
5.227708425830871697e+00 5.283793825596940330e+00 1.158574567291005053e+00 1.649990059876560888e+00
4.283755115043281769e+00 3.456467250101268540e+00 4.901959067023612171e+00 1.478251867325581503e-01
3.582720088165096239e+00 3.712853027087863911e+00 6.112924291109790076e+00 3.726383967740347636e+00
2.041232275464203383e+00 1.509250064478602660e+00 5.887327144813444768e+00 6.742232781494308380e-01
2.673022599056109172e+00 5.810998470200910759e+00 2.492206489353954613e+00 3.253248084266233686e+00
5.242367438623124265e+00 2.210142853551563036e+00 1.704917215520842799e-01 3.585163854589833665e+00
2.362913925138801829e+00 3.195135165149848078e+00 2.604527157673344639e+00 2.560067733778899512e+00
5.602106600271056003e+00 5.245890001731021712e+00 4.432365194630681238e+00 4.695087125832274388e+00
3.923829612304835734e+00 1.308843762280855971e+00 3.785403461592024565e-01 2.754683488534128699e+00
1.471957136404076216e+00 2.520874617127607742e+00 2.806997602948729797e-01 6.526677281080763837e-01
2.804170957599998015e+00 2.237596590340664160e-01 3.492088800528020176e+00 5.245491814039048073e+00
2.720350549822561970e+00 9.412280814990378053e-01 4.687761013829425671e+00 4.441032612540493751e+00
2.776678809954124638e+00 4.917009257255282151e+00 2.211431593836811427e+00 5.880953628664594701e-01
2.971956296090839889e+00 2.984279486095783529e+00 5.141455505183635033e+00 5.554811330536781000e+00
5.870514001295336293e+00 5.647134702214816393e+00 4.713681823533764081e+00 5.328006662319546116e+00
4.326524407472339462e+00 1.602752927585897325e-01 2.585794023012057408e-01 5.120080217015091861e+00
6.168811773340117099e+00 2.835058661252940038e+00 2.079485910903713819e+00 5.718716984761260669e-01
2.271417654782460271e+00 1.661936972965729398e+00 3.013629552118224808e+00 4.106306435283195277e+00
1.195653403234355983e+00 1.536794167235043140e+00 3.902448976038738415e+00 4.624338084776420388e+00
5.294226418407770307e-01 2.084138174305655067e+00 5.629803498078215007e+00 1.555284536335048040e+00
5.499450661519862393e+00 7.170280359872550635e-01 2.914693550880105732e+00 5.641863070130342273e+00
3.020304115477010054e+00 7.351580582166179767e-02 7.433693959957190511e-01 4.358041076740149400e+00
3.240452086064729897e+00 1.638013590874901615e+00 2.245100794556287305e+00 4.696481449678475251e+00
3.361919941919476962e+00 5.024319392612259350e+00 2.452925204782538060e+00 2.521051655316346451e+00
2.158797029191565631e-02 4.569610303803195883e+00 4.835897211758606318e+00 3.686015116071180930e+00
2.926209695012921053e+00 3.736346354426902661e+00 8.521237963307175534e-01 5.309616962942464991e-01
1.667505632892005041e+00 3.142052712291745209e+00 2.003747909577935360e+00 5.201444446244504860e+00
3.360822779694335960e+00 5.041113045138003734e+00 2.210235836256172481e-01 2.868635991817915620e+00
3.310515094906289146e+00 4.769564754230886550e+00 1.798479126242263915e+00 3.377607716578480801e+00
7.934860565172043856e-01 5.653647734197214447e+00 4.993448654786657670e+00 6.174878094478479795e-01
1.240956427536257012e+00 4.976047388843262809e+00 4.108383957350536519e+00 1.089927943570778934e+00
2.888317723534452153e+00 4.676313624968949867e+00 1.305797089565248870e+00 7.022234155903981367e-01
2.657108313170737812e+00 3.087281174763728764e+00 3.800676722313968803e+00 3.828783813653320600e-02
4.218578187483097430e+00 1.560960394918097904e+00 5.437720606555021874e+00 1.941960875309289625e+00
6.113356895854450634e+00 4.465381158275038231e+00 6.269561486481345369e+00 3.567841798109024687e+00
5.852474951669630165e+00 1.989436855315754649e+00 4.778299071241941753e+00 5.770483527979063609e+00
3.820708737145495526e+00 1.992054895642643597e+00 4.917006763679490966e+00 3.648540856260674925e+00
3.770091388540494748e+00 1.026355806029209117e-01 5.075541128544456271e+00 5.848964936158361105e+00
1.566724211791092891e+00 2.592694394108294720e+00 4.277959147285074870e+00 3.710384130066040620e-01
3.458466401095520837e+00 3.460619025818315375e+00 1.262544754068320341e+00 1.901352542419490366e+00
5.305275752611906537e-01 2.764296422842515533e+00 5.567738222481836807e+00 5.605295996755807586e+00
5.937781364710896348e+00 5.988344087091756585e+00 2.352753357062421724e+00 5.368078376716107769e+00
4.377379215820255354e+00 3.654845482654291433e-01 5.782797883643032932e+00 4.442608988435839734e+00
1.463810053542930589e+00 2.762869590752679905e+00 4.866136859254665659e+00 5.790548579083444558e+00
4.863888340076302441e+00 4.674664186009994893e+00 2.107820118008444155e+00 9.476302318956471016e-01
3.200655382264212534e+00 5.953655688457856421e+00 4.809090047227428499e+00 2.837571874883805023e+00
3.604871473773116897e-01 4.487991892387634962e+00 1.095901642197820269e+00 2.881186719189069212e+00
5.860504439702500790e+00 5.639360484294861919e+00 1.828200240948239408e+00 5.861505919748691618e+00
3.500932781954827711e+00 4.251312324605454052e+00 4.256077275821852801e+00 4.545154169691062451e-01
4.155149374266191131e+00 9.310498632273893627e-01 3.142158790601138896e-01 6.118045894885304037e+00
1.744619807283222634e+00 3.223076970609342062e+00 3.969510713437713889e+00 4.247981745048697633e+00
5.841776067872777034e+00 5.194229143848511754e+00 4.147515920322419447e+00 1.769159600720825232e+00
6.149829618029465372e+00 5.566486490890396155e+00 6.074783625026761058e+00 5.527514295918575904e+00
1.977988876885184322e+00 2.070295029190295288e+00 3.449461186192636308e+00 1.418814161548327679e-01
5.731647735923012910e+00 3.678356046899586840e+00 3.984537109206395478e+00 1.231780612091263549e+00
1.112046387678572890e+00 7.093902046038096376e-01 6.173396929596188798e+00 4.135897358903423138e-01
3.724677749949436123e+00 1.868985448264238958e+00 5.306920212698771344e+00 4.050057173067145300e+00
1.432245050173938994e+00 9.435680909051150644e-01 5.358497181470189830e+00 5.310455944750255952e+00
2.832575456990613638e+00 7.114786949094782376e-01 1.110652728254702737e+00 4.222083276215522041e+00
5.421845862812095795e+00 7.401074940540021130e-01 5.492171033750889997e+00 3.936135522552763000e+00
5.220798865047726167e+00 1.599836522136869554e+00 4.286755912197485863e+00 1.182878717364255428e+00
4.955650566996523843e+00 1.280385402152297347e+00 1.027672757437732565e-01 1.498632249761680857e+00
4.893780683532149567e+00 2.076308283417191980e+00 3.975922326244494709e+00 8.837720664985226904e-01
7.041324316093535707e-01 6.166047741725487974e+00 1.027085573700185162e+00 4.385064232581106225e+00
1.475803446341904968e+00 1.080029358251622273e+00 5.802262013683744613e+00 3.399086075770061388e+00
4.471913611630510488e+00 2.552123034967450188e+00 5.838059353917437022e+00 3.798748174865851812e+00
3.651024571794811990e+00 4.484697547365021464e+00 3.177456045316623179e+00 2.305917177074635838e+00
1.218933883209492031e+00 2.053766418326678611e+00 6.004876362592717065e+00 5.376903646108376122e+00
5.759597235539819060e+00 3.143586887586459433e+00 4.292042818064796705e+00 6.345605725448499879e-02
3.475733546289269782e+00 5.372645308839040901e+00 4.018695600265143497e+00 3.898750671011276037e+00
1.699759399214601174e+00 2.658332525882117103e+00 6.663072757195993567e-01 1.226405088148726064e+00
3.807688159550678630e+00 6.008844177284397681e+00 1.043618885528040829e+00 5.500590283948971759e+00
2.251722016918523028e+00 2.007830631478810801e+00 5.428709210729611101e+00 4.764350191633057285e+00
6.000272463500022635e-01 3.876028763335459537e+00 4.696555841029746325e+00 5.970875549365128876e+00
6.028344850841369507e-01 2.936564303656362118e-01 6.879171567538986398e-01 1.099048513187476317e+00
1.065998669245432628e+00 2.582787156449786625e+00 2.997699214334582862e+00 5.009797604495247469e+00
2.836286178451452145e+00 3.760235461255102829e-02 3.978075471799952467e+00 5.524051499091208406e+00
1.952333790399380709e+00 4.335593978534670434e+00 5.895138110562781364e+00 5.495656936919720792e+00
4.380237946208591637e+00 4.328926321793449716e+00 2.059163081511516946e-01 5.333814005373564981e+00
2.048619384437738500e+00 2.723836323498503909e+00 5.606830005079337376e+00 4.028179698903115558e+00
2.500057204490718110e+00 2.187823658029514728e+00 2.451362604113517474e+00 9.932621638605202419e-01
1.383170840977555605e+00 5.610712822128300026e+00 5.666255874054403341e-01 3.029254587031642298e+00
5.963778836369834302e+00 2.020629829545796063e+00 9.695927372910626563e-01 3.962991797079137513e+00
5.623226610979826567e+00 5.588165281651148675e+00 5.010173165053026345e+00 2.614738022093891168e+00
9.754638085780498180e-01 5.762359372445529537e+00 4.226934461900122009e-01 5.470011635263585248e+00
5.183495139735875945e+00 6.087354657033263727e+00 1.376966578289967158e+00 2.060688310434084070e+00
4.901941467793029084e+00 4.000917198708509481e+00 3.522412669275840624e+00 5.845274254985756812e+00
2.219099637905558531e+00 3.821559648230223316e-01 2.265136629635062349e+00 5.948553372551913299e+00
5.070964641660829386e+00 4.773101301093785054e+00 3.077488444412282309e+00 3.864697242580557024e+00
3.690672022409358100e+00 5.354160295693999316e+00 1.722074799997545869e+00 3.286582904504484759e+00
3.890312879719999728e+00 3.791038425214570573e+00 1.578478410365210749e+00 3.536295937390605548e+00
5.537074959630562176e+00 5.227299193790620357e+00 5.730748522066059225e-01 2.860537827015810830e+00
1.412924656859816164e+00 2.012207826781068132e+00 2.558033200817841024e+00 4.866109795429887974e+00
2.706774363869417499e+00 2.677933109472229400e+00 4.741325298671569044e+00 4.658876303450520062e+00
1.372997827605431320e+00 2.311561055175999524e+00 2.967084408480785029e+00 2.824237267447953670e+00
5.221725302328197316e+00 1.585740891780641038e+00 3.354140874731412314e+00 3.102908776484456066e+00
4.584443503300652978e+00 3.420754348368941322e+00 1.631155856542305882e+00 2.422701046566072325e+00
4.604321121842108511e+00 4.585227122491304819e+00 5.963869535829700474e+00 2.094124037907798996e+00
1.488204217660531015e+00 3.958924794599600450e+00 2.024574580617924724e+00 5.074555557194930344e+00
5.016142313218675319e+00 1.540765192888741142e+00 3.806892896785564417e+00 3.692469537564224247e+00
3.119451252167271704e+00 1.756545239914562018e+00 3.917673030568668668e+00 4.366073434974148348e+00
1.552247184882718845e+00 4.689199236804753035e+00 6.811145709087460531e-01 3.961766684578497788e+00
1.506246854291390047e+00 2.400010165888020186e+00 2.259866051305528256e-01 2.997156496267115333e+00
5.533218603375553712e+00 4.637789264129343003e+00 2.831712905159316840e+00 6.100183225441454304e+00
3.524481642382451874e+00 1.774143266522453244e+00 1.058939866162643906e+00 4.814226981768490177e+00
6.008054355561937676e+00 3.337250223536449290e-01 3.793050788178245369e+00 1.099459162496421616e+00
3.660768124036253846e-01 5.781101322086020566e+00 3.613292944135844120e+00 2.297810560648334111e+00
2.620605544415017363e+00 2.157480643308373747e+00 1.871572274362186095e+00 1.579598738144059711e+00
6.622693566668678145e-01 2.057293638964673210e+00 2.903173447763334636e+00 3.596089414634214609e+00
4.373639479559091825e+00 1.672794288780773964e-01 2.699522426906614925e+00 5.744777182653202807e+00
2.339238120072777427e+00 2.462929610276537229e+00 6.518225213635967519e-01 2.025815904677131241e-01
2.534234864678025723e+00 5.702135562781239564e+00 5.248885167551502029e+00 1.898745463153721724e+00
3.257793447194095027e+00 3.224950620439987592e+00 7.827766887705119858e-01 6.005193795166869464e+00
8.055385463159339121e-01 2.489302286762167249e+00 1.750040283897432047e+00 5.520708411130635263e+00
6.092283717210979610e+00 5.520570825548312577e+00 2.492543941643695415e+00 1.882938849868469156e+00
2.465408483031596099e+00 2.407635428641719422e+00 4.388962026461980415e+00 3.121373333299053865e+00
4.642693786513866883e+00 5.093688984006403686e+00 5.270922910080917845e+00 9.893854777506950748e-01
3.993179552376332264e+00 6.104241686757199581e+00 3.997703254493552461e+00 3.402958449088502313e+00
5.526728592145743413e+00 2.724850740423498952e+00 4.185975961749738516e+00 4.439872608592851044e+00
1.848096109816360189e+00 6.279868491962296018e-01 5.888874846264023688e+00 1.857759010858702320e+00
1.089222017470713233e+00 2.500847316823965549e+00 5.321352032718817071e+00 5.579322258190432038e+00
2.939568952420218984e-01 4.267896614422367563e+00 6.219950594740750738e-01 2.879320256025113878e+00
5.800308625762591319e+00 5.506736574224269987e+00 1.214604397290502680e-01 1.479302079404878123e+00
3.293929580192492157e+00 4.746158435156485389e+00 2.262577822081979217e+00 2.140292440389531592e+00
2.559574583877672449e+00 5.980201268065762576e+00 3.792157246989950270e+00 5.928779996803035246e+00
1.751727681733766806e+00 2.651526033494211898e+00 1.130460408406645856e+00 4.213131823974071155e-01
3.885155355120052167e+00 5.771111374873070687e+00 4.030705530108305901e+00 1.530207875325646949e+00
3.805245098628909695e+00 3.245306068448075898e+00 5.700241904120365355e+00 1.533622896709985417e+00
5.920020311277919944e+00 3.640383311219059781e+00 5.538897021042941127e+00 5.734028997100208969e+00
5.125685193834325304e+00 3.054608507360582426e+00 1.161556720541399024e+00 1.068521567357088475e+00
3.385054477242289472e+00 4.713052641187090330e+00 5.798926487933777629e+00 7.722190284601059274e-01
2.296407253534792137e+00 4.490271515612184849e+00 3.904190097986535601e+00 3.852405991575632349e+00
1.669119891422465196e+00 5.434930485033093284e+00 6.070179528358687904e+00 5.876008453163433565e+00
2.825095057212569927e+00 7.496352561372801038e-01 4.969152034797013506e+00 9.619250514052013479e-01
1.976723760648424477e+00 5.502784022996430657e+00 4.587188881362361137e+00 4.309417715110973823e+00
3.005774685949934799e+00 2.491588527542534681e+00 5.458520954248572643e+00 4.529559443530868923e-01
5.956520517713368434e+00 4.180187589466192399e+00 6.854660237264921241e-01 2.323916540460639335e-01
5.260697220888430614e+00 1.743042694756203215e+00 2.266246187560236880e+00 1.889452711802747986e+00
4.296660142829833440e+00 1.079771249211787243e+00 2.759644759798328462e+00 5.886986618541501848e+00
2.858895885915493928e-01 3.658698927458192252e+00 2.464064048138245866e+00 5.513654290109906597e+00
5.077005613058809708e+00 5.217616091530056011e+00 5.094150684727399181e+00 1.017838462500060714e+00
5.647031335135138441e+00 4.041935379097659542e+00 2.837263191157046727e+00 6.058698568299726084e+00
2.103180049008067432e+00 3.674610638718867062e-01 2.395776284640420695e+00 4.668759086752537257e+00
2.472685274172795822e+00 5.353941011122010707e+00 4.401333410086301079e+00 3.771557325872394006e+00
1.665228119466308998e+00 1.134231829019135773e+00 1.060559253565321436e+00 2.380271598067501770e+00
6.245129876704571537e+00 1.387935165179549735e+00 1.210379119363203193e+00 9.167647210384002321e-01
1.552051273984287327e+00 4.693375422357917159e+00 1.993366682826611669e+00 2.263390178056866819e+00
2.428544599469795617e+00 2.183163650418602941e+00 5.653646406728674911e+00 7.858591638123417766e-01
3.581006817430560929e+00 5.802024809254366033e+00 4.627797724110228827e+00 5.059782523565366397e+00
3.379326494364363498e+00 2.593593888714094131e+00 6.858966647593081056e-01 5.230410064094083822e+00
5.837866130723654123e+00 2.490308918580097508e-01 4.152541603070607046e+00 2.807192325680897937e+00
3.561247710111185238e+00 4.935272690247028748e+00 1.381628338602860495e+00 1.194626540282323512e+00
2.551918000363301853e-01 3.621799373920984166e+00 4.362754664991947529e+00 1.342700671864376805e+00
4.515392243237658754e+00 4.336098870421819740e+00 4.941378994530958857e-01 7.288485090532896837e-01
1.344500112517370838e-01 2.306749455960132700e+00 4.443067136292399688e+00 4.598331477847483306e+00
3.623670640897921569e+00 5.790984624292400795e+00 6.303647437225973205e-01 3.697509379995230105e+00
5.960258340417303735e-01 3.145253743038145533e+00 2.386498133944138011e+00 3.005580434664777645e+00
6.275241800252346458e+00 4.788984262228373368e+00 1.667839486900256851e+00 5.227605436603124822e+00
2.949966835369643992e+00 1.094786222699202671e+00 3.856136321862906891e-01 5.851178491440728990e+00
3.976958921791442503e+00 1.030360796543003721e+00 4.504943120706797366e+00 8.862104691328531736e-01
5.541515474386272011e+00 1.525640779393964364e+00 1.957230396537597006e+00 1.916853857378804316e+00
1.438771760914646369e-01 3.279204758462549218e+00 8.304567444802948284e-01 3.105634140483852779e+00
5.251352504153224743e+00 4.730179990848720983e+00 5.453921989092092026e+00 2.011402466271456496e-02
1.785582770252525986e+00 6.897214255839536623e-01 3.491788920601237578e+00 4.579795108952947835e+00
4.508291720377542333e+00 3.896184165684493994e+00 1.996527690038172764e+00 5.847906304806659294e-01
5.712040696394286243e+00 4.317990232971744113e+00 3.402064160555218653e+00 5.984984156547708878e+00
2.519949469954652077e+00 4.040234260458114846e-01 4.172896562926632136e+00 1.392400649459475392e+00
3.005343695867800591e+00 1.315483734381454717e+00 6.142400325729258981e+00 3.211086944070390969e-01
1.822716787288652496e+00 3.126883315552893450e+00 1.303584771472545423e-01 3.377354422343898932e+00
6.064333043472476703e+00 5.632655010053634115e+00 4.283595824507631100e+00 5.862120793197298951e+00
5.565316441091463062e+00 4.055183952774483735e+00 4.121583649934728477e+00 2.323689432244267217e-01
6.122955697653641671e+00 3.432380960080261723e+00 5.030326226169377080e+00 1.006228828333970288e-01
5.312346096987369926e+00 5.399955553781338402e+00 3.253460357286858784e+00 9.511934476304308161e-02
3.520755849800714987e+00 5.360834541123222330e+00 3.215715499068795058e+00 1.126718355483373291e+00
4.438434690127134985e+00 2.149878149469447219e+00 4.052224621329498788e+00 5.248396944294674071e+00
2.396357612418791305e+00 2.730982294190941406e+00 2.617575202418805702e+00 1.024311396803657903e+00
1.008639284705465489e+00 2.209866376224924878e+00 1.225380112328911419e+00 2.549878309120723774e+00
5.953627527949559628e+00 3.884725732230452255e+00 1.365455641016508403e+00 3.995130090406011192e+00
1.477465685199639056e+00 2.871000129739226470e+00 2.741414399058612616e+00 2.310647618971245265e+00
5.809417058179660032e+00 5.122367743283926522e+00 5.305193648916256777e+00 1.467704955383373644e+00
5.800379707800717988e+00 5.710497155305189754e-01 4.000835813585710277e+00 9.171913745346498281e-01
4.501110917924644461e+00 4.956135277422543339e+00 5.671501634486583177e-01 1.399746786304018720e+00
3.541462345298793668e+00 6.188392159490175182e+00 5.329808782807192280e+00 6.175813287906852800e+00
1.547703854992270811e+00 7.525604931038244461e-01 5.803315556159734712e+00 2.934954051198837011e-01
1.237080382294933750e-01 1.918894539403905197e+00 8.533721930111258791e-01 4.080211630094683350e+00
2.346003232814496187e+00 4.023804820856345721e+00 5.367831598475851784e+00 4.510446141858616365e+00
1.454566217773548997e+00 3.911592106617574061e+00 4.685984989540139978e+00 4.378064716908519394e+00
4.682757766644644271e+00 9.105167979636906717e-01 4.815317149328094182e+00 3.535369421912508692e+00
5.057977896301774301e+00 4.838197216511698429e+00 1.972067489884382407e+00 3.620851722951700769e+00
2.532422891223277350e+00 5.229972395328063683e+00 4.538735919801989205e+00 5.951936053040495445e+00
3.057868002228372628e+00 4.630741299737432648e+00 6.248803642561246541e+00 9.806368011163546505e-01
5.801139982242672355e-01 1.517432287859749707e+00 5.317705679216917503e-01 3.231478128626272373e+00
3.447169622624186580e+00 4.600545080432947742e+00 2.193495048694322769e+00 7.713439295170845256e-01
5.188050819731768293e+00 3.548158951939019534e+00 1.700929618970748125e+00 1.829510460397282490e+00
5.571680349912991659e+00 1.463860191402118538e+00 5.704930678502821095e+00 8.465862505921747383e-01
4.615455313054505737e+00 5.004488618624753471e+00 4.465662214227822169e+00 1.060312851852813543e+00
5.750555075951685469e-01 8.705960234497125416e-01 4.119131924804376510e+00 5.192323815338135695e+00
2.480269138075313240e+00 2.743188685153705730e-01 1.709926537492551191e+00 5.034110718624884129e+00
2.977594006959683348e+00 1.357193508776421143e-01 5.524431894823887745e+00 1.653383232226505406e+00
7.602978454350082238e-01 2.355529630429692656e+00 2.610119553148623428e+00 4.907300926515575590e+00
3.769118230582149565e+00 5.993381860258254257e+00 1.831523218130263864e+00 4.253260146229191463e+00
1.019030015211458418e+00 5.665827973406076801e-01 6.187770945894207480e-02 4.660134754180065286e+00
2.128967798782685494e-01 2.541421531415280488e-01 2.161492176356905048e+00 3.637275213634743931e+00
6.282135585661506205e+00 1.257185754515487863e+00 5.163266966466310670e+00 8.375572760604128586e-01
5.378781718839834580e-01 1.754339156372433539e+00 6.145269817546607172e+00 4.426887450554009007e+00
4.407142183358526033e+00 7.181918370080775382e-01 4.243618045336217670e-01 2.410079420064757727e+00
1.778958020462950707e+00 3.321478989370099111e+00 6.174885708156013564e+00 2.117871037137998069e+00
4.463754063036007302e+00 5.092751266741298188e+00 4.313101868384806581e-01 1.877116658814466543e+00
3.660115766962875661e+00 2.816514913629952321e+00 2.154477071125962873e+00 6.156122964735614822e+00
3.538089531530649978e+00 5.402757063681357108e-01 2.461626554210179840e+00 3.806829247514839309e+00
6.780866478495811700e-01 2.236665512909930542e-01 1.021345701234545711e+00 2.489725770578110176e+00
3.270615094503261044e+00 5.844069311573550252e+00 6.168872990052229888e+00 5.727789684423489014e+00
5.708574328406385234e+00 4.790944742543026713e+00 1.886191683232740557e+00 1.505963539319338240e+00
3.860166403034376081e+00 2.804583858847971900e+00 3.709337437365093582e+00 5.721348203380711261e+00
5.194687861129515305e+00 5.094030972805676960e+00 5.262057322081872712e+00 2.328303684638775017e+00
4.902928651546821115e+00 5.462930426590151711e+00 3.479804489310877713e+00 4.804346693255885370e+00
5.517229183216599830e-01 5.200151678057901572e-01 3.569240006082427197e+00 4.556813698141857216e+00
2.296772313053337733e+00 1.519815741048621938e+00 4.328747446322902981e+00 1.391254452928928798e+00
4.399808963955775809e+00 1.831873383318416870e+00 4.130203223115388234e+00 5.345594916279444497e+00
4.385508282330671470e+00 1.973058723404117698e+00 5.082637406069820507e+00 2.086437914791914316e+00
1.515985765590891932e+00 5.077890973277569664e+00 2.666625002938872502e+00 2.496289631071218373e+00
5.283698762433389540e+00 9.698692726346535009e-01 3.491710467973264009e+00 1.909640976222058972e+00
3.360351855961984935e+00 2.815947839078765558e+00 1.021675331573172141e+00 5.783923219648017700e+00
1.861196885126132461e+00 2.594817816355027507e+00 4.107404992681370715e+00 2.760170981742799512e+00
4.640992904258424145e-01 3.676631468292890781e-01 1.439842981860317339e+00 3.937123497790714577e+00
2.415644607633924856e+00 4.898206099393872748e+00 2.160305170645794082e+00 4.387187985907504917e+00
5.055508633347500336e+00 3.816374254724905768e+00 5.134712444955908950e+00 5.806390745532544528e+00
3.835042929897548802e+00 1.219254584941694919e+00 4.074762221041409838e+00 4.155158710837431602e-01
6.026660878557155598e+00 7.252569687252409247e-01 4.919995260251426750e+00 7.869713533720674725e-01
1.547481019767819266e+00 1.330392929416993886e-01 2.739614657120242658e+00 5.141845014129418523e+00
7.411340734733342650e-01 4.023157558402770118e-01 4.367926970818925447e+00 4.808637163551786387e+00
4.266730717618003155e+00 2.757538205642885210e+00 1.705224759721994943e-01 2.569275967159431406e+00
2.591857425523998781e+00 5.903900975416798147e+00 5.532680595580696803e+00 5.907249928076639733e+00
2.280724431503859062e+00 2.216292643127820927e+00 3.825512089892769030e+00 4.465768054548963084e-01
1.263503537965311008e+00 4.983769294660821136e-02 1.129417581151502592e+00 1.939051709069777585e-01
6.179082882802880761e+00 4.702180836346512294e+00 4.093981095324343400e+00 4.053132944581854247e+00
2.407926561695481027e+00 1.982082428560707210e-01 2.675788484831369995e+00 5.340275366098400589e+00
4.231952400534574332e-01 2.641844666327934021e+00 6.253313584604868858e+00 5.119909102376176691e+00
3.238860908925787818e+00 3.177126495451739974e+00 5.938474821372802914e+00 6.137162219240215322e+00
1.251863063213853877e+00 4.789339516263535934e+00 5.566403083900206994e+00 4.701992433575224339e+00
2.150143390401026977e+00 1.685312210436969105e+00 2.826228079121621661e+00 5.977373115683658256e+00
3.292413660202613723e+00 5.479548592979105237e+00 3.517285899955976958e-01 4.059328767253503223e+00
4.572241033433429358e+00 6.091257226748850506e+00 5.307690128578186339e+00 1.658168863714973851e+00
6.190978799656137177e+00 8.434452073741793843e-01 1.422444485623463484e+00 1.958593681995853375e+00
5.009666403824525993e+00 1.726589468922158144e+00 2.604488394914055149e+00 1.006176244699530375e+00
5.986148796832675423e-01 3.532562827985629816e+00 3.889872553027960755e+00 5.559270492021947341e+00
4.091915713625936535e-01 5.967885651741220876e+00 5.170209444515351471e+00 2.971119507549615513e+00
4.136725705242796813e+00 1.644325976140082135e+00 2.957898574945875936e+00 2.499561361314618146e+00
4.246196188552985973e+00 4.999819914738049320e+00 2.990180557122471328e+00 9.440637247727445835e-01
3.337415762090571114e+00 5.008392916447336418e+00 8.833244700940113825e-01 3.600750992187961241e+00
2.434071155280233878e+00 6.132516645580125214e+00 3.133449851514718887e+00 9.780363310459845305e-01
1.508699717927672657e+00 2.877313072560003793e+00 5.658503184675574893e+00 1.386985517727210793e+00
3.388927985926853959e-01 4.087661203079407279e+00 4.120964373422273397e+00 2.640877533873372762e+00
2.497943611023915711e+00 2.516239829676801154e+00 2.847253955927202096e+00 3.437865469379751460e+00
4.101123332335935068e+00 4.971620907039149828e-01 3.506925927810326193e+00 4.492346693446101824e+00
5.876152665201388459e+00 5.489388656254390320e+00 4.233061538823945646e+00 5.587393584752644138e+00
4.990200522227851820e+00 3.703658656951837713e+00 4.626083734756187837e+00 4.455824426042195086e+00
3.562902118166705989e+00 2.349044035210634096e+00 5.758896168302746199e-01 3.797789078219282910e+00
4.343873862171128586e+00 3.501057718909768024e+00 4.456927689212346055e-01 7.693271608210657808e-01
9.139527500144477568e-01 2.036363594226488161e+00 3.746639864312330204e+00 1.946681826952678884e+00
1.811911444530132753e+00 2.236902843123527607e+00 3.020388635736722893e+00 4.488791540420642434e+00
3.157855930575002912e+00 3.081409887464267250e+00 4.323998864110429885e+00 2.255804567455894194e+00
4.424514829964619977e+00 5.455380770561339077e+00 1.683668278575897181e+00 2.936442320408418905e+00
5.751105196953274046e+00 4.785481264910576016e-01 5.678608442710260995e+00 5.116270771517557492e+00
4.801159756654416633e+00 1.156607566346259830e+00 4.285464018203535730e+00 3.215503246170878238e-01
5.924277076192202562e-01 3.824380867084529179e+00 4.736401500146401489e+00 1.818346818691997033e-02
2.164184135648272722e+00 3.388971048639864758e+00 1.466443111240074870e+00 4.843252595511377656e+00
1.660724544511581913e+00 9.177129779745694105e-01 3.269708077184209305e+00 4.311697958024287125e+00
5.882007650595056703e+00 5.985582415509338006e+00 4.629104765896019935e-01 5.368253562188411709e-02
3.007870675562275942e+00 5.951740807788564069e+00 6.007248941118786156e+00 2.586627643808244503e+00
3.982592873996015470e+00 3.422845790867480087e+00 4.879130625115982944e+00 3.306269682791508124e+00
5.096319668090769639e+00 3.018524412884284303e+00 3.133127404883118583e+00 9.517113680609583515e-01
2.610198318877228751e-01 3.825967463008228098e+00 1.257419668963698500e+00 2.277784204437991455e+00
1.293420641868446186e+00 3.695028772852131382e-01 9.140600443776452089e-01 2.170910651040697026e+00
3.527491605263933239e-01 2.333875985294080024e+00 6.133800662287709038e+00 5.086899335950108458e+00
1.259978447967152970e+00 1.283649566394613917e+00 5.533307585653601812e+00 4.406168370690269342e-01
3.383590843271273130e+00 1.814695438856018805e+00 5.448508559122192452e+00 1.617085945989937601e+00
1.110852625361196527e-01 7.648336020160007021e-01 1.940807837019499771e-01 4.372817779855795450e+00
4.977208905279255191e+00 4.041794835983469447e+00 9.068778133576192724e-02 4.034221980567418875e+00
5.814231765074529434e+00 1.103111574368796644e-01 2.379561507710960200e+00 5.225294655688245804e+00
1.712526712025006281e+00 1.490841429489382808e+00 5.628581292719977647e+00 2.441540831060690753e+00
2.379120564587057451e+00 8.445443391886038320e-01 1.705079766575035016e+00 1.794938292121427192e+00
6.585743545633140038e-03 2.247663164275239822e+00 5.323289305175849861e+00 2.287611286490085938e+00
5.587918330153527791e+00 2.132442313548965629e+00 1.889528880002560252e+00 5.508843957083687570e+00
3.488833290858058600e+00 4.339820912382906570e+00 9.413100978016880616e-02 4.285652621208512869e+00
5.338063203062605844e+00 2.769215124735142641e+00 5.749859759809401033e-02 2.261471559513217766e+00
8.378501411614901473e-01 2.737552361207221452e+00 5.088199769401891004e+00 2.821398471880688152e+00
4.068309487798043911e+00 1.065128206128547639e+00 5.559975058647640189e+00 4.152908424064851722e+00
2.916777706636561329e-01 3.878967623544656851e-01 4.837084161288254691e+00 3.422336988548801084e+00
5.647818161217266208e+00 6.018709512694371710e+00 1.988873967621521244e+00 4.035989339869866299e+00
4.422123341787540518e+00 1.778839740080761844e+00 4.655094709618974314e+00 9.611296126147835794e-01
2.601148009829531205e+00 4.213448209722546522e+00 4.689132383883335642e+00 6.172643788814718313e+00
4.489112999125395298e+00 4.929956119123589664e-01 2.141854334644486713e+00 5.154964135441516326e+00
4.492633803425564176e-01 1.076366979192285633e+00 7.405779498805291627e-01 2.394427708713533498e+00
3.471918858914828210e+00 7.013692008433964897e-01 1.484309049406105530e+00 3.406152648627739588e+00
4.325705218013519149e-01 4.618461298224966427e+00 2.192273698964233741e+00 3.982270652992151216e+00
2.806822066160493900e+00 4.610683741995300622e+00 9.963038173666329822e-01 3.207823859492004104e+00
3.758426047875119025e+00 1.846530596156726878e+00 1.587253585409509782e+00 3.499674446525727234e+00
5.037652498247468635e+00 2.570920396665749674e+00 4.420053280923892380e+00 2.383566444247702698e+00
3.202989267681852770e+00 5.364476286662321902e-01 5.605921486024081801e+00 6.126938184260535714e+00
1.456318841428392075e+00 5.791403925815253650e+00 6.194340213856080801e+00 2.230764235347433733e+00
5.671796269537495050e+00 3.917874891009506255e-01 1.736638737305365776e+00 4.538868682880622174e+00
5.695861785341670647e+00 2.671417598165463314e+00 4.302759028253798412e+00 3.807328805677154371e+00
4.219941683413024336e+00 1.459194837078467533e+00 4.458553824967657064e+00 3.821172936403611775e+00
4.906304088251229878e+00 4.734333542373695636e+00 2.611597817894487417e+00 1.479287178492374011e+00
4.705680531075252304e+00 4.784295198158160289e+00 2.613886793407801168e+00 2.389076924803747115e+00
5.662234035914195829e+00 2.685822896441955265e+00 4.102538663913184003e+00 8.678575119054693365e-01
1.591833046078831471e+00 4.740323115316623870e+00 3.110203962968149938e+00 3.031663871360533502e+00
1.009222900351616214e+00 6.286858648123487547e-02 4.149139132616943115e+00 1.342992346219255229e+00
2.761295848945263032e+00 1.177337195769909028e+00 3.513329135943045856e+00 9.823078263195575976e-01
2.759651169580089380e+00 3.337364376619277095e+00 5.429987069108988429e+00 3.388675232300870643e+00
3.731270604653372236e-01 2.258815828616700383e+00 3.011621806360165632e+00 1.560019034494543488e+00
2.803912990116269377e+00 2.790847483604173007e+00 4.789418605976836218e+00 6.887969233179390693e-01
3.168360616896487514e+00 6.331659991116346253e-01 4.003890223883812993e+00 5.534596364761059206e+00
1.952627937210433151e+00 1.936117803599107123e+00 8.423643782914863598e-01 3.948972904574663545e+00
2.487449749971518909e+00 5.150548819961611180e+00 5.864252160742970510e+00 2.951549016109900503e+00
2.308316706154410980e+00 2.864482230283109665e+00 3.488393758854885007e+00 4.976446935580356445e+00
3.599433166052774524e+00 3.976482853428971453e-01 5.953450972487590143e+00 3.938278429914299661e+00
4.398917466121340936e-01 5.990674846881879567e+00 2.097613175115199624e+00 5.401099790307244852e+00
2.373227235421432102e+00 5.844167331449780178e+00 7.029624232560031105e-01 3.929385766849568640e+00
5.480171664421056299e+00 2.754617397701432102e-01 2.310809550763689657e+00 3.257702149870222552e+00
4.661597745233065915e+00 1.147329453820806755e+00 3.460799455980362094e+00 3.278181699921085546e+00
1.761700186018327008e+00 5.667200647993238860e+00 2.628962323367160181e+00 1.945451158943590331e+00
4.141033421358656597e+00 1.858257215504396376e+00 4.627128390322113205e+00 9.320746205065809642e-01
6.195208316482984756e+00 4.022850109481974634e+00 6.006547672322825271e+00 1.476363160079274373e+00
2.874000690553185855e+00 3.117177807718546134e+00 2.974859258637749360e+00 4.149581708906300292e+00
3.398040188467678080e-01 5.360882031859860675e+00 2.013211304846607153e+00 2.221507062517476427e+00
3.535845674891465507e+00 1.032857123977788616e+00 6.918538425055335006e-01 1.676116187089846887e+00
3.856259315270885502e+00 4.821136204282527871e+00 4.660652778018394393e+00 1.770314112616401703e+00
4.117375874963344451e+00 3.950638178807479584e+00 1.991533970353601468e+00 8.893736727790079177e-01
5.291805041533319098e+00 1.715258374317902845e+00 4.430436419782101787e+00 5.448203214981398368e+00
6.222391168671916439e+00 1.760056069431364500e+00 2.645185516001369308e+00 2.320607584069727114e+00
1.217058060694042654e+00 3.766633700061658985e+00 1.076159454969321527e-01 4.749075434407738605e+00
1.718259570308395157e+00 3.189570366887838127e+00 4.550868019974023682e+00 2.369545731460116045e+00
3.724193587989425236e+00 5.254530803226559188e-01 2.433606088653993194e+00 5.167750112943187091e+00
1.243564662787204789e+00 5.206082045235666200e+00 2.227761477488408914e+00 3.531628044795416255e+00
4.054596671494989479e+00 1.431148703111341236e-01 4.634182894509568662e+00 5.790584924080960150e+00
5.568110648372466276e-01 4.534424043511293689e+00 4.963018782351664271e+00 1.717057908919730203e+00
4.197743556591020386e+00 2.611834388510472671e+00 3.003060056530892474e+00 5.609506708524584440e+00
5.302281333820214826e+00 8.885184186254803385e-02 6.268033092629169190e+00 4.118889495064799178e+00
4.755256698491949763e+00 3.219679475513161471e+00 2.910364249481089516e+00 3.441552846395088405e+00
8.902343953360891682e-01 4.648324453281959201e+00 3.917937538015927146e+00 3.010874336841385723e+00
5.430832115769288926e+00 4.629737655659707407e+00 2.358644538924261180e+00 5.860931081538491405e+00
6.016861530788573942e-02 5.919378703590642665e+00 3.981035608117374114e+00 4.708341961349869820e+00
1.325400954948784848e+00 3.711511571680631061e+00 2.178837391461227735e-01 2.781891590873358577e+00
4.107717756327138758e+00 1.726714534991450556e+00 6.245014861042746723e+00 5.639396882951976053e+00
3.861727359381137425e+00 1.555274165947641674e+00 9.413538311546314485e-01 2.488125736456794801e+00
5.369049382222049083e+00 2.824662887777786846e-01 3.530896721772644575e+00 1.031846445481580776e+00
1.730479494908909510e+00 3.440537697797609429e+00 2.703931442566752885e+00 2.736925179173145484e+00
1.931079953127448956e+00 3.696582093614476427e+00 1.118885604691893132e+00 2.684769063548039458e+00
7.634291041060385918e-01 5.547132279545603506e-01 8.080841584233638963e-01 6.151351862712182594e+00
3.738503859637046123e+00 4.826175855706409834e+00 2.834366523172421548e+00 1.509541075923207298e+00
4.604756628395788032e-01 5.686723304448997318e+00 1.495489063101311578e+00 4.936662707354478208e+00
4.258447543103829780e+00 4.683700182466325468e-01 5.134329478974062333e+00 1.307066897751514745e+00
2.407432440615227875e+00 5.799365034252846662e+00 6.236741825105091230e+00 4.578564567242602301e+00
1.996042999669657370e+00 4.497047140580301416e+00 5.495986542577044887e+00 2.516328941701670985e-01
4.412770446857082973e+00 4.884138398140371429e+00 3.999424293095596106e+00 3.273968612822688584e+00
5.855902420286193788e+00 4.803530498259549475e+00 1.576397931347760295e+00 1.411887806512062360e+00
2.716625334795990998e+00 2.708231377801507467e+00 1.081454056908289552e+00 6.144385858585337701e+00
4.639462214653113037e+00 8.749084692355258985e-01 4.084642755498957278e+00 5.220201135608516729e+00
1.149503232042759171e+00 5.134335875098454682e-01 4.968341153831545398e+00 5.368434353533022119e+00
4.857470428291904341e+00 1.464531167357022046e+00 4.018039515378656112e+00 4.245512670805617006e+00
5.725560092229700970e+00 2.589755844690075914e+00 4.575881240610348399e+00 1.912064413551183562e-01
2.103319471844604216e+00 1.959222451056588321e+00 4.348431408500175621e+00 4.877640314206356464e+00
1.297222758726466640e+00 6.190643792065134932e+00 4.099642658584062183e+00 5.266497694282745279e+00
2.499011759234145202e+00 5.992070813040969668e+00 4.197405065433095772e-01 4.634523998977231329e+00
3.718539290418453991e+00 2.471816736468423148e+00 1.541843499842390885e+00 9.333114712527094126e-01
8.788094335898098963e-01 4.457690791646099271e+00 2.804768959902785408e+00 1.753554058168659946e+00
4.625734027194662090e+00 4.726314328429203293e+00 1.150223429413945730e+00 5.312212474057317557e+00
4.279867567776602044e+00 1.655948458404367107e+00 5.489949108416966261e+00 3.756656812989431216e-01
3.794895086167204390e+00 5.531945492502537753e+00 6.007752647070326191e+00 1.720858680835901655e+00
5.734128961772527511e+00 2.616361781699885203e+00 1.811048716953341575e+00 5.554840883110255589e+00
4.564606378174802082e+00 2.491187545885789945e+00 2.426568383616484859e+00 4.984799565594779658e+00
8.325341996214300488e-01 4.555292296525075280e+00 3.177678174006396183e+00 1.065920114411572195e+00
4.858318844308303852e+00 4.268923475376515064e+00 2.365993002902195386e+00 5.060971748801834202e+00
3.202558012185035885e+00 1.774664550940859620e+00 2.628457157196935512e+00 1.133741219438248349e+00
5.433753874167532416e+00 3.478272298410896024e+00 1.053564586817000936e+00 5.219841321091439612e-02
3.005935941043614612e+00 2.374135725735207814e+00 5.484476583415841766e+00 3.209212631075563760e+00
5.963715408939119555e+00 4.107338058043786155e+00 6.271503780084204394e+00 5.940097557678905460e+00
1.458488011373858084e+00 4.427305936284445131e+00 3.263347852652304315e+00 5.174436301567998164e+00
2.943061399704806735e+00 4.362607096553309027e+00 4.346195565092041413e+00 2.957091614635201537e+00
6.022506444311211737e+00 1.162609288427443044e+00 5.403849852853746860e+00 6.787445063109810439e-01
1.750052178715206352e+00 2.884106827582497701e+00 3.500144576937523233e+00 4.410877653725160386e+00
2.750327041040834697e+00 6.256529015438390573e+00 1.009216336783410606e+00 3.699706833667808503e+00
7.584688478014834923e-01 6.088287524618456459e+00 5.924562503474481545e+00 1.798229617182089513e+00
2.395635176502556529e+00 5.563054685953606970e+00 1.784267867391691853e+00 4.595617003257765454e+00
3.979777016940114098e+00 3.496911338271211811e+00 5.028932722057177784e+00 4.287392319667390206e-01
1.594132390954462908e+00 3.393168184612346039e+00 3.478572674266895426e+00 4.493179580130473028e+00
1.673378497475952242e+00 1.046189206984085240e+00 5.691468659022847376e+00 1.641328560439350381e+00
2.181764540970952682e-01 2.770733025529600990e+00 2.654211332672678836e+00 4.283191046151202386e+00
4.462652537142754561e+00 5.074920677603611097e+00 1.491441119934565185e+00 2.767689367555388635e+00
2.373024857883188954e+00 5.132425528420607286e+00 5.210913377687591996e+00 4.280012783820272837e-01
1.202577192644725734e+00 3.351909162410497078e+00 5.660882146506278190e+00 8.490262436492503062e-02
9.346974242907652997e-01 3.433381119253565483e+00 6.236611391750386701e+00 2.590232493101606526e+00
4.878612788097858477e+00 4.860637809487457162e+00 4.079525193578104947e+00 4.679428313446178045e+00
5.490325403328392362e+00 2.442859164471745892e+00 5.113429716301530092e+00 6.125252455006873209e-01
1.536625828993267273e+00 1.118626359750377469e-01 6.165967978924611792e+00 2.245406737884921622e+00
1.367599406582369559e+00 3.885346499223467642e+00 5.576821196227994548e+00 2.036884056472960225e+00
5.342691104632221410e+00 1.227669015714909939e+00 3.003324407171044985e+00 5.796264484049525656e+00
4.291054478752289292e+00 4.100565051303943220e-01 5.419555137753594209e+00 5.038924123744862982e+00
4.792937012521964135e+00 6.230079704333827628e+00 3.999331253245447027e+00 1.317559409381374502e+00
5.822223358476517063e-01 1.725227361405997417e+00 8.786278119565773537e-01 3.864503738673565891e+00
3.825656136149264253e+00 3.367023902614378006e+00 5.626052168052133595e+00 6.749212669301951628e-01
4.690993901600459814e+00 3.547992985005636313e-01 5.477924869918831874e+00 6.059456356848691883e+00
5.566322608726539833e+00 3.926532831570757054e+00 4.480462196015491116e+00 2.613352078188340699e-01
2.938509536041704617e+00 4.726725108137024733e+00 7.895842755560190940e-02 7.049881441282559447e-01
2.644989049042318019e+00 3.200959530754566185e+00 5.079380263323651779e-01 4.897496134427212766e+00
3.565898572145046241e+00 1.417461887330751236e-01 5.038750410787533163e+00 9.457288072104450549e-01
2.930186299522608007e+00 1.791026806784918213e+00 5.744731263781705621e+00 1.187907168361000965e-01
1.561276449189910265e+00 5.438879953521379207e+00 2.607186040566650931e+00 3.812701250655607943e+00
7.991079266627912903e-01 3.650098646528250890e-01 3.297088877489130265e+00 5.684409307680621914e+00
5.340702749319422793e+00 5.121323722353546826e-01 5.012589724778687028e+00 4.068957413341649065e+00
1.234876955657938868e+00 2.466809290582906711e-01 1.670909669720543445e+00 3.130482003677948377e+00
4.977055221685097841e+00 1.026629730234389193e+00 5.482601987552170542e+00 3.452359702738869718e+00
2.369466718069197508e+00 2.698622696736301840e+00 7.578889016998748840e-01 1.962708973245273381e+00
1.841136680305184292e+00 7.122984700553299797e-01 4.530330755687276501e+00 3.515006074343288933e+00
6.115079562838898752e+00 5.148744448267496665e+00 4.640332292047737894e+00 3.790673939894030897e-01
3.674292540384527683e+00 2.168750026276885290e+00 8.484799668651059612e-01 3.869730004610199892e+00
1.051029009005225889e+00 5.820116676340393980e+00 5.793882991073187050e+00 1.049147075244905469e+00
5.640822466864075402e+00 2.654258301472167125e-01 4.712063428121198716e-01 3.463095778606861685e+00
4.864119618933620437e+00 2.694610103523248923e-01 4.312588432709551611e+00 1.712394596810242087e+00
3.889602009018557016e+00 3.522894947871353377e+00 1.746537482281307341e+00 1.803173974776906441e+00
4.578370063122012112e+00 3.837712759960341113e+00 5.807814746767581582e+00 3.946203543333875352e+00
1.629900722020481696e-01 1.400498489289551562e+00 1.173323586320472511e+00 2.688921461184800688e+00
4.807831623706458224e+00 3.753080117839128427e+00 5.470272040691023463e+00 4.437569767474898619e+00
2.975945078763586604e+00 4.203975237791909514e+00 2.250382497638548696e+00 6.063387266201472059e+00
4.866541993649945441e-01 5.589097624101264650e+00 2.350657209162589911e+00 5.172072979455384356e+00
3.411642298212465452e+00 1.437717699118453707e+00 2.449135673081968889e+00 3.789554309759590289e+00
5.983044384405788563e+00 1.118794584918336721e+00 3.246323361634654070e+00 2.023730766993800501e+00
5.116810597487838619e-01 2.133839627153392815e+00 4.972564025518193986e+00 1.074523320075913224e+00
2.764980383901848526e+00 5.124214017894078488e+00 4.342456841033652815e-01 2.591110146582703333e+00
4.827240178394542447e+00 3.469292078461669870e+00 3.841323828295216458e+00 3.886947027514856323e+00
1.683368057528106254e+00 1.676475919941177173e+00 4.676380690822805164e+00 1.975982674564826791e+00
6.079866607002617052e+00 1.364617247523156385e+00 3.591788972699144988e+00 1.014512516777232198e+00
3.052761426451531701e+00 2.163502472562553791e+00 4.623511935548329177e+00 7.683084211374077155e-01
2.777587134555498327e+00 1.601228010965314530e+00 4.893647880919474780e+00 1.197491056205085114e+00
1.354425639807240955e+00 2.992988253655237241e+00 2.394856596413280414e+00 5.378517925010425138e+00
8.742798860644089842e-01 6.218121935369964604e+00 4.728476895914822675e-01 5.481097338497363580e+00
5.653003161070080829e+00 3.673297638433719592e-01 4.536773572560822920e+00 1.289284591046131911e+00
3.624167065312522862e+00 4.664494325239472161e-01 4.354942821760575122e-01 8.415837863112792805e-01
4.613200332902347434e+00 1.862842970547329946e+00 4.256395767177766132e+00 3.285950640442735882e+00
3.901853373648143997e+00 1.541033005670043643e+00 4.116915702848397807e+00 6.471943771390573641e-01
2.431064763985179233e+00 4.809810058245800768e+00 5.292129641685097141e+00 1.070256472686953897e+00
2.443241775757100775e+00 1.099365614767369825e+00 5.323680273164104193e+00 3.050548924585753330e+00
3.420603091901247783e+00 4.756075667422173581e+00 8.957054855769527313e-01 2.822912016423445358e+00
9.088625659864481010e-01 2.037965315374062614e-01 6.210276677924680300e+00 1.534107419191672150e+00
4.490225825137846849e-01 1.841761136675359678e+00 1.521337689368396529e+00 4.564569120847546735e+00
5.103912053871588306e+00 4.738696297473757868e-01 6.210013068967251471e+00 5.416219700226561962e+00
4.994479292816939031e-01 7.455779703300351446e-01 2.681413085754763559e-01 5.379178641058115495e-01
5.083589482343440658e+00 1.767504141149051522e+00 4.874433029731178202e+00 5.271257826356831266e+00
5.496411861542179977e+00 3.085575042378434496e+00 3.733312041675094672e+00 6.219728079337859761e+00
4.565110485687200459e+00 6.169524440521223063e+00 1.013494343617639348e+00 5.428601088690976795e+00
2.859097523268596674e+00 2.945342262973050129e+00 2.425317552466347948e+00 1.327445181079534464e+00
4.934650386620889506e+00 2.890336928341244782e+00 2.968755523427114351e+00 4.175013389529322438e+00
6.205529862400340768e+00 6.166191995811280080e+00 1.380746510467291577e+00 1.176846955541877238e+00
4.824551798718517581e+00 1.401708952362625382e+00 2.433740936526692433e+00 3.811092035048659010e+00
4.073063934641924178e+00 5.603651829387185757e+00 3.978300433385576707e+00 2.548758177626782029e+00
4.336886352297308456e+00 5.206631064008157672e+00 6.047799299798648498e+00 5.348690017702883992e+00
3.150997523654863297e+00 1.587728141287551242e+00 3.639995737152621036e+00 5.645636666117484381e+00
2.733898242436510362e+00 4.686216144877983325e+00 6.208098417642403000e+00 3.432409313568649534e+00
4.782141261300388635e+00 4.637150874774703446e+00 5.900554931940480863e+00 6.163331542916647976e+00
5.016536225020607809e+00 2.291040108497268246e+00 1.932123919779221266e+00 4.925992812754904193e+00
6.257895821240541778e+00 2.159994568401372828e+00 4.335448266612332624e+00 5.570306320564254676e+00
1.142267477737278103e+00 1.827177662833488592e+00 2.538428494197464413e+00 8.457319631758813960e-01
1.131231388825018058e+00 3.384249450234356082e+00 4.372879698728225684e+00 3.871199506730843343e+00
4.787912235688201790e+00 1.251924932509103527e+00 5.998628283267787076e+00 4.848074076864270943e+00
5.975394169160816560e+00 4.445815300220878896e+00 5.612391764029116992e+00 4.339017412998461332e+00
5.333928933343281109e+00 9.356554350259461694e-01 3.257593525646622634e+00 9.255586171544768481e-01
1.309934301617500463e+00 3.020739910010663110e+00 3.210026475807837620e+00 2.732074722643529796e+00
2.213677766922598766e-01 4.530294514316397070e+00 4.384813219621159219e-01 6.738181108875985759e-01
2.539728202247125477e+00 1.163297865631616884e-01 3.987683606469854869e+00 1.677138576636750145e+00
6.110848658116821319e+00 2.178749850905146168e+00 5.778546793665591430e+00 1.918146364988866370e+00
1.015341480119829054e+00 5.455059210353228494e+00 2.837608780767613692e-01 3.982287739484938083e+00
5.591331676670511008e+00 3.097230540973875179e+00 4.301465106887071066e+00 3.386149206832563596e+00
5.896973201353992167e+00 4.564109045923866681e+00 5.541898099533520750e+00 3.745726570560182767e-01
6.210096299974589229e+00 2.231022270741653823e+00 5.239761118199909973e+00 3.347491130778969204e+00
3.621885701822945558e-01 6.906710158146980860e-02 2.938593823627807744e+00 1.203092452029692616e+00
5.896655880973646013e+00 2.477862400456016356e+00 2.299885744732200976e+00 8.989443191272477041e-01
3.712587978130361233e+00 2.911169236903051183e-01 1.065765396410416121e+00 4.294771768577481552e+00
2.097832518252217504e+00 1.882028623028707992e+00 2.891123179922435948e+00 4.905404303828113655e+00
2.864787969496969122e+00 1.389331147684940149e-01 4.897602617844259321e+00 4.713637640095764247e+00
3.596972948084542043e+00 3.921879214653865464e+00 2.612223717252040167e+00 7.289098572568150081e-01
2.784062416239887927e+00 5.026181499932868668e+00 1.611502923351550542e+00 3.466694728784919244e-01
1.951969655914457702e+00 1.675765470665423473e-01 2.546933901859258054e+00 6.272207043256091907e+00
4.384118775682092739e+00 5.984968966293691572e+00 9.399749932594941848e-01 3.054958973620906182e+00
2.699477923517201727e+00 6.079478218737118134e+00 7.330710192217720911e-01 3.473314759003182095e-01
2.735420326800333868e+00 3.496204578324549228e+00 3.853252050164234443e+00 2.700141503463909132e+00
5.635236027463951025e+00 9.190704570317602684e-01 4.653692651151923876e+00 2.452026433130939154e+00
9.445909749498266894e-01 6.261988219679301082e+00 1.699418585197275400e+00 2.326939486956373315e+00
4.726956321782313175e+00 3.936480842594271667e+00 4.076778168820412440e-01 5.045181255250769325e+00
3.391615768943304854e+00 5.342090039472512153e+00 9.387956809770303668e-01 6.111193154090346802e+00
1.074196717033559567e+00 8.893764475650129953e-01 3.588045823579931071e+00 6.279617802835726792e+00
7.441950008788370541e-01 6.268369484839627859e+00 4.654840344381883988e+00 1.997340822796640714e+00
5.313564305010117117e+00 4.265864339597473354e+00 1.190219448651951728e+00 3.729166865120215224e+00
2.741206102054137173e+00 6.220094055614987738e+00 7.929869913777877199e-01 8.396178320351083135e-01
3.716725234468658101e+00 1.064249757128392204e+00 7.131965804755973082e-01 1.934166387028024570e+00
2.498574338599016897e+00 5.299656270443351858e+00 2.250478098149733874e+00 3.978038870117761139e+00
3.124408800279983467e+00 5.048629656327216608e+00 3.707385428662908211e+00 4.115910160768629922e+00
5.896884500154440545e+00 4.097357055700803663e+00 4.345633868006443939e-02 3.531834138033394854e+00
3.713765113796514417e+00 5.577733144907557339e+00 8.394158700691101149e-01 9.815025531162617778e-01
3.805896466643876597e+00 3.629533051921896458e+00 4.054017463564757229e+00 3.599603880348389406e+00
5.331814632537829057e-01 2.012865683927447247e+00 1.831379966041206675e+00 4.635864535874083536e+00
3.600923762749052237e+00 1.314626959997422240e-01 4.251867877059972045e+00 5.306937081256950073e+00
5.520167543365401386e+00 3.659747671936129265e+00 5.686404758003483551e+00 4.287770673417346856e+00
2.696020799632188325e+00 4.814102841465008886e+00 3.125311955544958664e+00 3.378948703432858913e+00
2.652482362416527462e+00 2.993499372344972986e+00 3.967586615430323427e+00 1.553070672626054805e+00
7.051463337712186030e-01 5.999335796698697099e-01 3.777667612926904450e+00 5.572211451153100903e+00
2.521484849962272623e+00 5.654840977906523847e+00 3.130275109048066717e+00 2.821818078470388791e+00
4.905605196866801521e+00 4.403599850615873557e+00 3.344840991928957896e-01 5.483594386661577502e+00
3.631179855522156608e+00 4.758759818962312593e+00 4.360553573968082297e+00 3.656868323888852745e-01
