-1.963582671061158136e+00
-2.057751196920872161e+01
-2.051988148987293670e+01
-2.042090627253056212e+01
-2.058865616917611163e+01
-2.057582647204399606e+01
-2.063343783617019511e+01
-2.042001830637454418e+01
-2.058503117859364551e+01
-2.057078079581259900e+01
-2.040544624924659445e+01
-2.055253634452821032e+01
-2.051033945083618804e+01
-2.055550389289856383e+01
-2.048528636693954752e+01
-2.047066015303135345e+01
-2.061715936958790607e+01
-2.046901381611823822e+01
-2.057186797559261038e+01
-2.059493028819560934e+01
-2.048915612399578023e+01
-2.053443971574305849e+01
-2.046952685713767295e+01
-2.064263110756873587e+01
-1.781957298517226951e+00
-2.053333146870135195e+01
-2.064036504924298043e+01
-2.046943249106407592e+01
-2.059814705848694061e+01
-2.049880137145520109e+01
-2.067656484246254323e+01
-2.043794460594653728e+01
-2.051021523475646902e+01
-2.057039130032063312e+01
-2.056792168915272256e+01
-2.052320452630519299e+01
-2.050025153458119576e+01
-2.049075820147990612e+01
-2.049004494547843791e+01
-2.056450694501400633e+01
-2.060934246480464793e+01
-2.056580257415771484e+01
-2.055396176278590303e+01
-2.065991539061070270e+01
-2.045484282970429035e+01
-2.053547438383101564e+01
-2.054979737401007256e+01
-2.051229674220084220e+01
-2.060229335725307109e+01
-2.059152843952179879e+01
-2.053807807862757784e+01
-2.066833935976027803e+01
-2.053555293977260376e+01
-1.641266131401061923e+00
-2.044614096879958254e+01
-2.062007613778114745e+01
-2.055789791345595674e+01
-2.056014046967030140e+01
-1.902086827158927740e+00
-1.820535144582390963e+00
-2.055458309650421000e+01
-2.035641004145144350e+01
-2.058810862302780009e+01
-2.057598312199115043e+01
-1.875013525411485915e+00
-2.051643345355988046e+01
-2.038526341915130402e+01
-2.053496438860893747e+01
-2.059330404698848227e+01
-2.060354442000388886e+01
-2.053621864318848722e+01
-2.056469011902809285e+01
-2.058343788981436973e+01
-2.062422335743903545e+01
-2.052288955450057628e+01
-2.062420808374882242e+01
-2.054332870543002798e+01
-2.061022253632546253e+01
-2.042322686612607185e+01
-2.050968876779079864e+01
-1.783702757209539635e+00
-2.051421532928943137e+01
-2.058080852329731414e+01
-2.042811267673969056e+01
-2.049526586234570047e+01
-2.048628831803798178e+01
-2.044924864470957715e+01
-2.059360834062098533e+01
-2.045768435001372509e+01
-2.045955139696598835e+01
-2.061378332078456665e+01
-2.055042212605475882e+01
-2.161335272341966540e+00
-2.051900714933872294e+01
-2.047555724680424305e+01
-2.039067257940768485e+01
-2.067142452001570874e+01
-2.034055422246456413e+00
-2.063542903363704539e+01
-2.049901800453663725e+01
-2.062849023640155366e+01
-2.054536746740340902e+01
-2.059970251917839335e+01
-2.060202104747294527e+01
-2.055326352417468172e+01
-1.818155764788389250e+00
-2.043072769641876363e+01
-1.999405557662249144e+00
-2.039167279303074665e+01
-2.049770724177361103e+01
-2.080255554243922056e+00
-2.053922942876816293e+01
-2.050996177494524986e+01
-2.062638116478920836e+01
-2.050942117571829471e+01
-2.058433358371258493e+01
-1.974562509059907711e+01
-2.063632557690143798e+01
-2.065268019735812643e+01
-2.055049949288368794e+01
-2.059197881221771098e+01
-2.041020288169383079e+01
-2.062831619679927186e+01
-2.040863375067711516e+01
-2.049778314232825949e+01
-2.048400669395923401e+01
-2.064715240001678609e+01
-1.579938488900661575e+01
-2.046519658863544677e+01
-2.053810751140117219e+01
-2.062276126444340818e+01
-2.052769289910792949e+01
-2.051766754686832428e+01
-2.055437254309653738e+01
-1.879375387728213553e+00
-2.049734942615031486e+01
-2.060771122574805858e+01
-1.635836612060665995e+00
-2.060442039668560810e+01
-2.047463072538377205e+01
-1.917542826011777057e+00
-2.049490656554699441e+01
-2.047928038239479420e+01
-2.052253679931162722e+01
-2.062763950824736980e+01
-2.049886299967765879e+01
-1.858872680366039587e+00
-2.055920155048371001e+01
-2.058191786706448312e+01
-2.045371948778630156e+01
-2.057132382988929464e+01
-2.040730558335780742e+01
-2.054498704969883605e+01
-2.059724446535111397e+01
-2.064100027680396465e+01
-2.048427237570285087e+01
-2.056524547338485220e+01
-2.057080489099026366e+01
-2.055205550491810840e+01
-2.050756495893001841e+01
-2.054161902368068482e+01
-2.067683186233043457e+01
-2.057495248913764740e+01
-2.053067951500416299e+01
-2.048537509739398033e+01
-1.775334244221448587e+00
-2.057385247051714572e+01
-1.901526110991835772e+00
-2.060703802108765004e+01
-2.046912498176098794e+01
-2.059294158220290427e+01
-2.044944693446160855e+01
-2.039888675808907692e+01
-2.056729997694491630e+01
-1.772486885264515921e+00
-2.053263073563575247e+01
-2.049366807341576546e+01
-2.054477106928825236e+01
-2.062480707168578675e+01
-2.054256536960601309e+01
-2.063770335912703402e+01
-1.544251533448696101e+01
-1.919933283329010010e+01
-2.058019491732120088e+01
-2.052619176805020018e+01
-2.055632119178772754e+01
-2.057582760751247619e+01
-2.057130418121814586e+01
-2.058063683509826802e+01
-2.052807030677795197e+01
-2.055240526199339968e+01
-2.042862069606780651e+01
-2.063366566300392435e+01
-2.067615637779236337e+01
-2.064277880191802694e+01
-1.668671094626188456e+00
-2.056368512511254565e+01
-2.064944181442261595e+01
-2.060557022690773366e+01
-2.047007986307144023e+01
-2.060447364747524546e+01
-1.805327190086245981e+00
-2.059229151010513448e+01
-2.061495365798474211e+01
-2.061674469411372357e+01
-2.056084640622137982e+01
-2.058528524041176055e+01
-1.805271945148706481e+00
-2.059944347441195944e+01
-2.054090872108936949e+01
-2.058965179324149730e+01
-2.060666817426681519e+01
-2.048353586494921785e+01
-2.059192896187306587e+01
-2.043053328692914050e+01
-2.067242940664292306e+01
-2.048239813745020754e+01
-2.039479390680790161e+01
-2.061245577931404682e+01
-2.054079611897469348e+01
-2.049864313006401773e+01
-2.060848433375358724e+01
-2.068552164137364358e+01
-2.059772196114061771e+01
-2.051992023885249949e+01
-2.173886955529451104e+00
-2.060526003241538362e+01
-2.066317023038865131e+01
-2.046866555511950736e+01
-2.047658452093601866e+01
-1.546598937362432702e+00
-2.053109788894652965e+01
-2.063464918434620188e+01
-1.741534581407904403e+00
-2.061883412897586254e+01
-2.059266165494918255e+01
-2.056522221565247222e+01
-2.053778986930847950e+01
-2.057425088286400339e+01
-1.832611838728190001e+00
-2.052004486322403309e+01
-2.004142086952924728e+00
-2.046687019765378324e+01
-2.051085459291935464e+01
-2.050669017136097594e+01
-2.068816677331925291e+01
-2.060827457010745434e+01
-2.052947777807713692e+01
-2.056131870150566598e+01
-2.058503598570822746e+01
-2.057063825130463286e+01
-2.056658898591996376e+01
-2.041980329751968526e+01
-1.800439443886280344e+01
-2.052183201014995007e+01
-2.057045761942863393e+01
-2.053257593214512156e+01
-2.054453783631323915e+01
-2.052589570581912781e+01
-2.056589466929435162e+01
-2.042614935636520812e+01
-2.052458547353745288e+01
-2.051460567414760661e+01
-2.059912732839584493e+01
-2.044292344748975054e+01
-2.052734048366545849e+01
-2.059208646118640118e+01
-1.743507803976535708e+00
-2.066310853362082867e+01
-2.062887533903120740e+01
-2.050372814238071584e+01
-2.048470191061496237e+01
-2.057018977403640392e+01
-2.053020664453506328e+01
-2.056369957923888592e+01
-2.053241419792176359e+01
-2.049162429273128083e+01
-2.055493735671044320e+01
-1.910397311858832214e+00
-2.046549580991269224e+01
-2.057296350300311261e+01
-2.035514160692692442e+01
-1.711677788197994543e+00
-1.981273686885833385e+00
-2.047035625278949666e+01
-2.060187603533267620e+01
-2.055648085474968667e+01
-2.064399176836013794e+01
-1.854068858548998611e+00
-2.046290930211544890e+01
-2.042792550027369458e+01
-2.062623541057109477e+01
-2.060827134549617057e+01
-1.731965254247188390e+00
-1.980962320789694697e+00
-2.053689253330230713e+01
-2.055275401473044994e+01
-2.047215172052383281e+01
-2.056129439771175527e+01
-1.868469256162643033e+00
-2.057447646856306989e+01
-2.059588309526443695e+01
-2.045644122362137551e+01
-2.060307220816611817e+01
-2.058844769597052959e+01
-2.055939006507397693e+01
-2.059636201560497781e+01
-2.068388723731040102e+01
-2.050977613925934406e+01
-2.063525357544422079e+01
-2.055898470580577353e+01
-2.053315727710724303e+01
-2.048024502992629436e+01
-2.054889985322953549e+01
-1.722358437068760351e+00
-1.886788279563188730e+00
-1.842762176096439219e+01
-2.063284201025962616e+01
-2.054541970491409941e+01
-2.046227256059646393e+01
-2.047962449789046957e+01
-2.055591961145401214e+01
-2.062235552966595264e+01
-2.054096126854419424e+01
-2.050412579774857136e+01
-2.071112949848176044e+01
-2.053384959101676088e+01
-1.679476727172731998e+00
-2.055437789559364248e+01
-2.061688124239444875e+01
-2.048086080849170543e+01
-2.058182585537433340e+01
-2.169297646358609111e+00
-2.047407435476781146e+01
-2.049914582073688507e+01
-2.055666044354438071e+01
-2.052819963097572042e+01
-2.056869101226330088e+01
-1.914760192483663248e+00
-2.054615297019482156e+01
-2.057840879261493328e+01
-2.046493685543537921e+01
-2.055429127812385914e+01
-2.055521309673787300e+01
-2.064013628065585237e+01
-2.063397698998450736e+01
-2.056615129709244272e+01
-2.047867534458636740e+01
-2.051438566446303824e+01
-2.046371391713620369e+01
-2.068925881385803223e+01
-2.057266971766949837e+01
-2.053473164737224010e+01
-2.057699396908282452e+01
-2.059307401776313995e+01
-1.784673701599240436e+00
-2.053259320557117107e+01
-2.049552637636660535e+01
-2.061651084423066038e+01
-2.055479145646095418e+01
-2.054885751605034727e+01
-2.059887493550778004e+01
-2.053940349221229056e+01
-2.064251465797423535e+01
-2.064354628920555612e+01
-2.045491303801536276e+01
-1.674999961256980807e+00
-1.925333193689584776e+00
-2.063542910814285136e+01
-2.046206643879414599e+01
-2.053718971014021832e+01
-2.057396684885024385e+01
-2.061170672178268859e+01
-2.053115188479423381e+01
-2.063601010441779593e+01
-2.054276771247387146e+01
-2.058472046554088664e+01
-2.068731812536716674e+01
-2.071874876022339151e+01
-2.069713011980057615e+01
-2.037256915867330065e+01
-2.048234694898129149e+01
-2.053180537223816060e+01
-2.048147922456264070e+01
-2.042255369126796083e+01
-2.055786537528038949e+01
-2.048717061281204010e+01
-2.058674654960631756e+01
-1.888626232743262889e+01
-2.057514848411083719e+01
-2.065023252367972617e+01
-2.050818184018134360e+01
-2.058726412653923887e+01
-2.053363735377789467e+01
-2.050479960143565350e+01
-2.051246452927588848e+01
-2.000576797872781754e+00
-2.045356853306294909e+01
-1.719040713459253134e+00
-2.048356709480285431e+01
-2.046146620810032957e+01
-2.049890175461768393e+01
-2.054041037857532004e+01
-2.059390965700150034e+01
-1.923472658917307898e+00
-2.060753166675567982e+01
-2.060129682421684549e+01
-1.778883669152855784e+00
-1.839161308109759974e+00
-2.056128018796442802e+01
-2.055130309760569318e+01
-2.059327649772167845e+01
-2.052552556693554209e+01
-1.797585506737232164e+00
-2.051309494674206846e+01
-2.063360200524330779e+01
-2.054365440011024546e+01
-2.064986856281756999e+01
-2.053623629510402893e+01
-2.055787056982518379e+01
-2.068350311219692372e+01
-2.054836918413639069e+01
-1.903415629640222040e+00
-2.052990841269494027e+01
-2.054373418688773967e+01
-2.042682877182959800e+01
-2.048611958026885205e+01
-2.056135269105433849e+01
-2.053368164300918508e+01
-2.056937027871608947e+01
-2.061454104781151386e+01
-2.055678479373456113e+01
-2.057284801900386029e+01
-1.441521814465522588e+01
-2.061468497812747103e+01
-2.066910786032676128e+01
-2.063407630026340556e+01
-2.045096753239631582e+01
-2.056172440052031547e+01
-2.049016000032425566e+01
-2.057555700838566537e+01
-2.048609764575958891e+01
-2.038656460344790844e+01
-1.839950221776962636e+01
-2.045817797482013845e+01
-2.065441701114177064e+01
-2.040466396808624339e+01
-1.586433295905590235e+01
-2.054673341810702425e+01
-1.737216655537486387e+00
-2.057895857691764974e+01
-2.052449159026146930e+01
-1.798349451646208852e+00
-2.057937644720077941e+01
-1.631500304117799116e+00
-2.058512552082537539e+01
-2.061616929769516204e+01
-2.055113752484321665e+01
-1.859539862349629535e+00
-2.049379070997237307e+01
-2.061557391881943246e+01
-2.060154131650924825e+01
-2.057913555204868672e+01
-2.062129577696324745e+01
-2.054745624586939989e+00
-2.056601330637931113e+01
-2.065569353997707935e+01
-2.390289955958723844e+00
-2.054627486765384248e+01
-2.048361229300499531e+01
-2.053240996599197388e+01
-2.042635639011860960e+01
-2.051230783164500693e+01
-2.052937105894088177e+01
-2.046929444670677611e+01
-1.635062743350863546e+00
-2.059884579479694722e+01
-2.054485698640345603e+01
-2.051215125024318908e+01
-2.050347283482550864e+01
-2.064906175136566091e+01
-1.683425128087401523e+00
-2.046464130282402039e+01
-2.046201916337014026e+01
-1.899505820125341415e+00
-2.056026152670382956e+01
-2.062535790205001973e+01
-2.064725230038166259e+01
-2.051440053582190615e+01
-2.054107398390770456e+01
-2.059646909534930614e+01
-1.867901502549648152e+00
-2.054213384687901467e+01
-2.050860527157782798e+01
-2.050656057596206594e+01
-2.057019414007664437e+01
-2.060199015736579753e+01
-2.057248539924621866e+01
-2.051828183233737590e+01
-2.069226258695124798e+01
-2.054953725337981751e+01
-2.057497392296791361e+01
-2.054714890718459586e+01
-2.054421398639679452e+01
-1.754462046176195056e+00
-2.054318580925464488e+01
-1.931424000859260204e+01
-2.054432901144027923e+01
-2.051077334880829994e+01
-2.065128303766249118e+01
-2.067035270929336477e+01
-2.054905579090117484e+01
-1.839183086752890972e+01
-2.046621111631394285e+01
-1.867675058916210995e+00
-2.018979902863502929e+01
-2.054028271436692066e+01
-2.067336218357086608e+01
-2.053670966327190328e+01
-2.026272574439644814e+00
-2.065385005474089652e+01
-2.044184893369675393e+01
-2.065701329112052065e+01
-1.674184383824467659e+00
-2.045230748951434663e+01
-2.049826276302336936e+01
-2.060020017027855133e+01
-2.050820974707604449e+01
-2.052865118086339180e+01
-2.066604160070418317e+01
-2.053850952088833637e+01
-2.046849136948586079e+01
-2.055781733095645336e+01
-2.059694685339928810e+01
-1.798102456703782437e+00
-2.063342953026294424e+01
-2.060640178918839283e+01
-2.061936689913272502e+01
-2.062607021629811399e+01
-2.049722262918949056e+01
-2.047863472402096363e+01
-2.058787026107311746e+01
-2.059632934331893850e+01
-2.050788814723490816e+01
-2.052492673695087078e+01
-2.052473788261414356e+01
-2.057759069800376395e+01
-2.062559036612511321e+01
-1.872092435508966313e+00
-2.054691036343573174e+01
-2.040809568464757007e+01
-2.067283036410808350e+01
-2.166863010823726565e+00
-2.058126008212566305e+01
-2.047112537622452777e+01
-2.058200990259647511e+01
-2.050284755527972536e+01
-2.059287930727004223e+01
-2.051902596950530011e+01
-2.063373474776745908e+01
-1.863096296042204170e+00
-2.061978625655174824e+01
-2.056440050601958447e+01
-2.051549947261809237e+01
-2.051617114245891926e+01
-2.050612528622149355e+01
-2.060477122366428304e+01
-2.059008234143256644e+01
-2.054787265360355875e+01
-2.051589985787869352e+01
-2.029019924402237507e+01
-2.059143978059290703e+01
-1.918697814270854396e+00
-2.049357427656650188e+01
-2.052455334663391540e+01
-2.063872675299644044e+01
-2.042876371741295927e+01
-2.047172051966190764e+01
-2.060063559114932374e+01
-2.049312464594840932e+01
-2.043938261270523782e+01
-2.069640757441520051e+01
-2.056738886833190350e+01
-2.058067086040973237e+01
-2.063421207666396739e+01
-2.065222433209419250e+01
-2.055286361873150724e+01
-2.053096842765808105e+01
-2.062255465686321898e+01
-2.055793234407902759e+01
-2.057178550958633068e+01
-2.066252065300940899e+01
-2.052973931431769827e+01
-2.047579220831394764e+01
-2.057695215046406290e+01
-1.792049340531229662e+00
-2.062871128916740204e+01
-2.046285047829150017e+01
-1.839001137614250680e+01
-2.062433954179287099e+01
-2.059684063792229125e+01
-2.055266474485397765e+01
-2.056946661174297830e+01
-2.063928535878657655e+01
-2.056148501932620576e+01
-2.061545996963978311e+01
-2.036604820191859844e+01
-2.056823323965071637e+01
-2.059068444669247100e+01
-2.046601169109344909e+01
-2.070179410874842318e+01
-2.046797538399697203e+01
-2.064921734631062122e+01
-2.062651227116584352e+01
-2.048132122755049878e+01
-2.061334698200225546e+01
-1.797229308634996636e+00
-2.052133942246436149e+01
-2.101058497279882253e+00
-2.048652833402156759e+01
-2.058800098299980164e+01
-2.053969786763190442e+01
-1.384512477815150788e+01
-2.051584173440934578e+01
-2.046969763338565684e+01
-2.049218223989009147e+01
-2.047682688534258943e+01
-2.053934481739996798e+01
-1.624565325379371927e+01
-2.052302303612232492e+01
-2.058733403682708740e+01
-2.057810232639312531e+01
-2.054701834022999307e+01
-2.063908604979514649e+01
-2.062252691090106893e+01
-2.052126643657684824e+01
-2.062475767433642915e+01
-1.724203806743025202e+00
-1.871797231957316843e+00
-1.880772527307271957e+00
-2.070055150985717773e+01
-2.040706167817115713e+01
-2.054503856897354908e+01
-2.054009653627872822e+01
-2.062066724598408030e+01
-2.056874493062495901e+01
-2.053253596723078900e+01
-2.066250644028186656e+01
-2.062332094013691020e+01
-1.874714816808700135e+01
-2.048358361124993010e+01
-2.061134083569049835e+01
-2.061208861172198681e+01
-1.725652521848678456e+00
-2.055771183073521513e+01
-2.062269917130470276e+01
-2.056886286437511657e+01
-1.758356169424950988e+00
-2.043522405028343059e+01
-2.055349597334862466e+01
-2.054889248609543984e+01
-2.051835368573665264e+01
-2.059819115996361205e+01
-2.059894976615905549e+01
-2.050247194170950849e+01
-2.058839106559753773e+01
-2.056234601140022278e+01
-2.064540323615074158e+01
-2.058245893716812702e+01
-2.053583565652369813e+01
-2.055253197252751107e+01
-2.065814933776855611e+01
-2.051279314756394001e+01
-2.052049258053303049e+01
-2.054007170796394277e+01
-2.055188303589820009e+01
-2.057458240091800050e+01
-2.054248419702052786e+01
-1.975395118594170540e+01
-2.046421211957931874e+01
-2.050218138396740386e+01
-1.980059120804071204e+00
-2.036038397252560728e+01
-2.280823178961874032e+00
-2.069307747483252413e+01
-2.055624888837338204e+01
-2.053244736790657754e+01
-2.054717190563679807e+01
-2.052177098989486836e+01
-2.059937554597854614e+01
-2.061479679346084026e+01
-2.054578721523284202e+01
-2.047549676597119017e+01
-2.059953295886516500e+01
-2.058368956148623496e+01
-2.052727643251418499e+01
-2.057613424658775614e+01
-2.054861986041068889e+01
-2.061290833950042867e+01
-1.793560178205370503e+00
-2.054866115748881583e+01
-2.063244203329086801e+01
-2.051101814806460766e+01
-2.056504211425780326e+01
-2.063297479450702099e+01
-1.981357192695140057e+01
-2.055122202336788106e+01
-2.048128717541694854e+01
-2.056868080794810183e+01
-2.048587499260901623e+01
-1.325861684828996623e+01
-2.055155701339243990e+01
-2.059654076695442626e+01
-2.056813198029995604e+01
-2.062286684811116189e+01
-2.062136386334896088e+01
-1.732028137147426650e+00
-2.057391719520091655e+01
-1.834809432178735600e+00
-2.065907182097435779e+01
-2.055013766884804483e+01
-2.054796636402606680e+01
-2.052621682584286233e+01
-2.050075350701809640e+01
-2.046326766908167372e+01
-2.050031756162643859e+01
-2.069590261876583170e+01
-2.061720574200153067e+01
-2.054309171140193158e+01
-2.059710834920405276e+01
-2.055349191725254343e+01
-2.059704547226428417e+01
-2.069450722932815623e+01
-2.048084840476511914e+01
-1.876505151689053008e+01
-2.068829229772090272e+01
-2.038455258011817151e+01
-2.049745977520943896e+01
-2.044582709968089773e+01
-2.053663699328900094e+01
-2.058535987138747458e+01
-2.043291946947574544e+01
-1.576254965066909541e+01
-1.875416100397705899e+00
-2.054054642617701631e+01
-2.057934588193893788e+01
-2.057680001258850311e+01
-2.061215476393699575e+01
-2.061142102181910829e+01
-2.064632632136344981e+01
-1.606047026440501124e+00
-2.060487512648104769e+01
-2.065440420210361339e+01
-2.055519160032272552e+01
-2.045764619112015481e+01
-2.055258093476295400e+01
-2.059697285890578655e+01
-2.052454420626163412e+01
-1.674839194118976415e+00
-2.057243828475475311e+01
-2.064404118955135203e+01
-2.060960668623446068e+01
-2.057560386955737286e+01
-1.742296730726957676e+00
-2.048466167449952025e+01
-2.056746805608271700e+01
-2.060681993961333802e+01
-2.053883488774300048e+01
-2.048518956601619223e+01
-2.048560065329075996e+01
-2.067198506593703300e+01
-2.047440156638623066e+01
-2.045854717195033601e+01
-2.060606485605239868e+01
-2.054459993839263987e+01
-1.731082732975483429e+00
-2.050129291713237123e+01
-2.045472153425217599e+01
-2.054129566252231243e+01
-2.058676320314407349e+01
-2.050112639665604064e+01
-2.044836458861826856e+01
-2.063976803421974537e+01
-2.056623991727828482e+01
-2.048858382105826692e+01
-2.061551995277404359e+01
-1.978014598041772709e+00
-2.067346780300140807e+01
-2.050644248425960114e+01
-2.058362942934036255e+01
-2.051717046201229522e+01
-2.050915095508099384e+01
-2.046871347725392098e+01
-2.052863351702689343e+01
-2.047209548354148012e+01
-2.051878927648067830e+01
-1.673935896903276488e+00
-2.057013113498688028e+01
-2.044619779288769124e+01
-2.042130025625229095e+01
-2.059965245425701497e+01
-2.061707980930805562e+01
-2.062151833176611859e+01
-2.065793030261993479e+01
-2.056400675773620890e+01
-2.059039072394371672e+01
-2.062817916870116974e+01
-2.062433135807514617e+01
-1.700455247610807241e+00
-2.070500641167165057e+01
-2.050987264215947192e+01
-2.062453180253505636e+01
-2.053144081532956022e+01
-2.055655800104140241e+01
-2.049270462989806774e+01
-2.051541375219821006e+01
-2.059894984364509796e+01
-2.049632365405559398e+01
-2.054815044999121199e+01
-2.038733675181866900e+01
-2.059401095807552196e+01
-2.053715465664864581e+01
-2.050767176449298645e+01
-2.041232258081435091e+01
-2.064626258313656493e+01
-2.051440930366517179e+01
-2.054316090047359822e+01
-2.057444120347500416e+01
-2.019193705022335550e+01
-2.063126313686371560e+01
-2.065026516616345020e+01
-2.059201078116894124e+01
-2.057534094750880271e+01
-1.887662606686353550e+00
-2.055928317829966545e+00
-2.057172401547432727e+01
-2.055142770409585395e+01
-1.879499449208379636e+00
-1.572945654764771106e+00
-2.051471564471722786e+01
-2.048178404271602915e+01
-1.660394602268933983e+00
-2.062109657526016449e+01
-2.051325142681599445e+01
-2.059135966897011016e+01
-2.058620920777322283e+01
-2.056515769660472870e+01
-2.068758024275303598e+01
-2.047814092040063016e+01
-2.051798520088195588e+01
-2.057694828212261839e+01
-2.045327522754668692e+01
-2.058251675665378500e+01
-2.063614762574434103e+00
-2.056661447286605693e+01
-2.052324258387088918e+01
-2.048939330577850271e+01
-2.050779619812965748e+01
-1.933198446035385265e+00
-2.044670609533786632e+01
-2.056393197774886161e+01
-2.058984077274799418e+01
-2.045104438066482899e+01
-2.055526064336298830e+01
-2.060931209623814198e+01
-1.872134463489055767e+00
-2.043505234718323749e+01
-2.049361607432365773e+01
-2.064769484102726338e+01
-2.048975872397422648e+01
-2.067290894687175040e+01
-2.054709330797195577e+01
-2.062821021974087188e+01
-2.047066006660462278e+01
-2.056729880273342204e+01
-2.061733545958996672e+01
-2.050908922553061586e+01
-2.054359370768069937e+01
-2.071867287456989715e+01
-2.058529885411262583e+01
-2.052432873249054524e+01
-2.050954564511774691e+01
-2.062075325250625468e+01
-2.048696894347668263e+01
-2.042556105256080912e+01
-2.053717642426489931e+01
-2.054678663611412048e+01
-2.063074904680252430e+01
-2.046148217320440921e+01
-1.753728562593459772e+00
-2.054054639041423869e+01
-2.050999486446380615e+01
-1.805639702677726177e+01
-2.051944558918475892e+01
-2.046106011271476177e+01
-2.059074297249317809e+01
-2.047422622442245199e+01
-2.055672676861286163e+01
-1.813566132076084525e+00
-2.059051858186722583e+01
-2.062836695909501117e+01
-2.057458559870719483e+01
-2.045061526298522381e+01
-2.052810395359993478e+01
-2.061562497615815204e+01
-2.059367485344410653e+01
-1.800250616967678141e+01
-2.045375541448593992e+01
-2.054512676000595661e+01
-2.062259482443332104e+01
-1.978228389024734213e+01
-2.130095857009291827e+00
-2.050945866405963613e+01
-2.053054960966110798e+01
-2.059948974847793934e+01
-1.783971643447876065e+00
-2.052470946609973979e+01
-2.047775038778782175e+01
-2.048099730014800102e+01
-2.049367515742778423e+01
-2.047408275902270347e+01
-2.048151163458823731e+01
-2.055583617389202544e+01
-2.053880479037760409e+01
-2.051971915066242858e+01
-2.058561837375164671e+01
-2.054413224756718748e+01
-2.065446847379206829e+01
-2.039220940470694288e+01
-2.058972219228745004e+01
-2.047527331113815663e+01
-2.053718311190605306e+01
-2.048734669089318317e+01
-2.052875810265540935e+01
-2.059511056244373961e+01
-2.050792375206946616e+01
-2.051822417676449106e+01
-1.870430063828826039e+00
-2.046896139979363127e+01
-2.064277508556842378e+01
-2.059262929558753541e+01
-2.058079170882701092e+01
-2.065969828069209413e+01
-2.047687281072140664e+01
-2.054856390655039888e+01
-2.048194713592529226e+01
-1.839741790294647128e+00
-2.045713416635989645e+01
-2.049613015055657073e+01
-2.055915422141551474e+01
-2.053229369819164774e+01
-2.061557336747645763e+01
-2.056818301081657907e+01
-2.059529438018799041e+01
-2.045633168220519238e+01
-2.058654157221317504e+01
-1.850599775835871652e+00
-2.049062060713767508e+01
-1.780653115212917825e+01
-2.058036337494850798e+01
-1.793554858863354085e+00
-2.063950745761394145e+01
-2.046493123173713968e+01
-2.054577324688435880e+01
-2.053931885659695311e+01
-2.042447497844695903e+01
-2.059939264655112723e+01
-2.063031291365623687e+01
-2.062823939621448233e+01
-2.059366262555121452e+01
-1.832767914235591711e+00
-1.761111507713793856e+01
-2.048159445226191622e+01
-2.054996020793913303e+01
-2.067335152924059472e+01
-2.057341172099113891e+01
-2.050022700726986358e+01
-2.052771122753619792e+01
-2.054147325754166431e+01
-1.811181978136301218e+00
-1.762086060456931724e+00
-2.049001695215702057e+01
-2.060314141213893180e+01
-2.055015260279179401e+01
-2.044566395282746285e+01
-2.054492816030978730e+01
-2.060208171308040903e+01
-2.052942904829978232e+01
-2.055523750185966492e+01
-2.035218748077749940e+00
-2.060000481605529288e+01
-2.048795046210289428e+01
-2.063003153204918405e+01
-2.057892018258571554e+01
-2.047384760677814342e+01
-2.052715933322905784e+01
-2.043457659780980151e+01
-2.058764261305332255e+01
-2.064958962798118236e+01
-2.049060631394386434e+01
-2.060088231265545033e+01
-2.056457317471504354e+01
-2.042533028423786945e+01
-2.052832835912705178e+01
-2.047845543622970510e+01
-2.051299623548984741e+01
-2.044829577803611542e+01
-2.061661693751812052e+01
-2.043205488622189492e+01
-2.056987664848565878e+00
-2.051989659070968131e+01
-2.052645799517631531e+01
-2.055541462302209155e+01
-2.057807457745074942e+01
-2.048922042250633169e+01
-2.053725961446762582e+01
-2.069064174592494609e+01
-2.058648575842381589e+01
-2.054850058555603098e+01
-2.055322472751140594e+01
-2.042253739535809842e+01
-2.056109425723552064e+01
-2.050852575898171537e+01
-2.051757158040999940e+01
-2.059381100535393117e+01
-2.041043958663941638e+01
-9.680543403327465768e+00
-2.058016669750215044e+01
-2.044496605694293834e+01
-1.793051552772521706e+00
-2.061504464447498464e+01
-2.054905621111392833e+01
-1.889616615325212301e+00
-2.047645049691200825e+01
-2.047573839128017070e+01
-2.051999216973782225e+01
-2.057032074630260965e+01
-2.053096956610679058e+01
-2.058765390515327098e+01
-2.055792333483695700e+01
-2.051963475048541596e+01
-2.051956466436386961e+01
-2.051379015147685081e+01
-2.050233964025973776e+01
-2.059484009146688877e+01
-2.050963672995567677e+01
-2.055037392079829317e+01
-2.050350739657878663e+01
-2.061817648708819917e+01
-2.055658691823483508e+01
-2.047944272160530232e+01
-2.056361999213696024e+01
-2.049111089706421396e+01
-2.055397159159182863e+01
-2.049704976379871368e+01
-2.063580679297446707e+01
-1.971200246810913370e+01
-1.809270560368895664e+00
-1.958367733284831491e+00
-1.930254666507244421e+00
-2.047877172529696921e+01
-2.034303455650806924e+01
-2.059008140563965483e+01
-2.049325747489930549e+01
-2.048339325189590809e+01
-2.044553865790367198e+01
-2.052098101973532707e+01
-2.052481255829334117e+01
-2.061113004982471608e+01
-2.064421564340590720e+01
-1.935731753110886544e+01
-2.052357661426066926e+01
-2.059999094903468730e+01
-1.860436399281024666e+00
-2.059973712265492196e+01
-2.055382608473300365e+01
-2.047669953405856802e+01
-2.063018712103366781e+01
-2.058689014017582153e+01
-2.058561738431453492e+01
-2.050196526646614359e+01
-2.055695123374463051e+01
-1.937812040001154035e+00
-1.997796079516411538e+01
-2.058108350038527590e+01
-2.059863819181919453e+01
-1.683403463661670374e+00
-2.059559976160526062e+01
-2.046506870985031767e+01
-1.948558211326598899e+00
-1.971924678385257579e+01
-2.060156188905239460e+01
-2.054416930377482586e+01
-2.053842078745365285e+01
-1.887358253449201495e+00
-2.053217872381209474e+01
-2.047593785226344565e+01
-2.059783273637294698e+01
-2.045173744559288309e+01
-2.048882667422293480e+01
-2.050016380250453452e+01
-2.054568108916283364e+01
-2.055776382684708992e+01
-2.061119231879711222e+01
-2.050638339817522748e+01
-2.050555875301362363e+01
-2.051083246171474173e+01
-2.063489841222763133e+01
-2.064680155515670634e+01
-2.051927790343761870e+01
-1.799757919460535094e+00
-2.063086304068565369e+01
-2.062525296807288910e+01
-2.054249110221863361e+01
-2.046544229388236147e+01
-2.054377790987491181e+01
-2.060042911469936655e+01
-2.053586263656616495e+01
-2.050242360830306509e+01
-2.058572751581669280e+01
-2.048898367881776039e+01
-2.049989058375357587e+01
-2.050671834945678285e+01
-2.053152821063994438e+01
-2.056013346612452253e+01
-2.042432467043400734e+01
-2.059838082492350964e+01
-2.059449765980244607e+01
-1.948701931908726648e+00
-2.055204043388366841e+01
-2.064612753689289093e+01
-2.065076277256011039e+01
-1.892685421369969756e+00
-2.061009761989117450e+01
-2.048867453932762217e+01
-2.061009940803050711e+01
-2.053745644390584246e+01
-2.061697822213172770e+01
-2.068126322925089866e+01
-1.855315998792648458e+01
-2.049929431378842182e+01
-1.978891387954354375e+00
-2.049554223716259926e+01
-2.057125914692879221e+01
-1.670424956828355345e+00
-2.060121805369853831e+01
-1.646719529330730936e+01
-2.059044648110867470e+01
-2.057936597168445658e+01
-2.054915261268616433e+01
-2.057665730118752023e+01
-2.048931047618390622e+01
-2.062604775726795481e+01
-2.059342892467974906e+01
-2.048017996847629618e+01
-2.058343954086303285e+01
-2.056567099988459546e+01
-2.051503940224646527e+01
-2.062481347918510366e+01
-2.059319380223750429e+01
-2.058132148981094645e+01
-2.057994889616966105e+01
-1.723656931146979820e+00
-2.056406035721302317e+01
-2.056645623147488067e+01
-2.038730277493596255e+00
-1.855044360458851127e+00
-2.047111628353595592e+01
-1.822789678573608541e+01
-2.059034183025360321e+01
-2.052810796201229238e+01
-2.051500890254973797e+01
-2.063356028795241670e+01
-2.060162725448608967e+01
-2.057054812014103362e+01
-2.049246715903281313e+01
-2.057986027300357534e+01
-2.060267940163612721e+01
-2.062578693628311655e+01
-2.055858569443225647e+01
-2.052287280261516855e+01
-2.058691439926624156e+01
-2.062494477331638265e+01
-2.057746697366238209e+01
-2.061799656152724580e+01
-2.046241654157639545e+01
-2.069710863828659342e+01
-2.060288993716240569e+01
-2.047713508307932884e+01
-2.063333989977836325e+01
-2.056612304151059334e+01
-2.051787741482257132e+01
-2.047384181022643901e+01
-2.065731997191905478e+01
-2.058520154058933116e+01
-2.056314048767089986e+01
-2.058688132166862772e+01
-2.051374533772467856e+01
-2.038285244405269481e+01
-2.056730439066886262e+01
-2.046230027675628094e+01
-2.055217380523681570e+01
-2.056431713402270844e+01
-2.059398854076861340e+01
-2.042189018428326008e+01
-2.053911084234713158e+01
-2.059697790443896892e+01
-2.059052574634552712e+01
-2.063533110618591948e+01
-2.054601315855979493e+01
-2.062689807116984753e+01
-2.053916659057140492e+01
-2.023363626301287610e+01
-2.051081241667271371e+01
-2.052294290959834910e+01
-2.042451383173466439e+01
-2.052068178653716757e+01
-2.054250485897063427e+01
-1.572318734973668919e+00
-1.749739584699272710e+00
-2.049310830235481617e+01
-2.057913039028645485e+01
-2.020741494596004983e+01
-2.057776094675064371e+01
-2.048520044684411445e+01
-1.815521935373545226e+00
-2.058330974876879793e+01
-2.053036894202231366e+01
-2.055679542124272530e+01
-1.990532427132130877e+01
-2.065872980952263305e+01
-2.048755830824375934e+01
-2.059497037827968668e+01
-2.048312459290027121e+01
-2.065472911596297934e+01
-1.935879740118980452e+00
-1.582869898155331745e+00
-2.052020418941974711e+01
-2.050048789978026420e+01
-1.818015794083476688e+00
-2.049355245232580813e+01
-2.049122623503207663e+01
-1.629585180431604163e+00
-2.048200737833976603e+01
-2.056535288691521401e+01
-2.059232583045959331e+01
-2.048240413367747337e+01
-2.063972119092941071e+01
-2.058923771083354382e+01
-2.063703610002993827e+01
-2.048703760802746388e+01
-1.763471535593271078e+00
-1.772969338670373096e+00
-2.054832155406475991e+01
-2.054492763578891257e+01
-2.055645771920681852e+01
-2.052531576454638795e+01
-2.054451573193072633e+01
-2.058656715154647188e+01
-2.053270783126355070e+01
-2.067500483691691926e+01
-2.038299495577811626e+01
-1.622094899602234408e+00
-2.051380359828471711e+01
-2.063334621787072365e+01
-1.804387408494949696e+01
-2.053144975304604003e+01
-2.063025476336478548e+01
-2.045841392576693707e+01
-2.050224486589432615e+01
-2.067803909480572599e+01
-2.054740916788578176e+01
-2.059102756977080517e+01
-2.059614187180995870e+01
-2.047684442102908520e+01
-2.050312230587005757e+01
-2.055316559374332641e+01
-2.040448595583439229e+01
-2.052436702251434042e+01
-2.040459410548208652e+01
-2.047366666197776297e+01
-2.056717054545879009e+01
-1.729844520241021977e+00
-2.056519786715507792e+01
-2.045676220655441568e+01
-2.053280052840708692e+01
-2.047865088880062956e+01
-2.049150323867799273e+01
-2.022788180597126839e+00
-2.046626616120337872e+01
-2.056247103512286500e+01
-2.059456527829170369e+01
-2.070486009120941162e+01
-2.070693557858467315e+01
-2.054925631284714527e+01
-2.051031022071838450e+01
-2.043550074100494740e+01
-2.045385571420192861e+01
-2.050170364975928905e+01
-2.064339590370654420e+01
-2.048477146625518586e+01
-2.055593304038048075e+01
-1.868692447617649410e+00
-2.058722932636738534e+01
-2.052037388086318614e+01
-2.062083528935909271e+01
-2.062531028389931009e+01
-2.043609967231750701e+01
-2.057231689393519503e+01
-1.824668086320161864e+00
-2.040080796778201844e+01
-2.053164475262164501e+01
-1.767209189012647119e+00
-2.046996805965900990e+01
-2.053695729374885559e+01
-2.065539017021655965e+01
-2.058455062210558850e+01
-2.056591339111328054e+01
-2.042058431804179719e+01
-2.069126873016358559e+01
-2.064423775374889303e+01
-2.037454857528209118e+01
-2.067625235617160939e+01
-2.055978896319867033e+01
-2.056295446157454876e+01
-1.840840191021561711e+00
-2.059652549028396251e+01
-2.044398403763770844e+01
-1.923793984204530627e+00
-2.049849316477776284e+01
-1.715478783473372237e+00
-2.067637863457203551e+01
-2.052201642096041567e+01
-2.001804816722870939e+01
-2.059180664420127371e+01
-2.064595331251621602e+01
-2.053385070562362102e+01
-1.914120340347289506e+00
-2.047420870065689869e+01
-2.036544681489468545e+01
-2.048569657206535410e+01
-2.059009999334812946e+01
-2.046761306822300241e+01
-2.056840143203735138e+01
-1.819790313020348771e+00
-2.062475781440734579e+01
-1.938968702778220532e+00
-2.053663890659809610e+01
-2.058563023805617931e+01
-2.056592490375042814e+01
-2.062469520270825640e+01
-2.050989196002483439e+01
-2.045825656354427124e+01
-2.062308452427387095e+01
-2.016014700010419602e+00
-2.061512127518654935e+01
-2.059583123326301646e+01
-2.054444640278816081e+01
-2.053840864300728697e+01
-2.063884209990501972e+01
-2.047687512040137392e+01
-2.052297289371491473e+01
-2.064800812602042157e+01
-2.059670656025410551e+01
-2.057247838675976936e+01
-2.046868194043635114e+01
-2.058091346621514361e+01
-2.062403324544429850e+01
-2.057688378989695721e+01
-2.055618004500866647e+01
-2.056859210729598431e+01
-2.050033763647080320e+01
-2.049193282127381011e+01
-2.050395257771016233e+01
-1.895402067527174994e+00
-2.043174227476120564e+01
-2.056075282096863077e+01
-1.838809769973158703e+00
-2.048871470093727254e+01
-1.986646822094917164e+00
-2.057061724960804483e+01
-2.057400543689727357e+01
-2.056745359599590017e+01
-2.053109859824180816e+01
-1.829340902715921313e+00
-2.060455135405063487e+01
-2.055477848947049324e+01
-2.054804255962372039e+01
-2.049986205995082855e+01
-2.053717412352562022e+01
-1.680621944740414486e+00
-2.044986138343810822e+01
-2.050226423442363100e+01
-1.627653368934988798e+00
-2.067055741548537995e+01
-2.051967689692974872e+01
-2.046791530549525717e+01
-2.058189985156059976e+01
-2.051645893454552549e+01
-2.049484186768531657e+01
-2.056961639821530241e+01
-2.054784761369228718e+01
-2.045935083031653789e+01
-2.049622230231761577e+01
-2.054282814264297130e+01
-2.062706576287747140e+01
-2.049167509675025300e+01
-2.039095917046068962e+01
-2.067448146939278075e+01
-2.055972517132758526e+01
-2.053286952078342864e+01
-2.041712937653065651e+01
-2.055108035802842181e+01
-1.763309948146343675e+00
-1.992901360988616588e+00
-2.060472898483277149e+01
-2.042387060225008710e+01
-2.061802594959736012e+01
-2.057646045982837180e+01
-2.060363442897796205e+01
-2.046043128073214845e+01
-2.055539495646952375e+01
-2.041229552328585939e+01
-2.056674864888191934e+01
-1.997081999853253409e+00
-2.049331402182578898e+01
-2.057372179627417452e+01
-2.043700434863567494e+01
-2.053741666972636537e+01
-2.061472884118556337e+01
-1.637976715341210365e+00
-2.051293587684630282e+01
-2.064040328264237090e+01
-2.057087465226649670e+01
-2.054178432524204823e+01
-1.782497954741119939e+00
-2.059210013747215129e+01
-2.040966673493385741e+01
-2.062946001887321756e+01
-2.052267489731310945e+01
-2.060391836762428852e+01
-2.060071387887001393e+01
-2.063330508172511912e+01
-2.046718979775906178e+01
-2.049607520699501606e+01
-2.053474982678890015e+01
-2.062003450393676829e+01
-2.061394539177417329e+01
-2.065321963131427552e+01
-1.905011496692896156e+00
-2.057831287682055788e+01
-2.052840792238712808e+01
-2.051319274008272586e+01
-1.778620517998933837e+00
-2.058051509261132139e+01
-2.058763462603091554e+01
-2.055227087736130542e+01
-2.058819509148596794e+01
-2.062066025733947683e+01
-2.059185711443423727e+01
-2.068487404882908365e+01
-2.055338783860205609e+01
-2.059499150812626311e+01
-1.808750514686108035e+00
-2.054660255312919048e+01
-1.717968837171792940e+00
-2.049217813909053731e+01
-2.071483851969242096e+01
-2.053293909430503916e+01
-2.054942291975020296e+01
-1.931092164665460853e+00
-2.063031980693340373e+01
-2.011901103854178530e+01
-2.048175212740897067e+01
-2.060523941516876434e+01
-2.057489283382892609e+01
-2.055043123364448121e+01
-2.038908134400843863e+01
-2.059385586977004934e+01
-2.055655703544617552e+01
-2.120860099047421787e+00
-1.661839020624756635e+00
-2.046033097505569387e+01
-2.045239391624928516e+01
-2.065445440709590486e+01
-2.061275609433651113e+01
-2.054139740467071817e+01
-2.036531600654125995e+01
-2.057279383838176301e+01
-2.041922606825828979e+01
-2.055849800705909658e+01
-2.060691078007220156e+01
-2.059341454803944060e+01
-1.754242933169007479e+00
-2.048645120561121402e+01
-2.056131897866725566e+01
-2.050356659889221334e+01
-2.065788210034370920e+01
-2.056851791441439659e+01
-2.061085597276687409e+01
-2.061849409043789905e+01
-2.056579910516739318e+01
-2.048451239466668028e+01
-2.053588659763335045e+01
-2.053692999482153780e+01
-2.063351115286350179e+01
-2.046147816479206227e+01
-2.060843322575092884e+01
-1.709436402097344487e+00
-2.055646955370903584e+01
-1.794961783289909629e+00
-2.057925802767276124e+01
-2.051853511929511953e+01
-2.051550100147724010e+01
-2.047289959192275433e+01
-2.053525940775872272e+01
-2.060310003757478015e+01
-2.037113119065761779e+01
-2.058740800917147951e+01
-2.055163240432738547e+01
-2.039963623881340027e+01
-2.060428796410559471e+01
-2.058467463254927665e+01
-1.783688574656843828e+00
-2.051844649314880087e+01
-2.015923280715941956e+01
-2.060395729243754204e+01
-2.047490116655827208e+01
-2.045173174142836814e+01
-2.054214430451392559e+01
-1.804290091618895753e+00
-2.050255315005778556e+01
-1.891838761046528594e+00
-2.046529849469660078e+01
-2.048009171187876731e+01
-2.050580389201642006e+01
-2.049344125390052440e+01
-2.062733849585056589e+01
-2.051404431760311908e+01
-2.114813429862261174e+00
-2.051241128742695352e+01
-2.046734492778778502e+01
-1.750756192207336470e+00
-2.042963626980782621e+01
-2.066908641159533744e+01
-2.059733788967132284e+01
-2.054363991320134630e+01
-2.066398099958896495e+01
-2.051754511892796273e+01
-2.042596724927425100e+01
-2.054108162596821607e+00
-2.046277250945567872e+01
-2.052361614704132720e+01
-2.049171345531940958e+01
-2.059256796240807219e+01
-2.048819666206837908e+01
-2.055683588683604768e+01
-2.059939184784889221e+01
-2.047202035784721730e+01
-2.061113114356995624e+01
-2.056374149620532066e+01
-2.068134593665600818e+01
-2.054996203780173047e+01
-2.035159135609865277e+00
-2.051227148473262929e+01
-2.006987565755843583e+00
-2.057807115912438078e+01
-2.047737430632115263e+01
-2.014209225401282666e+00
-2.053453888297080709e+01
-2.068287421762942913e+01
-2.054793117940426228e+01
-2.043300041556358337e+01
-2.061064279377460551e+01
-2.047310940027237081e+01
-2.056538239121437073e+01
-2.051297451257705973e+01
-2.060594784468412044e+00
-1.816928443312644692e+00
-1.733421450853347867e+00
-2.057684382498263886e+01
-2.049918122589587810e+01
-2.065438051819801046e+01
-2.065907010436057956e+00
-2.045701200962066224e+01
-2.055185794532298260e+01
-2.065516159832478138e+01
-2.059756225645541505e+01
-2.046348241567611481e+01
-2.053195177018642426e+01
-2.061119331121444986e+01
-2.048599708080291038e+01
-2.053176730573176911e+01
-2.057974611818789512e+01
-2.054405240118502718e+01
-2.049537993371486522e+01
-1.719873695448040696e+00
-2.042226144075392824e+01
-2.048716035187244700e+01
-2.038362738192081736e+01
