2.597439906118005570e+00 1.936169814530232181e+00 1.489032431195992823e+00
1.731493371707862605e-01 6.080726191941153047e+00 4.210291208164036902e+00
3.166449871478221656e+00 5.999100398684091839e-01 2.713167505090531950e+00
2.826646217328192545e+00 9.396500572254334882e-01 4.817173356865066758e+00
1.659538665352816356e+00 8.576968186119566795e-01 2.134986373315756580e+00
5.871410930102478609e-01 3.143990435579938070e-01 3.670498705207544621e+00
5.902036772084654714e+00 3.797837083492974664e+00 5.100165515112976777e+00
5.202568417119755040e-01 4.120359046073890141e+00 2.266065640352114219e+00
4.462344027188367979e-01 3.387095666200977462e+00 2.151473052016845244e+00
3.949826429615456824e+00 5.092005250838199437e+00 2.656394795464177783e+00
2.879148227402689386e+00 5.788616984498727192e+00 4.565702982435740687e+00
2.966837429094143275e+00 3.654343473226758121e+00 1.974961019440374832e+00
2.014642261891819164e+00 5.984176660288569316e+00 5.463147962794399071e+00
6.147555021060062685e+00 5.684857927265054123e+00 9.246294780531396640e-01
2.538149174392603680e+00 1.930578797354882470e+00 2.561357669121124392e+00
3.749493332515742683e+00 2.708299746118747464e+00 4.526959041808551021e+00
5.145186033882466438e-04 2.301522606551785088e+00 5.538762790773721356e+00
6.163709460709074328e+00 1.902488641529971769e+00 4.737801845572571224e+00
4.905063914625467092e+00 5.237989527819086888e+00 5.875179746339306952e+00
2.362196575968880552e+00 5.769114433508517159e+00 3.590814947558063963e+00
2.826242396787078448e+00 3.297969170769611047e+00 5.455724319584440707e+00
4.494393297950401989e-01 6.068427203479979326e+00 9.078692081046198237e-02
1.071006689446655002e+00 7.589915481340894221e-01 2.529893626564723164e+00
5.619297647544011731e+00 1.841229858710428768e+00 4.357299989141536933e+00
5.507434442870483338e+00 4.523702677148759399e+00 1.210873268729846908e+00
5.378684948237402175e+00 2.050885480283287876e+00 4.106591206477879119e+00
1.136209690380715509e+00 5.385229051104015729e-01 1.464413540428170180e+00
1.361515190117078777e+00 1.557025499738271312e+00 4.538321119919757507e+00
2.198114099300011226e+00 5.425486157860818892e+00 5.120099193558731443e+00
2.168926856276817361e+00 3.967986504022480876e+00 1.146204809668724511e+00
2.857416592577604497e+00 5.040390214187671525e+00 1.113460912579925077e+00
2.479337023622181224e+00 4.702415035237978103e+00 1.660846447933799874e+00
4.743613613414533248e+00 5.096558390400176553e-01 1.015037880805514048e+00
4.719418572349007412e+00 2.024601084217945601e+00 6.093921624561108530e+00
5.625583198233990778e+00 1.826003645949932253e+00 3.230916803935495185e+00
6.932741989976916319e-02 3.633167509756688673e+00 3.358413447976497768e+00
3.037117077529417397e+00 1.020889272344387422e+00 3.302176974094051864e+00
4.847212627790760564e+00 4.733504207110562412e+00 5.835731661613491106e+00
1.020655307894354324e+00 4.667152123344036951e+00 4.297122527840749662e+00
2.413333567321836348e+00 3.132999881102092932e+00 3.422373341778935707e+00
1.053092293864549500e+00 1.858032188753058422e+00 8.063624309790935474e-01
4.839676492166623767e+00 5.219799919024747936e+00 1.341078067724406964e+00
1.208011757918626833e-01 1.285582363250949767e+00 4.585153653089291126e+00
5.722095111928626743e+00 7.005568053927880845e-01 3.488315862758009533e+00
8.610079585484436970e-02 5.764605397080817539e+00 7.615646824141785176e-01
4.054919607780021806e+00 2.228530211242753634e+00 5.265959507077042190e+00
5.603628248226000252e+00 1.669800725045800238e+00 4.030064847558784358e+00
2.813083317563368713e+00 2.005714236821594998e+00 5.070588363106272034e+00
6.101043817289673932e+00 1.301737300042241641e+00 2.892189123613019053e+00
5.219632780596676014e+00 5.816067382755384374e-01 1.815816579537419928e+00
1.323721264693399124e+00 3.059359783686527390e+00 1.630277461250930537e+00
1.362755504480606561e+00 4.331894548685037094e+00 2.732046038385360198e+00
4.136286965826571738e+00 5.117088812600554260e-01 3.722037859590651809e+00
6.089957897874304749e+00 2.165788901837732539e+00 4.167142157027111438e+00
4.715192524832629850e+00 5.134409658464351267e+00 1.837657300020888895e+00
6.000173739489667035e+00 5.456759237870057788e+00 5.856237097790327972e+00
5.473833795012865266e+00 9.776971600693447062e-01 2.917388842471156263e+00
5.764097386447454063e+00 2.004232899340312013e+00 2.699222080677917468e+00
3.416370385198350679e+00 1.317952164715527674e+00 5.493068097379235626e-01
5.452626238161877303e+00 1.423147481162721384e+00 2.843771854867517046e+00
5.923341429212548581e-01 4.626643343519861062e+00 5.369729292044742586e-01
1.014647411127700405e+00 1.286645968475768065e+00 4.279106863234374836e-01
1.848359410647036905e+00 6.673426982499011118e-01 3.943255154363603854e+00
3.253878167987063197e+00 2.166184233239177637e+00 3.145452807924047800e+00
4.363058095566060501e+00 5.333877605155868729e+00 3.642308260013635390e+00
3.508976976279161164e+00 5.889719199511537218e-01 3.554637835688225778e+00
4.698423051926942651e-01 1.842674211228413128e+00 2.813946270742032407e+00
1.692830313785252727e+00 2.629016257777291088e+00 3.599218168862575062e+00
4.325218669220182832e+00 7.646604237886998057e-01 4.374222280408505803e+00
3.895695693385022196e+00 7.752519312377376126e-01 5.566235956633527771e+00
3.546987550854215909e-01 4.703899009525753350e+00 1.200373908297440728e+00
5.394684628140089977e+00 5.431825425894380999e+00 2.188121916256541066e+00
9.161473287395364151e-01 2.845220356450550270e+00 2.796377522104804281e-01
4.427713676769213791e+00 2.165823324238107528e+00 4.400676846376340379e+00
5.341296828778875572e+00 6.181674741946612262e-01 1.515711498510718958e+00
5.304743734973319746e+00 5.762238164311401789e+00 1.971698000597601252e+00
2.034785400416274204e+00 3.070610134055466123e+00 5.901069855022090138e+00
5.736556918615119294e+00 2.466583044137565572e+00 2.515844025295131736e+00
5.115838455312188060e+00 4.968294414566403638e+00 1.249804354846463239e+00
3.285012824989475000e+00 4.355307109294792589e+00 2.993758565598059640e+00
1.432814535840969683e-01 1.659110582328781058e+00 3.117811379769622970e+00
4.015327189999459812e+00 1.380869767458900332e+00 2.489164357762743141e+00
3.088310435789981767e+00 5.513865477749741117e+00 2.476545523850188335e+00
2.569662468115008647e+00 5.966770809086794358e-01 4.889142704075955415e+00
2.613901897444423472e+00 7.492792994610949497e-01 5.323303876608815877e+00
1.127628641576688517e+00 4.918425811694699945e+00 4.131805171967208423e+00
5.298154545982779240e+00 1.362002368094599625e+00 3.313930182643006539e+00
4.168795032178745252e+00 3.213941923338258455e+00 8.975391962107541755e-01
5.075723169334304119e-01 4.948861003910460798e-01 9.242271612457008123e-01
7.441012291170751025e-01 3.985090769149536527e+00 5.335828267608635350e-02
3.068500256526036640e-01 8.867874422401984535e-01 5.905194166356833918e+00
3.356402708371475363e+00 2.582325673221186779e+00 3.837186267009487395e+00
3.779679955392485802e+00 5.703255475387727369e-01 1.641735452218242353e+00
5.474145607228055432e+00 2.943303746361986661e+00 4.362419986729571875e+00
2.929364943410638134e+00 2.670737226587836410e+00 7.581636144448971049e-01
2.011635147644306620e+00 5.781206627059842340e+00 4.369872646392856941e-02
2.582365327210979444e+00 3.167145234972115198e+00 5.060100244498856981e+00
5.095037106836226570e+00 8.678048016050836644e-01 2.871186843774679254e+00
5.379423278238724571e+00 3.132018613697105547e+00 5.244911913771675316e+00
5.129525484078156339e+00 3.811918155309397704e+00 4.761558309404040124e+00
4.342783778575329379e+00 9.990600866171337469e-01 1.742281180142085661e+00
4.796412100908908016e+00 3.567970168445243395e+00 5.508650505869728820e-01
2.138748181666502823e+00 6.195684129231200821e+00 2.690548456038890812e+00
3.133610152237058522e+00 2.499357502953719334e-01 1.505522420408555995e+00
2.947984621511504422e+00 4.110819159541796886e+00 3.040848923698646011e+00
3.655991466642786736e-01 3.361753116016468645e+00 2.479318257190378905e+00
1.803681431489752018e+00 2.026542833197910287e+00 2.400829402754654396e+00
6.256213309655931809e+00 4.974226259562781749e+00 4.529095164370471771e+00
1.200141112006693822e+00 4.435381934350954403e+00 4.886393790719763430e+00
3.638940082066759896e+00 5.392731353542131068e+00 5.616466994472770757e+00
3.889501871312518677e+00 2.218671902038069632e+00 2.227828081785169001e+00
3.663354894821826413e+00 5.720369497988099461e+00 4.043352961829201675e+00
2.243552342886560247e+00 2.412274587154149774e+00 4.660003978134163560e+00
3.938146337421299936e+00 3.997935912831592109e+00 1.579725225872174454e-01
1.449473164415188808e+00 9.330416617694639037e-01 4.986469014805903655e+00
5.118997076639982602e+00 1.589021855984663167e+00 1.758560340012922829e+00
2.982333155495248356e+00 3.609983800851392921e+00 2.273808901300456320e+00
5.302720199290162029e+00 9.481961951380041276e-01 2.429690341157805911e+00
4.341711356463809679e+00 2.821599974024941115e+00 3.595249232462391475e+00
4.256068561940386630e+00 4.687450146340050416e+00 2.032679448633218033e+00
3.726214961122988445e+00 3.808575864963627211e+00 1.037824670770035596e+00
1.135323370818285937e+00 1.262033999485063507e-01 2.837512459541214671e+00
4.570880223161720934e+00 1.791142321100471335e+00 2.658829425816345626e+00
3.306639647976427066e-01 3.621311994490624686e-01 2.430591335377379814e+00
4.587900867030237251e+00 3.782479834424463672e+00 2.414310668347107836e+00
3.482664004264418356e+00 5.947743628079646072e+00 4.072159034294103863e-01
2.654410014381538119e+00 3.423998633657197477e+00 1.092763093793190782e-01
4.718789587139752939e+00 3.506207490652972325e+00 3.190990709977135520e+00
6.157285332553198209e+00 5.802116165630439859e+00 5.620837794196599013e+00
4.146950129955823350e+00 5.868956984319821935e+00 9.532162529348964242e-01
3.349108459480311772e+00 3.598957447306504687e+00 5.983277296417013780e+00
5.301917464069874519e+00 1.170087479716369616e+00 4.431521365804050205e+00
3.529778576052494898e+00 4.610882097079254116e+00 4.276282280754617915e+00
5.823156443898659163e+00 1.896248301804992487e+00 5.889746148288630856e+00
2.560388044571210386e+00 3.530775649219198176e+00 5.586564281076422667e+00
2.702243717253055344e+00 3.786087725065938159e+00 1.724326830632909369e+00
2.833897274747590345e+00 5.431841208089486450e+00 2.960637187451358621e+00
3.305075271478256749e+00 4.652162359161720495e+00 4.592618474708058507e+00
6.168235664630214110e+00 2.241388802921991663e-01 3.784985353033516908e+00
5.947172642189552327e+00 5.927593913074391985e+00 1.479172235738815289e+00
3.572256828147704066e+00 5.390558453113265536e+00 4.783445720705032378e-01
3.062131262426796674e+00 2.222981664211184594e+00 2.485155385606957257e+00
4.057802173510530075e+00 5.727799367057327729e+00 1.276256704284146837e+00
2.260009531495098256e-03 4.782296510627082498e+00 5.492766942677778985e+00
2.522755570956068949e-01 3.365667622468954345e+00 4.491155109717181126e+00
2.223876258264176009e+00 3.622495426697351917e+00 8.737290686328695877e-01
1.337624575220333289e+00 6.263777623955523843e+00 5.819012544512222718e+00
3.302643618472745235e+00 3.963990264834881927e+00 1.124520603568304411e+00
4.544363945284434436e+00 3.804741742226833701e+00 2.431672410697078401e+00
3.249386058618485285e-01 4.102409754608464354e+00 1.552478189492533467e+00
5.215538202002655943e+00 5.125940562789105925e+00 3.197511227440481107e+00
1.118542397506955499e+00 2.751268973367140269e+00 4.769913632321987507e+00
5.511498270560851509e+00 2.628111730851854677e+00 2.219249522473859315e+00
2.308153257834604677e+00 1.453795745878517787e+00 5.500548051032319030e+00
2.459824713009726160e+00 2.651200179048410543e+00 2.836399417343975493e+00
4.377524220460192739e-01 2.234359237977837420e+00 6.279122906362684553e+00
6.215674952597142422e+00 4.827988226375488523e+00 1.354840166767677045e+00
5.983342581559682571e+00 2.781021102677341816e-01 5.363547610254641107e+00
4.683337062856581134e+00 3.254676290974053976e-01 6.082212549312429495e+00
1.431937696154663042e+00 6.054189093576218816e+00 5.482688800942366214e+00
5.356026534423966590e-01 5.608622662377362733e-01 4.386552201250979444e+00
4.620109412465559728e+00 1.535810375190344246e+00 1.452417830602825422e-01
2.738576003622668953e+00 5.324043933073205004e+00 3.439276123997804469e+00
2.534717809464642979e+00 2.164845675696861260e+00 2.363131657201379632e+00
4.990623533468081519e+00 5.915334802683646309e+00 3.455333092560746611e+00
3.101737216031807520e+00 5.479639393212834442e+00 5.381776485829850465e+00
4.326239176715195534e+00 4.975005153644760925e-01 1.417422190945196281e+00
5.492273749095592628e+00 5.868551578375456046e+00 5.953515402109214705e+00
6.146841401662093141e+00 5.450633318041887776e+00 4.509843209689893051e+00
1.531763581239620864e+00 3.159522406430858688e+00 4.339823620868321186e+00
4.295705018937565178e+00 2.678068474683477085e+00 5.735795815752889659e+00
4.367561068542678449e+00 1.972299831022837679e+00 3.595350415973779690e+00
5.380975006660131399e+00 4.157631367867142380e+00 9.039893968827824589e-01
1.566587291789209857e+00 6.034742707387642291e+00 4.646856084882932336e+00
3.404841308508447462e+00 5.453766527436093803e+00 4.723339022674622356e+00
3.975829250189998110e+00 7.902980726490492769e-01 2.376701964567158321e+00
6.044808883067278593e+00 5.430621257153434911e+00 2.526857128643203332e+00
1.961283883243482462e+00 2.519011930728144222e+00 5.890244140262955952e+00
3.186242253476582409e+00 2.508077505515010852e+00 2.215910272976543194e+00
5.254340796540651892e-01 4.857322339146472601e+00 2.352246416973502896e+00
2.303196597686195890e+00 2.073276506691328069e-01 4.243380188302287692e+00
1.631647502885680556e-01 5.951814512099674381e+00 1.566452200894299152e+00
4.107831659317832340e+00 4.379995417158879079e+00 2.159097596732824711e-02
6.248148308544154705e-01 4.543281509367342430e+00 3.562920751922884044e+00
1.379260939711275169e+00 1.974757267259087179e+00 4.906648666247316548e+00
1.727447785255646240e+00 6.246825983597649845e+00 1.027934289726489814e+00
3.137491603515357497e+00 3.951431480235912286e+00 8.949110888962662491e-01
4.610989602390147546e+00 3.562213550199613721e+00 3.168566629477787000e+00
2.918292534778743175e+00 2.302621215366261076e+00 5.509318458731244483e+00
3.549385799262332331e+00 3.213237009966013691e+00 5.406315605349975684e+00
4.061768936528421747e+00 1.022726360507744570e+00 5.146129342560420206e+00
1.928104731325964050e+00 4.268018756609782471e+00 6.007903121391141354e+00
2.656674744578788605e+00 2.057929004493472824e+00 5.871668334153973268e-01
3.917767957580413185e+00 1.248679710496116702e+00 2.718525396390254478e+00
2.324820974887556790e+00 5.295486749730638820e+00 3.568900238859107787e+00
2.261835867323115590e+00 4.734719102503252230e+00 2.949252249188853980e+00
4.733417689493565561e+00 1.278039007228442880e+00 5.214689151365556885e-01
2.761612539885376805e+00 3.788601012810971724e+00 5.395133616378145369e+00
5.716745570030427048e-01 4.693916388322492139e+00 2.288961908956261393e+00
2.376883138035159604e+00 6.454320983435134496e-01 3.965066357769836625e+00
2.439127953101114799e-01 1.841302241268225059e-01 5.936211665375161317e+00
1.230641536176647399e+00 2.743636911024828429e+00 6.058011137517493871e+00
5.400189704279328318e+00 3.427753720446630847e+00 2.351157907199826536e+00
3.493458471054715631e+00 6.305177623867792569e-01 4.601676657392584247e+00
3.204079619731284190e+00 4.560999382372130206e+00 1.474786290693120616e+00
1.317689806097388949e+00 4.283567767811901739e+00 4.840812087525312890e+00
4.890442139375518416e+00 3.584309990391314038e+00 6.010488029701799739e+00
1.573463933539982484e+00 1.795654898233125074e+00 2.630896579823326586e+00
1.781568586419035150e+00 1.586522991820638273e+00 4.649114343468259136e+00
1.313976962609989085e+00 2.721872134558203982e+00 1.239162694328763248e+00
4.326991821455796305e+00 1.665090231015510458e+00 1.146209848057525571e+00
3.939569655119411706e+00 2.058289706407194775e+00 3.590380585037121985e+00
3.759752390224445406e+00 3.766287414373820308e+00 3.281867070228286498e-01
4.702866024701264358e+00 4.322275809957190518e+00 5.799454587353420898e+00
3.375996518592025541e+00 3.236700066653770413e-01 5.533115833046943877e+00
2.874679966397122866e-01 3.833512374188905003e+00 5.263228367866020996e+00
5.610663515449648031e+00 5.487412829921175295e+00 4.415166492914639917e+00
1.324234843450819765e+00 5.844433376947721470e+00 3.053346154616026764e-01
1.982495007575911794e+00 3.464164819023947128e+00 1.056688108355337830e-01
6.119691242677610887e+00 5.179800177070390532e+00 2.467860331757323777e+00
4.216964289674003830e+00 3.254204829049616610e+00 1.046777036411353334e+00
2.527942688873593635e+00 2.828371804055176408e+00 5.470983798249025476e+00
6.277652369578115454e+00 1.633878654236991412e+00 7.408118199074543719e-01
1.266058334941289720e+00 2.214700485642232541e-01 6.073881058500577579e-01
2.799907036482627287e+00 3.471074617941964036e+00 5.940887075463054501e+00
3.549091510396510385e-01 5.858381479148147442e+00 4.249288832775282465e+00
4.957058597324735527e-01 3.303967044029212374e+00 1.311596620630812282e+00
1.533890884041585911e+00 4.444093750996056968e+00 4.013938911872764415e+00
1.432191117802438463e+00 5.076418573670379075e+00 1.223546924254060420e+00
5.990918134032479081e+00 3.646854164012740984e+00 5.657814464792564557e+00
5.855651491072516812e+00 2.008356857693891939e+00 2.280150017164201126e-01
4.270979276625596621e-01 1.260783534828263885e+00 1.409474324183450866e+00
5.605204735261461124e+00 3.964841733400297663e+00 3.168581024926349521e+00
1.200238395326477914e+00 4.389478362704695158e+00 5.079556600342302275e+00
2.738605925644431796e-02 4.350738226779167495e-02 4.315679813387991004e+00
5.675561152898142003e-01 5.635042317121875755e+00 2.286195488442889889e+00
9.622018664285048040e-01 3.371898519482275369e-01 1.123159334310368962e+00
2.395245158217134129e-01 2.237605979933802836e+00 4.214134275439991306e+00
1.518757267192545113e+00 3.428184180916876045e+00 1.792203782588182026e+00
2.276792682162836368e+00 1.889474009337833493e+00 1.154902531339402350e+00
4.546833885435945355e+00 3.998008708516262555e+00 4.245766167531533353e-01
6.431771599443094622e-01 5.503631419489915189e+00 2.041770918326355488e+00
5.694727200993296989e+00 5.047900914095791336e+00 5.529704938886443877e+00
5.934819229222062731e+00 3.806537590327298215e+00 4.845541188222868279e-01
5.287956383413797035e+00 4.411686986260390242e+00 6.138000843783191662e+00
1.113858628816922325e+00 3.896256869104616771e-01 4.896289251859351488e-01
4.386340708068529048e-01 1.193815579546744637e-01 7.994205844049151466e-01
4.238719803240509343e+00 3.996471872083130705e+00 3.871025844188208609e+00
5.188666354431673788e+00 5.427352417802553397e+00 3.368445837946921095e+00
4.979451252345205581e-01 5.792901483137053553e+00 1.863450181183038193e-02
1.906379146176628625e+00 1.017407512874216380e+00 4.553511397286491125e+00
6.041411663311678559e+00 1.521207583093135307e+00 1.243093933998518225e-01
4.061084447046761636e-01 3.155406398628807008e+00 5.099178940226260615e+00
5.156503295419522459e+00 4.407259312500661608e+00 1.020401539236202915e+00
5.484614593096975632e+00 8.921292733478412007e-01 4.109996004835145378e+00
5.227948711672729232e+00 5.915213857890684324e+00 1.725789049779858697e+00
5.766685665803327865e+00 2.580963546938492392e+00 5.565681929689316298e+00
2.376308338484154792e+00 5.899282605459026385e+00 4.274655398007979556e+00
6.633288748402667023e-01 5.460044854382958057e+00 9.687093394379588940e-01
4.238355745776196670e+00 5.876834813998118356e+00 3.635216602529162344e+00
8.706684292493402366e-02 3.296030680811919300e+00 1.897697601695141345e-01
2.707314080898277187e+00 2.132990639297665414e+00 9.988632489984761165e-01
6.061309881358232232e-01 3.737872748326583228e+00 1.760838536771248908e+00
4.722921026788307941e+00 4.125181948062609294e+00 2.989432373503183360e+00
3.466191389837170345e+00 4.687525789240599927e+00 2.078392827655382025e+00
6.270053462573740077e+00 5.771090138847050355e+00 2.823485131328479447e+00
2.437585160345584256e+00 5.369538938418365603e+00 1.608758330933012015e+00
5.687477984085596461e+00 6.245840329483939080e+00 1.648278353940036300e+00
8.809281177267190843e-01 5.774291089623756257e+00 2.227526805403289956e+00
4.025248779930283405e+00 5.521061684076422615e+00 5.671747678976760021e+00
9.232902839448937637e-01 4.201906179352007165e+00 4.897941970148779467e-02
5.567069294293369275e+00 2.966776244510172411e+00 5.091428075138632714e+00
3.966473475080169564e+00 3.288587107245597441e+00 5.948063097340871686e+00
2.709155480328442778e+00 3.866425257417308359e+00 3.679640934540890029e+00
4.566791993138579642e+00 4.676162552950938966e+00 4.419364901205217855e+00
3.205985742826443996e+00 4.369797665804499687e+00 4.695729670777796905e+00
2.568953769696075362e+00 2.898151561444529900e+00 2.416216218877145661e+00
4.695284384162081714e+00 5.686400325422012791e+00 4.987990119058292038e+00
3.091996365647466938e-01 4.509811394857452527e+00 5.899116442524545256e+00
1.575551151749092327e+00 4.565337757799911578e-01 2.487469441517158319e+00
1.961614360116288536e+00 4.881552160397706785e+00 1.721983482556137091e+00
5.659804959608487174e+00 3.463593938868611222e+00 5.941158709932534698e+00
4.471498175366262373e+00 7.649763890581734449e-01 3.131836068414646235e+00
2.451146074791044516e+00 4.868838313534140205e+00 1.133121643836220827e+00
2.903431910857314335e+00 3.296048828550499188e+00 2.958113635297088262e+00
9.970482018573789684e-01 7.943702657977631532e-01 1.530479006167084544e+00
1.191724318835619023e+00 4.259840960537387922e+00 2.539037382601062820e+00
5.135323546882593959e+00 3.514261168364485766e+00 8.336287349367635935e-01
3.019327335013270996e+00 2.360243403619282088e+00 3.141411664423194861e+00
3.911004638642926245e+00 1.056766567223255349e+00 3.056874273633015004e+00
5.678536388923864031e+00 6.174790128611464368e+00 6.092332803951127751e+00
1.151757785862414174e+00 5.940363557399752636e+00 5.201447112003723117e-01
2.944479230569479355e+00 6.310192605228260865e-01 3.278918027244772659e+00
1.881169555063454402e+00 5.191799705141086907e-01 4.376134338216611575e+00
2.157352390693813238e+00 1.748168670293904547e+00 8.463736280820369773e-01
5.822209958235522009e+00 4.707240023079155122e+00 3.438822288088053458e+00
4.959942454861783645e+00 5.417232875121236191e+00 5.411869184159262325e+00
2.370428955167095175e+00 9.715367241171111168e-01 3.631869807572993825e+00
4.521739064005509512e+00 5.899430757901127365e-01 1.544565726235388459e+00
5.014895477977791671e+00 9.879209354924405329e-01 6.232832877868012211e+00
1.349470794008085894e+00 5.775033871086342252e+00 5.461740027505850748e+00
5.243667318255936571e+00 2.822210894856406416e+00 3.587528009358191383e+00
3.799408531889065799e+00 2.741139575221397617e+00 4.647197515792395706e+00
1.625900743965254414e+00 3.641641064952053086e-01 4.302357296610496151e-01
4.011540040265046514e+00 5.805669477494102004e-01 4.396791723452283307e+00
2.338275033205275744e+00 5.265483248792675930e+00 5.982165051013427437e+00
4.856812696051844291e+00 8.814640678611941338e-01 2.207583246354760220e+00
3.331194564203462605e+00 7.118139170241906122e-01 1.357355760629490871e-01
2.021652057048023199e+00 5.972339875187504532e+00 3.935744539478538417e+00
3.891426251377538836e+00 1.947873572447209323e-01 1.333693920707000435e+00
5.472180011954712597e+00 3.000697329092196775e+00 2.676273204232174852e+00
3.352752633053936115e+00 2.292822195733493551e+00 2.128067997280417956e+00
1.105676569397586961e+00 2.105365224264794222e+00 4.607065384108760320e+00
2.925445462923448314e+00 5.759901680702273374e+00 2.111994441298771896e+00
6.270225912455601680e+00 8.708719540324220132e-01 5.527520308400277749e-01
5.855867009030959025e+00 1.251399241714998611e+00 1.549437167305528718e+00
4.351587551162700684e+00 1.178363742089431065e+00 5.841705172807082347e-01
8.012958239237567559e-01 7.206388581955446293e-01 2.441378299355841275e+00
3.052394621700015076e+00 2.335692536669053965e+00 4.440516337238509248e-02
2.843698475127645064e+00 9.290070370764744734e-01 6.172379285693921247e+00
2.949346568554815917e+00 4.245058331178584332e+00 9.367268811312569055e-01
3.955161392719007019e+00 2.579035271355133663e+00 4.324468858861027165e+00
1.420691043838966383e+00 3.752807822614782740e+00 3.402547388033847486e+00
4.713612966502368273e+00 2.717056099299260286e+00 8.481259630893398516e-01
4.737144699435150486e+00 2.642044466163318450e+00 3.672748359798716500e-01
3.436472125861712801e+00 1.425120482825620982e+00 5.416507681202523905e+00
2.126022574115582930e+00 3.487528490500372502e+00 2.249300129710579021e+00
6.119729696658642304e+00 4.167119900005102018e+00 3.038214182421634213e+00
4.736278266837619100e+00 6.258755592140255786e+00 4.055819373819771201e+00
3.159260204039982423e+00 1.382068765092102636e+00 1.867750279843681360e+00
3.014044383050955012e-01 4.678728731573774446e+00 4.729875216698183893e-01
4.138099110383506307e+00 5.510414264111354044e+00 5.229606456221399746e+00
1.517030357023344767e+00 4.792106528333782478e+00 1.607701676596895224e+00
1.391935558142304519e+00 1.679226559665634388e+00 3.069390652380580953e+00
3.136603748068496067e+00 4.459945137640568269e-02 3.674369215717541159e+00
4.264754289231166950e+00 2.291689794889380405e+00 8.338745514774111856e-01
6.851890158610202120e-02 3.987462946246249196e+00 2.777069698420541854e+00
2.236870113216637979e+00 4.787116230117312909e+00 1.106796262442743650e+00
7.264231983618581190e-02 1.862491239583447644e+00 1.264051736735354980e+00
2.690988645333570073e+00 6.256965318543343813e+00 3.041964656979122772e+00
3.734251763534043089e+00 2.305347783757024427e+00 5.522074517941222283e+00
1.419920421517987252e+00 4.387086473518828078e-01 4.416245517522107811e+00
4.932099201746364514e+00 4.645018760884797260e+00 2.452565304423302450e+00
2.559622779527515046e+00 3.646584231222449457e+00 3.845657300352531838e+00
2.571905505949253490e-01 5.974379344840862194e-01 1.459349870797944870e+00
2.797020517797512706e+00 1.332185560467080032e+00 4.447401741813925113e+00
1.202924786570201410e-01 5.678294939937407193e+00 3.582416230415433223e+00
3.156405326823116031e+00 1.044340730805309203e+00 3.432768460330488658e+00
1.921490012816845505e+00 3.837474158486181341e+00 8.289104362685765226e-01
5.903044456130790429e+00 5.660904169867088109e-01 1.118022461285530067e+00
5.189571799483295500e+00 8.589635235130451685e-01 2.894666880648840035e+00
6.209624678784858354e+00 1.577127128327542316e+00 4.718840776789920533e+00
2.040279390003118198e+00 3.268787880942511492e+00 1.657491648389380456e+00
6.228296224344708421e+00 4.126206893933110464e+00 1.913270185241536359e+00
2.460823706211419548e+00 2.804464188319554907e+00 3.860379017307095761e+00
4.441259882852807372e+00 1.623053338062862005e-01 3.590444703642681201e-01
6.282386131176695088e+00 6.244386404856762773e+00 6.108005276682113127e+00
4.387291974383906279e+00 2.315512207725179294e+00 9.696520341917616026e-01
1.639104957894826020e+00 1.315521837205274047e-01 4.276884302794921489e+00
5.769153619875321271e-01 2.444149689356067690e+00 1.814457962204589325e+00
9.142743045313956873e-01 9.505616937221207374e-01 5.390684209033790530e+00
4.986941889466969813e-01 4.747574431217853608e+00 1.758058880266953228e+00
3.096566921986249721e+00 6.035075890412404220e+00 3.036788432808222638e+00
5.103561963512005306e+00 5.018752311737991079e+00 4.655442613932643248e+00
2.400347101126295346e+00 3.359259615761374551e+00 4.467931139652354666e+00
5.607736306865078291e+00 1.297112619420773827e+00 2.056926498329945563e+00
1.146508347070730682e+00 9.858551492319599374e-01 8.215465752363935170e-01
3.719591706695362099e+00 2.726766705499484633e+00 4.536528232197492905e+00
5.673161088434941490e+00 5.302749886576673122e-01 1.211039670632509502e+00
4.285756540011259830e+00 4.986774743431434231e+00 5.696329607063594480e+00
5.673996159846214082e-01 4.055135223494517049e+00 4.495301425150318941e+00
1.228055296999235324e+00 6.152033333160258910e-02 5.957911237539788907e+00
2.402700851068495957e+00 4.449869258391688120e+00 1.638234773588692628e+00
5.169070914717089238e+00 1.591673832958110602e+00 5.803113377861439659e+00
7.613688071012798542e-01 5.540860779855519835e-01 4.921010019824271886e+00
2.645863434257432534e+00 3.105771457495988042e+00 2.427149678487149131e+00
7.003084537954639144e-01 4.085657129100840557e+00 4.011597969281681664e+00
1.074435075871231993e+00 4.250576514570455267e+00 4.293970782497775751e+00
4.921277890885691342e+00 4.341291317200980160e+00 5.519082858349154685e-01
7.289488094133562690e-01 5.993094007270871160e+00 5.385449872228301516e+00
4.824166332478145414e+00 4.403023729812649556e+00 2.282012874470731312e+00
5.312239257581954810e+00 5.038012748000007868e+00 2.026577987942230319e+00
6.058751043327776920e+00 6.151861350632108483e+00 3.696731637686488270e+00
2.839637770302288811e+00 4.059930586728762947e+00 6.057258431882623917e+00
1.648782175800955319e+00 4.606857534430917056e+00 5.473617152707647371e+00
2.493654605363202492e+00 5.408210560506507392e+00 1.553225578884557478e+00
5.802513454446738272e+00 6.121613053672291471e+00 1.338747370280242155e+00
2.287619039615049310e+00 4.791308063258191474e+00 3.436876390424694172e+00
5.772535637573011691e+00 2.288853929158856548e+00 1.209918412525839704e-01
1.075586886240081919e+00 4.115281040559913284e-01 3.123492202444309918e+00
6.078073490952843549e+00 2.647216070334644122e+00 4.787798628782426569e+00
3.569400630492310711e+00 7.109054643291946585e-01 5.353680860066299951e-01
5.832968812928281288e+00 4.242067866109033858e+00 5.334470327507568221e+00
4.730021015067062073e+00 2.947202328605761146e+00 6.077119225117045609e+00
2.760629749063198357e+00 1.516295107478454085e+00 1.263252378645364438e+00
2.645636082886976825e-01 2.556854923192678264e+00 3.180402393909300240e+00
1.523524334340538244e+00 3.993799360408111454e+00 3.805067123221792524e+00
2.386091727864205758e+00 6.172420577186277235e+00 4.244604865188454035e+00
3.603160581357075287e+00 3.423184821544110079e+00 5.737603532791321292e+00
3.964598109833438411e+00 3.382258966916735221e-01 4.337850346438885119e+00
4.125287866747487264e+00 4.461825378380197549e+00 4.230249448857582806e+00
4.002825836451322949e+00 1.276687662008143320e+00 5.948011391042443030e+00
4.108709762610220362e-01 1.488332217369962907e+00 4.641536054848630855e+00
3.177677785069174199e+00 3.977970683986298273e+00 3.735342159061519229e+00
3.124710967917078364e+00 1.816991836329023391e+00 3.898658246826898210e+00
2.298093620650050184e+00 2.701303613879638910e+00 6.125762298554898067e+00
4.982320866879207166e+00 3.319466713132676050e-01 7.618214797813915862e-01
3.970036460263519640e+00 4.652541013143110860e+00 3.279531342067052435e+00
5.544505542105865992e+00 4.732412525395744751e+00 1.683612637650686805e+00
3.168016711300310373e+00 4.360540670429017496e+00 6.185020013592406052e+00
4.578096710770785727e+00 5.502562783898299337e-01 5.067892281547391242e+00
1.687911698904374314e+00 1.606204910501247918e+00 1.276867135211917859e+00
2.455035565639707151e+00 1.580755352274489101e-01 1.290263923455267747e+00
1.233486192523427283e+00 1.194323743282125649e+00 1.675739887763833202e+00
1.643596213725663502e-01 6.762822174368148254e-01 5.564653105295601421e+00
4.890201271475291378e+00 3.915247543376617401e+00 2.364668332546027596e+00
4.624475331588908666e+00 5.440787803063543704e-01 6.088372411237583215e+00
7.673479613347194972e-01 5.506136867673692592e+00 5.758170053046291592e+00
5.731150148204211092e+00 6.029980619864010016e+00 5.688641639803854844e+00
2.586002980803300932e+00 3.781142795744009799e+00 2.449651586357106670e+00
1.482877710998730336e+00 5.102307244316533819e+00 1.061806517131682392e+00
1.454035480228307309e+00 5.643119626217311335e+00 3.303284054050221297e+00
1.738970784360697852e+00 4.728107376934993944e+00 3.545858787522647493e+00
3.528467601353673544e+00 3.277213518498316436e+00 5.455450667949983234e+00
4.676190493407499815e+00 3.664428978139683490e+00 2.525015487242070478e+00
3.356031749614409421e+00 4.085094833293166694e+00 1.417300460041114540e+00
4.355362857272760735e+00 3.312078454534107319e+00 4.958925351456044517e+00
1.956564837828234094e+00 2.156406970396356648e+00 1.837254304026331830e+00
2.467381448891098561e+00 1.004560228923356391e+00 4.018718584697699825e+00
2.847781775925250169e+00 3.870233638969029499e+00 2.495546761075105036e-01
4.238777557556049902e-01 5.112806213451266402e+00 1.109347879362407641e+00
5.169110913455404743e-01 3.335931646215650304e+00 1.301086725213687970e-02
1.594858189139072069e+00 4.467155284633411938e+00 4.248846490975325629e+00
1.782951029081422112e+00 2.715656803088438931e+00 6.086500316794439591e+00
5.374705696067044514e+00 5.463346494318726876e+00 4.079228247250264339e+00
3.748338614699325611e+00 1.612850525893954723e+00 3.087625534238103597e+00
1.393009798563715984e+00 3.700666404307416446e+00 1.075227354959122472e+00
1.381151770026651571e+00 5.254027983062036888e+00 5.191240423667029091e+00
7.145737349896692514e-01 5.414050073748823522e+00 1.269088683168582588e+00
3.382760892194032643e+00 4.049207058772910983e+00 3.058997630274197022e+00
3.093150993119686554e-01 1.397882669287676682e+00 5.240061352875960310e+00
5.069043358214324613e+00 4.199378676580447500e-01 6.156403491417626661e+00
1.347671181871893609e+00 1.348216714608251099e+00 6.061784014597804138e+00
2.568617434870199112e+00 2.001929477173921779e+00 4.175781361921874213e-01
4.611643685101336487e+00 3.298694924866529377e+00 8.481638865484001366e-01
5.239718065054185026e+00 4.806391415704996284e+00 3.072495028860596111e+00
3.570296581010243386e+00 4.374866403988698416e+00 3.315891683147754065e+00
3.847146930549151800e-01 1.238872169201487461e+00 4.173318091442945743e+00
2.822737495508952144e+00 2.721930682301607174e+00 7.266893818738560107e-01
5.610181444740639733e+00 2.563289943592907516e+00 5.989719355330174189e+00
8.924460921948905723e-01 2.081914361006202530e+00 2.914901783707660510e+00
5.582322718103721826e+00 4.706987802337396332e+00 5.826508229980633224e+00
4.586040877587080011e+00 5.153811140072971142e+00 2.418302234724299726e+00
5.225607862193629494e+00 5.556468720898856795e+00 5.409243424231623187e+00
3.072587496230596127e+00 5.479601150075859017e+00 1.569261950762083302e+00
3.591297434533247124e+00 5.735042846869835564e+00 2.987285595454476361e+00
5.792013432816364826e+00 1.198711198589757013e-02 1.555433837353008553e-01
4.206043204142138947e+00 4.026855095323272238e+00 1.688830725120612497e+00
5.557488574114076485e+00 3.793539712727185709e+00 4.224094280168288584e+00
2.370431389282780188e+00 5.781080048153374840e+00 4.185540206303977939e+00
6.136083166524278987e+00 5.494124801731405050e+00 2.729432797396373900e-01
5.153343169197858842e+00 1.192100184056490653e+00 5.148630876597168005e+00
2.654882972002898800e+00 3.001417884591051521e+00 9.946087859768297790e-01
4.886713657809219624e-01 1.638514996048647587e+00 3.950166399567132114e+00
5.376676735979594390e+00 4.165326238481504184e+00 2.279545810868775391e+00
4.855403722093540431e+00 2.888762935454951553e+00 1.406041513918010688e+00
4.657918081409158972e+00 4.216600335792253240e+00 4.391149241649679458e-01
9.447492218732193026e-01 4.876387097200346687e+00 2.085350276414406512e+00
5.453887202791486644e+00 5.282159169650856967e+00 2.364919161147257309e+00
5.185644774796665857e+00 2.200766024328369319e+00 5.594281876479148430e+00
2.692841590849598621e+00 3.106663935335235216e+00 5.507097944043752413e+00
3.334977022608777819e+00 6.013086115283348576e+00 8.519232596097114918e-01
2.136070235163316511e+00 4.901986088402451536e+00 4.517130686747860224e+00
2.050488508203184068e+00 2.385410387334881310e+00 2.889316316583601107e-01
3.765726747780290928e+00 4.945887388208400459e+00 8.111948160817766817e-01
5.834386060090183790e+00 3.732263241529348186e+00 3.589228469187559334e+00
1.131519263634720218e+00 1.528343899716738008e+00 5.496507614793944008e+00
2.791219954862970809e+00 4.470143550768455931e+00 4.465341321614994641e+00
3.682208600026269263e+00 1.377554315247134786e-01 5.252990407194723765e+00
3.801340306029784566e-01 6.580165761762033494e-01 2.667034419952543645e-01
4.810321211192525759e+00 1.582256942164471658e+00 1.988919184520043126e+00
3.956115534970160219e+00 6.201991900745343678e+00 3.594108486865343899e+00
3.996483444800105200e+00 1.652787729558166552e+00 4.714112821529655939e+00
2.795382231241664961e+00 2.385193950741371083e+00 1.788004679943230535e+00
4.062322883107585270e+00 9.280534358889890312e-01 4.036709132598645056e+00
5.373115646079059893e+00 3.020528067750663404e+00 4.889997311739725738e+00
3.922621888666089074e-01 5.418267016628575128e+00 2.592471331150601355e+00
5.656479262751414439e+00 1.733764633719734993e+00 2.163358914705147740e+00
1.762621235811948850e+00 9.113200896988957744e-01 1.252528015200978118e+00
1.438219228445913433e+00 4.092637733938857991e+00 1.156603840925497284e+00
3.673583350481553822e+00 3.963002577699411777e+00 1.223688393612923697e+00
2.495391909080329373e+00 4.130278266809325416e+00 8.899136007537762350e-01
6.057188878342780747e+00 5.155523451929428624e+00 1.358060178732525047e+00
2.408505169913376598e+00 3.532771427189291824e+00 1.812460219871447897e+00
2.327792757005427315e+00 4.927437476949550366e+00 8.597542249086251864e-01
3.046059199335592105e+00 3.245116845350230594e+00 4.080312602394560173e+00
2.941910528522907686e+00 2.886751863931279471e-01 5.099336567129804099e-01
3.626166440433997273e+00 5.142743135721316250e+00 2.905927393760173505e+00
6.043131736227136841e+00 1.883537491483846749e+00 4.873668349677472200e+00
5.553212194090684228e+00 3.541768848176080731e+00 4.698629359557678242e+00
5.678676882550360183e+00 3.137855022785547288e+00 2.508356218592188380e+00
5.566677651607978561e+00 4.251164181817841947e-01 5.185041690648962698e-01
1.188546766933991972e+00 2.828719694721363975e+00 3.043416894244666437e+00
4.270481058389914431e+00 4.655035680218717609e+00 1.850679380301510246e+00
6.021503726442881010e+00 3.889582051626068626e+00 4.994697030508974400e+00
5.799343701272152707e-01 3.333214550048558600e+00 4.038515400860351434e+00
7.902915546954744075e-01 2.689211622564948723e-01 3.281368158470817420e+00
4.045153807818567593e+00 1.539826545080093534e-01 5.545184997297626595e+00
5.735958061676140751e+00 4.586477705905861457e-01 3.632516329933824561e+00
3.594477503271460428e+00 9.924615277988300260e-03 4.722967485533035692e+00
4.199923453630225900e+00 3.388833654365275727e+00 6.120825961595220299e+00
2.388904205567371486e-02 5.752439216865854910e+00 5.873484128081646993e+00
5.714922706117394613e-01 3.419203593685073983e+00 3.629489170420608701e+00
5.973960082148016326e+00 3.937329257628209067e+00 2.615943831005901110e+00
2.694307295367663335e-01 9.803344310768026260e-01 3.528281132330314929e+00
3.938983708692890051e+00 3.223215585565024632e+00 1.747652354413541609e+00
2.438293327311773950e+00 3.174032818606465245e+00 2.403722453955858818e+00
5.159303828893786026e+00 1.780963404432582164e+00 4.972326419992969981e+00
2.016017249522882082e+00 3.203131592026336794e+00 3.939207365652310333e+00
2.341326117559516806e+00 4.048303299754456575e+00 3.792661288401480757e+00
1.607144530590528086e+00 1.822479488599794806e+00 6.164349995422014672e+00
4.840804471553433963e+00 5.410413588901379356e+00 2.038827934757325266e+00
2.500582141575846684e+00 3.902731763474892368e+00 4.436957263981262223e+00
3.964654106192929461e+00 1.707707836517404765e+00 5.312123676059888666e+00
3.300710925037495524e-01 4.731665893137106949e+00 3.702525354256364754e+00
3.992481444680537894e+00 5.934694622631957905e+00 3.898628089011443532e+00
5.405975533858278226e+00 5.580823686859725186e+00 5.602576492720950263e+00
1.680973750266617328e+00 4.230188836803903563e+00 4.958400213548426194e-01
1.843375893445450053e+00 3.958962222171973355e+00 3.449073419850126943e+00
1.982617499526946769e+00 7.292106930956540611e-02 2.631727063656850163e+00
2.846641501069326452e+00 2.292107571002069299e+00 6.706255792386094094e-02
4.250753719043540713e+00 3.453770476987390925e+00 2.474199149800211828e+00
3.033641196382297345e+00 2.322269932539911874e+00 4.466950400132302157e+00
1.519131638410996521e+00 4.911039062647136966e+00 6.152748070694545213e+00
5.926483526281042913e+00 3.740251852317330705e+00 6.000887044580389684e+00
4.883192829390630152e+00 3.105009734758238160e+00 5.988697309039379135e+00
5.097840528507818547e+00 3.221593464992339229e+00 9.377509418600629143e-01
3.072664938467162710e+00 2.146608630796332129e+00 5.094616620017200503e+00
3.273504887126450935e+00 2.005367901998161173e+00 4.325421492500376885e+00
1.450578339254461557e+00 2.883241527344033273e+00 1.265030285996362469e+00
3.654044311050480776e+00 1.306315905647165820e+00 4.485140684135884293e+00
2.570717915312931368e+00 5.470078300822420303e+00 3.002090759488289073e+00
2.829587991868547814e+00 3.662746077031514336e+00 7.899223495705910425e-01
6.137860092338155660e+00 4.619487277490969213e+00 1.133503568230033870e-01
1.118851649283750138e+00 6.270378939683794783e+00 5.076569781135181758e-01
4.546682704614021908e+00 4.512680314543859872e+00 5.750077418504695004e+00
5.848603344517226077e+00 6.185781094139970460e-01 4.902929345468887590e+00
9.455054593865132029e-01 2.459677800241639734e+00 3.730619196042224139e+00
5.018120279275526396e-01 3.099256690078782892e-02 1.664476839767417227e+00
1.670390782369633786e+00 3.715368987570581094e+00 4.796797848957792709e+00
3.039311648212533967e+00 5.407732632646335524e+00 3.777029104744450194e+00
2.332301155121318192e+00 9.935869247182921304e-01 1.152267277062032580e+00
1.163396908134885166e+00 1.810619907623618241e+00 6.023906606007606079e+00
3.049474763888603501e+00 7.974001817324812003e-02 4.145286180851306845e+00
6.142824571040573112e+00 1.404818111920353774e+00 2.086093266230518495e+00
6.256160912727064982e+00 4.669558023972142813e+00 9.317374773223637829e-01
5.733880030944351613e-01 5.296293997286156685e-01 5.813657402927817408e+00
8.663586986322237005e-01 4.938463551534228557e+00 4.487448814348241055e-01
2.346332650008559728e+00 1.124523377209950326e+00 5.266794101397489491e+00
1.423373937674005996e+00 6.158737163468222420e+00 4.825910872004905094e+00
1.604813402594122307e+00 2.645197197800008282e-01 3.064267304801798097e+00
2.491587969545620673e+00 7.217768475111849824e-01 3.825266302095724047e+00
2.321863995627437838e+00 1.414465862463619938e+00 3.599326183356717390e+00
3.574703723205099326e+00 1.708352434831582833e+00 2.679366913591167521e+00
8.961609036479617485e-01 6.135148593372022674e+00 1.267009347193681912e-01
5.591976750792153616e+00 1.910322277118013501e+00 4.597416884927123526e+00
1.949121681619707669e+00 1.646050737434589628e+00 1.087325157187043256e+00
7.776216751970038699e-01 5.707450850901109263e+00 4.963820165666063211e+00
8.744264088842693128e-02 4.768518816894323997e+00 2.966281925494799188e-01
6.087462647988753695e+00 1.173273604764402123e+00 2.920653701772099264e+00
4.590850583397929618e+00 5.696333098472048384e+00 1.956817176319156359e-01
5.943271418341810275e+00 3.974727834868945209e+00 2.777128620856796015e+00
3.357666127530342326e+00 4.400571409811532830e-01 6.142108111456716202e+00
2.500044904247988420e+00 3.462757143817770444e+00 4.237041254272029711e+00
1.447455285924689417e+00 2.332024221590037527e+00 3.450041663616959742e+00
4.403491506595325511e+00 4.391068058389450357e+00 1.539832025658770753e+00
7.756692428286924290e-01 4.626062659176332303e+00 3.597893991451518725e-02
2.485350468987288064e+00 6.211039090609539848e+00 5.129849039873006333e+00
5.221599277001685024e+00 3.587016615430326461e+00 4.942647123074954685e+00
2.652856477289123216e+00 2.178629763493299176e+00 7.263261247448883351e-01
3.088547217912501197e-01 4.241429397267814316e+00 3.064443177287394793e+00
3.325794881341662457e+00 6.124677364794006706e+00 5.186282343924877303e+00
3.464866738275020008e+00 4.809305361842113768e+00 4.878289569807712667e+00
1.470216631269419150e+00 1.502658285694143281e+00 1.395192787062117468e+00
4.272325414927033549e+00 3.420712565626186752e+00 5.918701498086499591e+00
5.684638635058140821e+00 4.375504749715995345e+00 2.331858443062420960e+00
1.544864890804496405e+00 9.558551538639643852e-02 4.027116091759260108e+00
5.921621525066257163e+00 5.161519094870801183e+00 6.095485739672342973e+00
2.206920788409802991e+00 2.567922286897306616e+00 3.893847592306406646e+00
1.790916432553621762e+00 4.230758639761369455e-01 4.206158912885245904e+00
1.696558212116765940e+00 1.402889481815386086e+00 5.242529071830428045e+00
1.579705435031274030e+00 4.988789385619634587e+00 3.743219798786382668e+00
6.274804269047401739e+00 5.788533216181673602e+00 4.375663831391571890e-01
3.505007377619249631e+00 4.502839307963390603e+00 5.304498100768214819e+00
1.700059418151875335e+00 3.626563325006921246e-01 4.745034413510571980e+00
9.632069255157493792e-01 5.190987664556181436e+00 1.640035014720356843e+00
3.783987431367591636e+00 1.623671050972971930e+00 5.625673144391872604e+00
6.000806209329768492e+00 5.555845220147115349e+00 2.134078168821560428e+00
4.283331508598870130e+00 5.557160764727621383e-02 4.355776643769753598e+00
1.332651234673675855e+00 5.686305771841107415e+00 1.483456180120036041e-03
3.174785375968087742e+00 6.217529958227212106e+00 4.257424415039586796e-01
6.018526542783893873e+00 2.859070092208822356e+00 5.808775544398501189e+00
1.268352326718612977e+00 8.389197636396807933e-01 9.272288288376362431e-01
2.134773354063165041e+00 8.162385958305063971e-01 4.785214477529722288e+00
1.347989761466091618e+00 2.961747072707255679e+00 1.136207758828520209e+00
4.840967748591967101e+00 4.150344607625240378e+00 4.817700597256473927e+00
1.830107245727318643e+00 4.328722918840656853e+00 4.576812806136624445e+00
1.378103267087025907e+00 3.491480071511797068e+00 3.045179392456113465e+00
4.525567072064593077e+00 5.861898686683306714e-01 5.003577584979651549e-01
3.668636256462059375e+00 5.452349131263592774e+00 1.764950986299782532e+00
4.529207349877402145e+00 1.905497452913388789e+00 9.462892888301429606e-01
4.329071369563391336e+00 1.694076888210157117e+00 5.406208249009517353e+00
2.729496668880328158e+00 7.422244568205834669e-01 4.483758376606069795e+00
4.083914836911101132e-01 1.644959500981321598e+00 3.236821670836190989e+00
4.423325248716897029e+00 1.765864247847746815e-02 6.095133153741164378e+00
8.120837420241410198e-01 2.969786742106349298e+00 6.052811890389840244e+00
4.350531075914095602e+00 6.254537966039311669e+00 2.525391545101721702e-01
1.236424870655374653e+00 1.389472162616728568e+00 5.859883866852374723e+00
4.285967039431812786e+00 2.482014106843855927e+00 1.913664442897467399e+00
2.355760918310374930e+00 7.629153558322118167e-01 3.524493736598777627e+00
2.165503506655978239e+00 1.827884648335730944e+00 5.682154368532742694e+00
3.964625361054436858e+00 3.037948141708344263e-01 2.922399127383698225e+00
1.029403145415323628e+00 4.425271810390327687e-01 9.000314848761378217e-01
2.752827720621187524e+00 4.080174006014053667e+00 5.913759762501852535e+00
3.793990794070983164e+00 3.797183704856445630e+00 1.994520653389436404e+00
1.826132253825359264e+00 5.221360916966055754e+00 3.538746906801662484e-01
1.479455971207110254e+00 3.164806504256064468e+00 1.514742383155948668e-01
2.682787657482610832e+00 3.184273796707070225e+00 3.225198031187543890e+00
3.382186203545676673e+00 6.473128150761774113e-02 4.268764693714868663e+00
1.429095144580477261e-01 1.752351894177600844e+00 7.257082092980244870e-01
5.525991161932034323e+00 1.795439720524250493e+00 2.282597252037636526e+00
8.384881882231665085e-01 3.915566164538499816e+00 5.972869731882280986e-01
3.762145695115441058e+00 2.030718889001094318e+00 1.126367280215399003e+00
5.442350610286207591e+00 8.704261277409148789e-01 4.792025521564090285e-02
5.446370500047588159e+00 4.200092014553066022e+00 5.847120313970054717e+00
1.240382735488841925e+00 5.439354001732462862e+00 5.052783333166356527e+00
2.362381612054783864e-01 5.336781974319364519e-01 4.835022121639738657e+00
7.432073404961078156e-01 5.003548634440478260e+00 3.970934594825900277e+00
1.754200463222552520e+00 4.847865480617783440e+00 3.741588240624003636e-01
6.322427044073749558e-01 4.039884676137991626e+00 5.574110175112890531e+00
4.898585861801726615e+00 5.240657874716192488e-01 5.708210126890436165e+00
5.332843420940711177e+00 2.961723987363320099e+00 3.975155519753901245e+00
4.890869550299140833e+00 5.587189743520990071e+00 4.915075935528649964e-01
3.145687066712519186e+00 8.933701771687534432e-01 8.954912245383382929e-01
3.023702335057271373e+00 5.062809873824844153e+00 4.104345623504260132e+00
1.409143636194564619e+00 2.074503107873903129e+00 3.455254282592489901e+00
3.551108257003453783e+00 5.240823055659156182e+00 3.823727089831785442e+00
1.205135003952945150e+00 4.794432128912422542e+00 3.075863691096041297e+00
4.636243866141687597e+00 4.777881533837962991e+00 2.206529293315987683e+00
4.516919594872715327e-01 2.184194388493725381e+00 3.696212086882473269e+00
1.337362457370928182e+00 5.840942881948167020e+00 5.821205715867917796e+00
4.659372043359803151e+00 2.062377826509215861e+00 3.175397070549252021e+00
4.658336498889243060e+00 5.590652295282168005e+00 2.763828019734512753e-01
1.221048211917602933e+00 2.090316016514731090e-01 2.255350235370080281e+00
2.118670101857744736e+00 2.009832661001666576e+00 5.384311685318206919e+00
4.462403508528637097e+00 1.244606502078226429e+00 1.153158545240093646e+00
5.745295808092445888e+00 5.077825370471770405e+00 9.373833536115008247e-01
8.012655569755531282e-01 4.617842942267646578e+00 2.518608680941948119e+00
5.461910934685613839e+00 3.994211074059094368e+00 5.072704405125797678e+00
4.037306411482108004e+00 4.539132579658928357e+00 9.254690162583608659e-01
3.122206302276788747e+00 1.571030222054796033e+00 1.520019834610804477e+00
3.016109622959650238e+00 4.600043348298832768e+00 3.963117732244676006e+00
8.432208287441573802e-01 5.744095681942664733e+00 5.712286993677400559e+00
7.358168548874957082e-01 1.771281041326951966e+00 4.056022411683541051e+00
1.603243780002694407e+00 2.416592696601858048e+00 3.904484599334792971e+00
4.818858936587261610e+00 2.418304292983035175e+00 3.013399945078479636e+00
1.540322487980080757e+00 2.733462748096127992e+00 8.537751607678528698e-01
7.663070358762597012e-01 2.152391245485351323e+00 3.650262847146137801e+00
3.154786181578623783e+00 5.483764663815569484e+00 3.255505002995631614e+00
2.500741097187577200e+00 5.675674952352487423e+00 3.736090371887907491e+00
8.065130064477977756e-01 9.166624969851823457e-02 9.176994033041362409e-01
4.391876272540550907e+00 1.511754651567844387e+00 3.485133932900500442e-01
1.575251558235860161e+00 2.394948066928998642e+00 1.840982621603207248e+00
3.521575942305537055e+00 5.100230231178800366e+00 2.740279703702153569e+00
4.539641443428841683e+00 6.435060991667024277e-01 4.695968757230668977e+00
4.953529122961295439e-01 2.456810129806785259e+00 1.073269277079354600e+00
4.417444241794710180e+00 7.717427692766337666e-01 2.957612445658143852e+00
1.989369832583204101e+00 1.062216995056741720e+00 1.879058775493331446e+00
1.793692309335804813e+00 1.645611469025243689e+00 3.226562083215837040e-01
4.642459347015252646e+00 4.776655279319415470e+00 1.549199613555991561e+00
5.786642347518642815e+00 2.319642670157792352e+00 4.694294378681049373e+00
4.725457267051576871e+00 2.712341532263746302e+00 2.508992045865370724e+00
2.336325860675011690e+00 5.617242351039204884e+00 2.025310922469583108e+00
4.964654980262301009e+00 3.491905962286484755e+00 4.069076979096199476e-01
5.450760043565844981e+00 3.932513109762317605e+00 7.729246411285822793e-01
3.024895957046785266e+00 5.133888154385616964e+00 2.180070049388159070e+00
4.508621313022640464e+00 7.354698012815159558e-01 3.622223505336611971e-01
1.718782401469411081e+00 3.735588396721765569e+00 2.347436043519316673e+00
2.498343895544289595e+00 4.255801217166275130e+00 2.215457806933286644e+00
3.500393997931516843e+00 4.750181517631787642e+00 4.012333617462076063e+00
2.904210911850831245e+00 6.887107919188143468e-01 8.439258314562270158e-01
3.832783682520834123e+00 1.202119425631567262e+00 4.940820022060842476e+00
1.022579327245914937e+00 2.519688626827093714e+00 2.940947943359110361e+00
5.097560462875604159e+00 3.559568168964655221e+00 3.712868724258584496e+00
4.260856796886631770e+00 4.899514966803667271e+00 3.384664849785792740e+00
4.007900974205838907e+00 4.223170338732106899e+00 2.487168886803639900e+00
3.771270611260706396e+00 4.150119873014500804e+00 5.773491320165273777e-01
3.190112451490251022e+00 3.151050524788650886e+00 2.640894899115935335e+00
1.668181785435107978e+00 1.994229851529924824e+00 6.142640514345441893e+00
5.472798384984047360e+00 2.727764896718586574e+00 3.865436068346182363e+00
1.792415073910605505e+00 1.667913746029925814e+00 2.122177480982545994e+00
4.869221644384857939e+00 3.359434198208390399e+00 5.167578240341249796e+00
1.255906101494728366e+00 6.681502920949738966e-01 5.983010472293487370e-01
1.108837444112951598e+00 3.339159777752472635e+00 2.297376906202484914e+00
5.773754137510604956e+00 3.298112974386275376e+00 2.362350388775866783e+00
4.917268563526016933e+00 4.810218699209343640e+00 7.219178341414710376e-01
3.089154071644171218e+00 5.070318820706472884e+00 9.855093213920788076e-01
7.023891617658641895e-01 3.361766208599185290e+00 3.619340903206929028e+00
4.648898843552820459e+00 3.194171685065722688e+00 5.017550169417778427e+00
4.385582141754245100e+00 4.585303945769941270e-01 1.139969603379509033e+00
4.615188618563393241e+00 6.479138790601009223e-02 4.593134264949824797e+00
2.908557819428726765e-02 3.554114879076446520e-01 4.252413979493783636e+00
3.925023759280503732e+00 5.123755604030576727e+00 4.157034542681336653e+00
1.303930101805174990e+00 5.707453135260183608e+00 6.582182583613149784e-01
5.914118798726509141e+00 6.138969611665273440e+00 2.723247247572709639e+00
5.831703851921263837e-01 1.405041975767500784e+00 5.570510441939222623e+00
5.351825625459452063e+00 2.860527601290514532e+00 4.029302136438854376e+00
3.002228859802722027e+00 5.232270955809268820e+00 5.628638924627250795e+00
2.371485033419377775e+00 1.230794397032332954e+00 5.251041808304654168e+00
2.925683232298290637e+00 4.912232366961580610e+00 2.635846679691219219e+00
2.366588084134962688e+00 3.677416465095796561e+00 3.895665803443653097e+00
1.946515387397576013e+00 5.044284657455332166e+00 9.402853969891802333e-01
2.324311909588720138e+00 6.129611058595567208e+00 2.516862783026694750e+00
4.055417027680793041e+00 4.293088581367571877e+00 5.364567282803817783e+00
4.985002804774159912e+00 4.245483283937319996e+00 1.778663199607129375e+00
2.366046325708979658e+00 3.884606036644540517e+00 1.799106178692847724e+00
1.328793791440535887e+00 1.279869414477440293e+00 1.588354944881469777e+00
2.881115414375682082e+00 2.493181878781496774e+00 5.150201712164492740e+00
2.249712130475913785e-01 5.359530490635604494e+00 6.108444517253083461e+00
1.331900081166639938e+00 4.722215542990205961e+00 5.960114604585292852e+00
2.445507810053212161e+00 8.584040196700696290e-01 2.132332663319768784e+00
5.849197548413427317e-01 8.216085001235905461e-01 5.136202797106740547e+00
2.006778535042903044e+00 4.624691568114189799e+00 1.179570332901918484e+00
3.851497615616447101e-01 3.338596319920189792e+00 5.723334112082072878e+00
2.138114890651370281e+00 3.849427774579378347e+00 6.150339501932702291e+00
2.086705310700784910e+00 5.498979476099680852e+00 5.238650529124582594e-02
4.711915931278538139e+00 3.155152987044658186e+00 2.793115848821473013e-01
2.381802720445698185e+00 5.379500766576127191e+00 1.242234625256564140e+00
3.205057418151995297e+00 7.535011648993525935e-01 4.795819719645759704e+00
5.758406649388732035e+00 6.550300530356127915e-01 2.353297826555664329e+00
3.074321378841896379e+00 2.265103068202400927e+00 3.333029884244400165e+00
5.373900421900308366e-01 9.206786864533467174e-01 6.505399072963623519e-01
9.895176206554314735e-01 1.399929534620076410e+00 5.146843766676621357e+00
2.892067142289092896e+00 2.975692070549535995e-01 1.986933993657415964e+00
8.992811656943996979e-02 5.844471010158081903e+00 2.716557953350283938e+00
4.802419072267736233e+00 4.960912761946921989e+00 2.071547709208575672e+00
2.385138498226449522e-01 1.098689148840470198e+00 3.021026568510888577e+00
5.430123021704386765e+00 5.850862687217810887e+00 4.935632682473872102e+00
3.551752023997745589e+00 2.909320032938697231e+00 1.324444193466174813e+00
4.219503366236855513e+00 2.861931013533054902e+00 5.145114979484646689e+00
5.607974148517602231e+00 5.812561760124542509e+00 3.492420383634321279e+00
3.580166499930529600e+00 1.392746660211536147e+00 1.020613059871459560e+00
1.883394957414829207e+00 5.750047633104150790e+00 1.961812726289662301e-01
2.682769191883425108e+00 5.405241708573736759e+00 4.454162034575234408e+00
5.607697043360432509e+00 1.261613814881893614e+00 3.492266622478033433e+00
3.750081793638674110e+00 4.954392078101975017e+00 4.051779120737334594e+00
4.101727899119225640e+00 6.156472524263058688e+00 2.125620356521113141e+00
5.900086772552795900e+00 2.323362599807899720e+00 1.815910795113682807e+00
1.289464962257413916e+00 1.930310186989097065e+00 5.622061488801108342e-02
5.513748415145260040e+00 1.030414701517730958e+00 3.285522618077032053e+00
5.652599362728983223e+00 5.704757298358623885e+00 5.854081415471840799e+00
3.609380945355116665e+00 1.940660750581971961e+00 2.489946731030435068e+00
3.543920381902527783e+00 5.762422010092553393e+00 1.321695154072749290e+00
5.559990686021180295e+00 4.370513706196939907e+00 4.338426375224951670e+00
6.225396118492869668e+00 5.816506062886760198e+00 2.338323936142732151e+00
3.867450155671209977e+00 1.037665009454988407e+00 6.066415194545369260e+00
3.753174374120527901e+00 1.571312630808497035e+00 3.947298861447448903e+00
1.593775986821561186e-01 4.223327178164006490e+00 1.052646500108832539e+00
4.434144026432274899e+00 1.610507675630501456e+00 3.998755424205973075e+00
3.547937119571003439e+00 1.909588039089775036e+00 3.893789143973519273e+00
3.036652251930234137e+00 2.424290136379776861e+00 4.350326405721622436e+00
3.088465228164108733e+00 5.789415610355027830e+00 4.619635950219237230e+00
4.613807316802111202e+00 3.880294961721581615e+00 4.597630975372256068e-01
1.079366818929089922e+00 3.017635755296407818e-01 2.710768245007971755e-01
4.458493332509981144e+00 1.483860069050408459e+00 1.579854475357630683e+00
6.124018601856858979e+00 7.658101590692331651e-02 2.901022404124371068e+00
5.797965027075461464e+00 4.085283999227328877e+00 4.690994389102601581e+00
2.851548282997683703e+00 1.041868643009714157e+00 1.662563580293725529e+00
1.593991486666291105e-02 2.085369378097318371e+00 2.015949175774812696e-01
3.776323001089773257e+00 4.416232001414369890e+00 8.388079140229441899e-01
5.795159151333962200e+00 2.744841199274253629e+00 2.055850594081307214e+00
8.138014356848264352e-01 2.852341610422853613e+00 2.901574452436418650e+00
4.487725381588639983e+00 3.847142667854548836e+00 8.022086687939030680e-01
4.592837302091288265e+00 4.742837107953429943e+00 5.404774947567235976e+00
2.484990747074045547e+00 3.309672828914758558e+00 1.180895414133640298e+00
2.127717797115621923e-01 5.431006823128433858e+00 6.219926989440998533e+00
2.992950039042119315e+00 3.765012894242452113e+00 3.190223605865976975e+00
2.910043309458790084e+00 2.641757727529122413e+00 5.721771712141747734e+00
3.666423082518378784e+00 1.882850370136323948e+00 4.159737352555822554e+00
5.238331544860773903e+00 5.868815396010681695e+00 4.317216144210568096e+00
3.685737892898368173e+00 3.896902904898161157e+00 4.490183251630260886e-01
5.408877607007268828e+00 5.804414142583710579e+00 7.113912610401844638e-01
7.168495117603891353e-01 4.934449009084530324e+00 3.353816111116250553e+00
1.011149458875527873e+00 4.956644983730471132e+00 5.867108823017740171e+00
3.257123444871804274e+00 2.653820281454720487e+00 1.341574568268454559e+00
3.701621486085273638e+00 4.745005558814313851e+00 9.296799019049455381e-01
2.885605603069568481e+00 3.689935679765267817e+00 2.897595795766147120e+00
5.378694235465520945e-01 6.199104017844069503e+00 5.849619605648518572e+00
8.651428855463192402e-01 5.132066717835976899e-01 4.643617058833267031e+00
4.293321855381774022e+00 5.659488747101046879e-01 3.610317136656337578e+00
