-1.618431595712900517e+01
-1.618638057261705754e+01
-1.618637457489966636e+01
-4.850003061350434130e-01
-1.618601809889078424e+01
-1.618636916577816720e+01
-1.618632114827633472e+01
-1.618614008873701593e+01
-1.618606443256139826e+01
-1.618599882125854705e+01
-1.618622491508722305e+01
-1.618636628836393143e+01
-1.618628883510828231e+01
-1.618621271848678234e+01
-1.618586087524890260e+01
-1.618645307570695380e+01
-1.618626652657985332e+01
-1.618616823256015991e+01
-1.618632514625787522e+01
-1.618635627031326152e+01
-1.618615300655365274e+01
-1.618637721836566357e+01
-1.618632626831531240e+01
-1.618635737150907872e+01
-1.618637073338031485e+01
-4.849998897872865311e-01
-1.618626722544432184e+01
-4.850002583116292398e-01
-1.618590814620256779e+01
-1.618639048039913675e+01
-1.618639648556709787e+01
-1.618631564378738474e+01
-1.618632344454526617e+01
-1.618643592745065263e+01
-1.618630107939243601e+01
-1.618641495704650879e+01
-1.618637043684721277e+01
-1.618624453842639355e+01
-1.618636753559112407e+01
-1.618616829067468643e+01
-1.618612459897995137e+01
-1.618629246205091832e+01
-1.618589395880699300e+01
-1.618639813512563919e+01
-1.618372223079204275e+01
-1.618632214665413471e+01
-1.618593657761812565e+01
-1.618633580356836532e+01
-1.618623194843531010e+01
-4.850001686718315996e-01
-1.618640937954187464e+01
-1.618603259027004171e+01
-1.618637149333953573e+01
-1.618630637675524042e+01
-1.618627045303583145e+01
-1.618617178052664229e+01
-1.618636087626219222e+01
-4.849975590594112207e-01
-1.618599554747342850e+01
-1.618629073053598333e+01
-1.618599341362715194e+01
-1.618639977723359991e+01
-1.618631138652562740e+01
-4.849995939526706157e-01
-1.618614005744457529e+01
-1.618637879639863897e+01
-1.618636557310819768e+01
-1.618636361658573364e+01
-1.618635398894548416e+01
-1.618629017025232031e+01
-1.618619284927845214e+01
-1.618614282757043910e+01
-1.618563097119331573e+01
-1.618641453385352946e+01
-1.618619008809327653e+01
-1.618632920682429699e+01
-1.618623283803463053e+01
-1.618627272397279881e+01
-1.618625142425299046e+01
-1.618612495362758352e+01
-4.849992363713682142e-01
-1.618604245334863379e+01
-4.850003429688513057e-01
-1.618640001267194606e+01
-1.618637037724256800e+01
-1.618636172562837316e+01
-1.618637751042842510e+01
-1.618637696355581568e+01
-1.618631253540515758e+01
-1.618631504327058934e+01
-1.618635138720274469e+01
-1.618640211969614029e+01
-1.618637426644563604e+01
-1.618572494536638118e+01
-1.618631336241960739e+01
-1.618631650656462284e+01
-1.618640375584363866e+01
-1.618640665560960912e+01
-1.618637518137693831e+01
-1.618628263026474912e+01
-1.618635399192571356e+01
-1.618595441430807469e+01
-1.618632724285125590e+01
-1.618627407550811625e+01
-1.618592819273471051e+01
-1.618575554341077805e+01
-1.618637957274913930e+01
-1.618620594739913798e+01
-1.618631461113690762e+01
-1.618638114482164170e+01
-1.618632247447967742e+01
-1.618638014495372346e+01
-1.618626670837402415e+01
-1.618600325435400222e+01
-1.618638341277837966e+01
-1.618636136054992392e+01
-1.618626344203949330e+01
-1.618637753874063634e+01
-1.618638572096824646e+01
-1.618637179583311436e+01
-1.618628646582364894e+01
-1.618629470914602209e+01
-1.618621443063020138e+01
-4.849996395874768274e-01
-4.850002270191908771e-01
-1.618639549016953083e+01
-1.618561879098415446e+01
-1.618641158491373133e+01
-1.618638412803412052e+01
-1.618601001501083303e+01
-1.618636976182460430e+01
-1.618637674152851247e+01
-1.618631668835878301e+01
-1.618638838082551601e+01
-1.618631107956171533e+01
-1.618627629876137064e+01
-1.618629095554352304e+01
-1.618632722795009116e+01
-1.618628741800784354e+01
-1.618603560030460287e+01
-1.618611726909875514e+01
-1.618601644784211757e+01
-1.618635665923357081e+01
-1.618636511713265591e+01
-1.618638326376676417e+01
-1.618633150607347559e+01
-1.618633222728967525e+01
-1.618601561486721607e+01
-1.618638156205415513e+01
-1.618635516315699263e+01
-1.618630347847939177e+01
-1.618625412583351064e+01
-1.618610979169607589e+01
-1.618637648224830983e+01
-1.618624869287014434e+01
-1.618638472557067587e+01
-1.618637079000472667e+01
-1.618637697845696977e+01
-1.618633333146572539e+01
-1.618626834452151897e+01
-1.618631008267402294e+01
-1.618622710406780030e+01
-1.618550449907780120e+01
-1.618633451014757085e+01
-1.618632978051900650e+01
-1.618630399554967525e+01
-1.618623359948396612e+01
-1.618635744750499939e+01
-1.618631914854049469e+01
-1.618608326762914729e+01
-1.618631167262793369e+01
-1.618613525331020142e+01
-1.618640979528426982e+01
-1.618639745861291601e+01
-4.850003367755562067e-01
-4.850005879532545694e-01
-1.618638427257537771e+01
-1.618427617847919464e+01
-1.618315546661615301e+01
-4.849976011086255534e-01
-1.618634431213141056e+01
-1.618625637292862152e+01
-1.618634774982928803e+01
-1.618582407534121970e+01
-1.618628530204296467e+01
-1.618637144714593745e+01
-1.618622848540544368e+01
-1.618638856709003093e+01
-1.618636935949325562e+01
-1.618632053881883692e+01
-1.618624022006988383e+01
-4.849999268539250674e-01
-1.618638882488011888e+01
-1.618630320131779143e+01
-1.618638089746237085e+01
-1.618618510514497544e+01
-1.618628892451524592e+01
-1.618617310374975204e+01
-1.618641355037689777e+01
-1.618609861582518050e+01
-1.618624446392059113e+01
-1.618638442754745199e+01
-1.618102122396230769e+01
-1.618636516481637599e+01
-1.618632147461175919e+01
-1.618642490804195688e+01
-1.618605282455682115e+01
-1.618592533320188664e+01
-1.618637131452560496e+01
-1.618619064092636251e+01
-1.618639674633741876e+01
-1.618612435162067342e+01
-1.618601949959992936e+01
-1.618639345765113902e+01
-1.618637069463729716e+01
-1.618637917637825652e+01
-1.618605940192937709e+01
-1.618611724823713516e+01
-1.618559967726469040e+01
-1.618616159260273335e+01
-1.618608539849520156e+01
-1.618640389889478470e+01
-1.618603046089410213e+01
-1.618631213903426769e+01
-4.850001682061703123e-01
-1.618622372448444224e+01
-1.618632691502571319e+01
-1.618626494854688502e+01
-1.618640550523996779e+01
-1.618636273592710850e+01
-1.618627395033836081e+01
-1.618628699183463482e+01
-1.618604421913623170e+01
-1.618637629896402785e+01
-1.618642273992300318e+01
-1.618616404980420853e+01
-1.618635966330766252e+01
-1.618636434674263214e+01
-1.618637195527553274e+01
-1.618639507740736150e+01
-1.618611513078212738e+01
-1.618638699054717733e+01
-1.618637387752533030e+01
-1.618639823645353104e+01
-1.618640659451484609e+01
-1.618632730245590423e+01
-1.618605248034000610e+01
-1.618621680885553360e+01
-1.618599531948566295e+01
-1.618638884127139477e+01
-1.618637851029633623e+01
-4.850003286264837343e-01
-1.618625943809747270e+01
-4.850003045517951028e-01
-1.618635758161544302e+01
-1.618627379536628652e+01
-1.618634133487939408e+01
-1.618634352087974904e+01
-1.618638354539871216e+01
-1.618633845746517252e+01
-1.618634975999593451e+01
-4.849996510893105350e-01
-1.618635836541652750e+01
-1.618595955073834247e+01
-1.618638027608394836e+01
-1.618607645332813050e+01
-1.618607447594404292e+01
-1.618635371178388738e+01
-1.618630418628453782e+01
-1.618528171479702138e+01
-1.618603420853614594e+01
-1.618630002886056829e+01
-1.618628527373075698e+01
-1.618624813854694722e+01
-1.618639329075813293e+01
-1.618641374856234094e+01
-1.618614688217639497e+01
-1.618525582551956887e+01
-1.618627641350031254e+01
-1.618617547750472596e+01
-4.850006147287786451e-01
-1.618637152761220932e+01
-1.618639352917670848e+01
-1.618629830330610631e+01
-4.850007954053581205e-01
-1.618642110675573775e+01
-1.618633779585361054e+01
-1.618612964004277899e+01
-1.618638320416211585e+01
-1.618632630705833009e+01
-1.618635611236095428e+01
-1.618625895082950805e+01
-1.618507652878761149e+01
-1.618010606616735458e+01
-1.618641493916511465e+01
-1.618628951907158253e+01
-1.618599159270524623e+01
-1.618637864589690878e+01
-1.618626867085695054e+01
-1.618624144643544938e+01
-1.618633965253829743e+01
-1.618635851740836884e+01
-1.618633742779493545e+01
-1.618610973954200460e+01
-1.618630990386008506e+01
-1.618626517951487997e+01
-1.618634096831083014e+01
-1.618636882603168559e+01
-1.618637517690658711e+01
-1.618640522807836035e+01
-1.618630163669585897e+01
-1.618595037609338405e+01
-1.618457476496696046e+01
-1.618637603670358871e+01
-1.618637827485800074e+01
-1.618638301491737508e+01
-1.618637487888336679e+01
-1.618609769046306468e+01
-1.618627246320247792e+01
-1.618637922108173655e+01
-1.618643005639314580e+01
-1.618639557957649444e+01
-1.618623523712158274e+01
-1.618638742417097376e+01
-1.618595488816499284e+01
-1.618634846210479594e+01
-1.618628940731287003e+01
-1.618623948991298889e+01
-1.618638545572757081e+01
-1.618641466647386906e+01
-1.618635419607162262e+01
-1.618636628687382029e+01
-1.618616089224815724e+01
-1.618598869740963053e+01
-1.618588648438453959e+01
-1.618636576682329320e+01
-1.618531389236450480e+01
-4.849991193041204851e-01
-1.618595293462275464e+01
-1.618624051213264536e+01
-1.618479154855012681e+01
-1.618632884919643189e+01
-4.850006173830478939e-01
-1.618585142642259811e+01
-1.618638974279165055e+01
-1.618599340915680074e+01
-1.618379298597574589e+01
-1.618634057790041325e+01
-1.618635647892951823e+01
-1.618639564216137217e+01
-1.618612822294235087e+01
-1.618634376972914524e+01
-1.618595924526453089e+01
-1.618622118532657339e+01
-1.618623921722173620e+01
-1.618637070953845480e+01
-1.618641613125801015e+01
-1.618606150746345662e+01
-1.618613518178462840e+01
-1.618638223409653065e+01
-1.618613024652004384e+01
-1.618636246621608876e+01
-1.618600623607635569e+01
-1.618627598136663082e+01
-1.618636020869016789e+01
-1.618304921537637853e+01
-1.618627109378576279e+01
-1.618638103604316925e+01
-1.618637369722127772e+01
-4.849989090114831813e-01
-1.618639664202928330e+01
-1.618637792915105322e+01
-1.618612541705369878e+01
-4.850000365171581174e-01
-1.618631282895803736e+01
-1.618635651618242122e+01
-1.618609789460897019e+01
-1.618633541166781953e+01
-1.618609625399112417e+01
-1.618637094795704456e+01
-1.618637983649968959e+01
-1.618637510091065579e+01
-1.618628439605236125e+01
-1.618628842979669713e+01
-1.618633401095867441e+01
-1.618599121868610169e+01
-1.618620981127023484e+01
-1.618574854284524278e+01
-1.618535221964121007e+01
-1.618627691864967133e+01
-1.618635920882224610e+01
-1.618622205555438853e+01
-1.618613753020763468e+01
-1.618641074895858623e+01
-1.618550378978252624e+01
-1.618634512275457382e+01
-4.849998708348722265e-01
-1.618636607974767827e+01
-1.618600772023200562e+01
-1.618638126254081300e+01
-1.618636884391307618e+01
-1.618642275780439377e+01
-1.618627659231423976e+01
-1.618628771603106742e+01
-1.618632529228926131e+01
-1.618618746101855876e+01
-1.618632024824619364e+01
-1.618615637570620081e+01
-1.618634770810604451e+01
-1.618632535785436488e+01
-1.618612239956855703e+01
-1.618611323535442281e+01
-1.618632221221923828e+01
-1.618600198775529719e+01
-1.618636082410812094e+01
-1.618601261228322841e+01
-4.849992654286325311e-01
-1.618268871754407456e+01
-1.618633216470480463e+01
-1.618637868762016652e+01
-1.618627616614103104e+01
-1.618634302169084549e+01
-1.618625013828277659e+01
-1.618642348200082992e+01
-1.618611051142215373e+01
-1.618636727482080317e+01
-1.618569676280021241e+01
-1.618624546080827642e+01
-1.618639941811562011e+01
-1.618617070615291098e+01
-1.618640968352556442e+01
-1.618637634813785198e+01
-1.618610754162073206e+01
-1.618640262484550618e+01
-1.618603203594684459e+01
-1.618626686185598373e+01
-1.618616600781678727e+01
-1.618629906326532719e+01
-1.618608016669750072e+01
-1.618332376331091282e+01
-1.618633090555667664e+01
-1.618628040403128310e+01
-1.618575708717107275e+01
-1.618637209087610884e+01
-1.618586166054010533e+01
-4.849999923724682138e-01
-1.618565529882907938e+01
-1.618634551912546016e+01
-1.618624151945114420e+01
-1.618610251694917679e+01
-1.618637974113226008e+01
-1.618640288114547943e+01
-1.618637762665748525e+01
-1.618624269664287851e+01
-1.618629417866468501e+01
-1.618634201437234665e+01
-1.618623240292072651e+01
-1.618634515404701091e+01
-1.618623731285333633e+01
-1.618641359508037780e+01
-1.618595876842737624e+01
-1.618638016134500290e+01
-1.618617214262486215e+01
-1.618634867817163325e+01
-1.618625662177801061e+01
-1.618592473268509124e+01
-1.618638450950384211e+01
-1.618639248758553961e+01
-1.618627800494432734e+01
-1.618636132776737568e+01
-1.618643720299005651e+01
-1.618627722412347936e+01
-1.618615691959857728e+01
-1.618631141036748744e+01
-1.618639345914125371e+01
-4.849991967435925422e-01
-4.849997987970709468e-01
-1.618634777367115163e+01
-1.618637932986020900e+01
-1.618626983314752721e+01
-1.618632679134607955e+01
-1.618634081631899235e+01
-1.618603630810975957e+01
-1.618566931337117865e+01
-1.618632946163415909e+01
-1.618634739369153763e+01
-1.618592780679464482e+01
-1.618637528270483017e+01
-1.618630917519330836e+01
-4.850001645740121270e-01
-1.618594634532928822e+01
-1.618526697605848241e+01
-1.618639300465583730e+01
-1.618634490519761826e+01
-1.618627509027719569e+01
-1.618617768436670801e+01
-1.618610077798366831e+01
-1.618633906692266677e+01
-1.618633641451597782e+01
-1.618639400601386669e+01
-4.849999718833714057e-01
-1.618636266589165018e+01
-1.618627718836069107e+01
-1.618631333112716675e+01
-1.618611805438995432e+01
-1.618623717725276734e+01
-1.618628189861774302e+01
-1.618558557033538747e+01
-1.618635038584470465e+01
-1.618621530234814188e+01
-1.618610931485891413e+01
-1.618600115627050329e+01
-1.618638332635164190e+01
-1.618609929531812952e+01
-1.618628603070974492e+01
-1.618599427044390993e+01
-1.618634027838706757e+01
-1.618626568019390177e+01
-1.618598423302173472e+01
-1.618637988418340612e+01
-1.618636182993651218e+01
-1.618630680739879324e+01
-1.618634772449732040e+01
-1.618636338114738393e+01
-1.618617004305124496e+01
-1.618448546379805109e+01
-1.618614890873431733e+01
-1.618628626018762517e+01
-1.618591854721307755e+01
-1.618621927499771118e+01
-1.618627392053604552e+01
-1.618629982024431158e+01
-1.618618901371955943e+01
-1.618627589941024425e+01
-1.618619781434535909e+01
-1.618624399304389883e+01
-1.618624442070722225e+01
-4.850004141684621239e-01
-1.618642209917306829e+01
-1.618632375448942184e+01
-1.618593462258577276e+01
-4.849990345072001108e-01
-1.618630589544772747e+01
-1.618637330979109734e+01
-1.618637592941522385e+01
-1.618598206192255162e+01
-1.618631620109081481e+01
-1.618625812977551703e+01
-1.618617950379848480e+01
-1.618637367635965418e+01
-1.618613116890192316e+01
-1.618639183789492009e+01
-1.618624428659677150e+01
-1.618642059862613536e+01
-1.618635563701391078e+01
-1.618136789202690196e+01
-1.618633484244346121e+01
-1.618627852499484376e+01
-1.618633634746074534e+01
-1.618599982857703523e+01
-1.618636375963687613e+01
-1.618615176379681131e+01
-1.618636594116687633e+01
-1.618618676811456325e+01
-1.618616375327111001e+01
-1.618636534512043212e+01
-1.618635904341936183e+01
-1.618627128452062180e+01
-1.618628477901220108e+01
-1.618618393987418003e+01
-4.849996223114431126e-01
-1.618635728806257390e+01
-1.618642026484013030e+01
-1.618529930859804367e+01
-1.618637469708919596e+01
-1.618531093597412251e+01
-1.618602806031704233e+01
-1.618595854789018773e+01
-1.618637931793928075e+01
-1.618616590499878427e+01
-4.849997771438211425e-01
-1.618610038161277842e+01
-1.618629327118396688e+01
-1.618628049492836141e+01
-1.618583755940199254e+01
-1.618600547760725306e+01
-1.618636998385191106e+01
-1.618620533347129609e+01
-1.618637294322251563e+01
-1.618629517704248499e+01
-1.618628485053777410e+01
-1.618637807816267582e+01
-4.849981107283383164e-01
-1.618634253889322849e+01
-1.618596870601177429e+01
-1.618604737073182775e+01
-1.618596190661192225e+01
-1.618642190247773982e+01
-1.618619145154953642e+01
-1.618639255911110908e+01
-1.618532386720180583e+01
-1.618627224415540766e+01
-1.618636367768049666e+01
-1.618621691465377666e+01
-1.618638705164194036e+01
-1.618620016872882061e+01
-1.618637600094080042e+01
-4.850011206697672494e-01
-1.618639849871396663e+01
-1.618638025969267602e+01
-1.618612003326416016e+01
-1.618622227609157704e+01
-1.618633587211370894e+01
-1.618629786819219518e+01
-1.618619446754455282e+01
-1.618639832884073115e+01
-1.618614399582147456e+01
-1.618628655672073080e+01
-1.618637169897556305e+01
-1.618626373261213658e+01
-1.618625346124172282e+01
-1.618634624928235866e+01
-1.618587635010481307e+01
-1.618619571477174901e+01
-1.618632182329892899e+01
-1.618617409914731553e+01
-1.618629620820284032e+01
-1.618621641248464726e+01
-1.618562904447316697e+01
-1.618609481602906541e+01
-1.618613444119691991e+01
-1.618643866926431940e+01
-1.618635209649801610e+01
-1.618633280396461416e+01
-1.618629235476255701e+01
-4.850002396386116077e-01
-1.618613781183958267e+01
-1.618589405864477015e+01
-4.850001370534302025e-01
-1.618636204749346064e+01
-1.618636462539434717e+01
-4.850006263237446880e-01
-1.618619074970483851e+01
-1.618628797084092596e+01
-1.618634698987007425e+01
-1.618638443797827264e+01
-1.618600348979234838e+01
-1.618641491085291051e+01
-1.618635128736496043e+01
-1.618635549694300124e+01
-1.618636647909879756e+01
-1.618635665476321961e+01
-1.618606068342924331e+01
-1.618586802035570216e+01
-1.618621059060096812e+01
-1.618609944432973791e+01
-1.618640073686837866e+01
-1.618561507016419654e+01
-1.618616246730088903e+01
-1.618571389466524124e+01
-1.618632939755916667e+01
-1.618637943118810085e+01
-1.618630363941192840e+01
-1.618639901727437547e+01
-1.618606237024069117e+01
-1.618631240278482863e+01
-1.618636571615934372e+01
-1.618640415072441385e+01
-1.618636121451854493e+01
-1.618598626106977534e+01
-1.618633204847574092e+01
-1.618634342849253827e+01
-4.849999703001230955e-01
-1.618615197688341567e+01
-1.618633441179990839e+01
-1.618625905513763286e+01
-1.618600210696459385e+01
-1.618627590239047720e+01
-1.618615611642599106e+01
-1.618644530475139476e+01
-1.618635827302932739e+01
-1.618621737807988836e+01
-1.618637616783380651e+01
-1.618612073808908747e+01
-1.618626579642295837e+01
-1.618619324564934558e+01
-1.618595017790794444e+01
-1.618624907881021358e+01
-4.850001639220864469e-01
-1.618626084774732377e+01
-1.618621399104595326e+01
-1.618611287772655416e+01
-1.618610506802797033e+01
-1.618616472929716466e+01
-1.618633502423763204e+01
-1.618634498715400838e+01
-1.618625417202711247e+01
-4.850000898353755141e-01
-1.618632380515336777e+01
-4.850000281352548903e-01
-1.618632235676050257e+01
-1.618463313877582266e+01
-1.618636125177145146e+01
-1.618615851551293972e+01
-1.618528349101542929e+01
-1.618617131561040878e+01
-4.850000540260225868e-01
-1.618637001961469579e+01
-1.618366115689277507e+01
-1.618635112643242380e+01
-1.618622048646211553e+01
-1.618626986593007899e+01
-1.618558999449014735e+01
-1.618637746870517446e+01
-1.618544528186320974e+01
-1.618627142012119080e+01
-1.618639366924762513e+01
-1.618640399128198126e+01
-1.618637326955795430e+01
-4.849996296223253456e-01
-1.618639694899320602e+01
-1.618568885326385853e+01
-1.618636869937181544e+01
-1.618637180328369141e+01
-1.618640647083521245e+01
-1.618631284832954975e+01
-1.618622089624404836e+01
-1.618626592010259557e+01
-1.618618482053280161e+01
-1.618641125857830332e+01
-1.618629478365182806e+01
-1.618595318049192855e+01
-1.618592685461043956e+01
-1.618595683127641749e+01
-1.618633789867162776e+01
-1.618597239702940627e+01
-4.850003074854611906e-01
-1.618638591021298723e+01
-1.618595658838749074e+01
-1.618596554696560119e+01
-1.618638467788696289e+01
-1.618639953285455135e+01
-1.618627610653638982e+01
-1.618640966117382263e+01
-1.618630703538656235e+01
-1.618634035736322474e+01
-1.618640382587910054e+01
-1.618639777302741933e+01
-1.618639954924582369e+01
-1.618638310581446049e+01
-1.618640407770872258e+01
-1.618629440218210291e+01
-1.618634896576404714e+01
-1.618635343909263113e+01
-1.618636903315782405e+01
-1.618639216572046635e+01
-1.618630816936492423e+01
-1.618619679659605382e+01
-1.618632923364639353e+01
-1.618638491928576784e+01
-1.618599280267954299e+01
-1.618634436577558589e+01
-1.618624331355094625e+01
-1.618595968335866431e+01
-1.618638268411159586e+01
-1.618614967018366002e+01
-1.618634818494319916e+01
-1.618629930615424684e+01
-1.618566625118255686e+01
-1.618639702349901199e+01
-4.850001262035221750e-01
-1.618619152903556113e+01
-1.618595796823501587e+01
-1.618632963746786046e+01
-1.618629555404185894e+01
-1.618609731793403839e+01
-1.618630110621452189e+01
-1.618624736070633219e+01
-1.618611481934785346e+01
-1.618644015341997289e+01
-1.618638830780982474e+01
-1.618632045984267975e+01
-1.618610651940107559e+01
-1.618627978563309000e+01
-1.618627744615078257e+01
-1.618622041791677546e+01
-1.618633277714252472e+01
-1.618635953664779947e+01
-1.618635901361703588e+01
-1.618632035553455495e+01
-1.618624717295169191e+01
-1.618631464391947361e+01
-1.618601371645927500e+01
-1.618638017326593825e+01
-1.618639022707939645e+01
-1.618636830896139145e+01
-1.618637934178113724e+01
-1.618633065074682165e+01
-1.618638127148151540e+01
-1.618632697016001387e+01
