-1.686016371846199746e+01
-1.686001257002354592e+01
-1.686001510322095598e+01
-1.685993055701254661e+01
-1.686010667681692965e+01
-1.685993687212467762e+01
-1.685982635021208864e+01
-1.685999853610992716e+01
-1.686008305549620800e+01
-1.685998261868953918e+01
-1.686015705764293315e+01
-1.686015720367430859e+01
-1.686014200747012026e+01
-1.686012109518050295e+01
-1.685997222363948467e+01
-1.686004737019539945e+01
-1.685987357199191550e+01
-1.685914492309092338e+01
-1.686011287569998984e+01
-1.686013914942742886e+01
-1.685983286201954812e+01
-1.686006140112875329e+01
-1.685972623229027789e+01
-1.686012136042116794e+01
-1.685949628055095317e+01
-1.686008004546164329e+01
-1.686005312204360962e+01
-1.685991563498972567e+01
-1.685999199151993722e+01
-1.686017436981201456e+01
-1.685971840322016746e+01
-1.685991835594177246e+01
-1.685968878269194704e+01
-1.686011520624160198e+01
-1.685975857675076739e+01
-1.686014792025087772e+01
-1.686003858447076453e+01
-1.686012696921825338e+01
-1.686013670265673881e+01
-1.686001144647598693e+01
-1.685997228026388584e+01
-1.686012724041939848e+01
-1.685935904085636494e+01
-1.686002643108367494e+01
-1.685980147123337858e+01
-1.686013452112675637e+01
-1.685983028113841087e+01
-1.685994984805583030e+01
-1.686012258827685883e+01
-1.686006136536599698e+01
-1.685984776914120786e+01
-1.686010538935661174e+01
-1.686010316014288790e+01
-1.685955867767333416e+01
-1.685999035537241397e+01
-1.686006077826021965e+01
-1.686012716889382546e+01
-1.685996175110339124e+01
-1.685978665053843528e+01
-1.685993271172047869e+01
-1.686015013158322162e+01
-1.686012720763682893e+01
-1.686001202762127704e+01
-1.686008135378361672e+01
-1.686010056734083662e+01
-1.686010802388189944e+01
-1.686006599664688110e+01
-1.686006000041962238e+01
-1.686006836891175453e+01
-1.685903770923614786e+01
-1.686010162532329204e+01
-1.686011680662630496e+01
-1.686015628278256173e+01
-1.685992329418657576e+01
-1.686005396246908816e+01
-1.686014065146448004e+01
-1.686013744473458331e+01
-1.686008325815202369e+01
-1.685834507346152478e+01
-1.685998167991639818e+01
-1.685960775911809151e+01
-1.686013127565384195e+01
-1.685977880358694136e+01
-1.686006177663803385e+01
-1.686010513007642331e+01
-1.686010004878045265e+01
-1.686012770235539904e+01
-1.685958114266394858e+01
-1.686018728315830728e+01
-1.685998425185679750e+01
-1.686012794077395327e+01
-1.686015588343142113e+01
-1.686002090275288268e+01
-1.686013108491897583e+01
-1.685991801619530150e+01
-1.685927423536778846e+01
-1.686006240844727699e+01
-1.685998941659927652e+01
-1.686011905670166300e+01
-1.686007320284841882e+01
-1.686003490686417194e+01
-1.686010453701020140e+01
-1.685998414158822101e+01
-1.686004769802092085e+01
-1.686010031104087403e+01
-1.686007596850394208e+01
-1.686012918055059018e+01
-1.685983063876629018e+01
-1.685885171890259926e+01
-1.686000043749808697e+01
-1.685978954434395760e+01
-1.686008861958979566e+01
-1.685995005071162822e+01
-1.685964198112487367e+01
-1.686002067327498821e+01
-1.686007854342459922e+01
-1.686013949811458801e+01
-1.686011829376221272e+01
-1.686010034084320353e+01
-1.686011244058608582e+01
-1.686001072525979083e+01
-1.686013354361058347e+01
-1.685987434387206463e+01
-1.685997818112374702e+01
-1.686002927124500061e+01
-1.685984295308589154e+01
-1.685979952514170677e+01
-1.686005845069886888e+01
-1.686015374064444572e+01
-1.686003832817078774e+01
-1.686013449430466693e+01
-1.686007135212422270e+01
-1.685987694263457470e+01
-1.685997996032237367e+01
-1.685994916856290260e+01
-1.685998933315275750e+01
-1.685963647961617795e+01
-1.686003089249135556e+01
-1.686007093489168795e+01
-1.686010815203188784e+01
-1.686007797122002572e+01
-1.686010030210018940e+01
-1.685992404222487195e+01
-1.685976661443710611e+01
-1.685994194149971648e+01
-1.685981237590314308e+01
-1.685988021194933495e+01
-1.685938909649849649e+01
-1.686008284687994774e+01
-1.686013635396956900e+01
-1.685995728075504374e+01
-1.685987366139888977e+01
-1.686006750464438397e+01
-1.686008833348752134e+01
-1.686014735400678077e+01
-1.685997562706470276e+01
-1.685988411605358905e+01
-1.686010675132275338e+01
-1.685898851156235878e+01
-1.686011649668217061e+01
-1.686007932424546851e+01
-1.686015828847884634e+01
-1.685983797311781984e+01
-1.685972661674022888e+01
-1.686009587347506411e+01
-1.685986258685587913e+01
-1.685997294187545847e+01
-1.686009716689586924e+01
-1.686004667878150798e+01
-1.685993771255017393e+01
-1.686005465388296187e+01
-1.686009264290331799e+01
-1.685997794866563027e+01
-1.686002068817613875e+01
-1.686010463833809325e+01
-1.686006053686143602e+01
-1.686006007492543191e+01
-1.685997916758062232e+01
-1.686013610064982515e+01
-1.685977980792523212e+01
-1.685800425410271686e+01
-1.685983350276947590e+01
-1.686012142598627861e+01
-1.685998830199242349e+01
-1.685989316701887475e+01
-1.686013124883174541e+01
-1.686013126969337605e+01
-1.686007557809353941e+01
-1.685959623456000855e+01
-1.685964865982531435e+01
-1.686015156805516213e+01
-1.686016965806485857e+01
-1.686011971235275553e+01
-1.686008107066155759e+01
-1.686014551818372453e+01
-1.686011851727963418e+01
-1.686006907224656004e+01
-1.685982333421707224e+01
-1.685992879271508826e+01
-1.686006152629851940e+01
-1.686001278162003914e+01
-1.686011503338813355e+01
-1.686006806790829771e+01
-1.686003044247625837e+01
-1.685991483926773071e+01
-1.686002888977526837e+01
-1.686007341146467553e+01
-1.685994827747344971e+01
-1.686010995209216290e+01
-1.685988095104693585e+01
-1.686011535823345397e+01
-1.686012005209922648e+01
-1.686011376976966147e+01
-1.686007476150988182e+01
-1.685952455699445096e+01
-1.686007580757140190e+01
-1.685977602601050052e+01
-1.686000754535196933e+01
-1.686005050241945824e+01
-1.686013351380825753e+01
-1.685956868827341282e+01
-1.686010735630988222e+01
-1.686001491844652733e+01
-1.685991492271423908e+01
-1.686009993851185840e+01
-1.685997312664985515e+01
-1.686002483367919069e+01
-1.686014647185802673e+01
-1.685993590950966592e+01
-1.685981625616550872e+01
-1.686014812886714864e+01
-1.686011852920054466e+01
-1.685926013588905548e+01
-1.686008512973784335e+01
-1.685992414355277802e+01
-1.686002815067768168e+01
-1.686006365120411843e+01
-1.686016185879706342e+01
-1.686013238131998548e+01
-1.686014226078985345e+01
-1.686012082099914977e+01
-1.686013540923596210e+01
-1.685958273708820698e+01
-1.685993360877036906e+01
-1.686015861034391961e+01
-1.686013184189796021e+01
-1.685968708395957805e+01
-1.685973846316338509e+01
-1.685944862663747656e+01
-1.685995917916299192e+01
-1.686002788245678730e+01
-1.686004082560538819e+01
-1.685986068844795938e+01
-1.686014177203177411e+01
-1.685988390743731458e+01
-1.685990785360336019e+01
-1.685970182418822105e+01
-1.686012495458125215e+01
-1.686012660562990817e+01
-1.685807388722897926e+01
-1.686008101701737871e+01
-1.686004097461699303e+01
-1.686006853282450990e+01
-1.686007263958453350e+01
-1.686013752520084452e+01
-1.686005493104456932e+01
-1.686003334522246178e+01
-1.685993373095989156e+01
-1.686004667282102787e+01
-1.686000108420848775e+01
-1.685952957570554389e+01
-1.685976587235926516e+01
-1.686011407971381004e+01
-1.685988465249537427e+01
-1.685951773226262063e+01
-1.685949414372442590e+01
-1.686017720401288145e+01
-1.685979345738886792e+01
-1.685983732938765911e+01
-1.685989205241204303e+01
-1.686006099879741882e+01
-1.686007958650588989e+01
-1.686001279950142617e+01
-1.685999142825604480e+01
-1.685982788205146932e+01
-1.686008026897909318e+01
-1.686009167134762521e+01
-1.686006676852704445e+01
-1.685979009270669238e+01
-1.686007612943648581e+01
-1.685972650349139101e+01
-1.686007949709892983e+01
-1.685994365215303148e+01
-1.686013196706771922e+01
-1.686000114679337614e+01
-1.685971095263959540e+01
-1.685972405374048932e+01
-1.685956012308597352e+01
-1.685960468649862420e+01
-1.685989287793635683e+01
-1.686004082560537398e+01
-1.686001662015915770e+01
-1.685985657870768861e+01
-1.685981852710247253e+01
-1.686010521650314331e+01
-1.686013216972350293e+01
-1.685998465716837913e+01
-1.686015218496321566e+01
-1.685994883775710562e+01
-1.686008615493773277e+01
-1.685971772074697839e+01
-1.685995082259177735e+01
-1.686004209220408256e+01
-1.686013900637627572e+01
-1.686008555889128857e+01
-1.686001022756098422e+01
-1.685999585986137816e+01
-1.685980065762995395e+01
-1.686003492772578838e+01
-1.686016764342783958e+01
-1.686006875932217497e+01
-1.685991060137747510e+01
-1.686003346741198428e+01
-1.686012969017028240e+01
-1.686006163358689136e+01
-1.685966067612170960e+01
-1.685973652601240502e+01
-1.685985592603682903e+01
-1.686010104417800903e+01
-1.686012320518492302e+01
-1.685977322161197733e+01
-1.686005316674708965e+01
-1.685921384692191438e+01
-1.686002222895623248e+01
-1.686012409925460531e+01
-1.686015057265758443e+01
-1.686006902456283285e+01
-1.685998375713825581e+01
-1.686000960469245769e+01
-1.686013862192631407e+01
-1.685996083617209962e+01
-1.686009632349015419e+01
-1.685961089730263751e+01
-1.686000156998633059e+01
-1.685932174623013324e+01
-1.686012910902499939e+01
-1.686015611290931560e+01
-1.685974518358708352e+01
-1.685995705127717770e+01
-1.685995911955834714e+01
-1.685835655033587344e+01
-1.686006598472593510e+01
-1.686007704436778099e+01
-1.686006590723990684e+01
-1.685992915332317210e+01
-1.685979916155337577e+01
-1.686016544699667818e+01
-1.686012918055057241e+01
-1.685992240905760298e+01
-1.685971330702305693e+01
-1.685979817211627463e+01
-1.685964767634869688e+01
-1.685987740755081887e+01
-1.686002430021761356e+01
-1.686007689833640910e+01
-1.686009313762186679e+01
-1.685972108244897072e+01
-1.685764573812485523e+01
-1.686016457378864075e+01
-1.685973751246930519e+01
-1.686012188792228272e+01
-1.686000272035600034e+01
-1.686006201207636579e+01
-1.686003879606724709e+01
-1.685988278686999564e+01
-1.686016226708890287e+01
-1.686011556386947063e+01
-1.686012323498727383e+01
-1.685815584659576416e+01
-1.685993233323095453e+01
-1.685972164571283827e+01
-1.686010078787803224e+01
-1.686014780104160948e+01
-1.685999703705311958e+01
-1.685853371024129999e+01
-1.686007526516913657e+01
-1.686012067198754849e+01
-1.686013006269933001e+01
-1.685977368950844379e+01
-1.685997215807438820e+01
-1.686012581586838621e+01
-1.686012127399443372e+01
-1.685997701883317745e+01
-1.686006741225719097e+01
-1.686010804474352653e+01
-1.686002483367921201e+01
-1.686008018553255638e+01
-1.686012437343597981e+01
-1.686015274226666349e+01
-1.685997785031796425e+01
-1.686017098426819416e+01
-1.686001464128496252e+01
-1.685976939201355762e+01
-1.685993665456772916e+01
-1.686009051501750022e+01
-1.686007197499275634e+01
-1.685922712981701110e+01
-1.686002445518969139e+01
-1.685985102653503986e+01
-1.686001673936844725e+01
-1.686007886528968669e+01
-1.686005685925484698e+01
-1.686009712815284090e+01
-1.686013821065424878e+01
-1.686002292633057920e+01
-1.685998550951479302e+01
-1.685990736484527019e+01
-1.686012383997439201e+01
-1.686003562510014930e+01
-1.686014267206190453e+01
-1.686003427803517596e+01
-1.685997491776943136e+01
-1.686011295318604652e+01
-1.685994230210780742e+01
-1.685997515022755877e+01
-1.685997921526432108e+01
-1.686005585491655623e+01
-1.686012416779996315e+01
-1.686005155444143355e+01
-1.686012781858445564e+01
-1.685985905230046811e+01
-1.685923905968667569e+01
-1.686002010703086285e+01
-1.685998196303844310e+01
-1.686009813547133973e+01
-1.686003883183002827e+01
-1.686012329161167500e+01
-1.686007877588273018e+01
-1.686009350121022621e+01
-1.686005167961119611e+01
-1.686010148823260479e+01
-1.686008565127848513e+01
-1.686015234589577716e+01
-1.686000902652739697e+01
-1.686014197766781919e+01
-1.686005857586858880e+01
-1.686000618338585966e+01
-1.685985238552093790e+01
-1.686008191406727263e+01
-1.686011796891689940e+01
-1.686013267338274346e+01
-1.685997480154038897e+01
-1.686013580858707783e+01
-1.686002471745015896e+01
-1.686011200547219602e+01
-1.686006546914576631e+01
-1.685997734367846945e+01
-1.686013955473901049e+01
-1.685997796356678791e+01
-1.686007058024404870e+01
-1.685992719233036397e+01
-1.685955215692519005e+01
-1.686010636687279174e+01
-1.686000846028328937e+01
-1.685986285209655478e+01
-1.686012635529042214e+01
-1.686001875102518355e+01
-1.685987826883794227e+01
-1.686007041931152628e+01
-1.686009664535521679e+01
-1.686011165678499779e+01
-1.685987253189088619e+01
-1.686012182235716494e+01
-1.686002730131150429e+01
-1.685994183421134807e+01
-1.686007215380670488e+01
-1.685987533330916577e+01
-1.686015492677688599e+01
-1.686016562879086322e+01
-1.685987806916237375e+01
-1.685993969142438331e+01
-1.685985792875291622e+01
-1.685980711877347105e+01
-1.685990063846112008e+01
-1.685898816287517477e+01
-1.685952268242835217e+01
-1.686006413400172832e+01
-1.685978262424468710e+01
-1.685965828597546690e+01
-1.685990138351916201e+01
-1.685997869372369351e+01
-1.686010710299016324e+01
-1.685992843210697600e+01
-1.686012900173664164e+01
-1.685961599647999165e+01
-1.686009429693221762e+01
-1.686015844941139008e+01
-1.685956016778944289e+01
-1.686010143458844013e+01
-1.685975541174413195e+01
-1.686009700000284894e+01
-1.685976490378381243e+01
-1.685964014828204327e+01
-1.685849574506282167e+01
-1.685973324477673074e+01
-1.685975719690321739e+01
-1.685982198715211666e+01
-1.686011251807213540e+01
-1.685998222231866706e+01
-1.685992044508458676e+01
-1.686000299751758646e+01
-1.685993281006811628e+01
-1.686009171605108392e+01
-1.685978149175643637e+01
-1.686006457507609113e+01
-1.685990203619005001e+01
-1.685988078713415561e+01
-1.686004164814948325e+01
-1.686000507175922181e+01
-1.686008808910847279e+01
-1.686003581583500832e+01
-1.685990618169305932e+01
-1.685933139622210675e+01
-1.686017564535140423e+01
-1.685938660204408990e+01
-1.685993305146692833e+01
-1.686012736260891742e+01
-1.686011646389962237e+01
-1.686013316512108418e+01
-1.685821469128131866e+01
-1.686014102995395447e+01
-1.686006995141508114e+01
-1.686010927259923164e+01
-1.686000421941281857e+01
-1.685991546511651862e+01
-1.685995626449586027e+01
-1.686001732051371249e+01
-1.685994352996348056e+01
-1.686007353067397219e+01
-1.686010892093182889e+01
-1.686014027893543599e+01
-1.686011895537377470e+01
-1.686000579595565796e+01
-1.686011610627173951e+01
-1.685963966548444048e+01
-1.686003040373325135e+01
-1.685991065204143169e+01
-1.686011807620525005e+01
-1.686009936332703063e+01
-1.685824663937090762e+01
-1.686013116240501830e+01
-1.686006130576132733e+01
-1.686007112860678347e+01
-1.685937111973762725e+01
-1.685968825221059575e+01
-1.686010782122610507e+01
-1.686012891530990032e+01
-1.686005858182905115e+01
-1.686014875471592589e+01
-1.686001103520394295e+01
-1.685966827869416562e+01
-1.686010201275347598e+01
-1.686009320616722817e+01
-1.686003995239736142e+01
-1.685987859666347433e+01
-1.685997806489466200e+01
-1.686011762917043200e+01
-1.685991461277008341e+01
-1.686010283231733808e+01
-1.685992155075071253e+01
-1.686013125479222197e+01
-1.686006227433680138e+01
-1.685990815460682413e+01
-1.686014080941676596e+01
-1.686006546020508168e+01
-1.685994494557379753e+01
-1.685919573307037922e+01
-1.686006968319417254e+01
-1.685974855422973917e+01
-1.686007432341573775e+01
-1.685960335135458976e+01
-1.686012204587460062e+01
-1.685952771604060629e+01
-1.686009033620358011e+01
-1.685997477471829242e+01
-1.685993370711804928e+01
-1.685860582292079002e+01
-1.685857710242272134e+01
-1.686003364622593281e+01
-1.686013420820236774e+01
-1.685989463627338480e+01
-1.685963631570338350e+01
-1.686000924408437029e+01
-1.686006559729576537e+01
-1.686012082993983086e+01
-1.685985924005507641e+01
-1.686002119481562644e+01
-1.685970989167691059e+01
-1.686011886000633098e+01
-1.685977711081505248e+01
-1.686013891696929434e+01
-1.686000806689262532e+01
-1.685978683829308267e+01
-1.685934879779814821e+01
-1.686002131700517026e+01
-1.686011984348296266e+01
-1.686005093157289991e+01
-1.686005653738975951e+01
-1.686012251675130358e+01
-1.686000861823560371e+01
-1.686009646654129313e+01
-1.686004932224750164e+01
-1.685979276895523427e+01
-1.686005490124225403e+01
-1.685988107919693846e+01
-1.686006825864314962e+01
-1.685995358526706767e+01
-1.685935660600664221e+01
-1.685997369885445352e+01
-1.686007725894451070e+01
-1.686010855138303199e+01
-1.686014102697373573e+01
-1.685988562107087319e+01
-1.685989080667494022e+01
-1.685994916856288839e+01
-1.685993020832538392e+01
-1.686003514826298399e+01
-1.685994464159011841e+01
-1.686011820733547140e+01
-1.685989117920398783e+01
-1.686010336279869648e+01
-1.686008583307267017e+01
-1.685985900163651863e+01
-1.685999234616756937e+01
-1.686011842489241985e+01
-1.685986343026161904e+01
-1.685973024666308007e+01
-1.685993007421494028e+01
-1.685980784296990365e+01
-1.686001287698746864e+01
-1.686015927791595814e+01
-1.686007475852964888e+01
-1.686004375815390333e+01
-1.685974507331848571e+01
-1.686010827422141034e+01
-1.686011449992657774e+01
-1.686000657677650594e+01
-1.686014016270637228e+01
-1.686007933318614604e+01
-1.685965786874294992e+01
-1.685982930958272519e+01
-1.685994729101657086e+01
-1.686015979647635277e+01
-1.686013523638246880e+01
-1.686014752686024920e+01
-1.686014440059661013e+01
-1.685970595479010825e+01
-1.685971792042254336e+01
-1.686000210642815844e+01
-1.686000257730484009e+01
-1.685997758507729216e+01
-1.685976166725158976e+01
-1.686007746458054868e+01
-1.686008162200450400e+01
-1.685991665422917052e+01
-1.685998666882513675e+01
-1.686011645197866571e+01
-1.685930225551127748e+01
-1.686008899509905845e+01
-1.686002254486084340e+01
-1.685997935533524483e+01
-1.685967618227006426e+01
-1.686012568771838360e+01
-1.686002724468709246e+01
-1.686004803180695433e+01
-1.685994633436201440e+01
-1.686013077795504245e+01
-1.685920161008835905e+01
-1.685934636294841127e+01
-1.685974117815495177e+01
-1.685997089147566896e+01
-1.685990214049817482e+01
-1.685982052087783245e+01
-1.686008562743664285e+01
-1.686012690067290976e+01
-1.686015562713147276e+01
-1.685992878377438231e+01
-1.686003519594669697e+01
-1.686002009809017821e+01
-1.685993452668191495e+01
-1.686001875102520486e+01
-1.685996870696545713e+01
-1.685973210334777406e+01
-1.686011172235010847e+01
-1.686008628010748822e+01
-1.685974765717982038e+01
-1.685952823460101868e+01
-1.686014362275599865e+01
-1.685985184013845029e+01
-1.685986419618130938e+01
-1.685977136194704329e+01
-1.686011852025987423e+01
-1.686003651618958088e+01
-1.685976738631725880e+01
-1.686004682183266112e+01
-1.686012286245822978e+01
-1.686018252074718049e+01
-1.686006169021129253e+01
-1.686007460355757814e+01
-1.686007066965103718e+01
-1.685979988574980837e+01
-1.686010658144951435e+01
-1.686006425917148377e+01
-1.685975953638552838e+01
-1.685981382429600117e+01
-1.686004694402218362e+01
-1.686002569496632830e+01
-1.686010618209837730e+01
-1.686010135710237989e+01
-1.686012313365935711e+01
-1.685978924036027138e+01
-1.685971603393553409e+01
-1.686005306243897905e+01
-1.685979060530663887e+01
-1.685955160260199293e+01
-1.686003851592540670e+01
-1.685972361862659241e+01
-1.686013073921203897e+01
-1.686004610061645792e+01
-1.686001331210136200e+01
-1.686001355350017761e+01
-1.686011385023593689e+01
-1.686006413102148471e+01
-1.685989035069941266e+01
-1.686012969911097059e+01
-1.686010215580462912e+01
-1.686003036499025143e+01
-1.686011074185371683e+01
-1.685962142050266621e+01
-1.686012569963932606e+01
-1.685990638136864561e+01
-1.686013133823870902e+01
-1.686012865006925310e+01
-1.685984625518321778e+01
-1.685991084575654497e+01
-1.685931560695171072e+01
-1.686012816727162544e+01
-1.685991162061691284e+01
-1.686013527214526064e+01
-1.685974340140820615e+01
-1.686010503768919477e+01
-1.685981362462042199e+01
-1.686001463532448241e+01
-1.685994987189769390e+01
-1.686008349061011558e+01
-1.686007843911648507e+01
-1.685947846770287484e+01
-1.685967591702939572e+01
-1.686003989577293183e+01
-1.685998572409151919e+01
-1.686013354063034342e+01
-1.686005560457704888e+01
-1.686005878150463033e+01
-1.686011502742768897e+01
-1.685945402085781808e+01
-1.686007502973079042e+01
-1.686013789176939781e+01
-1.685991448163987627e+01
-1.686000282764433678e+01
-1.686004773676397051e+01
-1.685987100601195721e+01
-1.686010981202126757e+01
-1.686008492410183734e+01
-1.685988341867924944e+01
-1.685933390557766742e+01
-1.686008833646774718e+01
-1.686008246839045555e+01
-1.685989181101323808e+01
-1.685901853144168072e+01
-1.685997638702393431e+01
-1.686009274721146767e+01
-1.686007567942141350e+01
-1.686000868678093667e+01
-1.686004499793053668e+01
-1.685771717727183372e+01
-1.686003367602823388e+01
-1.686014019846916057e+01
-1.685985928773878584e+01
-1.685961305201052340e+01
-1.685933921337126407e+01
-1.686012369692324597e+01
-1.685979186296462728e+01
-1.686013264656065758e+01
-1.685998747050761537e+01
-1.685998901128769845e+01
-1.686012955605984232e+01
-1.685951731204987425e+01
-1.685976039171217167e+01
-1.686008022725583189e+01
-1.686003719568253700e+01
