-1.682723464071750641e+01
-1.681627908349036815e+01
-1.682855346202849489e+01
-1.682627356648445272e+01
-1.682877399027347209e+01
-1.682821062207222695e+01
-1.682438255846501107e+01
-1.938899209164082871e+00
-1.682505174875259968e+01
-1.682556709647179005e+01
-1.682447829246520143e+01
-1.682813232541084147e+01
-1.682907957732676607e+01
-1.682910565435885530e+01
-1.682680306732653364e+01
-1.682893763780593588e+01
-1.682578144669533415e+01
-1.682849902212619853e+01
-1.681451992392539552e+01
-1.682891770005227272e+01
-1.140017499700188708e+01
-1.682175259590149707e+01
-1.682740440070629973e+01
-5.696114928461610383e+00
-1.682819716632365825e+01
-1.682687406539917419e+01
-1.681961554884910015e+01
-1.682426272332668304e+01
-1.682859582901001971e+01
-1.682162835299969927e+01
-1.682968484461308023e+01
-1.681946500241755871e+01
-1.682772420048713613e+01
-1.682821016609668519e+01
-1.113528731241822101e+01
-1.112819642275571930e+01
-1.682509688138960868e+01
-1.682861690819264666e+01
-1.682556683123111441e+01
-1.682816802859305838e+01
-1.682586042582988384e+01
-1.682962035238742970e+01
-1.682394089996815367e+01
-1.682883083820343728e+01
-1.682799883782862693e+01
-5.697698258701712426e+00
-1.140042415484786176e+01
-1.111623788848519290e+01
-1.682931402027607604e+01
-1.682779679894446900e+01
-1.682757985293865488e+01
-1.682903082072733980e+01
-1.682773837745189027e+01
-1.682618863880633242e+01
-1.682769306600094339e+01
-1.682558353543280916e+01
-1.682686318755150623e+01
-1.682519624829292582e+01
-1.682831743955611614e+01
-1.682475571930407909e+01
-6.765575053915381609e+00
-1.682468515932561104e+01
-1.682893351912499114e+01
-1.682844940125942657e+01
-1.682762707173824168e+01
-1.198610779121518455e+01
-1.682470961809157473e+01
-5.440047649294138310e+00
-1.681239191889763873e+01
-1.682593739330769367e+01
-1.682909550964833656e+01
-1.682839361429213909e+01
-1.682768075168133493e+01
-1.682024203538894014e+01
-1.682608455419540405e+01
-1.112200646549463201e+01
-1.682643285691737134e+01
-1.682977390587328870e+01
-1.682542825341224813e+01
-1.682198660671710044e+01
-1.682465443909167391e+01
-1.681515566706656983e+01
-1.682555753588675529e+01
-1.681466872394083722e+01
-1.198622419461608324e+01
-1.682891207039356374e+01
-1.681859522759912906e+01
-1.682719377577304343e+01
-1.682346161901949699e+01
-1.682004390656948090e+01
-1.682901980280876231e+01
-1.682836178839205843e+01
-1.111029772832989515e+01
-1.682928667068480522e+01
-1.682823407351970957e+01
-1.682962516248225171e+01
-1.682675070464610556e+01
-1.682731378376485054e+01
-1.681792186200619099e+01
-1.682840218245982200e+01
-1.682880507409572246e+01
-1.682886442244052461e+01
-1.682718435227869591e+01
-1.682393479645252299e+01
-1.682842094004155342e+01
-1.682805331945419880e+01
-1.682661427557468770e+01
-1.682734024822711305e+01
-1.682750517129898427e+01
-1.682628842294215232e+01
-1.682811255455016664e+01
-1.681868403553962565e+01
-1.110891477316618214e+01
-1.682706854343413028e+01
-1.682896145284174949e+01
-1.682741222977637818e+01
-1.682384071052074503e+01
-1.682777476608752565e+01
-1.682824052870272880e+01
-1.682812151610852069e+01
-1.682447659671306539e+01
-1.682637916803361122e+01
-6.616008788906037275e+00
-1.682187025845049888e+01
-1.682786876559258005e+01
-1.682431089580059691e+01
-1.681394320130349485e+01
-1.682460150420667233e+01
-1.682556027770041496e+01
-1.682714829742907625e+01
-1.682379798591136932e+01
-1.682416574656964414e+01
-1.681961284279823943e+01
-1.682869359850882773e+01
-1.682848241627216979e+01
-6.613362312503156204e+00
-1.682955106794834776e+01
-1.682482173144818560e+01
-1.682765779197215750e+01
-1.682708082795143767e+01
-1.682666705548763275e+01
-1.682636275291443440e+01
-1.681441530585287580e+01
-1.682734293341636089e+01
-1.682826585173607015e+01
-1.682685950398445840e+01
-5.004552080854774765e+00
-1.682933660149574351e+01
-1.682637233138084554e+01
-1.682621794342993482e+01
-1.682352669537067769e+01
-1.681549897491930778e+01
-1.110913442447781563e+01
-1.682573371529580442e+01
-1.682781196236609489e+01
-1.682712636291979535e+01
-1.682563780546187715e+01
-1.682734461724758646e+01
-1.682336609363557045e+01
-1.682640999555589190e+01
-1.682148679196833641e+01
-1.682869228124618388e+01
-1.140059084966778613e+01
-1.682871791422365959e+01
-1.681729899048804100e+01
-1.681883905529975110e+01
-1.682663458287714775e+01
-5.439757753163574350e+00
-1.682923233807087726e+01
-1.682424561381341022e+01
-1.682444298863411802e+01
-1.682778995037078573e+01
-1.682883003354072926e+01
-1.682775761187076924e+01
-1.682419011890887717e+01
-1.682810937166213705e+01
-1.682795234620569857e+01
-1.682521047592163299e+01
-1.682853387892247099e+01
-1.682789836227894753e+01
-1.682716499865055582e+01
-1.682586862146854756e+01
-1.682659454643725994e+01
-1.680741048157213768e+01
-1.682583647370338298e+01
-1.681958745419979806e+01
-1.682619236707687804e+01
-1.682545757591724112e+01
-1.681934155225753003e+01
-1.682618495821952465e+01
-1.682842122912405713e+01
-1.682623534202574334e+01
-1.681988784372805767e+01
-1.682848146557807212e+01
-1.682168998420237216e+01
-1.682374795675278278e+01
-1.682217116355894859e+01
-1.682529891431331848e+01
-1.682978944182395509e+01
-1.682244194447994801e+01
-1.682666307687757978e+01
-1.682688046693803230e+01
-1.682688063085080543e+01
-1.682915157079696655e+01
-1.682188777923582990e+01
-1.682663449347018769e+01
-1.681594343781470258e+01
-1.682213364541531675e+01
-1.682803806960582094e+01
-1.682440200448036904e+01
-1.682737013399602333e+01
-1.682684617638587099e+01
-1.111533337384462072e+01
-1.682636335790157389e+01
-1.682295339405536794e+01
-1.682831553816796344e+01
-1.682687180936336802e+01
-1.682558817565442766e+01
-1.682971630990506284e+01
-1.682839905619620069e+01
-1.682809224128723713e+01
-1.682772009670734903e+01
-1.682975175976753945e+01
-1.682716613411903239e+01
-1.682800062894820314e+01
-1.682827876210211926e+01
-1.682392845749855681e+01
-6.917445647716522927e+00
-1.682944371104239778e+01
-1.682908791303635354e+01
-1.682579185366631691e+01
-1.682561799287795168e+01
-1.111411831527948557e+01
-1.682144669890404387e+01
-1.682516586482523735e+01
-5.849605282023548014e+00
-1.681483879685401561e+01
-1.682420729696751138e+01
-4.112458621896801780e+00
-1.139673928245901990e+01
-1.681772719025611451e+01
-1.682661674916743877e+01
-1.681862589716910605e+01
-1.682563211023806460e+01
-1.682286214232443200e+01
-1.682531188428402302e+01
-1.682614437937736795e+01
-1.682137371003627280e+01
-1.682766701877116233e+01
-1.682751289308070497e+01
-1.682720886170862684e+01
-1.681974416077136070e+01
-1.682795942127706113e+01
-1.682449610829352338e+01
-1.682591475546360371e+01
-1.682008957564829643e+01
-1.111143166869878840e+01
-1.682417083084584064e+01
-1.682687460482121011e+01
-1.682747963666914970e+01
-1.682826203107832796e+01
-1.682847438156605691e+01
-1.682923015654085930e+01
-1.681640977859497355e+01
-1.682040120959280927e+01
-1.682895436882973428e+01
-1.682607399821282357e+01
-1.682423532605170635e+01
-1.682736857235432737e+01
-1.682939740121366157e+01
-1.682309230268002054e+01
-1.682765744328497703e+01
-1.682683372199535299e+01
-1.682532483339309692e+01
-1.682798570692539286e+01
-1.111138093322515807e+01
-1.681492948830128498e+01
-1.682306869029999774e+01
-1.682414153516292288e+01
-1.682728022933006784e+01
-1.682050583958627143e+01
-1.682670075595378378e+01
-1.682153885960579487e+01
-1.253473952971398742e+00
-1.682684300243854025e+01
-1.681586094796656639e+01
-1.682806288897992175e+01
-1.681626332104206156e+01
-6.616069324500858606e+00
-1.682860445082188150e+01
-1.682569376826285890e+01
-1.682674789130686577e+01
-1.682600839436055296e+01
-1.682778969705104188e+01
-1.682478419840336770e+01
-4.815336155006662899e+00
-1.682309435307979228e+01
-1.682645688354969948e+01
-1.682401193678380125e+01
-1.682692058682442138e+01
-1.681761094331742257e+01
-1.682671291232109212e+01
-1.682494318783282239e+01
-1.681889590322973049e+01
-1.682693430483341857e+01
-1.682332417368888144e+01
-1.682823974192142558e+01
-1.682810992002487183e+01
-1.682483517229556824e+01
-1.682340575158596963e+01
-1.139994140937924705e+01
-1.110895619094372044e+01
-1.198501855581998399e+01
-1.681772167086601399e+01
-1.681233330070972443e+01
-1.682937869131565733e+01
-1.682568053305148226e+01
-1.682784103751182414e+01
-1.110938458144664587e+01
-1.682838406264781028e+01
-1.682569444179535267e+01
-1.139472699761390651e+01
-1.682667025029659769e+01
-1.682704069018364379e+01
-1.682329640090464906e+01
-1.682841973006726022e+01
-1.682677210867403872e+01
-1.682223177552222282e+01
-1.682106291949747501e+01
-5.751199767366051319e+00
-1.682959956526755718e+01
-1.682135175466537191e+01
-6.611899646744130443e+00
-1.682683897912502147e+01
-1.682778284847737282e+01
-1.682529176771641488e+01
-1.682584344446658875e+01
-6.616209048032759554e+00
-5.440094854682683945e+00
-1.682491292953491779e+01
-1.682880655229093136e+01
-1.681739543974400775e+01
-1.682979655861853274e+01
-1.198661872595548950e+01
-1.682757900059222322e+01
-1.111131792291999076e+01
-1.681996282339095217e+01
-4.604810095205903231e+00
-1.682522853910923288e+01
-1.682874187827108869e+01
-1.139995698332786667e+01
-1.681790300309659258e+01
-1.682613852322100811e+01
-1.682537887394427756e+01
-1.682828288674354411e+01
-1.682734681963920309e+01
-1.682867958247660667e+01
-1.682909766137598595e+01
-1.682548860013486092e+01
-1.682751400470734637e+01
-1.682707527875901832e+01
-1.682327312231063843e+01
-1.682935850322246196e+01
-1.682703540325163871e+01
-1.110927106589079116e+01
-1.682598848938942382e+01
-1.682463118135929392e+01
-1.198654535263776566e+01
-1.682379620373249907e+01
-1.682399012148379214e+01
-1.682123765647410707e+01
-1.682757028341292482e+01
-1.682461814284323509e+01
-1.682867080271244120e+01
-1.682055346071719271e+01
-1.682627972066401867e+01
-1.682491729557515114e+01
-1.682628613710403087e+01
-1.682385759651660706e+01
-1.680953600406646231e+01
-1.682867183983326598e+01
-1.682817144989966707e+01
-1.682492737472057698e+01
-1.681361568570136455e+01
-1.682574748992918501e+01
-1.681787938177585673e+01
-1.682826655507088986e+01
-1.682177551686763906e+01
-1.682901967167854096e+01
-5.960027778916990648e+00
-1.682697619497774966e+01
-1.682916391789914456e+01
-1.682687514424323538e+01
-1.682784258425235180e+01
-1.682189326286316344e+01
-7.042762819677592212e+00
-1.682883095443248678e+01
-1.682870647609234638e+01
-1.682602712512015586e+01
-1.681898384690283876e+01
-1.681803975701333442e+01
-1.682420994937420744e+01
-1.682410186529158835e+01
-1.682277969717978650e+01
-1.682745562791825478e+01
-1.682180021703244321e+01
-1.682868246138096779e+01
-1.682434417903422386e+01
-1.682694303393362389e+01
-1.682651540637017007e+01
-1.111058196872472337e+01
-1.682941719293594929e+01
-1.682742764949798797e+01
-1.682622841894627186e+01
-1.682111789882183217e+01
-1.681514144241809205e+01
-1.682758865654469460e+01
-1.682767089307307629e+01
-1.682695010602473218e+01
-1.682513486444950246e+01
-1.682703468799591917e+01
-1.111212365776300359e+01
-1.682802733480929547e+01
-1.682622972130775807e+01
-1.682559068799017865e+01
-1.682635765075684020e+01
-1.682838481962679822e+01
-1.682724667489529224e+01
-1.682364128828048777e+01
-1.682869925796985200e+01
-1.682595735192298037e+01
-1.681301343739031751e+01
-1.682770970463753102e+01
-1.682542557120323323e+01
-1.681183238625526499e+01
-1.682903641760347924e+01
-5.697919121198357750e+00
-1.682180208861827353e+01
-1.682756490409375161e+01
-1.682868713438509900e+01
-1.682561131715773328e+01
-1.682825250923632865e+01
-1.682555746436120359e+01
-1.682828900516033954e+01
-1.682684451937674552e+01
-1.682417762279510498e+01
-1.682892628014088032e+01
-1.682696229219435935e+01
-1.682746370732784769e+01
-1.682388080656527762e+01
-1.682969979047775411e+01
-1.681433783471585386e+01
-1.682610575854777935e+01
-1.682732300460337527e+01
-1.682338838279247994e+01
-1.682180595993996874e+01
-1.682762985229492259e+01
-4.546427232399582685e+00
-1.682762380838393312e+01
-1.681893274188042398e+01
-1.682810536623001596e+01
-1.681870893537998057e+01
-1.682639757096767497e+01
-1.682867417633533691e+01
-1.110952427387237051e+01
-1.682168152630329416e+01
-1.682052345871926491e+01
-1.682228471934794456e+01
-1.682385794818401692e+01
-1.111169791743158974e+01
-1.682802196145056328e+01
-1.682763061523436932e+01
-1.682229570746422098e+01
-1.682707318365574878e+01
-1.140055383592843974e+01
-1.680864228606223776e+01
-1.682912949621678322e+01
-1.682571946084499714e+01
-1.682573300302028230e+01
-1.682651104331017322e+01
-1.682766356766224902e+01
-1.110944653823971606e+01
-1.682889770269393992e+01
-1.682193656563758211e+01
-1.682881762087346189e+01
-1.682232297658920572e+01
-1.682447406351565178e+01
-1.682771717607973727e+01
-5.445971651375290712e+00
-1.682538717389106608e+01
-1.682888272404669650e+01
-1.682172352969645601e+01
-1.679853665530682605e+01
-1.682731331586836632e+01
-1.682652601301670714e+01
-1.682494649887086169e+01
-1.682692280709744281e+01
-1.682326913475990082e+01
-1.682723467350006885e+01
-1.682833366096020455e+01
-1.682415857911110280e+01
-6.763680091872811495e+00
-1.682377851307391481e+01
-1.682947219312191933e+01
-1.682527363002298770e+01
-1.682042838037015287e+01
-1.682169505655764397e+01
-1.682834544777870889e+01
-1.682769545018672019e+01
-1.682785639762879981e+01
-1.682868322432041452e+01
-1.682721617221831423e+01
-1.682868027985095694e+01
-1.682732634246348624e+01
-1.682920018136502094e+01
-5.687189637869598080e+00
-1.681476082205772826e+01
-1.140011823475361119e+01
-1.682381510734557040e+01
-1.682913042008877014e+01
-1.681960349977015667e+01
-6.406428775563836275e+00
-1.682217510938645688e+01
-1.682624182999132856e+01
-1.682537171244621987e+01
-1.682654770314693593e+01
-1.682606911361218138e+01
-1.681953280270099782e+01
-1.682661439478397369e+01
-1.682843207418918396e+01
-1.681737945079801833e+01
-1.682853884696961089e+01
-1.682861912548541738e+01
-1.682591829001903960e+01
-1.682829737663268332e+01
-1.682756991684437153e+01
-1.682897834181784802e+01
-1.682421919107436281e+01
-1.682928640246391438e+01
-1.682432096600533100e+01
-1.682973697781563516e+01
-1.681970656216144278e+01
-5.849235693179071660e+00
-1.682911406457423098e+01
-1.682785767912864827e+01
-1.682303938567638468e+01
-6.390146997943520368e+00
-1.682741188704967428e+01
-1.682443259656429646e+01
-1.682477273344992597e+01
-1.198594851642847026e+01
-1.682793483436108772e+01
-1.682272756099702349e+01
-1.682406669855118864e+01
-1.682686524689197327e+01
-1.682939664423464521e+01
-1.682698554992676065e+01
-6.766020313277842035e+00
-1.681655643582344339e+01
-1.140015134140849185e+01
-1.682405673265456159e+01
-1.682730701267717777e+01
-1.682502238750457479e+01
-1.682831892073155089e+01
-6.324788022041320623e+00
-1.682722344696520977e+01
-1.682778344452380637e+01
-1.682840630114078806e+01
-1.682460787296296090e+01
-1.682165919542313759e+01
-1.682687663733959837e+01
-1.682640833854675577e+01
-1.682885864675044374e+01
-1.682567133307458107e+01
-1.682698237001894981e+01
-1.682653807103633525e+01
-1.682561894655228230e+01
-1.682087782621383809e+01
-1.682455974221230832e+01
-1.682576676309107810e+01
-1.682544389963149456e+01
-1.682735963165760751e+01
-1.682750890552998158e+01
-1.682705129683018086e+01
-1.682895530164241649e+01
-1.682483976483344890e+01
-1.681303333640097364e+01
-1.681782076358794598e+01
-1.682896443307400247e+01
-1.682687355279922770e+01
-1.682704231739043621e+01
-1.682769528031349537e+01
-1.681515984237195127e+01
-1.682523071467877784e+01
-1.682767139971256043e+01
-1.682804224789143177e+01
-1.682966762781143188e+01
-1.682438315749168467e+01
-1.682555172145365674e+01
-1.682675818204880258e+01
-1.681994043290613661e+01
-1.682616560161114805e+01
-1.681989820003508740e+01
-1.682085902988909609e+01
-1.682743746042251942e+01
-1.682843294143676260e+01
-1.682556645274160800e+01
-1.682015942037106271e+01
-1.682890295386313539e+01
-1.681522470116615864e+01
-1.682715873420239205e+01
-1.682056432962416892e+01
-1.682587514519689975e+01
-1.682830431461334086e+01
-1.111180652901530053e+01
-1.682774295210839099e+01
-1.682877728044987364e+01
-1.682295359373093646e+01
-1.682768687009812680e+01
-1.681770520508289124e+01
-1.682376879453659058e+01
-1.682806375324725323e+01
-1.682954688966273338e+01
-1.681847171187401457e+01
-1.682249256968498230e+01
-1.682187924683095659e+01
-1.682725719213485149e+01
-1.682090870141981753e+01
-1.682593249678611969e+01
-1.681745565235615558e+01
-1.682670507133007831e+01
-1.682523642778396322e+01
-1.681566165387631528e+01
-1.681686318814753633e+01
-1.139999350756406749e+01
-1.682533354461192232e+01
-1.682855980098246818e+01
-1.682213356792927783e+01
-1.682610532343387177e+01
-1.682435235977172283e+01
-1.252666732063517196e+00
-4.995567528903484877e+00
-6.454149957746268207e+00
-1.682570023536683124e+01
-1.682129170894623726e+01
-1.110903711542487038e+01
-1.682921427488328447e+01
-1.682882795333862092e+01
-1.682801021337509439e+01
-1.682634479999541099e+01
-1.681789576709270406e+01
-1.682703115940093141e+01
-1.682500360012055296e+01
-1.682683669328690357e+01
-1.682786070704461068e+01
-1.682748915553092672e+01
-1.682276146709920184e+01
-1.681934566199780434e+01
-1.682256974577903463e+01
-1.682609716653823284e+01
-1.682826525270938589e+01
-1.682708380520343283e+01
-1.682667940258979655e+01
-1.682893882691860554e+01
-1.682229863107204082e+01
-1.682194930613040995e+01
-1.682606256306170778e+01
-1.682821718454361104e+01
-1.682490334510802654e+01
-1.682954543828963878e+01
-1.682902063727377850e+01
-1.682635600864886172e+01
-1.139873742014169800e+01
-1.682372571527958272e+01
-5.714019027352333246e+00
-1.682745644450188394e+01
-1.681958362460135703e+01
-1.681438689231873340e+01
-1.682826674580575599e+01
-1.682644917070865986e+01
-5.667961157113316162e+00
-1.682604972422121392e+01
-1.682711997926235625e+01
-1.682502772510051159e+01
-1.682063605189323141e+01
-1.682223987579344993e+01
-1.682751491069792849e+01
-6.917146912217138954e+00
-1.682820344269274315e+01
-1.682853658497333882e+01
-1.681789478063582521e+01
-1.682828907370566540e+01
-1.682707254290581744e+01
-1.682594900429247531e+01
-4.980140920728445053e+00
-1.682615267634392708e+01
-1.682437011599539645e+01
-1.682266183793545267e+01
-1.682841842174528679e+01
-1.110839597433805537e+01
-1.682739063799381896e+01
-1.682343812882899670e+01
-1.682841130197047619e+01
-1.682697058618069619e+01
-1.682859193086624217e+01
-1.682669790685176281e+01
-1.682173288166524472e+01
-1.682175684273242311e+01
-1.681760270893572695e+01
-1.682350791394711464e+01
-1.682159135639667724e+01
-1.682363976836203889e+01
-1.682161491513252116e+01
-1.682075457870960022e+01
-1.139957281351089691e+01
-1.682297813892365568e+01
-1.682962627708911185e+01
-1.682414873838425962e+01
-1.682486628293990805e+01
-1.682650322020053935e+01
-1.682018948495388955e+01
-1.682756972908973836e+01
-1.682942934036254101e+01
-1.682962178587914082e+01
-1.682712495326995494e+01
-1.682703661322592126e+01
-1.139993349015712631e+01
-1.682898287773133106e+01
-1.682618010044097900e+01
-1.682729729712008648e+01
-1.682884422838688820e+01
-1.682676000297068697e+01
-1.681547352671624296e+01
-1.682826328873635546e+01
-1.682906086742876894e+01
-7.095968824625013660e+00
-1.682657202184199363e+01
-1.682940667271614998e+01
-1.682758665382862162e+01
-1.682523002028464276e+01
-1.682933893203735920e+01
-1.682858833074570626e+01
-1.682511902451515340e+01
-1.140051270052790855e+01
-1.682751247882841739e+01
-1.682896451056004139e+01
-1.682897733747959990e+01
-1.682013110220431784e+01
-1.682575091719628091e+01
-1.198653635680675222e+01
-1.682167720496655505e+01
-1.682201729714869742e+01
-1.682882946729660745e+01
-1.682832572758198708e+01
-1.681917264461515771e+01
-1.682836331129074381e+01
-1.682896325290203876e+01
-1.682765058875083852e+01
-1.682634924352167616e+01
-1.682827683985232525e+01
-1.110933777093887365e+01
-1.682694801986218280e+01
-1.682775795757769188e+01
-1.682557554543017275e+01
-1.682716340422629386e+01
-1.682713303565979857e+01
-1.682703797221183706e+01
-1.110907947719097244e+01
-1.681852444112300660e+01
-1.682577572464942506e+01
-1.682804805636405732e+01
-5.651105899363757068e+00
-1.682140799462794689e+01
-1.682851536571979878e+01
-1.111242972835898435e+01
-1.682685320079327340e+01
-1.682654269635677124e+01
-1.682828752696515195e+01
-1.682489098310469444e+01
-1.682033053040504811e+01
-1.198574581593275035e+01
-1.682386807501316639e+01
-1.682796389460563091e+01
-1.682898789644242399e+01
-6.917299573123453449e+00
-1.682633699774741487e+01
-1.682548673748969392e+01
-1.110916155204177080e+01
-1.682077550590039294e+01
-7.041355878114699429e+00
-1.682728585302828961e+01
-1.681835947930813902e+01
-1.682905288636684915e+01
-1.682829843759536104e+01
-1.682689629495143535e+01
-1.682618130743504281e+01
-1.682805679142474631e+01
-1.682574892342090678e+01
-1.682796793878078390e+01
-1.682979359328745872e+01
