4.366600671177618409e-01 3.661524539731192629e+00 1.819377326358909475e+00 2.589437901605486037e+00
1.411260701071220147e+00 4.265802976458608953e+00 2.910217117068988113e+00 1.755116357028744467e+00
2.289355004487155121e+00 3.388770604713288837e+00 5.575726768752613083e+00 6.028665584968513791e+00
2.367213914127332064e+00 4.498190506033743929e+00 5.130725126713809203e+00 4.949596070139525850e+00
3.810376721981002301e+00 2.123838625980825512e+00 4.345950301262455184e+00 4.555641546882014836e+00
1.714071602179801035e+00 8.166113344680880903e-01 1.726773608062746490e+00 2.408445579733000663e-01
2.145914263232338914e+00 4.241743499283154306e-01 4.568850204361662115e+00 5.382986366817320345e+00
5.625119972455609130e+00 1.091871823935903763e+00 5.197566618548099981e+00 1.662665360315253693e+00
2.726394268596204373e+00 6.062056262381212868e+00 4.858188479172926399e+00 1.528267348336250109e+00
1.816107387654722682e+00 2.103315351799984079e+00 2.294191203339795315e+00 3.929134708049467406e+00
5.724256747744976614e+00 4.308293522879444559e+00 1.056465860745842589e+00 4.404676230315668128e+00
1.118767746802719953e+00 2.223839016073323460e+00 1.172418470500449450e+00 2.863123840348644755e+00
3.969645317265666051e+00 3.179054968539322790e+00 5.165197307595454923e+00 2.510471470332839239e+00
6.008739030512260548e+00 4.035286916726474438e+00 6.484735958180619653e-01 3.973522960093971435e-01
2.209108231392469701e+00 2.233020032015328837e+00 5.764912128364923838e+00 9.604591053644482290e-01
4.844793377534108103e+00 3.322322666576189576e+00 5.074491954735573351e+00 1.090962383171574013e+00
9.661028436640403116e-01 1.501082672297203935e+00 4.819533649661984498e+00 5.904765970622031901e+00
3.593466859982560102e+00 3.801762222393294255e-02 2.538580727393250136e+00 8.657167026458725267e-01
2.876909314544429996e+00 1.481491002286126957e+00 3.537994115751177393e+00 2.551367042834487453e+00
4.575834086886435337e+00 5.947032118644484111e-01 3.736612050392309481e-01 2.220764379692711010e+00
1.214819391246255931e+00 4.875202671787686626e+00 1.577739896518084661e+00 6.362718878413480272e-01
4.256166956572816851e+00 4.981155685370503683e+00 5.545259137785770065e+00 5.117310710610182944e+00
6.486051363582445717e-01 2.727742517552922852e+00 9.486384976838896366e-01 1.967537181195330609e+00
3.808779571389295793e+00 3.649022469670768043e+00 8.849627503695262076e-01 6.021120545925617407e+00
5.662189051172870080e+00 6.909043464096908949e-01 2.842774544866898179e+00 3.595631486741619476e+00
5.898069550665060445e-01 3.816690732411544218e+00 4.117452517096909403e+00 4.961782999187361654e+00
2.982837209435546200e+00 5.556374583049619176e+00 2.314243561298551466e+00 2.471943126568659999e+00
3.750375014341674529e+00 2.115648663799164275e+00 5.592171964706909471e+00 4.210572447252846295e+00
6.886462471036001176e-01 1.364301785169717007e+00 2.373511274679285937e-02 8.268025018627131462e-02
1.932890714912166574e+00 1.494580576635102798e+00 2.066683890737071039e+00 3.057544847449617187e+00
6.274047902669970256e+00 3.648279543620119192e+00 7.812381449336473771e-02 5.900442381501221689e+00
2.560865257454998378e+00 2.165410959633854215e+00 6.198495202631989720e+00 1.357732842035804577e+00
2.911840936134847624e+00 4.893033652613761220e+00 4.888252682862916365e-01 6.103384366743665801e+00
1.794265143509151450e+00 4.938879794379928967e+00 4.624423866831105734e+00 4.053737205470545391e+00
2.426891091288613023e+00 6.272809673399187602e+00 3.699555085880349647e+00 4.060772078010963959e+00
4.042034552889401389e-01 1.231941122751627260e+00 3.254188115177655938e+00 2.107388170015828788e+00
3.722435843189548343e+00 3.478693936072477566e+00 4.912760042716501907e+00 1.526229628788067449e+00
4.547049601002552066e+00 4.567801556317495404e+00 6.031034467709302405e+00 2.000858368941833554e+00
2.842249195568149034e+00 4.022168576264752993e+00 3.278665430941103409e+00 2.271898012920854804e+00
2.623032259131602206e+00 4.414322394641527758e+00 3.847110804679011231e+00 6.113593320917796170e+00
5.601173779166934708e+00 6.751297892689667179e-01 6.140748120458118464e+00 4.309576747901536997e+00
5.036146455350684725e+00 1.263531664941513588e+00 3.689483712416919747e+00 3.570927684362795951e+00
4.781347208757647849e+00 6.248437519211396562e+00 5.034705960299944438e-01 4.077938530142994900e+00
5.632131017783107652e+00 4.371975051277536273e-01 6.262798184354426034e+00 5.936188279026119119e+00
1.096259089954529475e+00 2.752112872870017490e+00 5.145974355396678135e+00 1.585449190879465731e-01
2.680369574149564560e+00 5.728026117357373437e+00 5.382640062954255455e+00 3.874817579321662819e+00
5.549944566477598151e+00 6.001415566709987992e+00 4.651747320475656089e+00 2.040547218618431469e+00
6.282325784133663049e+00 1.684137008635456789e+00 5.681545021854654820e+00 1.304995671676904889e+00
8.205614281221430550e-01 2.007781203413548710e+00 1.936375920620470037e-01 5.832445366666378500e-02
1.334364581625004098e-02 1.486788733135976370e+00 3.676416492279980908e+00 8.901648574979659223e-01
6.067870820452620606e+00 3.499205053299935253e-01 2.344568432842431438e+00 3.895974502145188367e+00
4.990357237870248319e+00 4.891771901799377709e+00 7.507405337277525126e-01 2.790075798860242706e+00
6.217210255421482756e+00 1.033348718862370230e+00 6.768758270258871113e-01 1.995442269300231608e+00
7.046791003751073923e-01 5.946523587759515728e+00 2.069693642458281246e+00 3.804071486952966374e+00
1.979349748363913308e+00 4.418115501999216876e-01 4.519615819425656156e+00 4.178935853094887243e+00
3.390559668081010614e+00 2.371845694265106164e-01 2.479989353783859374e-01 7.375736795936659318e-01
6.035295873815184287e+00 1.559191580899176532e+00 6.028802246284879374e+00 4.076016318158627527e+00
5.875580584790397465e-01 5.013767358520889950e+00 3.761090284622078617e+00 2.974395232894016736e-02
5.530568711623113920e+00 8.841290697709150992e-01 5.409813682403115997e+00 2.250213505988822582e-01
4.349181804821209418e+00 2.026277143243625289e+00 2.624414672977374519e+00 1.089212579768577965e-01
2.885971925120887627e-01 3.994722742591315878e+00 4.565677183082620161e+00 1.618463731360032520e+00
2.485751325522530308e+00 3.020970503799729645e+00 4.749890802767246178e+00 5.406146242839096061e+00
4.783367072926830055e+00 5.886397708179242017e+00 2.935555079244697829e+00 4.951383673237980787e+00
2.724533232070128208e-01 5.586200525782468063e+00 7.045045707218978714e-01 4.966441614272210536e+00
5.413149076199387899e+00 1.191638835712737210e+00 5.781196273285499565e+00 2.773739857604664572e+00
3.875577460161492294e-01 2.499841865776411431e+00 8.088523148555539777e-01 1.248236667223456164e+00
1.697960783252063122e+00 2.052952006196714585e+00 8.629481566388637059e-01 3.990306463765070699e+00
4.659802096302584351e-01 3.926390768824087996e+00 5.964627965524332609e+00 4.504991606583997665e+00
9.325993360907209873e-01 7.683979487222480920e-02 3.368653072695929396e+00 5.328499780271033437e+00
3.463455183813999749e+00 5.746222318057622402e+00 1.186316840581681520e-01 4.596748649903469541e+00
6.045063946836688018e+00 6.143985860357555673e+00 1.420323649280388345e+00 4.437831878105690797e-01
1.635857754989491486e+00 2.884973815982371903e+00 1.595637257553246702e+00 4.966907052115719701e+00
3.260564244748855867e+00 2.855213894266942720e+00 3.634889258205581175e+00 4.475564209889825174e-01
4.059780078165287520e+00 5.558378892490354772e+00 2.095960316716682925e+00 2.828060481529697689e+00
4.626448000030520258e-01 3.400352021704503791e+00 2.189629118135384633e+00 2.826901644157490789e+00
2.869426817938683261e+00 2.907934554226029533e+00 2.432085514985987462e+00 7.207245308062321110e-01
4.635924918881274337e+00 2.439193479363380490e+00 6.198221947428208090e+00 1.172317251006991912e+00
3.419697746060274657e+00 2.452213356948131917e-01 4.350752746295248663e+00 2.070281205118088330e+00
8.403578674683028771e-01 3.903198828635484396e+00 4.919341867483990605e+00 2.972741410422756747e+00
3.307992367230834230e+00 3.552473221045002294e+00 2.156754587201596962e+00 2.186881560178185246e+00
1.331494494358953062e+00 2.156405391615377365e+00 5.194204184147082515e+00 5.059935966812433072e+00
5.767482000968085387e+00 5.131460087563969097e+00 3.834397558623966695e+00 1.815897719746573324e+00
5.289817120040996024e-01 2.093429666608490169e+00 7.093521427004482183e-01 3.571725271293371584e+00
1.288628276018764840e+00 4.680334617385450535e+00 4.648237829362175333e+00 1.552206976395550386e+00
5.244151741970173752e+00 1.087046890830493551e+00 2.616513910609549409e+00 4.004831380022424447e+00
1.059095489624380937e-01 1.118155089526364332e+00 1.379414063536564594e+00 5.328925289664356413e+00
4.987931538174884771e+00 3.190358089393777963e+00 2.784889619166261099e+00 1.544817192200749645e+00
1.936822425799625824e+00 1.743402284906773625e+00 1.727482364802361170e+00 7.123385422792583022e-02
3.844184104479268504e-01 1.076083954197087689e+00 1.413616174016867344e+00 5.697212931563227833e+00
6.052077228409776133e+00 3.251427260289433185e+00 6.006654039705476400e+00 2.095544722268322779e+00
5.838179809032308931e+00 3.383098623191552079e+00 1.807090181664902762e+00 2.664597884622053048e-01
4.186723141216017297e+00 1.125878796465140219e+00 2.301763355418039669e+00 5.318101116191715327e+00
3.474531866491735954e+00 4.332459373052372498e-01 4.458625196653893674e+00 9.200552832953251547e-01
2.004059620459198499e+00 3.424479571063446581e+00 2.090776613631244896e+00 8.825189013054247633e-01
1.953548294901082061e+00 5.824682764810194868e+00 5.137080285661458134e+00 4.362296178321733997e+00
4.779470488154933250e+00 5.226838873022393805e+00 7.981939333174388196e-01 5.541127279807458450e+00
5.800414615927668827e+00 3.628757170971513624e+00 4.971504953675997207e+00 3.093360239239282272e+00
5.441624153719756940e+00 2.420844608949664356e-01 5.175379423361964548e+00 5.043595520790709053e+00
2.525745278828424034e+00 3.116942462623466525e+00 4.081379684614930170e+00 4.980654908457942120e-01
1.201364208157595259e+00 9.732366561918867065e-01 1.073179789200301881e+00 2.534403855912976233e+00
3.772425926169587385e+00 1.320727648927032316e+00 2.897505528815607967e+00 4.143479341333717869e+00
3.861480967027322908e+00 1.001926783636608143e+00 3.175305191213810829e+00 3.444704764993412383e+00
4.732497201324845082e-01 6.182906663286527049e+00 1.820588411647601212e+00 6.634852271898857012e-02
5.099620693394276039e+00 3.843600048345436893e+00 5.890810647738970118e+00 3.099076781003571313e+00
6.820141987374093162e-01 9.708064645629180811e-01 2.042732163177422677e+00 2.438859922326524377e+00
1.493296740993552474e+00 1.426915928131961886e+00 5.318614905113143720e+00 5.461645103459364492e+00
1.774782177673028372e+00 6.045812120008197121e-01 8.424556513238439237e-01 4.500964637411641434e+00
7.687625422171394662e-01 5.348577655070629433e+00 2.947925646447369985e+00 5.416266746588660475e-01
4.214873862826368445e+00 2.965791714343401164e+00 2.315058062251414306e+00 6.261122548890455164e+00
3.471689287626780196e+00 3.997585917467992189e+00 5.784948543930890530e+00 2.577156042174609141e+00
5.991706821410435424e+00 4.195862115365083245e-01 4.058600787092729867e+00 1.066948342846265163e+00
4.955165830961862916e+00 4.345099241037917892e+00 1.494504300824845533e+00 6.146852771541971627e+00
2.497094040411328653e+00 2.799688579535539290e+00 5.296596883263712030e+00 1.093602946552251654e+00
2.009835809132190398e+00 4.450500011556710045e-01 3.456371004749106746e+00 1.358969351129403869e+00
3.714575115685460616e-01 3.850186097230983151e+00 5.129701915620594299e+00 2.317168168760133096e+00
9.549720596452856425e-01 4.552202193751543113e+00 9.498009499964145119e-01 5.862749296558958934e-01
3.003181079600685255e+00 1.395113052990101243e+00 2.208902076495921296e+00 5.280627136376852881e+00
4.301108674210493810e+00 5.766905273352066708e+00 4.391891420806034674e+00 4.402056824341227248e+00
1.941544448125041455e+00 6.062473291335322756e+00 5.903713185082633430e+00 1.231252896160756199e-01
3.886778885604853517e+00 1.545399541493116535e+00 4.564688415395650622e+00 4.018858814866905771e-01
5.593325628297869834e+00 1.437566401125251803e+00 2.932845876043643329e+00 2.202046758268197735e+00
6.607283144839301570e-02 5.943768648087769613e+00 2.245101320755767738e+00 6.523324589971242204e-01
5.030941820197675440e+00 3.372568332662732260e+00 4.195814847824148153e+00 5.312594951972930524e+00
3.950913736752253325e+00 6.361543419255135667e-01 3.116742016214830713e+00 6.105172928325316661e+00
1.731686141538649304e+00 3.299707556795383301e+00 3.195696596989442972e-01 3.386378828452611400e-01
9.895892825234639534e-02 1.401096248527458954e+00 4.266865781212922926e+00 5.921625897947174977e+00
5.598713674361752268e+00 3.566968031092426550e+00 1.176524583989224437e+00 2.547821727678337034e+00
9.243673234555122020e-01 2.418653651884613565e-01 2.008272398172535667e+00 3.694266956670886781e+00
5.436749829927252975e+00 4.114137364194835556e+00 5.624678334009765024e-01 4.400802798606348709e+00
4.265010834449982191e+00 1.757455961386521270e+00 5.790158105341884465e+00 3.043395996993440988e+00
2.992388375827763181e+00 3.492902644935957479e+00 2.599659566665789789e+00 1.500716880318492263e+00
3.055406725793258893e+00 1.218988071035843612e+00 5.055211307814735378e+00 2.698149367846195967e-01
5.589248364587924733e+00 3.278900147110705099e+00 5.966528841112054060e+00 2.542357222602863676e+00
4.141159279002639693e+00 5.700253835163482385e+00 3.696037215736029058e+00 3.658024614616716796e+00
3.666266983952649827e+00 6.556823105527307405e-01 8.407956340892661640e-01 3.675419178547956633e+00
3.774493602144403326e+00 1.126538753612516208e+00 2.730980522525533249e+00 2.749467119501157464e-02
5.606020556281881007e+00 3.614009392314819102e+00 1.086434153763891963e+00 6.121368922316347216e+00
4.415781736498514576e+00 6.240456551330575419e-01 3.830454781526365426e+00 1.976920621184262983e-01
1.423700982637150281e+00 1.539769739595536091e+00 5.287735077377525350e+00 5.911195022350960393e+00
1.691284011789915054e+00 4.349699712914588012e+00 2.011503359781439126e+00 2.190506342900210512e+00
3.083217546442349910e+00 4.618523586532186975e+00 4.027057010367621537e+00 6.134215502973304091e+00
1.638992737310001724e+00 9.942210376736655419e-01 4.282577574216080762e+00 4.501775277535069897e+00
4.817775488073724688e+00 5.476017033874260420e+00 1.535211984985077605e+00 3.514187643147598017e+00
1.768641788088085365e+00 3.621784101912349563e+00 3.100305759970667374e+00 6.236249829439173276e+00
5.934094783064863599e+00 1.270512245893484216e-01 3.645472452229662874e+00 4.832367750977238252e+00
2.412675500307474685e+00 2.366484095305003144e-01 5.257149099202351294e+00 1.575661925264699281e+00
2.758278497821525566e+00 4.822255947365246875e+00 4.891445920051914698e+00 3.412090637338291987e+00
3.304352472324517453e+00 4.705187546986751457e+00 6.803476105463562851e-01 4.955431954863573907e-01
4.232376145333941464e-01 2.814772095258557538e-01 3.340371176286419441e+00 4.716751052657110144e+00
2.810634703499250708e+00 5.618813753940565370e+00 2.374065443422579413e+00 6.131660507229877766e+00
8.082734525200804265e-01 2.622308236000283177e+00 2.388733088238254254e+00 7.860354064789357720e-01
1.919330375588092163e+00 5.957148109879589093e+00 5.190044677544593199e+00 3.968091401326270695e+00
2.621709889245479097e+00 1.394914891280292890e+00 2.031844415904513479e+00 5.794287123908815396e+00
5.876671462308102889e-01 4.619998704525801747e-01 2.741634610428791863e+00 4.123318145797640000e+00
2.609970237672015969e+00 3.823297826217857853e+00 3.617668996667959269e-01 3.623110824195396873e+00
5.469697846821355292e+00 3.950455020195573486e-01 4.400672497945518735e+00 9.254253473943160335e-01
3.175983280948351806e-01 1.203082492367834266e+00 2.679086658852933400e+00 2.706838827852400708e+00
3.198560989584425585e+00 5.774962779530060430e+00 4.294306528130285905e+00 6.016371970760617138e+00
1.353661457859696160e+00 1.010978187021731145e+00 8.218541018842078216e-01 4.397940097426700667e+00
1.097713247235840628e+00 4.961646539697592395e+00 6.049899369250255177e+00 4.219919546935492427e+00
5.527961382458218553e-01 1.083964961383478309e+00 4.969348895140941913e+00 1.446154993083472950e+00
5.465140105458795361e+00 1.813438167462534834e+00 5.419388279481896831e+00 2.368826737590221665e+00
1.437129943723080672e+00 5.847702620089829217e+00 5.552999040007834175e+00 4.935998315554814830e+00
2.785919887173240905e+00 5.820084034892182068e+00 3.538280301230130043e+00 9.912784652182156098e-01
6.079074841472588808e+00 5.253159346398295071e+00 5.964472029240290851e+00 2.738394350861801829e+00
5.265888869714997256e+00 3.706461567357836717e+00 3.226434629683445632e+00 4.166365447247676101e+00
1.921498437664536929e-01 4.603394610832868494e+00 2.936255167597280336e-01 1.615246046097086330e+00
3.622282591851577749e+00 2.142893885729015846e+00 1.488527159207616801e+00 2.594230614124557910e+00
1.232747979302079022e-01 2.341437646371051340e+00 6.265480636732777775e+00 1.962105095220428419e+00
4.186789808932556589e+00 5.912047385475005079e+00 3.727141388976513703e+00 3.289600819480964500e+00
1.802811529732988971e+00 4.176147114370428959e+00 3.425940415169002939e+00 2.825365645374189327e+00
4.674172171673191656e+00 2.229774007585092477e+00 6.095403596289965087e+00 4.867606389659686172e+00
2.399239328286143502e-01 1.866854121638180208e+00 2.159909331077014549e+00 2.476973148948411474e+00
3.353357395881397061e-03 4.933929534864915922e+00 5.564714881663827661e+00 5.945339777794965030e+00
5.317101473659604949e+00 1.405757098318624720e+00 5.157687810834708841e+00 5.131293226904591442e+00
2.739472444639125204e+00 2.748617730624922206e+00 3.219811341202855060e-01 2.863883923639428120e-01
5.176248465095500073e+00 2.833030950703711692e+00 1.550085207020843736e+00 2.949841360087369413e+00
4.951686947683526796e+00 1.453916297218596387e+00 1.972837391527045181e+00 6.660288957521105502e-01
6.964507701254345207e-02 5.692604544306787417e+00 2.851362851994506453e+00 3.690901408705073994e+00
5.282365958328779421e+00 1.747878328143673610e+00 5.656709590653348663e+00 6.066417845376329554e-01
1.864302574775908439e-01 1.676669767185940130e-01 3.359073454794966107e+00 3.322743524634079737e+00
3.198379480884443904e+00 4.353569902105379974e+00 1.250703234942486919e+00 9.742598591340159153e-01
5.184790122724373340e+00 2.900083334124432088e+00 3.931928562700488961e+00 3.734966686474937791e+00
2.456094698387959241e+00 4.053731461933536728e+00 3.723068722346371540e-01 1.907526223454147685e+00
3.038259280411925722e+00 4.918088703596364297e+00 4.632244773082534905e+00 2.243886998482545359e+00
1.448145044117137292e+00 3.961479846884436995e+00 3.792343247308106235e+00 6.062341475554465120e+00
4.970183913479234050e+00 5.824105005257852463e-01 4.915739961920267298e+00 4.138319181767494470e+00
1.571291498999584313e+00 3.858190421893483268e+00 3.923090679412471360e+00 4.544299748429954988e+00
7.178659277693341112e-01 5.097655068761838493e+00 1.779983038694211928e+00 4.127135673417707373e+00
3.747025125996702677e+00 2.439158300424342674e+00 3.559182643819146286e+00 1.454878824315029462e+00
9.659572390566998346e-01 3.384218542641669103e+00 6.146072995023156516e+00 9.402212816324078126e-01
2.490598891590658948e+00 4.641369404171611812e+00 2.847429506050573433e+00 5.171761305776716444e-01
4.953112174888977037e+00 2.027831726452604955e-01 1.626525038953553493e+00 1.968228346191840838e+00
6.375731920954478271e-01 6.005197539010419305e+00 1.969550589516690930e+00 3.575800515406559299e+00
1.580476761832982913e+00 3.760112304965618879e+00 1.622271672232610928e+00 2.016965671944599414e+00
3.205571803075743631e+00 3.226198887472127907e+00 4.090414578222630659e+00 2.968002139075456292e+00
2.425631839053845606e+00 3.231198253804886900e+00 6.082353890128325169e+00 5.246261704952163818e+00
2.972235119485549859e+00 4.657916702464356185e+00 2.937891869466621397e+00 1.317629398295507848e+00
3.837911521440763973e+00 1.127600084729847962e+00 5.817642394018645469e+00 6.846889093431184348e-01
4.937920772774254452e+00 1.182348146973629666e+00 1.818370383978996863e+00 3.287287818303648024e+00
2.999585318440791681e+00 1.487653168024958950e+00 4.987725033003449049e+00 4.353352973405791637e+00
3.820845966179977626e+00 5.642176608344303013e+00 4.985120273180732031e-02 1.844788831130139917e+00
4.875532514452896926e+00 3.757058543620270807e+00 4.967039393611896614e+00 1.676773049423215367e+00
5.141083921102801213e+00 6.149015928669846476e-01 5.797421950161485427e+00 4.475437814101655754e+00
1.864637721106315427e+00 3.735462259107083405e+00 3.330592620587446984e+00 4.870960661880043396e+00
3.941529436920607310e+00 3.134039363810473766e+00 5.406497823986325280e+00 3.542043891759895757e+00
2.226464025189683671e+00 5.399149774471581065e-01 4.010906688011933952e+00 4.359437486539356477e-01
4.428014074529517785e+00 4.596187799721351830e+00 6.250073891512446522e+00 1.061608387883928861e+00
2.881385637836640923e-01 4.213211495987533084e+00 5.494064257649410976e+00 1.888399016280670972e+00
3.334183754207498129e+00 4.408922669903421188e+00 2.881204795111588890e+00 4.367950874362075631e+00
5.166152643179767523e+00 5.146190414457718632e-02 6.148047939727144140e+00 3.694396585316790382e+00
5.215416325571760048e+00 8.387165445859871005e-01 5.859170359099872272e-01 9.101911204192181248e-01
5.043311589767434988e+00 2.358033406145366939e+00 1.796608566174162647e+00 1.876697280339612250e+00
4.659240883241876574e+00 5.692831419883694011e+00 2.858940065801130803e+00 3.448151080956979975e+00
1.286890411183291727e+00 4.351732326547558927e+00 3.161510492558722962e+00 7.551748264899581509e-01
1.185200650455331406e+00 2.625800839031566358e+00 6.097451787789905708e+00 2.442967126996025584e+00
1.030257797201177050e+00 2.953764969117162575e+00 1.198208005342210614e-02 3.548470547984683421e+00
5.784952121321556895e+00 2.720086389118389292e+00 9.439241199319171605e-01 4.574415884332666771e+00
6.226904041532438150e+00 1.953908971683744111e+00 3.633266657824603563e+00 5.997482531847636800e+00
4.649907716130015523e+00 2.221660562188982890e+00 5.338519034752945563e-02 5.024896203654200200e+00
1.140949041813557274e+00 4.512382555031106079e+00 4.932502887037610861e+00 3.478481091457295449e+00
1.476706957026244549e+00 1.587620250734718963e-01 5.839374778200823179e+00 4.118509861722171039e-01
1.246419880526515866e+00 2.583053967423960096e+00 3.997919238905918160e+00 4.416476312359582934e+00
1.124210747557866430e+00 8.780886474206014980e-02 1.924937864241295093e+00 7.959106578206426308e-01
2.510636378624111043e+00 6.115647837606179138e+00 3.667357131130405623e+00 5.809301881886650420e+00
1.090996262563882491e+00 5.016413748590618837e+00 5.765860161342873935e-01 1.616431875974776444e+00
2.216126831292986932e+00 5.429574352254830316e+00 1.426512898441875121e+00 3.396008049741995327e-01
2.656365487620091947e+00 2.987874607373813163e+00 3.616980822612945179e+00 5.086321144293494356e+00
6.043514413972516763e+00 1.698044286131884961e+00 1.458529047493469344e+00 1.224776691008708784e+00
5.139386543735133372e+00 4.953020929782869786e+00 4.853354620565276889e+00 4.263841981268742032e+00
2.836795990966768155e+00 3.903988622122169794e-01 2.299458169495320448e+00 9.463325783717307926e-01
5.621035126368542301e+00 3.503996907603550426e+00 5.137597230951346461e+00 6.192614832948692083e+00
4.596079364030813075e+00 2.707176221427675333e+00 5.151814834035803869e+00 2.397419986099941003e+00
4.597345946184460352e+00 6.165211206946011657e+00 3.411945629991848694e+00 5.929650148965124323e+00
2.372429585552948694e+00 4.238430956082692269e+00 8.385394397502109465e-01 3.041630997464258357e+00
1.516059755822776189e+00 2.354616506719631464e-01 5.098651610145582547e-01 2.019400074665160805e+00
1.127192657352585226e+00 3.205796603272065060e+00 4.908841895484549189e-01 4.795624923351108571e+00
5.029008602149354523e+00 3.014730232525442144e+00 2.369611906201287699e+00 4.325494732413332599e+00
5.778114897720172394e-01 1.068722782094909451e+00 1.025863311731585847e+00 4.614013970383771479e+00
3.448811177034633246e+00 5.958555637451396159e+00 2.297034455608875092e+00 7.338105492028096366e-01
1.751710774777682778e+00 1.814434723739478672e-01 3.857064940868185410e+00 6.243945728152608510e+00
3.862383372267523818e-01 5.659500624245076494e+00 4.395413869058881318e+00 4.915766303051486652e+00
4.190620852752043213e+00 1.222379035711471662e+00 4.974660499695416682e+00 4.234441251649955440e+00
3.109218754351060099e+00 5.335309928901901699e+00 6.242952628959617556e+00 5.281700877591528620e-01
2.630725024939079670e+00 4.002179488896175030e+00 2.302575048615369990e+00 5.347618864654599236e+00
1.657455325229790111e+00 1.072621498679212415e+00 1.999531980890128624e+00 3.905393483952144251e+00
5.271965763884860934e+00 2.284462063284034450e+00 2.197901648111185491e+00 4.074993928302387047e+00
2.074789730992917303e+00 1.180395320934811698e+00 2.196555308454491762e+00 4.810563003420124772e+00
2.056196464925162726e+00 2.468678918359247465e+00 6.063690934487514284e+00 3.402375546641042359e+00
1.737401002629541114e-01 4.622107707010582267e+00 4.124894113780033678e+00 1.991815606403728678e+00
3.675405028503224703e+00 2.085740772385628716e+00 3.518343643281891087e+00 4.053184477741430536e-01
4.239019003887961823e+00 2.652267826229347314e+00 1.142167615420114579e+00 4.665833865988727958e+00
1.591080253375487752e+00 3.627669232877763328e+00 5.657774839766229746e+00 5.625748022172785134e+00
3.240134153707094011e+00 2.621449967037645212e+00 2.155073089399448971e+00 2.830268081102585764e+00
5.012997557172332641e+00 1.806602773061268818e+00 3.005461163420149795e+00 1.245507200438745299e+00
4.346940275537085618e+00 6.026316079203992260e+00 3.651312486984093386e+00 6.051109371242958446e+00
1.704659181677890878e+00 2.620864241348679347e+00 6.206646347645863315e+00 5.678945460051963323e+00
4.317652070635074502e+00 4.437581594680012564e+00 4.198254842689798316e+00 4.717166473466492427e+00
1.939760607705539153e+00 1.901405675767743331e+00 1.319210256236804657e+00 5.875078496245679460e+00
3.188766635627912738e+00 4.415951216560594084e+00 1.057643589380582005e+00 6.148605999847905679e+00
1.453715574594328430e+00 4.387218288977481784e+00 1.719230719540224994e+00 1.461315996639446446e+00
1.763666770260856387e+00 2.520561936558892935e+00 3.211028237104006422e+00 4.448482726076002258e+00
9.083450109311371756e-01 5.098210687888212966e+00 2.494781779264708454e+00 2.055807341146585365e+00
1.299663645284687918e+00 4.021761340019518016e+00 4.734629219306146553e+00 4.779036475718744015e+00
4.047621200315963286e+00 5.914125849176961047e+00 2.286417874992910659e-01 5.280522918691810119e+00
5.587854414081621535e+00 6.096443730430500807e+00 1.751424170697116089e+00 2.860304537781042100e+00
4.053662357619726819e+00 4.173891837514001502e+00 3.024619890721992110e+00 1.374314949236973726e+00
1.435575816223901180e+00 2.712659496787016788e+00 4.311414533230371049e+00 1.913020807644472576e+00
3.223799768079396610e+00 4.234347886251222270e+00 5.137301460866468439e+00 3.556460690765596233e+00
3.729526716237004713e+00 6.165980836629629813e-01 2.642149643179852347e+00 4.920043138353963563e+00
4.098327617304148518e+00 1.003485652210856921e-01 5.049253981848284667e+00 1.273048589461639901e+00
3.053364850282549448e+00 5.350850379606730378e+00 6.133017809433838785e+00 4.569648908119919639e+00
8.791092249454258711e-01 4.192137710228966085e+00 3.256191631220341165e+00 2.781409905438609442e+00
2.233659674130242578e+00 4.495532188307530319e+00 2.331518173677304073e+00 2.921933173045010435e+00
9.508407784950061448e-01 1.459419308105976087e+00 5.907665866438505553e+00 2.124418222961476310e+00
4.092299989381858794e+00 5.895166585346643728e+00 2.768917356951634101e+00 5.804626572513239324e+00
4.991201716320072673e-02 1.251381754570667360e+00 6.072754252189021429e+00 4.275848722199183882e+00
6.962447789640455742e-01 5.359490602574067175e+00 5.466445948228208174e+00 1.853160067732975147e+00
1.041279054061615916e+00 6.193143505151916806e+00 3.404066967955700074e-01 4.293336807978259451e+00
5.522523262803961330e+00 2.609035439399994272e-01 2.109145567025270118e+00 1.961881565014323758e+00
3.312874212108975591e+00 1.469629755437613650e+00 7.593400911025898203e-01 2.705121877075297387e+00
1.267213946285703052e+00 5.234969459871292585e-01 3.591777233911366718e+00 1.180366309388527490e+00
3.230321946166598845e+00 7.545184217886674594e-01 1.529845009518735477e+00 3.843182053811510901e+00
1.425413732529608124e+00 5.114695472253386832e+00 1.932729503836677631e+00 4.773969911777089514e+00
8.820518750873420633e-01 3.564134349907789989e+00 8.215184231067911291e-01 2.761812033077652107e+00
4.437105536947494322e+00 3.905399435471255565e+00 4.216880028337123498e+00 2.536354616026847975e+00
2.998798640989521314e+00 5.754276127010107267e+00 4.526173926906086109e+00 3.340838021357793064e+00
3.796724598246630222e+00 2.612445460721928292e+00 3.514923357641266843e+00 2.746960767397290226e+00
3.086550924694288600e+00 4.150170251086263029e+00 5.104217851594772704e+00 4.324166052403109362e+00
3.132235210156409266e+00 4.965706515132016108e+00 3.691921180878878772e+00 5.660812822490998819e+00
1.461912584070755416e+00 1.414179315200543519e+00 2.688161972556067703e+00 5.146423765995505661e+00
1.912278262506504456e+00 3.017293801360676486e+00 1.187275874615412397e+00 2.829521358342110826e+00
6.227078965231579666e+00 1.409147164594012125e+00 9.654530435791343068e-01 4.205038641626407170e+00
5.829621492514542425e+00 1.490201928756777816e+00 2.123247284625231934e+00 1.196688218597872666e+00
8.400737259179709149e-01 2.469989638244596275e+00 5.252888534327155412e+00 3.639254141141979648e+00
5.423989500802370856e+00 2.704628383260903601e-01 1.938101020638281824e+00 3.525781808978185605e-01
1.948748853575491102e+00 4.479103420994225981e-01 6.272621578449935065e+00 5.669246230174196377e+00
1.402857044928712771e+00 4.158942700947336313e+00 5.420412933821161516e+00 5.109353085078697454e+00
2.441014910776877489e+00 3.742736948975946554e+00 3.783564198764520103e+00 4.954492108273489848e+00
3.179024135094860259e+00 1.983143414280002403e+00 5.912662065017573632e+00 5.411002810957507236e+00
6.108653675515822279e+00 4.178437784464287930e+00 1.570925691603096030e+00 4.156255559120145548e+00
6.172970010031852084e+00 3.503070072737725749e+00 1.708248901379884055e+00 4.380424344771442158e+00
1.994958523431389796e+00 5.549390373444408553e+00 1.673000232042037183e+00 2.942514254032003951e+00
4.724517505566341313e+00 3.178369076645076952e+00 2.164993575882399046e+00 6.063085066698698178e+00
4.797926697173783950e+00 3.100797121987377558e+00 4.976588873617187048e+00 3.263491494674854998e+00
3.503508995397010217e+00 5.781383048174920880e+00 8.531178688026432866e-01 2.582635945576715386e+00
1.120743196942856734e+00 9.649981898489815579e-01 5.114092280221930409e+00 5.643543295623675071e+00
3.201238175190626922e+00 4.394411982500660230e+00 5.480564754012413609e+00 2.865081124337655716e+00
2.138341358940337056e+00 5.561107097984171688e+00 4.447977353158191205e-01 6.106446556116764235e+00
1.709639321711192261e+00 3.316220150538463418e+00 4.152657112264035000e+00 5.479767526664478527e-01
1.773800957326206573e+00 2.279493381871903868e+00 4.812637364056732814e+00 2.638291032487802834e+00
3.240839408089524643e+00 3.805040805815846916e+00 2.294595452548847003e+00 4.997790569994521981e+00
3.229216984606338769e+00 5.635293361473705076e+00 8.375472302455574392e-01 2.995668715015701977e+00
4.476628512462429654e+00 5.977696025102036792e+00 3.184193020956970432e+00 4.275459387054107552e+00
3.896935642449497639e+00 5.074133259110527483e+00 3.892956808203096308e+00 5.462717425313138087e+00
2.337582273924022847e+00 5.479237127938603180e+00 4.414226100572412825e+00 1.895693693873491847e+00
2.060611597983694310e+00 2.374972059988465389e+00 1.014881685669887013e+00 1.121675749315029558e+00
3.923652798036817213e+00 1.256324151721733617e+00 5.556922629999049512e+00 2.646237430171727745e+00
5.572757484893691604e+00 5.551068042781558826e-02 2.386391445734527661e+00 5.474691071866845782e+00
4.472627807186362325e+00 1.849761282518573857e+00 2.175209228522110738e+00 2.120596891131867778e+00
5.311854122047476423e+00 3.542287048385452941e-01 1.409873054192983588e+00 4.326712501475412864e+00
1.445833180495402326e+00 2.613469590033615564e+00 4.556223625798145882e+00 3.175745364587594821e+00
4.153054816436252850e+00 4.526587238685244152e+00 3.806195228134012787e+00 4.814143093309495747e+00
6.058073891579440762e+00 1.093009445196852170e+00 3.067838639789528088e+00 5.346573139186884482e+00
8.129717309381494506e-01 4.212204698904340461e+00 6.489567341347914908e-01 4.242109336360159411e+00
3.308284506967039018e+00 5.596072929249801930e+00 3.902237233275691608e+00 5.941683390032849843e+00
2.341176713248608460e-02 2.718380035675604489e+00 5.459715623884846547e-01 3.946528019629947703e+00
5.016822601046265540e+00 6.258663310416137548e+00 4.113765222706774694e+00 5.720138607594128288e+00
8.000076862213612028e-01 6.130773321069068693e+00 7.452235014642453192e-01 3.458256320314245791e+00
5.181535669119428533e+00 5.093878839519860868e+00 4.276595935909864643e+00 6.076298717341808597e+00
1.713969209352623535e+00 3.246407994296840016e+00 3.175985833747484222e+00 2.355411880692761528e+00
5.023392802698404047e+00 2.693700129174171121e+00 2.792530841591449597e+00 3.517127092941939814e+00
3.115732511382249381e+00 5.761105685374112717e+00 1.414037955675234715e+00 3.499976145633490798e+00
3.955820018015456352e+00 6.214214774087036819e-01 3.837309198596362769e+00 3.995848375411267472e+00
5.047450176717627635e+00 1.771135897733540299e+00 3.208229806687647123e+00 2.011277075427611027e+00
5.973636194988385384e+00 3.306624592864874312e+00 3.996222119136404238e+00 4.625420168401329413e+00
3.300198856746306308e+00 5.283656294787014929e+00 5.805719124166060396e+00 1.911808330268410128e+00
4.870234877701847154e+00 1.331229651222327393e+00 2.283285456425526050e+00 4.832205671409275816e+00
1.286284567072086382e+00 3.006445066201806515e+00 3.896494879514604270e-01 3.478422366258459242e+00
2.079551405775939887e+00 4.025049937902665520e-01 1.797364311764721112e+00 2.837345097686907458e+00
5.154232686115943984e+00 1.182758548673456200e+00 3.523764450144714733e+00 4.583212970910425454e+00
5.410560234045688865e+00 4.587842549354171240e+00 5.647339343023035418e+00 5.843703888531591950e+00
5.105801769398802037e+00 1.097377300662373129e-01 5.618354930924208013e+00 3.661487370251835238e-01
9.874674294927650031e-01 6.259931469836331530e+00 4.531421579041753356e-01 2.937559556210361578e+00
2.393521944342141605e+00 1.580616962961052474e+00 3.550145452767651033e+00 2.203111295918377621e+00
5.206331642011130523e-01 3.959955441330104686e-01 5.288067510427454820e+00 1.028268894391666910e+00
5.472692892435320644e+00 2.218518536253158313e+00 7.584468825405014103e-01 1.056550654481414941e+00
4.347758449590046204e-01 1.292565341884337027e+00 4.600423561672649875e+00 4.009117357017109029e-01
4.520561402904893278e+00 4.766423559207301430e+00 4.564816129353490126e+00 4.113597775229739795e-01
2.793157539250393118e+00 5.766030547728464128e+00 2.940650378627986949e-01 3.822786371711548448e+00
1.830137938787084195e+00 5.585080944591942931e+00 2.120760593842446973e+00 5.351866812692556152e+00
1.354413709787583853e-01 3.752374538500210743e+00 6.158148034388564618e+00 9.887452882397832488e-01
3.427083898657929950e+00 4.645518435733155371e+00 1.697378033531378172e+00 3.349465912873773377e+00
1.960257672238943094e+00 3.262931754307301979e+00 2.053147847001698167e+00 8.636922844674489452e-01
2.635684001620271388e+00 5.832691686651137353e+00 4.239666184414386585e+00 5.236708029199675707e+00
2.967991464847376193e+00 4.442051949667334299e+00 1.014309092965102188e+00 1.854453522995024084e+00
1.396260378519342815e+00 2.375062066920257564e+00 5.521252776387584937e+00 5.275574432486881626e+00
1.071999128885491537e+00 2.321772529568691734e+00 9.393575612892213211e-01 3.683764535197997070e+00
5.474711150680359184e-01 2.638803178381571080e+00 2.768864435089719134e+00 2.254256060902627201e+00
2.861034267842626821e+00 1.965135785167000826e+00 4.076626826438147333e+00 1.161206023664270726e+00
2.985919771636560416e-01 1.502043624695571733e+00 3.889421132822856730e+00 6.427573969171347379e-01
7.436861612282987810e-01 4.605851398098950611e+00 5.686520579022341870e+00 2.244639608999098090e+00
2.641618673848889376e+00 5.119731291401357964e+00 5.584835313348619934e+00 3.036464458966993352e+00
7.235301225696614269e-01 4.651837100548252696e-02 2.501085185853566983e+00 2.120038440341136532e+00
5.313776265435794066e+00 6.605414954234875013e-01 1.118067576537172814e+00 1.698218817106274647e+00
1.094441548956488264e+00 4.373261804997564006e+00 2.312448975184639099e+00 2.016060927144241788e+00
5.589422994874962747e+00 4.831393767724170729e+00 1.936744622603020716e+00 2.769559814378121931e+00
8.956463603412119223e-01 1.668092471039873903e+00 1.848295310847334116e+00 1.446176437098301015e-01
4.665294222754980957e+00 4.744081085273716525e+00 2.758057119861537121e+00 1.484362193955445663e+00
3.682126067040847772e+00 1.082105466953884321e+00 9.409354911596418125e-01 2.225350519364958757e+00
1.030480052079365688e-01 1.263649356400120105e+00 1.730442867205065793e+00 4.999370296847978956e+00
4.321671225788174198e+00 1.863028953522859910e+00 3.935234819586599819e+00 4.227945200278942828e+00
3.166324382516580993e-01 2.938345612422924802e+00 2.557551372325771233e+00 1.633085820069669181e+00
4.213414620471641392e+00 3.378462106940667731e+00 4.624266023285501959e+00 3.734934773185070167e+00
3.210297589362889337e+00 5.463091869888170748e+00 6.014952291652457816e-01 5.220676008797418888e+00
2.062272019270719792e+00 5.351337821674503559e+00 4.089442426939620567e+00 4.906418168013618519e+00
8.216415260270142351e-01 5.137839259074813647e+00 2.371728083390214792e+00 6.141298990798675916e+00
4.714345734064637305e+00 1.047484282665951838e+00 1.824923659174127133e+00 5.864459866280222755e+00
9.295382237231156752e-01 2.477087836945512045e+00 5.403694447932621436e+00 3.208906444905854194e+00
5.960479413645672908e-01 6.261224901438230184e+00 2.626320213848996055e+00 5.529419352647193975e+00
4.457295940463340544e-01 4.193903455667513214e+00 1.927994156309156271e+00 2.923804274979961981e+00
1.411171335302118468e+00 1.447848331877763739e+00 5.508420898878831018e+00 1.762358701110115389e+00
2.581857420036259398e+00 7.034012296454268398e-01 4.663742828423211861e+00 3.754347063027323184e-02
2.501914133206322721e-01 3.661925581683457498e+00 5.432426740105080754e+00 3.547269348363044195e+00
4.474252390469776741e-01 6.165872035673324092e+00 2.896481694856233080e+00 4.532241743036894199e+00
2.361232667476949931e+00 3.295329107697706927e+00 5.603358827552909815e+00 1.302341412205104465e+00
1.896116997339700516e+00 1.630326326420313388e+00 1.011072073717219633e+00 3.961007274241176823e+00
4.168861582655242870e+00 3.428992346737559593e+00 5.202457643273513677e-01 2.485574472967703841e+00
6.125314699299004850e-01 5.115011241810825560e+00 5.568934111042862511e+00 1.317416854994445108e-01
8.089042948367430874e-01 5.563289412606190254e+00 1.355989197021154169e+00 4.837971830731433442e+00
3.567931373011241636e+00 5.993576386020152746e+00 3.114975294102202863e+00 2.912691490565770813e+00
1.272576337521835743e+00 4.983257444645111001e+00 5.920666421870810936e+00 2.041821088412448582e+00
3.513196297596372197e+00 5.765762556077157264e+00 2.327703246164537276e+00 1.709387202077550516e-01
5.439750625013333618e+00 3.051785633006507847e+00 5.160440839843162264e-01 3.593398496211431592e+00
2.674221806733885209e+00 2.507203495750960354e-01 1.624691653099313404e+00 3.647473663168205316e-01
1.908460798590538632e+00 4.207602529822348281e+00 1.203057526079849504e+00 4.459373146329828508e+00
2.086617646302088680e+00 2.802091101183809663e+00 2.520282090346598114e+00 3.310588882665991495e+00
3.429193541057629524e+00 5.412436383512988058e+00 4.963621591081387230e+00 5.927039159114724676e+00
3.818919927207084175e+00 4.130938674734267124e+00 4.691939680986935812e+00 5.531379788988170176e+00
3.570312926437239298e+00 4.420360230794408096e+00 1.087337074489803435e+00 4.451262681272583066e+00
1.781481922074302116e+00 5.022706282449107107e+00 2.693597095084955484e+00 3.635778946749946616e+00
3.393668002749515633e+00 5.639935798347075036e+00 5.372026063913715177e+00 5.743014178292150246e-02
2.966340464725587989e+00 4.760727010614578703e+00 1.349911759270910450e+00 4.545318403304641208e+00
1.429150409617784279e+00 6.112572454557785306e+00 6.126806149236306176e+00 2.341046919277981253e+00
5.606750468794031050e+00 2.456643827647488454e+00 2.635472037083764985e+00 2.066879028916564831e+00
1.490016482255733576e+00 4.523409515031511674e+00 4.872797580322069777e+00 4.250681395830145703e+00
3.210926066378458454e+00 4.488512799649211793e+00 3.081003877717248152e+00 2.584417664798030589e+00
3.665410391570668391e+00 4.127716396392266951e+00 3.380266757875931560e+00 4.007634680147515560e+00
6.875963844489743071e-01 5.921971204036611702e+00 2.046429161559999876e+00 2.222115273469981833e+00
5.696813140467111403e+00 5.874177312386390959e+00 1.739120063796913973e+00 4.196712067648139310e+00
6.057407904011199995e-02 8.773302038839503325e-02 3.067716973044357420e+00 4.174590029307845285e+00
5.332071762726461550e+00 1.042439377152396318e+00 5.513707298226739439e+00 1.747421314764999956e+00
6.239536726328349658e+00 3.004064875901861331e+00 5.380864710133474560e+00 4.991120506889028086e+00
6.058658823980157315e+00 1.951045097575472065e+00 4.553680415552342708e+00 7.960825519233782899e-02
1.734185592641336537e+00 3.424543721802849383e+00 3.686111042840689134e+00 5.322470329484743523e+00
3.030856418073372360e+00 2.894137680513309885e+00 3.482381613438336299e+00 1.822864418836361300e-01
3.894959520575608458e+00 3.668665565403053996e+00 5.581191931395350636e+00 5.895611397524186614e+00
3.491464188976934668e+00 1.733976298894039703e+00 4.766374887397160975e+00 4.721766525330505893e+00
9.651514232388892500e-01 3.776289581637783055e+00 9.028748575945212407e-01 3.920616681249757374e+00
5.082218268792121130e+00 5.246549959286411102e+00 2.550667510051382258e+00 5.647784065950314236e+00
3.647538867832873954e+00 2.436558775695875312e+00 4.348366261953549028e+00 6.675456852329927360e-01
3.784380772587146780e+00 4.462872842509699289e+00 5.890618374161410209e+00 1.684306838494052050e+00
1.562206885927773570e+00 3.935464190449883493e+00 1.078382687228526482e+00 5.240982826063137701e+00
6.153259978619367132e+00 5.705875259623399032e+00 4.667552468363198592e+00 2.395444413191748723e+00
5.639259098592781072e+00 5.258140516087908445e+00 6.085168608843176230e+00 1.542247502156917749e+00
4.859657099213035458e+00 2.765204537038805199e+00 5.517074520847571328e+00 3.184151368985552288e+00
4.174617027498477739e+00 5.826063492841548452e+00 1.112853470345801732e+00 6.050573678226363938e+00
5.614051344085025264e+00 1.987279313861412433e+00 3.956717958416878123e+00 7.891153047553191024e-01
2.096799468647571274e+00 4.637221928672860649e+00 2.318408532032872227e+00 6.195325220642006414e+00
1.514937750108414916e+00 5.207809787013363056e+00 2.159823761885277360e+00 2.172830254269901840e-01
2.965453568793912975e+00 2.330968659583234182e+00 4.565421953398956845e+00 1.339225657611744724e+00
6.519038642269134876e-01 1.700670668873523361e+00 3.599962367567708377e+00 4.213126013705962292e-01
6.047263759175926623e+00 1.803150041703644568e+00 1.649251804403641053e+00 1.860120237368707130e+00
3.714074153647022758e+00 5.656189917689119495e-01 1.447467115977202567e+00 5.115658450279672032e+00
8.911253994254344502e-01 1.784049145509297496e+00 4.129725112080490312e+00 4.582462207670157106e+00
5.055748832209293830e+00 4.104246429709319521e+00 4.529446967012929370e+00 3.531615912074193897e+00
3.273310971703238703e+00 5.860303572559796059e+00 2.974227034670784420e+00 4.873717471251828748e+00
1.691818867448145802e+00 3.196383441258968894e+00 3.954338287984952682e+00 5.241389558568929630e+00
4.716562603431060374e+00 6.174037615816216906e+00 3.657614855146959165e+00 3.400016090083272324e+00
5.841813884784970767e+00 5.615984729594474700e+00 4.276371490964806732e+00 5.460736472887131598e-02
5.436908050577931917e+00 7.369110304741919304e-01 5.635672620209057904e+00 2.750176186413431978e+00
2.195691342373491395e+00 3.436202146119574419e+00 4.770963745514917420e+00 2.872033747789416669e+00
2.803675192912180147e+00 6.142094977505771602e+00 5.890569814873839682e+00 2.002387446228362844e+00
9.068028331479870419e-01 4.974878714558033543e+00 4.058787891550625027e+00 4.109937428674364845e+00
6.274583744982707323e+00 3.427713807515874400e+00 4.520611706243332861e+00 1.848345456964033406e+00
1.778162211761626699e+00 2.674397397712835023e+00 3.261378536800702221e+00 5.642610175834055219e+00
3.459003909333238092e+00 3.141683751211493014e+00 9.654795704000935785e-01 5.855105678778172340e+00
3.455547159699355331e-01 1.432422970817603058e+00 4.039304279373580719e+00 7.694615831443791798e-01
3.877847105381463599e+00 5.003248447928857701e+00 1.227492657267876597e+00 2.756256525221645326e+00
1.855820795831635506e+00 1.379320715430575224e-02 4.550443769619241241e-01 2.007770439963745712e+00
1.606960600612549417e+00 4.798325202527905731e+00 7.625894142322404701e-01 5.352946898515979157e+00
9.362333828294181481e-01 4.164361449325308051e+00 5.083217942694359337e+00 4.307764623399815918e+00
5.608815439764136546e-01 8.466323718006331100e-01 6.032377443708371700e+00 1.438713320552120201e-01
4.572479291918983613e+00 3.243671466975263762e+00 5.837584374455899727e+00 4.782391603919834644e+00
3.473081631538053493e+00 2.421447807903911453e+00 5.302714437610088538e+00 6.113273188646939360e+00
2.282831259719955985e-01 1.858494623119560263e+00 4.540637759440015131e+00 1.539102580584234437e+00
5.562948062570177044e+00 4.398922263388517884e+00 2.337278635052861819e+00 2.837516864282073392e+00
3.449053276383944766e+00 1.509009361788384407e+00 5.428504893655303754e+00 1.905736212818700759e+00
2.763802137234227185e+00 5.008191334900898184e+00 6.588349140539959681e-01 8.696188668493390894e-01
4.002923846732559632e+00 5.757441120797642142e+00 2.118983757497187703e+00 3.009650029963885753e+00
6.196386994660715075e+00 4.295988909278920964e+00 2.222555427220272328e+00 3.394232743395818819e+00
4.163206709570193453e+00 4.177232287535645128e+00 6.008511615840045117e+00 1.183976016934179309e+00
2.375054101642473103e+00 2.226175959865114962e+00 6.069976461438488791e+00 4.892104089755288321e+00
3.756474789128150249e+00 4.960525971839441772e-01 2.832216268426654970e+00 5.260522726380575165e+00
5.362046182997698196e+00 2.738379551443109960e+00 2.895339827433960789e+00 2.511916508439872686e+00
4.389110794393217274e-01 4.890260179099850113e+00 1.138857041777008083e+00 2.816776327774531463e+00
8.660968883249278161e-01 6.109580852139322449e-01 1.308885447743608044e+00 2.590687579602614310e+00
2.073273917807802125e+00 5.794426650141648594e+00 3.772559803365439723e+00 1.265276835610209538e+00
2.024001168353200431e+00 5.568246987516503488e+00 1.864403253916551373e+00 1.130437663707765994e+00
1.023496483630386145e+00 2.355477073953169409e+00 1.506805244948907996e+00 5.224559527085197885e+00
1.419287951992522334e+00 5.613468808394327603e+00 4.799865859588345884e+00 3.249223962168807933e+00
5.275882724558204728e+00 5.972943058754874635e+00 1.761694999035096965e+00 8.425266784249964280e-02
4.355730360867974937e+00 4.853719680693288296e+00 2.941400988917164394e+00 3.630069287604625217e+00
2.445740906612493326e+00 1.958893043925283850e+00 6.172732549376627631e+00 5.903204786789213898e+00
4.761965330013683051e+00 3.064415231050002131e+00 1.434475879087280914e+00 7.386962361825253343e-01
2.354704679746979057e+00 4.850291128230730386e-01 9.485364627387155023e-01 5.331549799744858653e+00
2.543733196516086092e+00 4.234162540081529258e+00 5.522362729309791440e+00 1.602474074127410608e+00
2.358632030534265844e+00 3.733903159874936595e+00 5.079361297441592704e+00 4.999097461601556880e+00
2.110422978059231514e-01 4.663026811209418199e+00 2.709556044779835471e+00 5.568084303717977246e-01
3.385737323636272222e+00 5.689209715021907865e-01 3.605252420682602543e-01 3.108215268414538546e+00
5.893493011926949521e+00 1.616723582689438388e+00 2.637046709702253744e-01 6.116978160768882233e+00
3.943281741006081642e+00 1.144552982807223313e-01 2.425408413763896043e+00 3.524918411905331173e-02
5.899512860165687655e+00 1.744034952474727618e+00 5.667176232298447580e+00 3.856294319405725091e+00
2.658882540708166875e+00 1.473643573337457990e+00 1.199354162388397649e+00 6.747906626695096000e-01
4.019860252155455171e+00 5.960778355787049954e+00 3.747811614949760006e+00 1.487380263148118997e+00
2.057841299853408135e+00 5.205650272030588610e+00 4.060659844485311476e-01 4.427321384798451831e+00
2.186722123079177571e+00 4.939689013958147967e+00 1.806274728769426963e+00 4.984677390014183307e-01
4.347628276703495165e-01 3.487678386294398969e+00 7.684563415978590273e-01 1.937514933630844149e+00
5.486282273579811353e+00 5.131318980710522837e+00 5.943748389275920196e+00 3.900803688715374307e+00
1.393707107896696717e-01 1.305889687278098732e+00 3.429806374456076945e+00 4.889810027084792843e+00
6.019758884574925695e+00 1.372193024165466957e+00 4.078663231888745244e+00 2.660432673407840731e+00
2.184038949087727666e+00 2.783328849300682695e+00 3.986950229518025690e+00 1.254882810351548583e+00
5.597662573884514714e+00 2.393883186566786225e+00 3.966824594892769174e+00 8.005682942969911675e-01
2.616691650719402240e+00 4.775673835383692500e-01 2.833658259142109781e+00 1.692180473776843552e+00
8.165616281842597024e-01 6.064112739597240953e+00 1.718500837218005506e+00 9.543604340722150470e-01
4.316402253965677116e-01 2.084428482692718965e-01 2.589211676970101461e+00 5.004988951145636911e+00
4.258246778043470293e+00 9.551218610805115583e-01 1.338364255431848893e+00 4.908649823942434764e+00
1.385745187048788860e-03 4.759656226126336875e+00 3.863578836315633591e+00 6.035435160472217397e+00
4.895536574604818503e-01 2.904775428133833159e+00 1.971092938261493677e+00 3.744915958715921533e+00
6.190740307474615900e-01 5.873815916712761265e+00 1.110445508527098557e+00 5.618075907390076118e+00
4.850742385751276586e+00 1.173408664076434071e+00 4.182981150863647468e-02 6.580528854764872149e-01
2.620123105693437537e+00 2.358750057026528957e+00 3.786689356846213023e-02 3.122967466328776087e+00
4.019479171063244038e+00 3.206551275839360837e+00 5.276159080206612728e+00 4.959246639346511998e+00
2.521685484604158312e+00 4.793681176433223889e+00 3.921294934596308845e+00 3.954526527213145570e+00
3.701245346577963335e+00 1.580430117414217239e+00 3.979276455675388124e+00 9.234045037911349230e-01
1.383915184633994176e-02 5.383132232303843523e+00 2.384027920170812553e+00 4.740034344426030444e+00
4.477791802906411434e+00 4.218228289829226263e+00 2.157998078749535864e+00 3.641162850543077312e+00
4.203432627590947268e-01 1.714291552548880215e+00 2.344381593998605240e+00 1.085266531145267166e+00
6.080889625387545294e+00 2.823325067632473040e+00 4.905599916080501721e+00 5.059267617755502933e+00
3.390454434522547800e+00 3.116334725422630569e+00 3.864670390948126588e+00 2.488815525239044479e+00
5.533395977038125579e+00 2.128045679260782919e+00 4.203806504853257131e+00 4.211910409762095853e+00
2.394722847815953237e+00 1.022781898332827538e-01 1.962201204746552907e+00 6.030008809963474548e+00
6.203879559846455782e-01 5.502217660284555834e+00 2.482577385933210312e+00 1.682883264185964345e+00
2.648894790526476584e+00 4.073264012195109807e+00 3.822797129997042020e+00 5.274362976729289887e-01
3.953578113231683400e+00 4.539650751098143644e+00 3.866142288002703431e+00 4.446441381931076187e+00
3.938313653610423071e+00 1.915249148206085827e+00 4.657443957838086845e+00 4.039364576458057243e+00
2.190962367785654674e+00 3.221189006568561553e+00 5.903564954197331183e+00 2.986938673029954305e+00
4.189492586468896995e+00 4.588290394699648722e+00 5.485532149120240231e-01 1.701415202831823459e+00
4.761662317604001160e+00 6.262375976011041345e+00 3.024754233759194832e+00 4.619004216064402257e+00
1.644910544985922041e+00 5.620950125928829699e+00 5.914242436309251616e+00 1.978155849633327579e+00
2.339309119196351983e+00 5.193829908232243220e+00 5.413274361015533387e+00 1.896433472193576941e+00
4.745783359738974028e+00 2.615368313587108862e+00 5.914991125294138286e+00 1.277961529994480205e-01
6.139328252655975149e+00 6.160750808763968855e+00 1.796193541319884623e+00 2.215285560920096763e+00
5.281857894420340926e+00 6.055607514177128614e+00 3.708461562126968758e+00 3.237542004715174393e+00
4.862838529974420787e+00 4.859388015005853489e+00 1.451441907851313218e+00 4.088712950846756122e+00
1.733993312668943299e+00 1.851008291362576053e+00 5.119807844531245600e+00 3.505520621683373417e+00
3.111469390064082852e+00 2.068943491853644442e-02 3.650221580205105010e+00 4.624710753407572206e+00
5.873406059294088877e+00 1.658204057044883495e+00 4.905190356799566054e+00 2.213187249088553799e+00
1.543034010322512195e+00 1.540710463943860686e+00 5.945767366331028425e-01 2.674196455223292190e+00
3.620322058689670719e+00 1.966788775524429989e+00 6.582850283720900197e-01 3.850031051527166959e+00
2.188981425949960702e+00 2.854727227214652885e+00 4.667787045294848891e-01 5.492264931901080782e-01
2.192711199709950876e+00 6.024902544180256392e+00 4.750033208087470094e+00 3.321385788674999340e+00
1.343885993904454068e+00 5.515449910701898162e+00 4.921130351261595592e+00 9.396895448726673150e-01
5.912115440078995476e+00 2.912533277194708337e+00 4.883517793198795864e+00 2.050162672041598189e+00
5.091330024141234034e+00 1.551133490684860616e+00 2.023921560823274124e+00 1.338523399404083936e+00
5.081552112018969503e+00 2.424322208484171348e+00 5.902027765401054893e+00 4.235610908202081859e+00
2.435050379667128784e+00 5.135503191648059795e-01 5.955222875493963564e+00 2.250874215602015394e+00
6.894165857403623532e-01 3.954032437252642529e-01 5.646028706896809801e+00 4.322193885217471276e+00
1.133989766102129648e+00 3.181593708874669080e+00 4.534037116575406756e+00 5.404004658921436111e+00
4.798855150330478381e+00 5.069985574149039387e+00 4.701779985652352778e+00 7.983728975836210662e-01
1.469473059938306791e+00 4.297720911844942648e+00 4.724500120974604478e+00 2.487995651321514234e+00
3.649751893062998409e+00 5.833281310321806856e+00 5.282253449038359250e+00 6.546858590914852449e-01
3.698462450090884257e+00 9.591471721990882937e-01 4.532674138632022398e+00 3.962467460292774746e+00
2.502619691728652285e+00 4.589410729873146799e+00 2.471933122233665792e+00 5.007288685125803163e+00
5.079125000290311220e+00 4.038120769987032510e+00 4.368869100113550452e+00 2.631477750719131592e+00
2.281066186599090884e+00 4.942663383770210750e+00 2.397878597532906164e-01 4.558983488451983312e+00
5.039655521966087903e+00 2.549191608247831642e+00 5.426873958674592657e+00 3.622976306396849644e+00
5.479051935378287830e+00 1.114256323191872067e+00 2.587672358662957528e+00 1.486583588291543245e+00
3.307143351863817582e+00 3.383299116354330227e-01 4.910750550551190585e+00 3.324410470961284059e+00
5.765585134365193376e+00 1.373096882002161623e+00 5.035499764742437101e+00 3.428013940417721894e+00
8.515616371662959594e-02 6.082282342271270181e+00 2.530021800542499033e+00 3.221058538274622074e-01
3.036599523330250516e+00 1.287498660322410338e+00 2.103206008063858601e+00 1.841566154474616912e+00
3.816589381139204651e+00 1.990616405800049726e+00 1.503625678633356610e+00 4.302298776682831893e-01
5.636766710613128950e+00 5.274717305831255310e+00 5.404627981836707562e+00 2.083337888010084793e+00
3.405560821916152392e+00 4.945450566605664733e+00 1.516887653750326193e+00 2.316887582234996579e+00
2.575597194561916048e-01 8.369510947987381932e-01 6.206624584672121969e+00 6.013631399047016934e+00
6.080884215585423469e+00 6.090452282141504803e+00 2.198996237809607568e-01 3.042745765513920730e+00
3.512249559075515837e+00 9.320183332515821206e-01 4.432155835162834734e+00 3.627442392423955386e+00
3.910104242157633081e+00 4.143366912982080624e-02 9.825784950485780822e-01 1.123485184598204567e+00
4.580620711818387925e+00 1.197249493468716119e+00 4.116678174598277451e+00 1.535690120024992389e+00
5.054442819820174293e+00 2.715262961415068621e-01 6.022240769161010476e+00 6.118086537309196160e+00
3.229097135175143407e+00 4.389495415647202137e-01 3.713531369147845762e+00 1.361772630017573205e+00
5.732023201750961583e+00 2.855770659189528882e+00 5.193830483472003046e+00 2.536919232582146577e+00
1.753769344720265133e+00 3.231988380200109034e+00 1.237210409629613928e+00 4.461134363774757361e+00
3.500451168731613549e+00 9.978181238340855241e-01 2.334610164077224326e+00 4.779274933132940939e-01
3.528187151313727732e+00 5.372191922157675492e+00 3.079481933761585299e+00 1.707477575663245650e+00
5.705466645379591029e+00 4.594070278434080556e+00 3.366106446065045166e+00 5.297733397534731381e+00
1.517780726208837194e+00 1.618320387734655030e+00 6.100839703416538917e+00 3.745080137295807798e+00
5.558022911052836967e+00 1.026666689901689411e+00 4.756139172698134132e+00 4.433641346222812807e+00
5.064916742010374229e+00 3.662584977449315549e+00 1.226500789069196795e+00 2.682380543908461146e+00
2.725670802176225038e+00 2.916496455742983329e+00 2.920183988189744895e+00 2.355701566454570628e+00
4.164098860109517020e+00 3.500798048080359770e+00 1.944532172675651260e+00 1.056468687105707183e+00
1.754538015456375888e+00 1.349940427088559991e+00 4.344770453886177997e+00 3.832719367090333229e+00
3.643439777525498524e+00 2.138399695571425951e+00 5.587094338950508998e-01 4.398383755927992134e+00
3.349424138198720424e+00 2.609357344976008353e+00 1.606325703755706380e+00 3.397166128744243396e-01
5.664366540851215603e-01 6.085320137452068678e+00 4.334770812303030851e+00 6.190208706669944050e+00
5.209229795789615203e+00 4.401713527252544833e-01 2.264588136656410455e+00 4.587724070441642432e+00
2.120550958379133100e+00 1.910150382171211580e+00 4.061121386045962289e+00 3.669429703156010358e+00
3.858481256336467879e+00 8.102643530504850533e-01 2.316419760151457563e+00 5.773580113568105077e+00
2.604676519234362164e+00 1.782120214268196667e+00 3.531053422925384044e+00 6.949956650846091932e-01
1.782916946434610184e+00 4.057197756643413200e+00 4.933450358699102978e+00 4.402685550606414644e+00
3.755003450658352282e+00 1.112625818145774215e+00 5.790240602888755639e+00 1.064826700649182278e+00
4.424586963910960513e+00 4.527309663463038980e+00 2.574223960881739437e+00 5.523038795772357012e-01
6.179612143459820572e+00 2.592145825194363873e+00 4.990400254756786502e+00 1.233312106382283613e+00
1.387749456770122514e+00 3.974960384459485851e+00 3.361022577886471741e+00 1.181158218605377286e+00
3.498105561614481829e+00 3.641780595555684785e-01 3.711245788143885949e-01 2.150749932657837205e-01
1.486632744103787207e+00 4.522279749711206165e+00 3.921505436431238500e-02 6.511312213170631358e-01
6.921668546633081842e-01 2.999652919319621525e+00 6.092591231045854983e+00 2.148306152876793274e-01
5.625527581252484310e+00 3.806226726755012280e+00 5.893376526846860308e+00 6.074622994216049676e+00
2.328836197899039728e+00 4.272734905821634066e-01 4.501318276005510377e+00 5.242927793619344135e-01
1.429339846676210612e+00 5.095171604351913963e+00 8.330049484543340377e-01 2.105896732822206907e+00
4.039274116870939402e+00 4.530574617316092123e+00 6.150615289472514569e+00 3.541912595934489927e-01
1.927120999572287330e+00 5.764500610018240323e+00 3.957997516180125963e+00 2.280566479243202327e+00
3.571202602293137129e+00 5.361278128502405815e-01 4.363376547078738454e+00 5.661553816321928778e+00
2.421735259809711938e+00 2.476214340665876534e+00 1.175601423961860181e+00 1.333483050227114441e+00
3.761731779881043902e+00 1.099588286692672723e+00 3.601202397450937287e+00 2.726072247191446252e+00
3.201086119982988976e+00 2.651167867976935266e+00 4.292196646353763079e+00 5.748467432935915333e-01
6.221288925470178199e+00 5.254211837218274006e+00 1.265292119669663817e+00 3.541506376805748868e+00
2.077673781637557671e+00 3.516090968880634104e-01 5.537127294670166400e+00 2.129205091533168837e+00
4.581738123205750135e+00 1.289650564959863521e+00 4.650777410185186866e+00 1.779061097988474227e+00
2.210535241331470502e+00 5.733217301943808408e+00 2.218707789153886889e+00 1.569373554826983153e+00
3.884926623716449257e+00 5.070068312932250798e+00 2.338977756394434504e+00 4.075775196396886457e+00
1.018978402667392480e+00 3.072740009370334313e+00 7.219273336151414977e-01 2.618595073886394786e+00
2.822897383057909160e+00 6.247243540461618672e+00 7.560912436362471345e-01 5.115257294325147974e+00
2.450941208319022291e+00 4.253929631127846278e+00 4.794815560607097460e+00 5.565225139131593224e+00
2.599222526964519719e+00 2.994067310979532603e+00 4.733835533552704256e+00 1.439408321265542190e+00
3.457743210514033994e+00 4.899268712026984218e+00 3.155489852176778687e+00 9.115185118280511034e-01
2.355500162529925667e+00 3.592402388396660484e+00 3.841998236902443020e-01 2.640474980092510915e+00
3.577653885697383296e-01 9.013031823789904862e-02 4.380471419012907042e+00 5.379719542628151885e+00
1.817316669567786702e+00 9.821651158572075602e-02 1.746747349172964148e+00 2.690291920335079023e+00
3.257448839163903376e+00 5.504023364662010920e+00 4.317490206087815530e+00 3.808646282074799494e+00
3.151017142146321337e+00 7.669724256483114733e-01 6.153531589727013973e+00 4.331551255883494100e+00
5.451269301967180070e+00 4.968469259680333039e+00 1.324172230006016360e+00 3.971048068121800334e+00
3.916524733245625445e+00 4.319699130114948993e+00 5.927778966082021483e+00 3.232744626384318920e+00
4.995883429939739884e+00 2.014765132545925486e+00 6.161796184633686835e+00 1.152878154278336842e+00
6.267760429451967319e+00 5.066657191250296677e+00 3.892137574023790236e+00 2.319308888184691941e+00
3.464591706635347546e+00 5.177935163500846372e+00 5.391955591695272609e+00 8.328575751035155461e-01
4.639133334393681807e+00 3.618659279081525959e+00 3.078992665896758574e+00 2.029352355052812307e+00
2.622394869369881754e+00 1.299296592715246446e+00 2.328852655344657130e+00 3.418427970845830721e+00
2.989540959835979450e+00 5.196099989895467397e-01 5.534458356328446627e+00 1.059884383924047713e+00
3.647123090737426132e+00 1.031699139761611539e+00 3.546550272115612579e+00 6.084640527951781230e+00
8.945321290097928424e-01 5.945454254756297630e+00 2.665265740470780909e+00 2.625054321531006263e-01
4.274395170490759455e+00 2.060582780190672647e+00 3.919367481736381276e+00 4.801995127124889962e+00
2.865844007518862924e+00 4.058894988513052304e+00 5.142562339723344422e+00 4.715788488119819100e+00
1.568448859006133178e+00 3.064242801196229937e+00 3.814471403771053648e+00 2.146586148704336949e-01
5.708308069216396774e+00 5.332355600589064437e+00 3.481352040748709964e+00 5.257871851592383017e+00
1.993844108943812754e-01 6.042914537846003853e+00 9.890663671498101106e-01 3.174111176748021901e+00
1.240092293335551155e+00 4.157825402237782519e+00 3.596763166813468970e+00 5.633960345355948363e+00
5.150161605085423311e+00 4.154038785814949009e+00 6.179963983148111240e+00 4.215029443674213283e+00
9.327108965997621404e-02 2.228131569534626433e+00 5.265612428183196414e+00 1.832350937893775011e+00
1.145506373238535991e+00 8.912782219058600353e-01 4.898858234765627984e+00 4.570313164086187818e+00
7.204697275747515839e-01 5.897663557109600774e+00 2.640901535634753827e+00 4.582365150698372247e+00
1.459557595023091014e+00 1.416316519989098355e+00 2.783323820992127828e+00 4.564091739030459394e+00
5.130402842106932759e+00 5.303197928519364224e-01 1.204342841042258083e+00 5.340492672700440480e+00
1.004666508460088536e+00 8.446825766580823291e-01 5.526139573255393067e+00 3.173145776991052713e+00
4.044483718207598777e+00 1.773444732092646969e+00 5.007473587241711321e+00 3.762518539488357572e+00
2.390509541697244611e+00 6.989835404194401081e-01 1.559195041478214638e-01 6.129425016625966727e+00
3.365158836556714661e+00 4.005094271574283660e+00 6.072966402609935699e+00 4.806567339487394896e+00
5.983508654005136762e+00 2.891069746931953066e+00 9.859842118881245732e-01 6.114720212566746582e+00
3.187468112304171708e+00 6.075418598166012707e+00 5.271031084706234715e+00 1.291820222274217667e+00
4.865234203559378301e+00 3.837955991232730124e+00 6.004903269332547922e+00 4.060465305009596904e+00
5.107923296210437579e-03 4.740042559339109118e+00 7.786187073591552821e-01 3.594680056106199562e+00
2.851726573591499281e-01 4.653889833816314159e+00 4.575831589229993668e+00 8.499049270950495005e-01
1.309186547406697487e+00 5.704648165713368968e+00 1.786205446650097173e+00 1.316312791599403065e+00
4.830023207948720976e-01 4.247321046872616357e+00 5.589181647581815682e+00 1.151895111477278633e+00
2.731627398068031898e+00 2.861907558915983696e+00 5.083126157679373591e+00 1.023277779500424645e+00
5.580209080352254603e+00 4.113081759656697756e+00 5.098133212913952939e+00 2.025767695386257117e+00
5.367144937848157049e+00 5.316069536801765194e-01 4.184846026962297572e+00 2.105889177385332101e+00
6.140009159637711988e+00 4.967767992184469072e+00 4.640841321244885798e+00 4.734025304246365806e+00
3.868291544741536025e+00 5.011414686589976242e+00 9.916202050382719735e-01 1.770244861094717015e+00
6.050337001658621539e+00 6.250948533266820206e-01 5.530111544098554432e+00 5.958100877356970138e+00
5.646550214971578718e+00 5.752055706456173034e+00 3.202851548809150461e+00 1.867453315198621677e+00
2.321705610194635838e+00 5.741764571572930187e+00 1.088328800081876713e+00 6.315112428075042583e-01
2.545709417556802023e+00 5.041889426844766042e+00 8.800440255211889884e-01 8.387066707196675353e-01
3.059077962938318573e-01 3.048879516040035043e+00 4.929006174775909521e+00 3.907697405484372943e+00
2.678399027650439912e+00 3.145116045595716781e+00 5.156373216027213324e+00 2.636352315980396099e+00
2.898482374081168267e+00 4.657046467844158322e+00 5.705406934250177642e+00 9.070714281799628909e-01
6.271184427221636604e+00 3.869722579206997248e-01 4.752048242636539577e+00 3.334297108464127635e-01
4.248362244352000161e+00 1.925111962164000268e+00 4.335879794178596036e+00 4.753608335861491341e+00
5.890417462649155667e+00 1.751551967553514721e+00 5.869764991666987619e+00 4.335634758053673821e+00
5.616004374964595591e+00 3.867498921725883942e+00 3.529450732073556640e+00 2.413205968586604300e+00
1.027256240384971875e+00 4.040646523123243128e+00 5.811553618419535105e+00 5.744327981035248776e-01
2.578538699962750425e+00 5.287805620631433001e+00 4.629894442738387461e+00 4.694990529006137336e+00
5.879684430053669253e+00 3.001317743427915463e+00 3.668000456916232110e+00 2.462893518196966003e+00
4.496004333543440090e+00 2.812873636211833617e+00 3.672187146940789071e-01 5.952003144585563121e-02
2.290057722958592112e+00 3.635253283786571643e+00 5.683816238063698734e+00 1.601988406291445788e+00
3.819142291847998472e+00 1.090498575179338209e-01 1.975737549637421209e+00 6.287571806404922414e-01
2.031360030226077029e+00 4.961967913304402344e+00 4.572970720266811284e+00 3.876967556058134701e+00
1.405470852100063395e+00 1.535330095308614196e+00 5.620454390423377689e+00 3.755607063058604478e+00
2.686843684283980682e+00 5.554757022949671885e+00 7.533436919533392784e-01 4.882689167334636871e+00
3.900851855887414565e+00 4.303650347596184034e+00 4.765461067035055009e-01 1.322797643494890929e+00
5.772281488908764580e+00 2.547081526525057260e+00 5.406398139972955263e+00 4.702598442162580383e+00
4.815778158090266103e+00 3.912981773007725650e+00 3.973627327545480314e-01 3.084313390633951490e-01
2.123607009278724700e+00 4.900765100155230591e+00 3.827852874294036312e+00 4.089504069134545006e+00
2.788386090483338631e+00 1.692703580827456866e+00 8.118652235190628730e-01 1.234673031364558859e+00
6.162734822648926247e+00 5.315919272983697930e+00 3.010743940322314405e+00 4.584576739278629631e+00
1.153540204066136665e+00 2.626826809492539549e+00 6.115521688244869303e+00 1.763305404930963993e+00
5.913293323607060614e+00 6.089389452892040921e+00 2.909106419354383077e-01 2.541225918494406155e+00
5.316080662273723334e-01 4.440632964054651133e+00 6.920256498417356461e-01 5.671575260213645997e+00
4.980846104666774465e+00 5.250249793519948582e+00 3.920116380231293718e+00 5.782714776566593606e+00
5.753012694980673913e+00 1.457462437242417863e+00 3.017306881996489665e+00 2.787395725203963170e+00
4.789226844775461345e+00 2.590381995206671562e+00 2.196375498305821239e+00 2.322598206575309465e+00
2.651337711650268325e+00 3.907436626931823476e+00 3.778509914730238339e+00 1.568763294531279939e+00
2.577256111131702165e-01 5.988069269216002688e+00 2.639483820943527181e+00 3.055703254506568545e+00
3.685404452500772532e+00 5.794561803560603686e+00 5.875840737827784821e+00 6.082941853878465643e+00
9.079493122272462857e-01 3.780548597718560888e+00 7.471378726003937709e-01 1.812657738449438283e-01
3.865201620231594859e+00 2.567415363116953841e+00 4.376717318284838676e+00 1.189573789092871703e+00
1.118897709735893642e+00 1.029636878669185629e-01 4.558785207305189324e+00 5.638546497964523674e+00
5.766479408804322526e-01 1.228170175102639483e+00 4.437711155444713507e-01 3.711217581054287340e+00
1.153846544965652088e+00 2.576319424061446206e+00 3.596853641877285401e+00 4.152736594833685402e+00
2.427200604142358387e+00 4.178702060816326558e+00 3.759724413887154171e+00 5.353691217925409696e+00
2.929138594427086462e-01 3.552435748699624085e+00 5.716096426064415148e+00 4.005645156045343214e+00
5.134466074966946181e+00 5.039160897179202792e+00 1.192507587528645718e+00 5.507630313793827170e+00
1.024579143434477535e+00 5.715194067919039611e+00 5.982162100858376519e+00 3.829176330349361557e+00
4.288864148762232098e+00 2.575051678684549206e+00 5.786914559906422006e+00 1.091268575543425268e+00
4.767723331356631178e+00 4.515348832209505336e-01 1.349945523193914365e+00 3.538837359140909467e+00
9.074904254758661137e-01 3.781721006777560401e+00 4.642225835837539449e+00 3.655852988476839371e+00
3.952525361310383345e-01 5.646440243282473403e+00 6.149403231212438925e+00 2.508371646030193247e+00
3.000976983948774546e+00 2.313431584142646713e-01 4.089622414120032801e+00 1.792043750718977702e+00
1.433206834930269569e+00 4.514350627229142709e+00 2.713947035423567300e+00 4.672790266047711860e+00
5.185188919590849821e+00 4.147381852249165668e+00 2.688433902139372833e+00 5.751121064826680396e+00
2.017252337847530441e+00 4.070233222378642601e+00 1.493286180361313109e+00 2.718320627945067791e+00
2.733156826508999604e+00 4.038178128619084539e+00 6.255424049283888621e-01 3.999693131958183212e+00
1.602123324958793837e+00 4.302504141362644141e+00 5.502682535243391015e+00 3.990259800860597394e+00
4.641707100516073936e+00 4.290468485891185679e+00 2.643367721674838577e+00 4.156228801665071693e+00
2.053739462388672332e-01 4.543752685590081719e-01 2.944354507848401248e-01 3.035970613986939348e+00
4.050172010269927014e+00 2.046832368736347441e+00 6.021482294199765661e+00 8.853056976582601711e-01
6.387577803747386263e-01 2.030918797988071400e+00 1.483625603259569159e+00 3.562975529760894045e+00
2.745542737227770314e+00 1.047715696076762182e+00 3.141110781560905174e+00 3.729886097576687654e+00
3.836823693843233851e+00 4.759156619262192578e+00 5.655771043922281915e-01 4.530990086589496424e-01
5.555189987484270731e+00 5.766950369774373364e+00 4.655957505316189682e+00 6.060475402040769843e+00
1.035508985030145768e-01 4.925358557326933173e-01 4.092409051662784236e+00 2.480351986127553587e+00
3.061902040984723072e+00 5.047376988854206381e+00 9.735314432773868321e-01 5.598572322994987971e+00
4.082287912574455113e+00 2.345187038519400691e+00 3.473246580055071586e+00 5.375732190885814887e+00
1.241550602353986177e+00 3.110717263650113473e+00 2.892044693046206483e+00 3.267180345377289630e+00
6.038440704716829366e+00 4.333565212755348561e+00 4.176675935791046790e+00 3.187679786180164232e+00
2.377295922663543948e+00 4.319911651780984130e+00 1.492259132463978677e+00 2.760120012960927571e+00
6.050255523468000440e+00 5.050124164430458862e+00 4.295939146784620855e-01 1.710880363070009166e-02
4.757642765020015041e+00 1.217537441589916281e+00 5.550488248264000557e-01 2.110722329682620746e+00
2.928587317174453641e+00 4.371867921935294277e+00 4.640417287639428068e+00 5.512316085312007452e+00
1.521187280171080403e+00 5.796298093460556800e+00 5.489050951640437326e+00 3.719617617711208357e+00
1.881183014292621802e+00 5.528045053867682412e+00 5.105718279617031286e+00 5.498723331277168391e+00
3.763687148588221287e+00 3.136129603860076109e-01 3.751553893967674913e+00 2.675493242728374188e+00
3.820372934886628880e+00 1.182145960424780595e+00 5.346969468863598252e+00 3.464535532771351622e+00
1.231755917100092246e+00 6.166205755945843414e+00 5.010796420832487108e+00 6.321613495866642563e-01
2.073661345857264582e+00 3.197281543495605671e+00 3.966990831859351196e+00 5.899647764557196972e+00
1.008454778370655447e+00 4.410596069000382258e+00 4.609315231973689642e+00 6.830230125615608383e-01
1.907352588777675662e+00 5.179841406617478050e+00 1.366972721076155972e+00 5.524876805578068151e+00
5.029588094099208817e-01 3.060757031060475697e+00 3.642442716081858212e+00 4.469076848332576013e+00
5.932688924268382236e-01 3.567487383585454364e+00 4.124710984558395133e+00 3.998681743228662100e+00
1.022973941604575776e+00 1.372332977128638998e+00 5.625332436901119060e+00 3.551313000902947437e+00
2.788343544840097277e-01 4.162517071541075531e+00 3.120480114674891503e+00 5.933676592904873814e+00
3.413789608471660575e+00 1.360955666308585554e+00 9.796685882064870565e-01 4.175323283877768965e+00
2.678775004902985035e+00 5.129869013454844584e+00 4.815337989250821904e-01 1.971007621423666700e+00
1.093745156869346952e-01 4.159047647270172732e+00 8.589212108043177141e-01 4.088353237476909818e+00
5.907238325988418026e+00 5.188084499825918350e+00 5.917535610589768957e+00 3.552918291959762609e+00
2.432004061780844939e+00 4.217552021579003885e+00 4.615318616861602052e+00 5.646660005302964080e+00
2.561618618599343478e+00 1.988515830301177623e+00 1.356206610499344212e+00 1.199506653651699395e+00
2.413484258777739977e-01 3.842492566893438988e-01 3.716843828864577759e+00 1.731146846407484841e+00
4.067427700838302518e-01 2.118143497764056082e+00 5.670507370303139894e+00 4.829710440169310282e+00
1.285523369597880938e+00 2.775952882804755273e+00 2.576064859240411398e+00 3.119992475047807190e+00
5.479355939180026169e+00 1.624719565501828500e+00 4.170843012813078232e+00 3.587256459341560344e+00
2.872559771463506495e-01 3.833666206285841760e+00 1.079736144076679949e+00 3.957926890644659856e+00
1.975544622319817867e+00 3.648654937573994506e+00 5.442774280695469535e+00 3.003713332504555744e+00
1.702686027025774207e+00 5.628426757237979139e+00 5.343580709072043078e+00 1.630745582060573406e+00
3.379560785604732942e+00 2.144629071507353490e-01 1.650033077509026391e+00 1.694845629101673579e+00
6.016648149958575331e+00 2.526851255504247717e+00 2.183975129007650118e+00 1.124269125759729926e+00
2.813672762246518744e+00 2.815007657276171749e-01 6.124538834875727922e+00 8.423049851517773190e-01
5.021224629744806656e+00 3.304945037077422931e+00 4.840230871433449877e+00 9.474430384331274935e-01
2.266304835577280130e+00 3.132144441365928511e+00 2.830325533022881146e+00 4.371119629933793327e+00
2.033622247907910463e+00 4.971731762984686220e+00 1.934574871557799502e+00 3.426168944673628314e+00
4.836342445886165464e+00 1.829932441140696975e+00 2.676240098603314799e+00 3.722376902669173315e+00
4.520296994309251915e+00 1.417870447705198877e+00 3.550673190145150926e+00 1.413395508679854418e+00
2.975820877532764808e+00 1.319734524416322108e+00 6.185027053241150874e+00 5.056023723150058657e+00
4.239637321802751657e+00 2.498269176781994449e+00 2.664195438453027531e+00 5.273189335003073547e-02
3.782697706904114554e+00 2.911278552479878989e+00 5.823190463965908670e+00 5.826482446081896249e+00
5.783498237184693913e+00 1.356074730072373447e+00 5.355289579929806365e+00 5.082669813438503326e+00
2.865723753397784179e+00 1.157765104708331716e+00 4.620511508813131663e+00 1.542338754867757844e+00
4.502085045441686084e+00 2.765042642802850281e+00 3.735753170161375980e+00 5.461983340674932741e+00
7.002227558442335187e-02 3.506639851306184941e+00 4.024807174425736989e+00 5.140630388377253723e+00
4.734222982019782755e+00 8.275867105020340286e-01 5.344048980563136375e-01 3.586397010036928013e+00
1.590098560269947559e+00 2.732162950476359153e+00 1.494458359735895359e+00 5.127110883716192724e+00
1.834289358611197462e+00 1.300905970785728449e+00 6.277833577245482743e+00 1.069869191988499606e-02
5.974552071075046378e+00 5.084698521358276935e+00 3.423234390667280191e+00 3.513313585475855483e+00
4.228103361500092916e+00 4.414681192993518799e+00 2.081172064767630836e+00 9.699573036118513958e-01
5.046593063849615923e-01 3.626553765264763030e+00 1.967673724171842498e+00 2.924746209598409141e+00
6.049263577777613143e+00 1.738766651130678076e+00 9.565843536540517000e-01 6.268794380946832057e+00
2.181266240381259269e+00 4.325667221454470024e+00 7.096883778637483875e-01 5.545006040188469321e-01
9.294258990946057120e-01 2.910503855866257150e-01 4.943382144196127648e+00 1.403486852964788589e+00
9.876178321417182771e-01 6.149133478416944243e+00 2.121918600632104024e+00 2.986329077201668181e+00
3.788945570109929495e+00 5.590744389445078122e-01 3.572000325886010241e+00 5.696701200575923885e+00
1.057527218646687528e+00 1.222479379213539802e-01 5.796911578347109462e+00 4.396717271128014026e+00
2.727769907756256718e+00 4.136190100477766585e+00 2.320561683543530762e+00 3.416491272012946556e+00
2.495457701881850010e+00 1.827883621810654891e+00 2.876851276108054023e+00 2.645438170671087885e+00
4.468339240419313185e+00 3.364615507184803844e-01 3.473415256909297977e+00 6.053957390708224473e+00
2.511683447181009221e+00 4.229508820205460928e+00 1.854919706668138879e+00 9.692348316471388614e-02
3.817501078666380110e+00 2.523097640314684309e+00 4.555736313947014615e+00 4.519869559803585624e+00
1.694516487365910651e+00 5.514593096261300786e+00 5.015855424894732018e+00 5.643442140680559049e+00
1.801858352251636708e+00 6.221307632485433281e+00 2.300807389560280747e+00 3.730954753959759174e+00
3.017410697656059515e+00 1.632130569822933669e-02 5.984950205760613429e+00 3.331832444660911996e+00
6.275018017796881509e+00 4.359880718261314847e+00 2.021447271522816891e+00 4.422670842473137576e+00
4.643304033129217467e-01 1.777679659837639647e+00 1.470948830390239159e+00 6.188157065123374601e+00
5.674360124388643456e+00 2.449914593880194058e+00 2.357958038366061437e+00 1.942157106790204812e+00
5.209690285662644804e+00 2.073476172665126960e+00 3.422295090545413476e+00 4.121715841075807241e+00
5.869867458051452935e+00 2.746099532105952812e-01 2.092436638420661854e+00 2.892572473460255811e+00
3.619786244130099306e-01 2.920808089192665324e+00 1.897207545496177872e+00 3.623490634825960122e+00
2.534524987079860736e+00 4.675851229106972262e+00 1.741533784134898788e-01 4.794986442985762487e+00
5.622322657482746955e+00 3.636292170212093389e+00 3.017966050092950159e+00 2.332462887214659997e+00
5.302139352789409621e+00 9.512224035532828026e-01 6.637899421752433415e-01 5.299627349534806520e+00
5.028957165102365678e+00 3.047102799496618886e+00 3.718919698745940305e+00 5.228103385484341281e+00
1.525880180087433313e+00 1.699691846453294630e+00 4.517713560426315667e+00 2.828665488821275442e+00
3.715693665446036853e+00 3.866004842305963418e-01 4.432998374009049947e+00 4.067284386878276869e+00
4.530595344307848826e+00 5.334053062131305367e-01 2.082727017567215455e+00 1.478952833634535668e+00
4.210522668523161011e-02 2.862740648959197998e+00 3.378333932901341985e+00 6.479812540985199210e-01
1.810732350561969906e+00 3.869299977728400730e+00 4.735305415783581218e+00 2.593685848397092597e-01
1.146879066392459956e+00 1.495227550992559884e+00 4.439043303758741565e+00 2.262419878045534460e+00
4.609728602102321382e+00 3.238460926550466912e+00 3.135847954118782255e-01 5.578225649608063996e+00
2.258976310194270365e+00 1.401103734496739195e+00 5.349972630519360450e+00 4.917112478169490153e+00
1.775832428381235228e+00 1.985038258895579499e+00 5.006963009802885445e+00 1.544706758010990333e+00
3.304164253011614871e+00 4.180270992599578683e+00 1.674331034254375794e+00 1.572504368619230819e+00
