6.241629843754511242e+00 3.274626563859534212e+00 1.407061485702626458e+00 1.477076316604478246e+00
6.831658187745294208e-01 4.510093867959271030e+00 5.332304927490472135e-01 5.946059957631243620e+00
2.448864173098534103e+00 3.522240495344493016e-01 8.238732395414305465e-01 2.216859779342265302e+00
2.734187358121216604e+00 3.899425149149962522e+00 2.135807299058494202e+00 4.135214246105485714e+00
3.367338517181393820e-02 1.086802388030810862e+00 4.933256420670010911e+00 1.752201693180659881e+00
3.556984655430321496e+00 4.922068854495367241e+00 1.917581694634688250e-01 4.629138703751986661e+00
1.458805326755573839e+00 1.370976911290944456e+00 5.526276488239724394e+00 1.780834258449560670e+00
2.897994825598423141e+00 1.202406916217854338e+00 4.081084459580030632e+00 4.220905789245510853e+00
2.698270507559799233e-02 1.934783866882503922e+00 4.915922887972207000e+00 2.156541452215618784e-02
5.473153226299491969e+00 4.391568233768950336e+00 2.258918561321513696e+00 5.020673347346756854e-01
1.009630129395077791e+00 2.902480396510952243e+00 1.528201653683005201e+00 2.515734356333118260e+00
1.620515231153778268e+00 3.005426585903789416e+00 4.837809614541134451e+00 6.214478637154654983e+00
4.449647490278660023e+00 4.784261699776390375e-01 1.452283506424034698e-01 1.850097186306053576e+00
2.456136301510241093e+00 5.640856807062745837e+00 2.223863571966591124e+00 3.225276288250427559e+00
1.402116805160673829e+00 4.653236707528169980e+00 2.972538478673672824e+00 3.773356280520994588e+00
2.729442470615565774e+00 5.334592949232146886e+00 4.874721773355340737e+00 3.242489953285560667e+00
1.015941404825614125e+00 4.877085973875326275e+00 2.288764238768260739e+00 1.918858685467063729e+00
3.310719747481191799e+00 4.010063717505076286e-01 5.933662351610442087e+00 2.967276201254599233e+00
3.224390858646916325e+00 3.676211006151554717e+00 1.307428891173072032e-02 5.695299600113556515e+00
5.315894349089969495e+00 5.806629743034319446e+00 2.427502491172063959e+00 4.324608407979838587e-01
3.604718294634733589e+00 2.770422306197260376e+00 3.265425348529892968e+00 1.846014783925413516e+00
4.015354919412588153e+00 3.748062526755893575e+00 2.695220145809502643e-01 1.987132010757768796e+00
2.918156684255138078e+00 4.038225778977925451e+00 1.547439975388729350e+00 5.043637226058650391e-01
4.639896779389888870e+00 3.706665733140940056e+00 2.359036438207889663e+00 3.887180992664560630e+00
4.406925640508137398e+00 4.735632804683529429e+00 6.634705735857598929e-01 8.097911252211178468e-01
5.176405005380877888e+00 4.505483853598258648e+00 4.360960403229375615e+00 2.092975218687747496e+00
1.323396706703126036e+00 4.361251178981491172e+00 3.916040008064911038e-01 9.069353626371068344e-01
3.488005663865594297e+00 1.465012029148559103e-01 5.382336527783175839e+00 3.413165844505764657e+00
2.121833606470612033e+00 4.007277937042844407e+00 3.892724312739567427e+00 2.590527931769634140e+00
2.703997926781507299e+00 4.490314637410434684e-01 3.485599132911727516e+00 3.089144069292101835e-01
3.993914991506950063e+00 6.474580819012197841e-01 2.720386290241932681e+00 5.321910111961711820e+00
3.643286552003581757e+00 4.221116057277385814e+00 5.119666635169921598e+00 1.302403770586781251e+00
5.230240054439057928e+00 1.357565134458754930e+00 6.093680470185279141e+00 1.597738558059481395e+00
1.093739145609712748e+00 3.567701148599663696e+00 1.787514983737260810e+00 2.926156002264735267e+00
2.659205965522572157e+00 2.163822447740666011e+00 4.153989768849545960e+00 1.518992264184395591e+00
1.114687618188972662e+00 5.391639212035076234e+00 1.368317258828623872e+00 5.550485881345188943e+00
2.089652376011932600e-01 2.058890525891302836e+00 1.970963933387766431e+00 3.180429362588598430e+00
1.300446350811844454e+00 5.649327669649251149e-01 3.750620908310241308e+00 5.392614098393052835e+00
4.540012306585981428e+00 2.078293556842178980e+00 5.347458048083201021e+00 2.759011582773957638e+00
7.367666401347945371e-01 5.791972328259296532e+00 6.092720301589936049e+00 5.214070768764607067e+00
1.770995712822865720e+00 5.814845616782466031e+00 1.014889931375133197e-01 4.056875735879333367e-01
6.164965498878421934e-01 7.502669917557610590e-01 4.233227340262052607e+00 3.640275810179118388e+00
4.764310154431011135e+00 3.226838649857884267e+00 1.567679383320514264e+00 5.491601843606723321e+00
7.544063548814128328e-01 2.482966016659329256e+00 5.082911538057238943e+00 3.278928973416890269e+00
6.197956201444767999e+00 9.058541083355082790e-01 6.166956486655509551e+00 5.311453521047890369e+00
8.204228399550649309e-01 3.717185274269267925e+00 3.684870035728213367e+00 2.963104602998740678e+00
4.433138596219460048e+00 2.528440005001429292e+00 4.913805915471613162e+00 4.040476916444974087e+00
2.606841926450528479e+00 2.770949707405352402e+00 4.057546701935107691e+00 1.877426558843064086e+00
4.516017610273514116e+00 4.249581144850047565e+00 2.973159085746626573e+00 1.075827003519236325e+00
2.720326720471327064e+00 2.632988981035570220e+00 4.303442820849737949e+00 3.740568631827493551e+00
1.451624117985754969e+00 6.204627318415727899e+00 3.259229511353060715e+00 4.653928490129628948e+00
3.412656726574296862e+00 1.011578865403992777e+00 2.166589511536950674e+00 6.039786395616856929e+00
3.873411505560870438e+00 6.095077266955237327e+00 4.072568621267560474e+00 1.948433916208772154e-01
3.501528886124141593e+00 4.822468023082162603e+00 4.022259928677726082e-01 2.439174702552309171e+00
4.808500580641471345e+00 1.812993941804751374e+00 8.270797833885099593e-01 6.126986711981997402e+00
1.906955485034999009e+00 5.584496574744354902e+00 5.903636116675340162e+00 1.375648369318500208e+00
2.238893573422214622e+00 3.662714539311964668e+00 4.729763668473946581e+00 2.941277457508014948e+00
3.682773741562583414e+00 3.065062504004424593e+00 5.405792195575793713e+00 1.656927373591326358e+00
4.893265818411503432e+00 5.368012811072509827e+00 1.660134971269954018e+00 1.298039805960375936e+00
3.654828244932862180e+00 3.878414519559419738e+00 3.484240903803220935e+00 3.798312430162648745e+00
5.687394723032840993e+00 6.271664975376730622e-01 5.549327485399436988e+00 3.114063757344570416e+00
2.573532366142394334e+00 5.237910111323447637e+00 3.614779932591357881e+00 4.506741938387059498e+00
1.507125470357975727e+00 4.302895598723466719e+00 7.959605150806705609e-01 1.076103268512870414e+00
5.752509235722877534e+00 2.755123692809321234e+00 2.084095622505429901e+00 2.515956433589902286e+00
1.369395405420325451e+00 1.221066482621144589e+00 4.767649921047959261e+00 4.888576158571284580e+00
5.069685726756011590e+00 2.161367662993827210e+00 5.733570409073129426e+00 5.300089019245777244e+00
4.943751993161415115e+00 3.561782316524533254e-01 4.427656952592800899e+00 5.998872621867944233e+00
2.485956934156780207e+00 7.946580054344877242e-01 2.888174952585448985e+00 5.728933089727664907e+00
3.236577345746657564e+00 4.206444028993571393e+00 4.909115737631723597e+00 3.357244847696862600e+00
3.375559408386985538e-01 5.835020321686198663e+00 3.677931486727409105e+00 3.897778138642309376e-01
6.443034951359611906e-01 4.772215781893914155e+00 4.856724383423888902e+00 5.696104989335761815e+00
3.733466549151994052e+00 1.919864488586507045e+00 5.492919816888169215e+00 1.422283462514148944e+00
6.113101181020196506e+00 8.461342369453814793e-01 4.442773720026290896e+00 4.446130832268634592e+00
3.764162552145477569e+00 4.396484293108008146e+00 4.477779225992351009e+00 5.872259043194429040e+00
6.501100131750098265e-01 2.550958352934512785e+00 1.670092656937477660e+00 1.775868187579964452e+00
5.095113974814229785e+00 3.209299862688467897e+00 1.337091770259866141e+00 3.972925783610581796e+00
2.464309556449325367e+00 6.229751579220962121e+00 2.095024690611683393e+00 3.529720310665041438e+00
2.516419721190966019e+00 4.081077411204719674e+00 5.247760971860351731e+00 1.827118976837979636e+00
1.029315523935366405e+00 1.264344344213019999e+00 3.115923789174432468e+00 1.972608406236206591e+00
2.868176803093379412e+00 1.119004165683129770e+00 1.778080613898559426e+00 4.442158011473027912e+00
2.461447100736885663e+00 3.338902067752481884e+00 1.878735138868005139e-01 2.323880480209949084e+00
6.018294725965150249e+00 1.192464968799481717e+00 1.137434397573505063e+00 6.132062907984100697e+00
2.838349678595013970e+00 2.519861676536219619e+00 4.597723751514614321e+00 3.053571681967643947e+00
4.027305968753656096e-01 5.358324337927914627e+00 5.639391845003012271e+00 1.196208663625290214e+00
4.505698529389330353e+00 5.536085363940715709e+00 6.157505730910229680e+00 3.545287304373881732e+00
8.810678849890790643e-01 9.902105362750464046e-01 2.617299456491390952e+00 5.964724044364616340e+00
5.302630075544891852e+00 2.681606464799383693e-01 6.209882075741899321e+00 5.928417660012117452e+00
8.796670799194040713e-01 3.315508849847378592e+00 1.542978024725049913e-01 1.259045961715305362e+00
3.383174434950824150e+00 1.639362981437772371e+00 1.173258611136682283e+00 5.856207977962852418e+00
4.702986073221626206e+00 5.403968273661866384e+00 3.842862996461452685e+00 3.020314325948219580e-01
5.060539606329310658e+00 2.588893637845510298e+00 1.573665347959187333e+00 4.919683004537409587e+00
2.488111427290828903e+00 6.022620264471590268e+00 2.692408404136178657e+00 1.874265201545312509e+00
3.382057576834237356e+00 3.510801020709221731e+00 4.476381536658217364e+00 5.591716559488964400e+00
1.031627442328496347e+00 3.719419877500794946e+00 4.031245457292891743e+00 4.050689877804426686e+00
2.034068166472741412e-01 8.942498488904121468e-01 2.933361994345897283e+00 3.132871382378058289e+00
2.855161994117852764e+00 3.796938059620654560e+00 3.442097426936594928e+00 9.090324817484540798e-01
5.154073626348061765e+00 1.037210511078617836e+00 3.569219783587883832e+00 5.887846081019895372e+00
2.296903873642837102e+00 4.801223154566672813e-01 4.890182598206244791e+00 4.726699279989855285e+00
4.846566055986574639e+00 2.601745740737041235e+00 5.117045488388951568e+00 8.103389360505982575e-01
3.630627496226654038e+00 4.430564846099402487e+00 4.295555591776557769e+00 2.963348459289345538e+00
6.257825895744055344e+00 8.756017364578696505e-01 2.125243985486367837e+00 2.674767947609118401e+00
3.317163981085372804e+00 5.036118775385358681e+00 6.620586077455398177e-01 3.516107564164939747e-01
2.714520411649352649e+00 4.788530846518072259e+00 5.009968381244183533e+00 2.809461766662829874e+00
5.086872103032458625e+00 5.081847982072510206e+00 2.831502539009996600e+00 3.683446486082077254e+00
2.402115095763348585e+00 4.222047476042826375e+00 5.065404404524981530e+00 5.198629051817635904e+00
3.666155856250620459e+00 6.210403759280358926e+00 5.116886986625519107e+00 8.921682576695176836e-01
5.493529184728357384e-01 4.747503586451086832e+00 6.053203901778848817e+00 1.298577296179005858e+00
1.243947778273048616e-01 1.606364162426816788e+00 1.569571500053089874e+00 5.336639009101639353e+00
3.770833638906326168e+00 6.105030327790441191e+00 2.133204265979150305e-01 4.713005802862129556e+00
1.142845265079114325e+00 4.285306900082924919e+00 4.149437203211984837e+00 2.781823224847375986e+00
2.035944071800871669e+00 4.068524239550434629e+00 3.299638357293217528e+00 5.851251398323300990e+00
2.454062300004649533e+00 3.941808087910887881e+00 6.095553447822545934e+00 1.011242747737345349e+00
4.796155314680105031e-01 4.040912426219349207e+00 4.603127750704789634e+00 5.570637617777736139e+00
5.546611403832891085e+00 4.488240276354376057e+00 1.012223522200345283e+00 4.730934888031533170e+00
3.151171380430439761e+00 4.375751836271702722e+00 5.388225818700747460e+00 3.483334314763308459e+00
6.227029624983639877e+00 4.554408728369575776e+00 4.936951450131456198e+00 4.445786613663149645e+00
2.886915611491580602e+00 5.426382376638268390e+00 1.512128136722745708e+00 1.412958202415627085e+00
2.791430000503679842e+00 6.225181681572666825e+00 5.579812862190427047e+00 2.444562124136999692e+00
5.017690129476978456e+00 5.606767232173026194e+00 4.610809813909669153e+00 3.973517999184042804e+00
5.012542376890712248e+00 2.434130107787358277e+00 1.280260193032877192e+00 1.848320875982207179e+00
1.440168333290166691e+00 8.176088345666625568e-01 1.096113055489751575e+00 2.444239720496395929e+00
4.633622854621682663e+00 5.011933081486366071e+00 5.332935112190084759e+00 4.958245404585172267e+00
4.515583627642229203e+00 2.058660661182152740e+00 5.784800577081111506e+00 3.530680332312187364e+00
4.907368345169737189e+00 1.342797883117924362e+00 5.984849080734560900e+00 1.738406997080928162e+00
3.069397608203658034e+00 1.233474735225443375e+00 5.083587993465323862e+00 2.220384888798427436e+00
2.966243535133811005e+00 7.166492481660577951e-01 3.901606716094216054e+00 2.489387404876614696e+00
3.165078090028095925e+00 1.022725400622283010e+00 1.016870065248598687e+00 3.478736816751976768e+00
5.798875433176100547e-01 4.879631229317479502e+00 5.074382530319198281e+00 4.355173998506448818e+00
2.799862770973439385e+00 2.769269760556210436e+00 1.874578642478086143e+00 3.020954726865742845e+00
3.155165873740108928e-01 4.852892246319803427e+00 5.474489932667594871e+00 1.286831529504016469e+00
4.613485677951073782e+00 4.965258343658814688e+00 1.840330511749687759e+00 2.362962711581642949e+00
6.160528440797456540e+00 2.740903607906714168e+00 5.036635665681293617e+00 4.018808010950762899e+00
3.870925192060755471e+00 4.067671338455021157e+00 3.017113421426653730e+00 3.216959086651075772e+00
2.779769412068186174e+00 5.672494683855154207e+00 1.918114831332994097e+00 4.764920828623489868e+00
4.350199950338478949e+00 9.790762589189434539e-01 4.451577638717375329e+00 5.624202497808814982e+00
2.299272080611806768e+00 7.003348100169272117e-01 3.315143786468491616e+00 3.839218454051373630e+00
6.943300856818130917e-01 2.887657415781255121e+00 4.077199885644409161e-01 3.387073803736665223e+00
5.425542324918022352e-01 5.499305719136691195e+00 3.650370072883525552e+00 2.571457520877394209e+00
3.625711739360244046e+00 2.221128622256962615e-01 5.013645409169758871e+00 4.618483001364500851e+00
3.099627554044065647e+00 5.250969779351559730e+00 2.677018801496032108e+00 4.786215576837253849e+00
1.150687927170521929e+00 1.598507145957517528e+00 5.208153709740465764e+00 6.341961872428417135e-02
4.313688500694265571e+00 5.500755632332097633e+00 5.325476529436551587e+00 5.768118010381797944e+00
6.048112704164888775e+00 4.765013969983043829e+00 5.034091310948863196e+00 5.554604331011544716e+00
4.821844220938154013e-01 3.342589591801657711e+00 5.711360728977193268e+00 5.229059190925604561e+00
1.837491681652460462e+00 2.302702798261011985e+00 5.437534930252684084e+00 4.455555865216121347e+00
4.163302009419992622e+00 5.866624450134384716e+00 5.275369541416498720e+00 1.530822386719648209e+00
1.770604953056538644e+00 5.778997911390741038e+00 1.359690648244796130e+00 4.079027184169008891e+00
3.703665316298345278e+00 1.468586760678852743e+00 2.912737320094345161e+00 4.695303975590291223e+00
3.394448135896485308e+00 3.659585539019055478e+00 2.931995718667558037e+00 1.367645583438142909e+00
3.833403763590751634e+00 3.941601701247002265e-01 4.819574324851815028e+00 5.295668611163830697e+00
2.942392464891241399e+00 4.351703177473083883e+00 1.244877269075769677e+00 3.043793429555148755e+00
4.773927906037235824e-01 1.935884520523221797e+00 3.619068223829151609e+00 4.195357816036821674e+00
3.698247847361035401e+00 6.184987501009211464e+00 3.257380543560941533e+00 2.665408234876400329e+00
5.592967239530656220e-01 2.030779336152944037e+00 2.077412086940338298e+00 5.117065445552729130e+00
3.257851521827805019e+00 3.114575064333599541e-01 3.626891545527487715e+00 5.929960265020896237e+00
1.950410861930576001e-01 5.574890007219969412e+00 5.503936373366877355e+00 2.106427854227659324e+00
1.762131011059374641e+00 4.734296847943595843e+00 1.157752202114002094e+00 5.557400369515415051e+00
5.449880349305932903e+00 4.797478138407182513e+00 1.655493382583541173e+00 9.046516252513711054e-01
3.142923529440809549e+00 3.577044429939431502e+00 5.185758831925547874e+00 3.382152527306318213e+00
2.150241097361489828e+00 6.028738972035328381e+00 4.467855329837093770e+00 8.553030195632901345e-01
3.106917617512714447e+00 3.260304543101276042e+00 1.326990461890736439e+00 2.942087336948577825e+00
4.986130637075504857e-01 2.140946487931712827e+00 5.503232326312847533e+00 5.995782929445329756e+00
5.115005988876879073e+00 5.996189375127930710e+00 1.814039450461383263e+00 1.375804368049407422e+00
2.800430275103801048e+00 4.052003618472285851e+00 1.074438867584285084e+00 6.036481576269546956e+00
2.833901088189361150e-01 4.546646957463810756e-01 8.313414817282912539e-01 1.478903546665967017e+00
4.479007535391215100e+00 4.189608632750670303e+00 2.272110123027568207e+00 5.461478340662115016e+00
2.746935853139528927e+00 5.842674426099269347e+00 6.308414755529404561e-01 2.320823421777889362e+00
3.251882585707384976e+00 2.643555175756414632e-01 2.111974178976632199e+00 1.448021258821772683e+00
4.560461303662030730e+00 2.616224436251187502e+00 3.377424842457437126e+00 5.305055494755483991e+00
9.383751757664692272e-01 4.809288398589457447e-01 4.127212693270817745e+00 6.215012879800040579e+00
2.142959565155516888e+00 1.981369897948947578e+00 2.918708342103499387e+00 3.259728375663264455e+00
4.230579853161028581e+00 3.489699581048957278e+00 4.098547033437099252e+00 5.464710026501991891e+00
5.733596514293616053e+00 2.295242984676285403e+00 7.446310938161553317e-01 3.135513941903682156e+00
4.839566528281633140e+00 3.041844718622421340e+00 4.218566492640789534e+00 1.122529674227339264e-01
3.616247682331660052e+00 3.912684497024606411e+00 2.810585408613191394e+00 2.190396379219063494e+00
5.321823123378178977e+00 3.819277836601069342e-01 5.058540063562550593e+00 6.159061286585647998e+00
4.185817564092181087e+00 2.999571548554973877e+00 4.074029968231552168e+00 2.315872670260997968e+00
5.646068950138144693e+00 6.076596465815786274e+00 6.143310744737134677e+00 4.747235375675298741e+00
5.845506708347742553e+00 5.902960107599421136e+00 1.525655744348193066e+00 5.502353278031932859e-01
5.909644388942714599e+00 2.935579634599800425e+00 4.139820149764617679e-02 4.944591595292942010e-01
5.710197129937911065e+00 4.667324841735945640e+00 5.290444056452970223e+00 9.315396312410564317e-01
4.167450691009469743e+00 2.864017594430538605e+00 4.686878409568580928e+00 9.448547872377256462e-01
2.394922494933382939e+00 5.952135981531722742e+00 5.220166818043104229e+00 1.420645943981756698e+00
6.115627388826503363e+00 1.312525575615510531e+00 5.998629382398220855e+00 6.041868930897551948e+00
1.654765357223578315e+00 2.909830598316677008e+00 1.621174472696191637e+00 3.460030156216509223e+00
4.381156053259900873e-01 2.596479250013645323e+00 1.678938884146104149e+00 1.936814594888328189e+00
2.456900982443370740e+00 4.680216243666684761e+00 5.593825527246795382e+00 9.215050430552894634e-01
2.977984548317142099e+00 2.193139814654679665e+00 2.739952499931810781e+00 6.241047917763370201e+00
6.069382586470998930e+00 4.913039240351549708e+00 5.676105593278299444e-02 2.292007055232628598e+00
3.114473675261728136e+00 4.024284696684595986e+00 4.445636231479292100e+00 4.825577375629487520e+00
1.402960680537161720e+00 2.165942394843102026e+00 3.376105533639045753e+00 1.752585423893243455e+00
5.343477334556346214e+00 4.499157645296509855e+00 1.242455687549851362e+00 2.491218087110214346e-03
2.385541538854826893e+00 2.528851579304836061e-01 5.558674048656990330e+00 5.685300501533493645e+00
5.299870222854019985e+00 4.076076238985033129e+00 3.352753478839583523e-01 3.825425580758861077e+00
7.921307788746704270e-01 5.724957387238523765e+00 1.598879145558918635e+00 5.979018393134163389e+00
2.251181021016444017e+00 2.180684658179076418e+00 2.679003774914746838e+00 3.548472030443440950e+00
8.737776907741214016e-02 4.205449692517324034e-01 5.105072824382875574e+00 5.579845701059134022e+00
2.388288088161850009e+00 6.224732846216745052e+00 8.425593810706477615e-01 2.697742285287262565e+00
7.435528356321325916e-01 2.502503454265440297e+00 5.156130120903343439e+00 1.302281042116493648e+00
2.624305982342732158e+00 3.775829361036950438e+00 3.790451574350594210e+00 5.347613965923139645e+00
8.981769864942718007e-01 1.405140835115459952e+00 4.339564777922939598e+00 4.284197714730487050e+00
2.327401830738744515e+00 4.898977043379883156e+00 2.843719954824074581e+00 3.194094778089742626e+00
1.660875422596015616e+00 3.273296998992307305e+00 1.507442160429947942e+00 1.051286905577279329e+00
2.908261053936066709e+00 1.601328185208518606e+00 4.092422895245379166e+00 1.157233188420812464e+00
3.783483852122174085e+00 3.102590704207540018e+00 3.997577926723501651e+00 4.866283526000257709e+00
5.240702755429005322e+00 1.967440917924963006e+00 5.930110784272145885e+00 2.321137049877943781e+00
2.652119805644714390e+00 5.839268335624344886e+00 3.915560502209820104e+00 3.442170252238761385e+00
3.319269262484157768e+00 6.080628062737065687e-01 4.872282735605617532e+00 2.184579846900814637e+00
1.036007020775826737e+00 1.335303505798223656e+00 3.387972244404838795e-01 6.062943141408039693e+00
1.403993449809996408e+00 1.591511672500168340e+00 6.115663480670896490e+00 3.957945249458544978e+00
3.006821373193793612e+00 1.277814779929605127e+00 2.752748428206770015e+00 2.063313705372074480e+00
1.043280699207586038e+00 2.595635564816262342e+00 4.424754497891573379e+00 2.652152180116893909e+00
2.557707728345671061e+00 2.829630877974002257e+00 3.367112404325606878e+00 5.362212944439477269e+00
5.226990148552628668e+00 5.097078471893364160e+00 3.142743727419761157e+00 2.979881429781454205e+00
1.004204642074536080e+00 3.087642185658561189e+00 3.834777672904424062e+00 4.354415004318946458e+00
3.193045690487942068e+00 5.614466206513574420e+00 5.172274756982599975e+00 3.629403986975651808e+00
4.863554134596541623e+00 5.975561997775942658e+00 5.479295587898755926e+00 3.053314732929502284e+00
6.067822840531050588e+00 2.255759172813964319e+00 3.401691041841612861e+00 3.554034869838521793e+00
1.605127020799699267e+00 1.047755787474854872e+00 5.731729823792671041e+00 4.311402174428597078e+00
5.969765013937479381e+00 6.226025649895286840e+00 5.522738978297924817e+00 1.398535673361606113e+00
5.361571044663101304e+00 9.101116262295815273e-01 1.593999995377541445e+00 3.204899633645449164e+00
5.798091438941015419e+00 1.752011838496118523e+00 3.507258275064283115e+00 2.284021884988684525e-01
3.352153893580199995e+00 2.410023664940588617e+00 3.190983815675457524e+00 3.301479963821108754e+00
4.303092780945437568e+00 4.231740956638532225e+00 1.818073581973944197e+00 9.252562919450059153e-01
5.603611026520554539e+00 1.554454295718565193e+00 4.425375610594040943e+00 5.559043571394917116e+00
5.829633848626543546e+00 3.821824583997238900e+00 4.228831067503699082e+00 3.897813961466494170e+00
8.219130912316843229e-01 3.902585527391390308e+00 4.481622714678796804e+00 4.190745987430995356e+00
1.284282083956108877e+00 3.633147773423129223e+00 2.251492927139635558e+00 1.987856860161300476e+00
4.421396741937051011e+00 2.049506430248627886e+00 3.410119629551580989e+00 2.445336601551937050e-01
1.545834091545747579e+00 4.353225996358577987e+00 6.764978170346209740e-01 5.309913318288063344e+00
4.032448304307950870e+00 4.138801068098114655e+00 5.796799428609117122e+00 5.765024275059091430e+00
4.450760604419061295e+00 3.388517438838569262e+00 3.510829742937800368e+00 3.327990698205879894e-01
5.873897417673575205e+00 1.314046116134270026e+00 4.174835221602958946e+00 5.304448974157707219e+00
6.876534861108387631e-01 4.121921327766060017e+00 6.083973001145380977e+00 3.407609890149002063e-01
3.085159857991407240e+00 6.741966832305429369e-01 5.101461032917822713e+00 1.895414563415104059e+00
3.089849196893227568e+00 5.388403778466918759e+00 3.205679708487303992e-01 4.442307296454672816e+00
5.362973723778291735e+00 8.849367599344823976e-01 2.408479838619355995e+00 4.245968959729098380e+00
2.729755069421980540e+00 5.911304778765289925e+00 4.212263743837997509e+00 2.745100462784763717e+00
5.359437185580228302e+00 5.372194762499659326e+00 2.062010153437872972e+00 3.960206261054032950e+00
9.082123994594415439e-01 2.837962506296770382e+00 4.053693034583931265e+00 4.798939694162669412e+00
2.446607286557253569e-01 3.514202332002515305e+00 2.287772276640530345e-01 2.359189921422313319e+00
7.183486266562104650e-01 4.605355965454733358e+00 6.088048302146543966e-02 4.648081663951526110e+00
4.036670275283933407e+00 3.786352662875995811e+00 4.184071760374738602e+00 5.685064408162919802e-01
4.350872748212868402e+00 2.798083649710106702e+00 3.774793208254112908e+00 3.572114072044035193e+00
4.739844962376686399e-01 3.710024924826591075e+00 1.691006503714606923e+00 5.862875424267190105e+00
1.464751563643275523e+00 4.048457510079870869e-01 5.159969973108786689e+00 4.680759740726941898e-01
3.620107817508878001e-01 1.669474380664365265e+00 5.369564354118088190e+00 4.372219845618994682e+00
6.074194209878077899e+00 4.388302280241802578e+00 1.258094952616410245e+00 3.145666079242388946e+00
6.178491132577266676e+00 3.493821530038214274e+00 9.247616834944515363e-01 4.025829828091489482e+00
6.173310996454960176e+00 2.195167241593797058e+00 4.575732357706256970e+00 3.093329086308999609e-01
6.374813487598571804e-01 2.027930284430378816e+00 3.822959345492157990e+00 1.899638277696430899e+00
5.490051743075084367e+00 6.104529122849159606e+00 1.193548318519111362e+00 4.585184042629409262e+00
5.743963214488987390e+00 6.611286408221026534e-01 2.789756409957595551e-01 4.709146542415415304e+00
3.480806770344856638e+00 6.236817661542576552e+00 1.968872142962424965e+00 1.371581645985083586e+00
3.153005973841817244e+00 2.846450960323857693e+00 4.728913529815765848e+00 2.526868959182632768e+00
5.764190425418542318e+00 5.283399447650709568e-01 4.490063093053171528e+00 2.093819309936535866e+00
2.833678910616800550e+00 1.047505660831733909e+00 2.829348894694318606e+00 3.223849039905196889e+00
3.545580178415634887e+00 4.372370095751646701e+00 2.089240036123974631e-01 2.842728678897748384e+00
1.635161036620669917e+00 2.450777366624247097e-02 4.078982442567437028e-01 4.050617195873601695e+00
4.952225688430425876e+00 3.949925576551590378e+00 8.377825738263676714e-01 5.392001864168774361e+00
7.601668215950229124e-01 5.344776426681158377e+00 6.083231959848896864e+00 5.808024947655483494e+00
3.169701367223791699e+00 2.992834910104150703e-01 2.101527484269437362e+00 2.242543301420548918e+00
4.387334750421095109e+00 5.049003000865551982e+00 7.432818546820956218e-01 1.070969747619103102e-01
4.077124700963167037e+00 5.673050192323246144e+00 1.053873315068133421e+00 4.091835105557213303e+00
2.906675692738361239e+00 5.646277762376503695e+00 2.514955871604652504e+00 1.399988524539981904e+00
3.828864561194857075e+00 2.003844008405370580e+00 1.488270154154201830e+00 5.414949089962011186e+00
5.998126363305556374e+00 2.672533163628648456e+00 1.460960708942820707e+00 2.872658715541613617e-02
1.788351129719725874e+00 3.704894996217329872e+00 1.593738271512932458e+00 3.081642011430373973e+00
2.059052679654225226e+00 5.945305273491528375e+00 4.367211302807762152e+00 4.842918433579866289e+00
4.255659620243882557e+00 5.025560555839176935e+00 3.794511265799425104e+00 2.222208563228718958e+00
7.050238263862252941e-01 4.578596770936774196e-01 3.655991609669544812e-02 3.532982502687117776e+00
4.132514162201881724e+00 5.942803737792350383e+00 4.054904999950935895e+00 1.758200299272034250e+00
5.944059256422701054e+00 8.564317357110692308e-01 1.582302144161011226e+00 1.547301413675369552e+00
2.997459551957252777e-01 1.541169197718469164e+00 3.252684672823422662e+00 6.237428584454994152e+00
5.742385169047753202e+00 5.094198192028067673e+00 3.214159221300094682e+00 1.734666068599994615e+00
5.201839200094660498e+00 5.073703168327961421e+00 2.894867177115764800e+00 1.827541406407066304e+00
5.742522017585379501e+00 8.234046072385028947e-02 6.274314945405493837e+00 2.921993922293559254e-01
3.981109138181434304e+00 4.743829583402097150e-01 6.977433872341879395e-01 4.429138065990376738e+00
4.479916395725313194e+00 5.980151873072936830e+00 1.110539142111877965e-02 1.523886046579403075e+00
1.106577581506619445e+00 1.284520086386361060e+00 5.921858427497725508e+00 5.066507662304479354e+00
1.354479839858599544e+00 1.722163507949138861e+00 1.169284107035796438e+00 2.048385299305381935e+00
3.974113533678437005e+00 2.157438333435806932e+00 1.821082046907270824e+00 8.728674715030264597e-01
2.545566878622719464e+00 6.088450872682223292e+00 2.977137044416564571e+00 4.240711698852005718e+00
5.301003858033539906e+00 1.027967000554641075e+00 5.482887373880164006e+00 3.725981482197474287e-04
1.748357933234684580e+00 1.234520322780180424e+00 5.639274993240646516e+00 6.060763588911357580e-01
4.102094799451210250e+00 2.321332662746699693e+00 4.830980780852967449e+00 2.011997506285456705e+00
4.334544547950347493e+00 5.582042096061084813e+00 3.768878802534540551e+00 1.552650346159553385e-01
9.268930103402256426e-01 1.220134108638452508e+00 5.656272079220887594e-01 2.179760529896557664e+00
3.060507284543465989e+00 4.207746297770475152e+00 5.641382386980939856e+00 3.319045699927954729e+00
4.259556213184888307e+00 4.495400026478856503e+00 4.689529453857881336e+00 9.334209221139339041e-01
4.117672898113706736e+00 3.592515713955136469e+00 3.119827678501314594e+00 9.186323592504961333e-01
4.424813351348796608e+00 3.516724393742107768e-01 1.388758120327650669e+00 1.647452876182316173e+00
4.762780382874303164e+00 2.553406725851877224e-01 2.240237792744582901e+00 1.957480422013586907e-01
7.877091980921817616e-01 4.233651130975876420e+00 3.640593943018504586e+00 2.523170351844811865e+00
4.175497910620229902e+00 1.914589628483557016e-01 2.399003749943125818e+00 5.694825436933477647e+00
2.156930157556526395e-01 2.994763666852766182e+00 2.277913852213271362e+00 3.579999996021163255e+00
2.726605100287537997e+00 2.327647742410917431e+00 1.558209045160777517e+00 5.613573755535181675e-01
3.124739686058482846e+00 5.106495333759861754e-01 4.794438209126350992e-01 3.992361635483253846e+00
1.245573724600326670e+00 4.898142403336852801e+00 4.354266787269716943e+00 4.073025457048124132e+00
2.880332764482260277e+00 1.529090536169415149e-01 9.021205931798658151e-01 2.181244379697591551e+00
4.479799054158122296e+00 3.860716624011774734e+00 5.347799980185568458e+00 2.002791948242321762e+00
2.160619595170043539e+00 5.874855633483947237e+00 2.479049785726070265e+00 5.293986220700532819e+00
1.334726127851209476e+00 2.177304322752404708e+00 1.029948819577661379e+00 1.035519064383801258e+00
4.946575560063418919e+00 2.204834317033961266e+00 1.889589869680832757e-01 6.127072086207505208e+00
2.427426881111999446e+00 2.985154765487297635e+00 3.129594353697753739e+00 4.019835188599442333e+00
8.934749251593628872e-01 3.751501562812892487e+00 3.069628624075919188e+00 1.407454544553389475e+00
1.745055810450568456e+00 2.184064424941808635e+00 8.065224582396223196e-01 2.098958180717030775e+00
7.514159549126913085e-01 6.057825955830462572e-01 9.372091901308380324e-01 1.163138030323146221e+00
3.796194475833331250e+00 4.530489631145160345e+00 5.712807233568815590e+00 2.522576944657293208e-01
4.002910019711492851e+00 6.233061915755977012e+00 3.694244294905540293e+00 4.114186874474659916e+00
5.645192091798956646e+00 5.805016506167114620e+00 2.241066436215168878e+00 4.553489640272849748e+00
5.655324159814035134e+00 3.071012640114564873e-01 5.367109188404024067e+00 1.167424716599758383e-01
5.778753656403126548e+00 9.542809417919849088e-03 3.095901281635074387e+00 1.923009110597257154e-01
5.934832060003006893e-01 6.273081243477435009e+00 1.030159402679606151e+00 6.884175747974335957e-01
6.681859906807733340e-01 2.914101116067732811e+00 9.744125955679472373e-01 3.683766399694515581e+00
4.428879875750452166e-01 4.866447596231873618e+00 1.578596851735604378e+00 5.497220711901023016e+00
3.615352670019275294e+00 5.527702809988339183e+00 3.294475301080656227e+00 1.617191407269281900e+00
5.644398703493649805e+00 8.940359253925980187e-01 5.621151192536680163e+00 1.211920972939464436e+00
7.153925235456992660e-01 2.466399914066852883e+00 6.188573098700660857e+00 2.740916442524878871e+00
3.774255496657652920e+00 2.699135373304037966e+00 5.953004016014863176e+00 4.442075554052080655e+00
1.131353551704896709e+00 3.393276195354239633e+00 9.279356248713914734e-01 3.758386298127530445e+00
4.472461548162929290e-01 2.313580420617330713e+00 6.067384624652153668e+00 6.168197931655221566e+00
5.737173613094761926e+00 2.508729838414359481e+00 1.042942811868485808e+00 3.402889863555813021e-01
3.749739637450749008e+00 1.984791536868489192e+00 5.220981418519647477e+00 3.971584031769400891e+00
5.757578473956939114e+00 2.968983886174560549e+00 8.096132598456334817e-01 4.137065855555116300e+00
3.749394992106541924e+00 6.216025170136173728e+00 1.434583233627451326e+00 5.028928067567608906e+00
3.649353859884199913e+00 5.186453455082302710e+00 2.465293603121031740e+00 4.110673723656362633e+00
5.012175844023036397e+00 2.384768324808898221e+00 8.965729839929895695e-01 2.538807219921762393e+00
4.390937518423232433e+00 4.918470147920346314e+00 5.485680344648779183e+00 3.633608929579597913e+00
2.430739349948542460e-01 2.943184954474241888e+00 3.063292888157662652e+00 5.164168806453005800e+00
5.493155040718201931e+00 8.220282796406207515e-01 7.242056418072183588e-01 2.189942843484779633e+00
5.684552208191978373e+00 2.444212303680042719e+00 5.323231657800731931e+00 5.634171734532045228e+00
8.767604808774553948e-01 1.954088776749886902e+00 5.834379173835889887e+00 2.770242265278491267e+00
1.457071055082954425e+00 3.955798189232971662e+00 1.866120216539749244e+00 6.116466629280376210e+00
1.185303195777121177e+00 3.850038937742395806e+00 3.978527553436144615e+00 6.243548197163836910e+00
1.006364045206064040e+00 4.124451013752585382e+00 3.138179380546739061e+00 1.968009684379301294e-01
4.833550256389540500e+00 6.244985262130879899e-01 2.637357497534904560e+00 8.092634798292044351e-01
2.618445854996465094e+00 4.128115430618796822e+00 4.536303250247755159e+00 2.050991504917062613e+00
5.224581500367228237e+00 4.123555032672738818e-01 2.263579689347959611e+00 1.830842435239842025e+00
2.310499112437518043e+00 4.903391489057621122e+00 3.514742219989017258e+00 4.395940220369152662e+00
2.811726880441560716e+00 1.034301898966642819e+00 2.829295887082287297e+00 3.604243528998583024e+00
6.188452276125557816e+00 1.602800135757428412e+00 3.763993098998576592e+00 2.913365904803489226e+00
4.970990424546193331e+00 2.896296496995102387e+00 3.219747010254692121e+00 5.383803263085151336e+00
1.848485851950942616e+00 2.424610707538579657e+00 3.555896230241654354e+00 3.869195982774520370e-01
5.885378024631421567e+00 5.091814295689837344e+00 2.193644501414025338e+00 1.307850766108447083e-01
4.559352786585968431e+00 2.461847423598890749e+00 5.232457334125899528e+00 3.065532234814078438e-01
2.184384998013637169e+00 3.277378511311631826e+00 5.838044920335931032e+00 1.058265897231111530e-01
3.617284448327298119e+00 2.434650654428165140e-01 2.788927006796196650e+00 5.697873216535653818e+00
2.513325811368673612e+00 5.066254272371396361e+00 6.270122653635800347e+00 5.893928233439938325e+00
9.553445343039237425e-01 1.529456395974967131e-01 1.148119305003960200e+00 4.362728277415166112e+00
5.674445193397843479e-01 5.389072476141942847e-01 2.134993976729552934e+00 5.954281733246936659e-01
3.605792915196580406e+00 3.395905017355270172e-01 4.231615814194191749e+00 2.746381988229309457e+00
5.790776920180507048e+00 4.141870963588763388e+00 1.125350609559193638e+00 1.256376379808589183e+00
5.449214514090844119e+00 4.763350373630383494e+00 5.241550470471547207e+00 4.060100164812246781e+00
4.986797132483305361e+00 4.114559787465500662e+00 2.923519970614049335e+00 5.593713357477731130e+00
1.678157545705545539e+00 2.174509836568262244e+00 2.067316948597449855e+00 3.398113720099132262e+00
9.840001360006949138e-01 4.745470784612786375e+00 2.553895122602340528e+00 2.214580140911508011e+00
1.884472320341133322e+00 1.689526316271701134e-01 3.549246763146352457e+00 3.653855902034471193e+00
3.989601813129738606e+00 1.730154316998587793e+00 4.555338463531223847e-01 5.289001109587259108e+00
9.819898549065994575e-02 6.067855213571080597e+00 4.939574567530462090e+00 4.160674852988772265e+00
5.137771913941913127e+00 7.599374676906067716e-01 3.787196943802320970e+00 5.837552314211289506e+00
6.212408936361262235e-01 2.547877728853593648e+00 6.180709562441569105e+00 4.951836768200466032e+00
5.087183369620291273e+00 2.046705566552820821e-01 3.292061749520262648e+00 6.253771148574133854e+00
5.940194268358777840e+00 1.618487770618064925e+00 3.957876427763197480e+00 3.466940819794827711e+00
4.545334753216065948e+00 2.724132410825054196e-01 2.477053502720584444e+00 5.501788850346596149e+00
4.990749237014892259e+00 1.239836461090190411e+00 1.599183216200755486e-01 4.169295114484720344e+00
4.255809662545308569e+00 4.755108408942636977e+00 4.951385630777590308e+00 3.334621021496948501e+00
4.306707053395619766e+00 1.320518800738722520e+00 3.706473653179188865e+00 3.113456923406853760e-01
9.358635276189467556e-01 4.021593604424477775e+00 4.911635138077361518e+00 5.316327186052186571e-01
2.560746379495768554e+00 1.646578172653608618e+00 1.060009986402012716e+00 2.017004930668103491e+00
5.397894639239026127e+00 3.530677908131254927e+00 4.616860937093578698e+00 2.152035188201493199e+00
4.598278543397152696e+00 8.430505077047099061e-01 3.662856424031726843e-01 2.832386479270928792e+00
2.149422083639477066e+00 2.574646305318594841e+00 5.561194256389075719e+00 5.456283682313769035e+00
1.670930741065547842e+00 2.983307141956133446e+00 5.092644845854249702e+00 1.346100049169137725e+00
3.267264241676848702e+00 1.952302233073946125e+00 3.866050820993953696e+00 5.471862059959842206e+00
5.046473791586196356e+00 6.122253741804885685e+00 9.734859669423812090e-01 4.073668582006137129e+00
2.599368664812865770e+00 2.396479447215034142e+00 5.313957001970250005e+00 3.028618130882144932e+00
2.329710974317060757e+00 6.496404699967103236e-01 4.472414601869125761e+00 3.251921631496265785e+00
1.791995755239280119e-01 4.315192694567654974e-01 4.368784658273502153e+00 1.110184653702715574e+00
1.799543494277555444e+00 3.584115682335640152e+00 1.306758950605321434e+00 4.477071748435442089e+00
3.952027702892871641e+00 5.442259385445155750e+00 5.381080296005179342e+00 1.154335965368903649e-01
5.407499638756331883e+00 4.826286105726345532e+00 1.792839556116468724e+00 6.236392800129753056e+00
6.447310832262540536e-01 1.012730211285271409e+00 2.065238414381559195e+00 4.474582329535540914e+00
4.243104330507107669e+00 1.375190000093870379e+00 6.111529579239752819e-01 3.573199622302468903e+00
3.182697047469984497e+00 3.725538643897902347e+00 3.520221573087207290e+00 5.236892544014827067e+00
2.786772780470340383e+00 1.945428008272340525e+00 2.476734976447911296e-01 4.643165219840236779e-01
2.484674316555887774e+00 2.216911731289977983e+00 5.671741836328016539e+00 5.241322520931190887e+00
1.265701103045656195e+00 5.990596323277349589e-01 1.105074503617158588e-01 3.614484857908209836e+00
6.095632226931496866e+00 2.433395765089597429e+00 5.978184225341732771e-01 2.713075873016935535e+00
5.981744650829989851e+00 1.814578112773564289e+00 9.004615634323275275e-01 1.723696031795828532e+00
1.700543807726389467e+00 4.781059998393019650e-01 3.361353044466298901e+00 3.189627357864626145e+00
2.984828271482732109e+00 2.865003874983665710e+00 5.008465803970561403e+00 3.454886318635370213e+00
2.016456959143402727e+00 5.376469339404991388e+00 2.591634712873910118e+00 5.954843832000943138e+00
2.781709958923302306e+00 5.357921979598011752e+00 7.780589235888291100e-01 1.595085122534339650e+00
2.009893662503127398e+00 3.769387669347384340e-01 3.246948936360492866e+00 2.355456833210995971e+00
3.724286247205044198e+00 2.243936489844556625e+00 4.999306225191465280e+00 4.519507458968475611e+00
2.479394296740186743e+00 2.352400047078744727e+00 1.805638521530511520e+00 4.068140034964986107e+00
5.497301337532825904e+00 1.103020640467975877e+00 9.273309885278893105e-01 1.404952427248484126e+00
2.820303279436980226e+00 5.957872175868332398e+00 4.143026455255913731e+00 5.721108971583260150e+00
8.459545808482471507e-01 1.762157694093196225e+00 4.664949976740191850e+00 7.815214404436385820e-01
8.605295268940301723e-01 6.105138642534846838e+00 3.487941890057295602e+00 3.389051544540308658e+00
1.259210430046695972e+00 2.267636233480324393e+00 5.017007754297129196e+00 2.152804395252159164e+00
4.783715103779920597e+00 4.886202119998575455e+00 1.518672303601828477e-01 3.029552556430082255e+00
1.403497197971611987e+00 3.877170728944161204e-02 5.197843776958067430e+00 1.336130618120106250e+00
3.319457382181212779e+00 5.336322338223820516e+00 2.162145876486649243e+00 3.466851800785410997e-01
3.183432864784762728e+00 2.658371590368139969e+00 5.873761323680107838e-01 2.266921909377450639e+00
1.720775525983837539e+00 5.898595776939989932e+00 5.748484517705923835e+00 7.090510181814615454e-01
3.444772666726775068e+00 5.472377992378076428e+00 3.014392451796982897e+00 2.161794840345740987e-01
1.937460282371401776e+00 2.551041418957657125e+00 6.232730980302324753e+00 5.607916663216757414e+00
3.463422691306639045e+00 1.354341480413354670e+00 4.804620033679622537e+00 4.392003855350353092e+00
4.144041752683902402e+00 3.280926455879157100e+00 3.421302329486002325e+00 4.309531712092031341e+00
2.525933405742749827e+00 3.518383876364478358e+00 1.879619985236948843e+00 2.537998342247269168e+00
2.624354505486885980e+00 2.854615931751526503e+00 1.112912963339539596e+00 2.052875666469998972e+00
5.895069301236845583e+00 6.262777306427849133e+00 5.393904397802577577e+00 5.450450308202671179e-01
6.082200333489218735e+00 4.925168099332890570e+00 4.913724247149930946e+00 3.980217250915950800e+00
4.309678829963898394e+00 4.298821037477958740e+00 1.949891591454022410e-01 5.970734381963063164e+00
3.306433944566222305e+00 2.272914762360541019e+00 2.254844106679423810e+00 7.527386135075838647e-01
2.165151097958906146e+00 1.639917926947671356e+00 3.076996753840209653e+00 3.438064557452212178e+00
3.023798322279668938e+00 2.503973908090447065e+00 5.990269720102945783e+00 3.359163950785041486e+00
6.882304511089644139e-01 2.342250160058351405e+00 5.018342918596653490e+00 3.554556431896573443e+00
2.711675255432795861e+00 5.031942370734091341e+00 4.297213546801272877e+00 4.093473089795934605e+00
4.650627146210708496e+00 6.099193903598051136e+00 3.204016749961747124e+00 9.254136434238012798e-01
1.071413812261579057e+00 4.729933592346420745e+00 3.589935482547737422e+00 1.392913677382082271e+00
1.297427175225975615e+00 4.193380326531508828e+00 1.490968883418381186e+00 1.768878587437385130e+00
5.542850169210580269e+00 4.726536033196365061e+00 5.990323423167062344e+00 4.955172059301681919e+00
1.911899083903512597e+00 2.613620971781417168e+00 5.431851885060470231e+00 4.521606410007471766e+00
4.298635743823864708e+00 1.821130800316011378e+00 4.768824347419257093e-01 2.689962703846269232e+00
1.692610486302930761e+00 5.948566482023865731e+00 2.439288755203953496e+00 4.292548835784334993e-01
6.026635909210201980e+00 5.651097109562579490e+00 2.002220041474060075e+00 2.892927207325643124e+00
2.828724491430360644e+00 3.869436980524640912e+00 2.437375987147313516e+00 6.124807052332049695e-01
4.621665025436631602e+00 1.063690796362535274e+00 1.613105978204052660e+00 1.315287242826801206e+00
2.714392650914377314e-01 4.422025054533100352e+00 5.984049692569334944e+00 2.979214104265989760e-01
4.725268461262088771e-01 5.689740625224811055e+00 3.199118813926102867e+00 2.403650841219108880e+00
3.599386815074251622e+00 5.284680913810301917e+00 4.603948003151244528e+00 2.704413890094615525e+00
3.430014133643870977e+00 2.406859321894349701e+00 3.493008818730099829e+00 9.632736073589923675e-01
1.907676069259559709e-02 3.598034316936071342e+00 5.590040865252970725e+00 4.039641162389220774e+00
6.235706358440362251e+00 4.650678927433098409e+00 5.890445660031271125e+00 5.440628612459266655e+00
1.574925500345740526e+00 2.550663525810063170e+00 4.583236839463591394e+00 4.377461719217095926e+00
3.944978346163408034e+00 3.762814553196638934e-01 2.286360469916024485e+00 1.303579503599563205e+00
6.097605413334190594e+00 1.156214220807236792e+00 5.903017055996398810e+00 2.776293871916224454e+00
3.063855354778439288e+00 2.382173226853429249e+00 3.123545431757495550e+00 4.537992059436188441e+00
3.976398657374078827e+00 5.269652107919101658e-01 7.795570749669580302e-01 5.716415021635119054e+00
3.280450797222955739e+00 4.029241386196315666e+00 1.307901705707420259e+00 4.325834415054582216e+00
3.065177263183370027e+00 1.498449192921233797e+00 5.922680889868350285e+00 5.810631687997950046e+00
3.735659722799119287e+00 2.626594199062946444e+00 2.019236024011208386e+00 2.533827227641445745e+00
2.147006103147950817e+00 4.500621756544647134e+00 1.394779298812810042e+00 2.451736457507563305e+00
2.636238513987264831e+00 2.561300855583347857e+00 1.298148956012494804e+00 2.486018093248444083e-01
5.391861422265851189e+00 1.869115189393991239e+00 3.746835831148072060e+00 2.123540860210104242e+00
3.911831388833359568e+00 3.157826186574490546e+00 4.877089363587404414e+00 2.521929387834350167e-01
3.493487996095632653e+00 1.459491846442991125e+00 5.088852795303143495e+00 1.926493628899194510e+00
3.912684664657169797e+00 4.591028359344186960e+00 2.738228440649006501e+00 5.398234649634035875e+00
1.432974884119545766e+00 4.111458839443645097e+00 3.913215821134338857e+00 6.159563083687853435e+00
2.252969645080291183e+00 6.180180708803066025e+00 5.749543457772917421e+00 4.431764581142798143e+00
4.060116243542726266e+00 3.212222711790801988e+00 6.087943646006307219e+00 6.118071954893124165e+00
5.696159668468068205e+00 4.277145377874896681e+00 3.269587638042471323e+00 4.538988516984165500e+00
5.415115801192204259e+00 5.900387710249714424e+00 1.455962259686832461e+00 5.228755344438139829e+00
9.901955727422957487e-01 4.517717335636175946e+00 1.587059445971814142e+00 2.546387556186321399e-01
1.839096363326100381e-01 4.129700473964303953e+00 5.536091990770392712e+00 3.372890167736434019e+00
2.689341444942465464e-02 3.391798222187468070e+00 1.812754455383755792e+00 5.967980427611262684e+00
5.270205692058199887e+00 8.888340626870885330e-01 7.866475832288483128e-01 5.213210157159457125e+00
5.517595607783393419e+00 2.785106931247105067e+00 3.329264546386327961e+00 1.781106483510678462e+00
1.959728700973021043e-01 1.424777440907559534e+00 2.547666331235287629e+00 2.435090471557677994e+00
5.841937137538337765e+00 2.206299882708391280e+00 5.374476455414731291e+00 1.063018022208139790e+00
1.585904854995824786e+00 4.577859805457953790e+00 2.560359938954930747e+00 4.310260000274372061e+00
6.754488306653485541e-01 3.516319582567802637e+00 4.660655612332679887e+00 5.604973915349431124e+00
4.443742532226336195e+00 5.775969166084973239e-01 1.748809602800130092e+00 2.957992348098631208e+00
1.148897050992780500e+00 5.018666165515879740e+00 1.916591172172005031e+00 8.791651805532104680e-01
2.884715577179521873e+00 5.415889709904853078e+00 5.416839708463340841e+00 2.550006257848600466e-01
3.262095746856536582e+00 5.817585123060476704e+00 2.399494684384877452e+00 6.215806085595136921e+00
5.787674342803009075e+00 5.750415964619680409e+00 6.059366803527446166e+00 1.190407895412903150e+00
4.807995560943378877e+00 6.147445348383360653e+00 1.816956605600733354e+00 4.205282434786996149e+00
1.242539041958454077e-01 1.350591813462498902e-01 1.858393911091781758e+00 1.552316469124331411e+00
4.962652361308878213e+00 3.650013656616706292e+00 5.508180682370480419e+00 3.216498764993686255e+00
5.197124284136594774e+00 6.576044903852030776e-01 6.137727124842475845e+00 4.468371367943499983e+00
3.201037862101491438e+00 3.819670274549794353e+00 5.047120498822897261e+00 2.418101653339077561e-01
1.454422560224154948e+00 1.882264090741817775e+00 4.456544329321785014e+00 3.377431659434883215e+00
4.782638800157775621e-02 3.090943636897625968e+00 2.578525129628091772e+00 3.865388781336676072e-01
3.684275516952828955e+00 4.718883793702041141e-01 3.026347463455362430e+00 1.277835736341398798e+00
2.461542338905962968e+00 3.132573784976478426e-01 4.317752924908387691e+00 1.211423357502390274e+00
5.295413672830607821e-01 5.800110320486860260e+00 4.134809741838088470e+00 4.461774568097540694e-01
2.354325702329755465e+00 4.247285394689764182e+00 3.571054248228046735e+00 3.690607326723064130e+00
5.213816769726705047e+00 3.679972211368719659e+00 1.029188977322165632e+00 5.125748200824189027e+00
2.625996977742660832e+00 5.635509949120389717e-01 4.434875682058625479e+00 1.512973296483737240e+00
1.668782972762627548e+00 5.212065877926180590e+00 3.609825392734627325e+00 3.131985453053903079e+00
2.659981914559465643e+00 2.337603254182553325e+00 5.112787950612279531e+00 5.247064384527944547e+00
2.780613015318647463e+00 2.390517132768568587e+00 4.837958741301643606e+00 3.170346896293521510e+00
2.019353202724495144e+00 2.318964231442585344e+00 1.995400604294689684e+00 4.497860628323314458e+00
2.991380220829330749e+00 5.944403845881691240e+00 1.934454566550068533e+00 2.474621299730503377e-01
5.249507352993392217e+00 6.237309836968539578e+00 5.736101359755424234e+00 1.039367633513707534e-01
5.553101775494001302e+00 2.791815156841880530e+00 6.173611866222643130e+00 5.899415187477047295e-01
2.825360664873536098e+00 6.071386884917128413e+00 4.148105004615078251e+00 6.062744874105513659e+00
1.172309270529143937e-01 2.730543200207559362e+00 8.035632832204340215e-01 1.334597876225062318e+00
4.954801111129898850e+00 2.437778560672901218e+00 2.634748430566757005e+00 1.704392719153869251e+00
3.962314665489095500e+00 9.373679301791254526e-02 5.686576314839496327e+00 4.923206278837146677e+00
4.604415927086455085e+00 5.766740338402311039e+00 4.172912812625552803e+00 1.216308815990149728e-01
3.012332465926572667e+00 3.577090015165558246e+00 1.150081236281635055e+00 1.656286701499118941e+00
9.075480679859817545e-01 5.567684108095130036e+00 2.787474096844349436e+00 2.991700367120005311e+00
5.754194598210334632e+00 4.163729366218867689e+00 5.532783135538256403e+00 5.109026875153001690e+00
2.059749276551726460e+00 2.109252882110593141e+00 4.331373006855194774e+00 3.419581500268187746e+00
5.288201644415637226e+00 5.151950909133937273e+00 3.957974104686321937e+00 2.656474185795985932e+00
3.881564523117449816e+00 4.432068680795878124e-01 2.953292525837814875e+00 3.822701096252060005e+00
1.131341460086984885e+00 3.815315282255803631e+00 1.966108901426192768e+00 1.829339331848859107e+00
1.776383152611578531e+00 1.883978011797856400e+00 1.788060178894941954e+00 5.762799126845008502e+00
1.532710880558693090e+00 4.512888766109166561e+00 5.937424747848360163e+00 2.415819916740950202e+00
5.984734484994119086e+00 4.665298340459751003e+00 5.981761197080992964e+00 4.993641995724949822e+00
3.206628677333004163e+00 5.778857129812949189e+00 1.200279068917228686e+00 1.276763536789634834e+00
3.450998871534575407e+00 2.887163009818559001e+00 5.686305201569019196e+00 6.051669076117382140e+00
1.690207281298661268e+00 3.580156787016432585e+00 2.684512528932999409e+00 2.022196465349531014e+00
2.655174139575231518e+00 4.750833246375659513e+00 2.432711540702737762e-01 5.233146030904788581e+00
5.802539738366855993e+00 2.815486613204043032e+00 3.320031982551732153e+00 2.368510405231298410e+00
3.068854423693632594e+00 5.011802635349574819e-01 4.557640873571528140e+00 3.739507370563040389e+00
1.665854503913972939e+00 2.734853173597985965e+00 2.242730436310547582e+00 4.358755032665070916e-01
2.885393531989322469e+00 1.635145303768164693e+00 4.452317407746128275e+00 6.116464191059472810e+00
3.630627644823700262e+00 2.702851727560845241e+00 4.216916448637127779e+00 5.529676344611962335e-01
5.879634644374570840e+00 4.689741048377012861e-02 4.209896675475359729e+00 4.014734912509666742e+00
7.497812386530211537e-01 1.586819153544585470e+00 2.459597154721115120e-01 2.227507476743434189e+00
5.089871982877957057e-01 5.118396804180165738e+00 1.465385777627013948e-02 2.501160622617866203e-01
2.579453990118320217e+00 4.481688621325764288e+00 1.042619157852165745e+00 1.303344224578649957e+00
4.324883095355060547e+00 1.039584176277297933e+00 2.637094972821472982e+00 3.487653953233762039e+00
5.637394976058676122e+00 5.514857164002237688e+00 2.070203190113766301e+00 4.734203238587791240e+00
2.886488266770630973e-01 4.673499847040569755e+00 4.908210574334915255e-01 6.446766872616408461e-01
1.664347684746833922e+00 3.564581569598048727e+00 1.539734008118620601e+00 1.882074312553164486e+00
2.474117078602697362e+00 1.737067633254910204e+00 4.091825396574638063e+00 5.383024985106464655e+00
3.558760699605760802e+00 6.204463209974630383e-02 2.460174005671739383e+00 4.282999663136674684e+00
2.154740864425751301e+00 5.185213251516433530e+00 3.288351280461823123e+00 6.121241385894188092e+00
1.541047172533366094e+00 5.607374125574954071e+00 9.813483084102645471e-01 2.945295573664060029e+00
5.762265071420357820e+00 4.457492218991349731e+00 1.193998334698795682e+00 4.222067333220986818e+00
4.808119392155112970e-01 4.861398549379379652e+00 6.000024535043753993e+00 4.216073323599861311e+00
1.537971388349779200e+00 5.254861497901750056e+00 2.984119467120659230e+00 5.596467734597036170e+00
2.418320184260688510e+00 4.830494588654337562e+00 3.063070750494998773e+00 2.225394845761204721e+00
3.912556439531123864e+00 3.596571684130455360e+00 1.490457396355142849e+00 3.118901642512535766e+00
2.844019703324712212e-01 6.717805392610376458e-01 2.506333810398290396e+00 9.732029877405786733e-01
4.886745875523742733e+00 3.686735380872276480e+00 5.305421980039733754e+00 5.567351735126107926e+00
6.136666024357508853e+00 1.790784315384420067e+00 4.105664653828045019e+00 4.438259614389052921e+00
2.163803960371849744e+00 8.707548476323415110e-02 1.236767176064997420e+00 3.843251076309750491e+00
2.420268591963824267e+00 6.921862967622288698e-01 4.935423828096548782e+00 5.846790085141168269e+00
1.521476834932415256e+00 3.945791889246440309e+00 3.414296003269822410e+00 1.792604877930147111e+00
1.409658978760766068e+00 2.474635883660520896e+00 3.945767268159257046e+00 1.521210024088810897e+00
7.671985128334671833e-01 1.318576619635885461e+00 4.638213047795233024e+00 4.853404039643128165e+00
3.385553117208654067e-02 3.038815090093231586e+00 3.689289691213514022e+00 3.226107818178692188e+00
2.076777395755066813e+00 7.531791750574537980e-01 1.224595843095792835e+00 4.845506537572207506e+00
4.050748009068732891e+00 1.550026993714763157e-01 4.716558593450331571e+00 2.173580371676203882e+00
1.972855868000934931e+00 3.152086586846797100e+00 4.056784403850964615e+00 3.711378295556513773e+00
3.895716253278653340e+00 6.622235982185379344e-01 5.880632854038776003e+00 2.276316327660285133e+00
1.885793799249225966e+00 4.338574929285885950e+00 3.052863014039815415e+00 3.850904483540941836e+00
1.783721811468130455e-02 6.167295258850264972e+00 4.460393149723007156e+00 5.420103659323816103e+00
1.255514914831780127e-01 1.013599213523894926e+00 1.878671432092323235e+00 5.462530955145994405e+00
5.685204620362013905e+00 6.118172803056769027e+00 5.420804739412159456e+00 4.175101581075427504e+00
3.012990238019836564e+00 1.907966803539992817e+00 5.097050713578713754e+00 8.599990389343674657e-01
2.314243569607163931e+00 1.143891908272247404e+00 1.550364466337605940e+00 3.120950984519491822e+00
5.294716059653679530e+00 3.383748719715617970e-01 4.865896715266741168e+00 5.594535032613656700e-01
3.433184878849573907e-01 1.062860402105834323e+00 1.146188495214058634e+00 5.592668134161385751e+00
2.487097725704933371e+00 5.897167993502047345e+00 5.711592166061719489e+00 3.455564117487095466e+00
5.283458552918302686e+00 1.096859048429306815e+00 3.023699890299904158e+00 2.998058905069648894e+00
3.043376537417048056e+00 3.741335490910502326e+00 5.470319985828853149e+00 1.025731061927503296e+00
5.586236215351301659e+00 3.562028013455820652e+00 4.818208844986223482e+00 2.265947107234619118e+00
5.214740727939784826e+00 5.934333232455208496e+00 6.019432800079655088e+00 4.681124486050755706e+00
5.355532780679352456e+00 1.809898077445878828e+00 1.201195089723240406e+00 2.619985818622958984e+00
4.650509811296873686e+00 4.018185470582331664e-01 5.637126715535902832e+00 1.437471342040755662e+00
5.768430401568108046e+00 2.057010891031062272e+00 5.485201099460485175e+00 1.472004700420044054e+00
6.102969696269282984e+00 5.474495570412182266e-01 5.082638259812010340e+00 1.016734924548367003e+00
5.050558344611412842e+00 6.884086704131200385e-01 4.914100432973924626e+00 4.722121299055774379e+00
3.416159233002097562e+00 3.536073486543747979e+00 1.876667793052531286e+00 5.070644108411820561e+00
9.206848200517709913e-01 1.769347926589671383e-01 2.572186484408863549e+00 5.178159678190148441e+00
2.573853294869801633e+00 5.840021276145277440e+00 1.952487819536174563e+00 1.643048956879095579e+00
3.184639381530095292e+00 6.217176758769994649e+00 4.747261155833350621e+00 4.925812615373542869e+00
4.191087873455161983e+00 2.211892167679556653e+00 5.678180384666595693e+00 5.695975518559698081e+00
3.391704586562692025e+00 3.500007459557953560e+00 1.971719074803961025e+00 4.056900394172982871e+00
5.784931661841945072e+00 2.780657029978170214e-01 4.938184886018564868e+00 2.218881547311619684e+00
5.850463663083525390e+00 6.171948308874736888e+00 3.663468344045566205e+00 2.553346071505536052e+00
5.915306994468156887e+00 3.725588111350285558e+00 5.783543544322682806e+00 3.725270640683592482e+00
4.417338045192734874e+00 3.178379091962665104e+00 1.027654881110758422e+00 1.436708871485465992e-02
2.795761118452242844e+00 5.578452167422082164e-01 6.240242140946297589e+00 2.332176555982225619e+00
4.452249743678690308e+00 3.302267793781062277e+00 5.615591399538582884e+00 1.418615860903060133e+00
2.449027142745908492e+00 4.258731427349160548e+00 2.851893147559700914e+00 1.488919775892929787e+00
4.653077535951750221e+00 5.834853123352998772e-01 3.658432807946849330e+00 2.087572429508717242e+00
1.498360999582443176e+00 5.237450366306990013e+00 6.015507250334569678e-01 5.417298007537810989e+00
3.279937477971712756e+00 7.432363748382788682e-01 1.224399140382958162e+00 4.037347731387736505e-01
3.257515546999601996e-01 5.292273768593240391e+00 2.591503800299809424e+00 3.616161853077661359e+00
2.218371151575801559e+00 4.004554407299031560e+00 2.528798676170078252e+00 2.582890729950177544e+00
7.424091103511746281e-01 2.529513450887438175e+00 4.113562148523233652e+00 5.775684647524736093e+00
1.207993585805637649e+00 4.764304139631891033e+00 4.860760798526913007e+00 4.205201217686733273e+00
1.352031439695465131e+00 8.397181072344882535e-01 4.069165782942354426e+00 2.623207791520140386e+00
1.261007519357605133e+00 5.332195124689564025e+00 9.590649339988978062e-01 1.329631118795937539e+00
4.390480796842934907e+00 3.956437184832196419e+00 2.145466321765807649e+00 7.696394845063625478e-01
3.622791757723359818e-01 2.505287649142828865e+00 2.346190468438802412e+00 2.678787322559002870e+00
6.021187210541423696e+00 2.481427447238876649e+00 6.123146047243410273e+00 4.648146398117721567e+00
3.833132330831196644e+00 1.302612737492067518e+00 3.815609058201451464e+00 2.355553292959883027e+00
2.207347954081769981e+00 6.036494945600084705e+00 8.865025436221897204e-01 6.173278074521260983e+00
5.692938262308178565e+00 5.803979481291122511e+00 9.869181105818557453e-01 2.144051521631093138e+00
5.470817176775010005e+00 1.934589941142609015e-01 1.830311461580945487e+00 2.645391212948344783e+00
4.319511076538058880e+00 5.904105111290469665e-01 1.650423420891151016e+00 4.041515660278659716e+00
1.644054826042204320e+00 1.489193063460584776e+00 1.552219107954065480e+00 1.310268027052650552e+00
5.331726935088352270e-01 8.709174491125458717e-01 6.281875467715734018e+00 2.704973484748823154e+00
6.418372456143216498e-01 3.824905395831772470e+00 3.564132473319607364e+00 7.230787846382096262e-01
4.302874199945155631e+00 2.200834559154776660e+00 3.621098970977915332e+00 5.967004931134916923e+00
3.521658276019339340e+00 4.722177086698105875e+00 1.190491059664668283e+00 5.444014465240210043e-01
1.670550680063833671e+00 4.551398199874166828e+00 9.983586487948172827e-01 5.575307054580058264e+00
3.128152997745903274e+00 4.228347703219702325e+00 2.615899492709882423e+00 5.559044451396566444e+00
3.156057968579343065e+00 4.295542228534931617e+00 3.392710704444751091e+00 2.396604292662532387e+00
4.769534641822121834e+00 1.932153353723756295e+00 8.460760405310782106e-01 6.035897212066873685e+00
3.566781402744957585e+00 4.530340571685703033e+00 6.221787891557110761e+00 4.567988581147844229e+00
4.970690687492818061e-01 8.959385920544098436e-01 4.693514448460305744e+00 1.028566909148314501e+00
1.701720103611427559e+00 5.214120779705506692e+00 3.264677013175455222e+00 2.991238917164961375e+00
4.658940897701564499e-01 1.727670831217311243e+00 1.934425562006466537e+00 3.847442040389164042e+00
1.297635672650961025e+00 3.348158901440188906e+00 5.791416719011729164e+00 2.428799856041454319e+00
5.328627133530335902e-01 7.575485120518907767e-01 3.945296180035084976e+00 3.227531682781496603e+00
3.394820913713333943e-01 5.469208697247569528e-01 5.193670917128996589e-02 3.247325109564641821e+00
2.832148752379525458e+00 7.153234042795927339e-01 2.930491624601726297e+00 2.213790502379274550e+00
4.084232082885606907e+00 3.086758170960242076e+00 1.938506756327177172e+00 2.820992032768335100e+00
2.328596539156907230e+00 4.007596372085735936e+00 5.736977427150272035e+00 2.606326891408995206e+00
6.281867978910623762e+00 6.169203255987763868e+00 7.368104615074847485e-01 5.953051652069357047e+00
5.951096491075498207e+00 4.674529066228851448e+00 1.532577275631467062e+00 1.795167057384471354e+00
5.615985815639390921e+00 1.702451345215995948e+00 1.988179649912844571e+00 5.819808182486579717e+00
3.148150136806782129e+00 2.386282759385745411e+00 3.539984028969116903e+00 5.536934522125921410e-01
3.782783782180906496e+00 5.008358968776413178e+00 5.024796845618421770e+00 1.454185498802130772e+00
1.303529659903519100e+00 8.752150819631400180e-01 2.999816930844358520e+00 9.283187889765679435e-01
5.592758995974612013e+00 2.766218592694056788e+00 3.701222361120258264e-01 3.666869435590876414e+00
4.340960516392058821e+00 5.067745489699924555e+00 7.671218045509895500e-01 6.055221395178491672e-01
4.808179981537580971e+00 3.812074422588019873e-01 5.183354045936226839e+00 5.324515179605262105e+00
5.249016459416142588e+00 4.805779152667460252e+00 3.333134498055154271e+00 5.601335210735472359e+00
2.594533897979812043e+00 1.776404319169795132e+00 2.090741433068131538e+00 3.519709423579548524e+00
3.908726812275528317e+00 2.267888678727972285e-01 4.577857381156061223e+00 1.204126302945491611e+00
1.350518920714451010e+00 1.686003360870336476e-01 2.684293138421308456e+00 3.122111972446243833e+00
1.534884435017413784e+00 5.776088256555391709e+00 5.520895411104221218e+00 3.665964972822235435e+00
3.288484665246215188e-01 3.155515524957482665e+00 6.168418114294293986e+00 3.664154516686640051e+00
5.421385490978259725e+00 5.871214233870460930e+00 2.588808162800363633e+00 4.743880927009843873e+00
5.462642351713067335e+00 2.595527206108818596e+00 3.813880086281538517e+00 1.671363132443046684e+00
2.428580285098900365e-02 4.216261783253917983e+00 4.682872779628075577e+00 2.977518216704904130e+00
3.804308390514431260e+00 1.026981493930424705e+00 4.558100307103395643e+00 5.355891356585490648e+00
2.284695335911497427e+00 2.693489350535728466e+00 3.845071142405736442e+00 6.118256694115939975e-01
5.518878042835477782e-01 2.299471311285036013e+00 4.694385978423483152e+00 5.529397899877372069e+00
1.062912001323197853e+00 1.597406869093877191e+00 2.989733656138196860e+00 3.717468003112903929e+00
3.914549008354462067e+00 3.961783262388119287e+00 1.263987334353262604e+00 2.474999622016695877e+00
2.539570906295074426e+00 2.038793778658769540e-01 3.458621478080507461e-01 1.540925151337475096e+00
5.180939964172502243e+00 9.918822644135045774e-01 4.542007576092245813e+00 1.399382290058750922e+00
3.297169003321150704e+00 1.228657513176390825e+00 3.940073076059838364e+00 7.918014916025599703e-01
2.154065499436341735e+00 2.264416841481825537e-01 3.163979878328349038e+00 2.198362674846975562e+00
2.688214094904292750e+00 9.883759041722125493e-01 2.725408550234202920e+00 5.020387178492252467e+00
8.240993548076359643e-01 5.460691315215700392e+00 2.508851275194933297e-02 3.826064476045996976e+00
2.620992389116649335e+00 4.089451552030023862e+00 3.311553983957140623e+00 3.811894949164444935e+00
1.651779689535700868e+00 2.872804137767439148e+00 5.691756325556516671e+00 2.710240740371352430e+00
6.413185763813472606e-01 2.334173988147761225e+00 2.309270335349010939e+00 2.689161530375413278e+00
4.313302298789083444e+00 3.533926250648258272e+00 5.975087865677340737e+00 3.387250508758548051e+00
1.752581956807694130e+00 5.880565957321541859e-01 2.615728250516101916e+00 5.745318215630548231e-01
5.149430682847846441e+00 7.603546490527168800e-01 2.207337431316903853e+00 3.478553268936381393e+00
6.535408556127232371e-01 1.594226435009223675e+00 5.724027133813385682e+00 4.380545843559922048e+00
5.722851167908337366e+00 3.669104675789272463e+00 5.680190048575203265e-01 2.615489735496139279e+00
1.137864668060613482e+00 3.176219489729565026e+00 6.084593857031494579e+00 1.784502671784711447e+00
5.446495958286217132e+00 4.124164321105436848e+00 1.060742410447394368e+00 1.505731725359190643e+00
3.046076314291939813e+00 4.499884928239518800e+00 1.769689379713975885e+00 1.830770744592258525e+00
5.537693047223401166e+00 3.447879280880394415e+00 5.504377171492881082e+00 2.796917998433656738e+00
3.057617306667189894e+00 4.260915593232063592e-01 5.875020177959273227e+00 5.332302702127716287e+00
9.535565795831818514e-01 4.346534002787773021e-01 4.251511982804839107e+00 5.301620149218175371e+00
9.733813499293082483e-01 1.653693524405144943e+00 6.089513833562411271e+00 1.923585530594634552e+00
1.817269207218278781e+00 2.273986886692206166e+00 3.725433115925395722e+00 1.634223345688686546e+00
5.650989589484181445e-03 4.593525331295327696e+00 2.014016455087733082e+00 4.198937180733243402e+00
6.189909305774883297e-01 5.844928086395404065e+00 4.498093141819877516e+00 8.209956973964205318e-01
5.188478397920088803e+00 3.218845076800204374e+00 3.232315098620108795e+00 5.028748605111847958e+00
2.224774231493912957e+00 1.056598134500473574e+00 2.244786901439583371e+00 3.457271241718571364e+00
2.931294231167304698e+00 2.273933335696976421e+00 2.141753443464707585e-01 5.832963976816110119e+00
4.529131235006957468e+00 4.317700686915974528e-01 1.681528245233878671e+00 4.061687020354702859e+00
3.584270103318242029e+00 2.938515665313641723e+00 9.709420020956824882e-01 4.859547142282954368e+00
5.590280038432389631e+00 3.481986730623134907e+00 1.794740347435837435e+00 5.884502599895227171e+00
1.769246855503581628e+00 1.253730146182401750e+00 4.558816937815595161e+00 2.103452282482054514e+00
3.097316474020746391e+00 4.335749933202320605e+00 5.913547122355785390e+00 4.152392273660749922e+00
5.680583002035882956e+00 5.013444423505847070e+00 4.612118820019271759e+00 2.265200703728527998e+00
4.816556787587941812e+00 9.701796346158650941e-01 3.268899187019491226e+00 3.873252446212136046e+00
1.563649741828555095e+00 3.073162184731245805e+00 4.673351489779706824e+00 3.513781112177526644e+00
3.563863637167981935e+00 1.046297750191920617e+00 3.007650905161927568e+00 6.089538494401584678e+00
4.012129822690605252e+00 6.821430185170885840e-01 1.576806325069763925e+00 9.836866160137069937e-01
6.228963002258205428e+00 1.397095984091436316e+00 4.517685019956160786e-01 4.081130911753838575e-01
3.774834715349693615e-01 5.856327783473009418e+00 2.296760026021757994e+00 5.319822186632566563e+00
1.446030901723378337e+00 4.853096210869206395e+00 9.646224333083280866e-01 3.958679927313038416e+00
1.583326884444352656e+00 3.114362897194942637e+00 2.071718702501962994e+00 5.973708289743152378e+00
4.661727011583581159e+00 1.381260699028062255e+00 2.188890389837001571e+00 5.218821862395125244e+00
9.085450072723393333e-01 3.427427789689653448e+00 1.882749802180156973e+00 3.375270762438938643e+00
1.672045645909669975e+00 4.523230856733881922e+00 4.133717214854825350e+00 3.730515717809738341e+00
5.382183223667738048e+00 4.893170714391007259e+00 2.964863667891574739e+00 5.468329844378498450e+00
1.158531207232077476e+00 3.839577567897584753e+00 6.265789546484966444e+00 4.087952559683295739e+00
5.649799028155202407e+00 5.648807926256365519e+00 4.226054457336232417e+00 6.589427536544170128e-01
6.256177613720664610e+00 2.546747128346135813e+00 6.281867125326090040e+00 2.328533870960183272e+00
4.078152438772377764e+00 5.528041987255947198e+00 3.971585835992931468e+00 1.969433342356080585e+00
2.957165410329981370e+00 3.375835573220289376e+00 2.778113248527571244e+00 1.052548520221608719e+00
1.455365420401440568e+00 6.399657936902721778e-01 3.920791485360146655e+00 2.195139470993111352e+00
2.679103829364644640e-01 1.045734911454883287e+00 2.345491288409663255e+00 1.031705930038333552e+00
6.254711946430481895e+00 2.447689907664831743e+00 3.381512028935822922e+00 2.180016471994619121e+00
4.287956375917761243e+00 4.938946986215932533e+00 4.911569471243066864e+00 2.489471468111684183e-01
5.796976527616914510e+00 2.064543368408206625e+00 5.315206310589602801e+00 3.927464841922775340e-01
5.066149919665463131e+00 2.523541396346748567e+00 6.166597415014299699e+00 4.762934519655659393e+00
4.353745893251550036e+00 4.828977533787116805e+00 5.920757921815908098e+00 4.275932528450737458e+00
1.175929707043900541e+00 1.548834612564449209e+00 1.400570538915287822e+00 3.063422645648394838e+00
4.638328080127458009e+00 4.985495431435449376e+00 1.002305769526256052e-01 4.393336145886763688e+00
1.845241671868836031e+00 6.165053702066801478e+00 5.285023519019141247e+00 6.227151776314476805e+00
3.494883176546600634e+00 3.488447384896239178e+00 1.131645476459685717e+00 5.597966099342766455e+00
1.218991432351567372e+00 1.958170736755465935e+00 5.372349956120502590e+00 4.340291922214495557e+00
5.407397753787448913e+00 4.368360371358221528e+00 4.782815354854117906e+00 4.851037604801705427e+00
2.666690843589457849e+00 1.320321122488220755e+00 7.315131702336957753e-01 1.864122760951174573e+00
4.336183359478940957e+00 3.257360993044132957e+00 2.608805212565046827e-01 4.151114036060862489e+00
2.605161319940726417e-01 4.417380085871396744e+00 5.319811541805893995e+00 4.370888327589201872e-01
3.638224119975503434e+00 3.825606894712021422e+00 1.255462907699360919e-01 2.187224179378887801e+00
4.105558502843667412e+00 4.769698776669619278e+00 1.167492105465200769e+00 2.384502530377077711e+00
2.060696958249416344e+00 1.794866743243107299e-01 5.803839085105249040e+00 5.266298661416081439e-02
2.810932692409136902e+00 3.973619538471838908e+00 4.598746609965080445e+00 7.953525272603483298e-01
2.419557991137472275e+00 6.184847330739738247e+00 1.865948802760876601e+00 1.308102941053472801e+00
3.978584033630192085e+00 4.745507727810058363e+00 1.138235161355200642e+00 1.804970117737566326e+00
4.293565182664575097e+00 7.109690128658214814e-01 5.368020789529841075e+00 5.870828468499673214e+00
1.248920772968540094e+00 2.728308956374305705e+00 3.028951710192066216e+00 5.266109327077048707e-01
2.604784011242076591e+00 2.268062746364098548e+00 2.301168662763040593e-02 4.294179411562445203e+00
2.099148996799920841e+00 1.828870118127797761e+00 3.203825634189992222e+00 7.078203431396115075e-01
1.318248162508207644e-01 2.672068941343975101e+00 2.844945843393388296e-01 4.021272775340941408e+00
6.032644947524238077e+00 4.801943451337280067e+00 1.950509759397148546e+00 5.001337726268809014e+00
2.567439287150123040e+00 2.414052164778388132e+00 6.039146712093017122e+00 4.584571397981287988e-02
2.048646581970706926e+00 3.881182343758531328e+00 2.694307734247338715e+00 3.971891461539104551e+00
4.508855590368744615e+00 4.566425017418758614e+00 1.573053711322099091e-01 1.677513203448814938e+00
4.327082406734948705e+00 1.838875530150921589e-01 6.069832718712675046e+00 3.422705046938685935e+00
4.218834994363800384e+00 5.835187349657873224e-01 4.733635447009802100e+00 9.991543970582674739e-01
1.527174996147502017e-01 9.512478081102080374e-01 4.219326630879481677e+00 5.808673353977528819e+00
6.250571728254455728e+00 4.047630593467460791e+00 3.108198587687447390e+00 5.904389162852965889e+00
2.979333492043912734e+00 2.182462761299579945e+00 5.579844793939119363e+00 4.825036840324332665e+00
6.036964611586241425e+00 2.092378767072541557e+00 5.957563984190667128e+00 3.913807422331507802e+00
5.420505938608644492e+00 1.748800641448958526e+00 1.405928874700479447e+00 4.435704380819234238e-01
2.448878503621984837e-01 4.583250271256839592e-01 4.291319640367574628e+00 5.001790841741635241e+00
4.498094513357773216e-01 2.517568562608593297e+00 5.101494313118267065e+00 4.501109669999499907e+00
5.070188451578888866e+00 2.479056560217116179e+00 1.429692235047226978e+00 4.325362909964585167e-01
5.694519724686346152e+00 6.012547858407655405e-02 2.038146483177714519e+00 6.156491253209286363e+00
2.994389093019551584e+00 1.329915367952897443e+00 3.986420334764790407e+00 2.851127119291983814e+00
6.666776825893860892e-01 3.182933344451218005e+00 3.336191994148429263e+00 2.498566381206714926e+00
3.455544950578414376e+00 3.829292068945831851e+00 1.386344362613229020e+00 1.864638485755379493e+00
1.821021217050687035e-01 6.197987524471382237e+00 2.886523989625451314e+00 5.900058288734286727e+00
1.938617145787143725e+00 7.014964556303038279e-02 1.306047217706358454e+00 5.001841463555743772e+00
4.003085978477584739e+00 6.134796716387888260e+00 3.512649276375995111e+00 5.931742964706445242e+00
5.807775821449389753e+00 4.870586909167115230e+00 1.737848768573578839e+00 7.692441502699418621e-01
1.180038099505930527e+00 2.272115449087189210e-01 4.413724370859042345e+00 5.058471561377001713e+00
3.699656667448008029e+00 2.783777226480429245e+00 4.890163756535568673e+00 2.505666874016273749e+00
3.632783454523470734e+00 2.497723217543115659e+00 4.863258236943896584e+00 6.405089966471612106e-01
2.660589467535281916e+00 3.079298111824104289e+00 8.181032966228809489e-01 3.416549891204099243e+00
1.932576198172422322e+00 2.182261157015965125e+00 3.848842342086239987e-01 1.626032984734028242e+00
4.414229819176461511e+00 5.856853298892436221e+00 1.739406772784123145e+00 4.194361814220085805e+00
4.302014006243878086e+00 1.691241166348267599e+00 2.101634264302981059e+00 5.604033181118477813e+00
2.015824829359488923e+00 4.627271863314672551e+00 1.802262051719530911e+00 2.274410885764907242e+00
4.515000890901648134e+00 1.651146907273525422e+00 4.064823266587323403e+00 2.479532009027697992e+00
5.542947782497971154e+00 5.023244375138551376e+00 4.606956760111894589e+00 3.051993315104573501e+00
2.589084071333559667e+00 1.738506659053772108e+00 5.776688224239379998e+00 1.825121920880988347e+00
3.971732692843102708e+00 2.527284426003633677e-01 2.508030541774507238e+00 1.491929885699857072e+00
3.218527026458034346e+00 1.380369177392168245e+00 2.829555741026616722e-02 1.828565193541948353e-01
3.652707901275762836e+00 5.179948354565061308e+00 3.604633527542563165e+00 3.573518435777530922e+00
8.403025506713963921e-02 3.792681105801158470e+00 1.309804824518928879e+00 4.554278969659470100e+00
5.793623490033922963e+00 3.567859203814082392e+00 1.340247568777240383e+00 5.745958812451693376e+00
1.110326416338550004e+00 1.376738433607767709e+00 2.354366188369892310e+00 4.632652130051318373e+00
5.016794317537367043e+00 5.128295742779662270e+00 3.645811611762976412e+00 3.356164172045092542e+00
6.724701756959028387e-01 7.383848562233158441e-01 5.258570969951283480e+00 3.904430901016977984e+00
1.984584495623322287e+00 5.535267218818184176e+00 4.386862044173976294e+00 4.555839900302830259e+00
2.471210745073761483e+00 5.324890583758963736e+00 4.796833446526200362e+00 4.138498024623777916e+00
3.996887647773072150e+00 3.724928449982267686e+00 2.179566249906164099e+00 9.061096042363651071e-01
1.506309446836951782e+00 4.843083513571151855e+00 4.281954466865146358e+00 1.237669739547449854e+00
9.224827381422014971e-01 1.860059813909597404e+00 2.415092100800248984e-02 7.609130422323996390e-01
5.128994597000922084e+00 3.521538535554703309e+00 5.548728770674305366e+00 5.212769701634518249e+00
2.251308977710426706e+00 3.829799022337247560e+00 5.208673393812737196e+00 4.192040823285174689e+00
3.041674906094552266e+00 2.522938925844542268e+00 4.720395156141304227e+00 4.010344361181472195e+00
3.614809576984946204e+00 1.392074941659856568e-01 3.293205100883402014e+00 3.218593315116077491e+00
1.711931094904594719e+00 4.644326909124710134e+00 4.198017090227348369e+00 3.628873555567075915e+00
5.418792625434663002e+00 1.787477120411823606e+00 1.180788024314974649e+00 3.208863541769707339e+00
2.554778849010733488e+00 6.144173821352501896e+00 1.880009386900154122e-01 5.935123918813428823e+00
4.578470989464837437e+00 7.761014716997736151e-01 6.117568254137723649e+00 2.649873377053465706e+00
5.999012599943452706e+00 6.059093877847797849e+00 2.264806095753575388e+00 4.966095031357609102e+00
5.322147580119857224e+00 9.292582243215702364e-01 5.503570500533041532e+00 4.217258196517160052e+00
5.254484222865632326e+00 5.936653501439622005e+00 1.434408275929803578e+00 1.834729108216940352e+00
4.250540885090920429e-01 5.887186001098223542e-01 1.430436882058744086e+00 1.186381197527110742e-01
4.408044704774714440e+00 2.916066071509143764e+00 5.735882411827234684e+00 7.935508022561256480e-02
4.711298063429262051e+00 5.492977071882211071e+00 3.314934326927424291e+00 1.807463045764623688e+00
4.788516396044278700e+00 3.867599135501445407e+00 5.374326506406292836e-01 2.422489776121529825e+00
5.708112828048073517e+00 2.490516307682204555e+00 2.803304774475802841e+00 2.918686192858951589e+00
3.170892858022993810e+00 5.328509752559467127e-01 2.550454750629713274e+00 4.833038359302181952e+00
7.627137855939717381e-01 4.008293432827165215e-01 6.445958250039549586e-01 4.912051680940185072e+00
2.311731870703050529e+00 1.285099161605744444e-01 4.877281294053972260e+00 5.437811671988884044e+00
4.624473974577353985e+00 4.723393208346080563e+00 1.353149712061108012e+00 4.235958434885016999e+00
6.135838931328937429e-01 1.375457817297206287e+00 5.748835454556765256e+00 4.923041716566844528e+00
2.164654255062623989e+00 5.179727856113411022e+00 1.599344828199052770e+00 1.592778135635946335e-01
4.165600964983888765e+00 2.331759259387585992e+00 5.204553236201675759e+00 4.010814141182504677e+00
5.454729153550742282e+00 5.674442345442201052e+00 1.694779654168209415e+00 3.247319641043487359e-01
5.516680043072156536e+00 4.089823614158920151e+00 1.198972831330931577e+00 5.017355611847659880e+00
5.185995517792183485e+00 1.705425285195230067e+00 6.045035466534281809e+00 1.244994370872938072e+00
5.348005137109990592e+00 6.282500060092250926e+00 5.258545477096548737e+00 5.881288782313233376e+00
5.721770474814273477e+00 3.241794544570927084e+00 3.041869922520015201e+00 5.413342141838874078e+00
3.745216356608392694e+00 1.768150867876378651e+00 1.353575619416404141e+00 5.146010077033438712e+00
3.706800418220609572e+00 6.262055192203105136e+00 2.121361991026978089e+00 1.489529843223337924e+00
3.315485799369222164e+00 5.559638115068470832e+00 3.850335837967627239e-01 5.179344316600909437e+00
2.801540165254067460e+00 5.539480700609111796e-01 1.651166542166126794e+00 4.874423940278655110e+00
1.836415073093324413e+00 3.974830717272410663e+00 1.443407738771647519e+00 3.270607238578282061e+00
5.132291620153750955e+00 2.363885161122187384e+00 4.514654576671817132e+00 2.779398337875470304e+00
1.872459720865650379e+00 3.278014688546174948e+00 1.790380647084553356e+00 4.155786074430014132e+00
5.603542439738249392e-01 3.835965529188450684e+00 1.917929950073495426e+00 5.232571604504238749e+00
3.852659624192162013e+00 3.428300207705409886e+00 3.401805693865320279e+00 3.826647685227749118e+00
3.008836535668323542e+00 4.811985210969842441e+00 4.653130818201955954e+00 1.362828835651041182e+00
4.955644143997552931e+00 2.385663196876394387e+00 2.063969369833978718e+00 3.148475324288160238e+00
4.058610212151867458e+00 4.951550580482983577e+00 2.620366600003633528e-01 1.314208350618416121e+00
4.674698787942760170e+00 2.641094711245408622e+00 2.183002786849981280e+00 3.768096996082752170e+00
5.383878159793330731e+00 5.662810425242628121e+00 1.195626054092251978e-01 4.884437544142910426e+00
3.606467778759649523e+00 3.548271662402283422e+00 2.610376633267094793e+00 3.568481577396211080e+00
