-1.972010448575019836e+01
-1.970674045383930206e+01
-1.973149697482585907e+01
-1.971530020236968994e+01
-1.955374000966548920e+01
-1.958336724340915680e+01
-1.970753017067909241e+01
-1.973337922990322113e+01
-1.975940150022506714e+01
-1.971903713047504425e+01
-1.976397353410720825e+01
-1.973870134353637695e+01
-1.973597396910190582e+01
-1.971530051529407501e+01
-1.972206068038940430e+01
-1.972173775732517242e+01
-1.971969312429428101e+01
-1.973190298676490784e+01
-1.969986552000045776e+01
-1.975302641093730927e+01
-1.977661390602588654e+01
-1.974171882867813110e+01
-1.973574942350387573e+01
-1.973376557230949402e+01
-1.956531360745429993e+01
-1.955388800799846649e+01
-1.965659613907337189e+01
-1.972187277674674988e+01
-1.974576847255229950e+01
-1.974839754402637482e+01
-1.957088400423526764e+01
-1.977547894418239594e+01
-1.974984358251094818e+01
-1.972402155399322510e+01
-1.970495787262916565e+01
-1.972300212085247040e+01
-1.974332745373249054e+01
-1.973071797192096710e+01
-1.973098407685756683e+01
-1.956084845960140228e+01
-1.955841279029846191e+01
-1.974481151998043060e+01
-1.968081472814083099e+01
-1.972704558074474335e+01
-1.972480164468288422e+01
-1.970827908813953400e+01
-1.973615892231464386e+01
-1.976639762520790100e+01
-1.971670497953891754e+01
-1.976419223845005035e+01
-1.977236071228981018e+01
-1.971596395969390869e+01
-1.974227878451347351e+01
-1.973816214501857758e+01
-1.959301607310771942e+01
-1.974528703093528748e+01
-1.970450511574745178e+01
-1.968246807157993317e+01
-1.971693912148475647e+01
-1.973913632333278656e+01
-1.977899865806102753e+01
-1.972349816560745239e+01
-1.972366157174110413e+01
-1.970935194194316864e+01
-1.971368478238582611e+01
-1.970649424195289612e+01
-1.976624310016632080e+01
-1.976852956414222717e+01
-1.975146664679050446e+01
-1.972696729004383087e+01
-1.972388118505477905e+01
-1.975634595751762390e+01
-1.972710859775543213e+01
-1.974601677060127258e+01
-1.974858243763446808e+01
-1.973503270745277405e+01
-1.974764898419380188e+01
-1.973563638329505920e+01
-1.973888596892356873e+01
-1.976415762305259705e+01
-1.975359286367893219e+01
-1.970300017297267914e+01
-1.973662155866622925e+01
-1.972018060088157654e+01
-1.955872495472431183e+01
-1.971886160969734192e+01
-1.972036333382129669e+01
-1.972633847594261169e+01
-1.969300031661987305e+01
-1.973595550656318665e+01
-1.973400238156318665e+01
-1.976668708026409149e+01
-1.973471264541149139e+01
-1.973822881281375885e+01
-1.971836930513381958e+01
-1.975600129365921021e+01
-1.972292113304138184e+01
-1.969724409282207489e+01
-1.976608407497406006e+01
-1.969932177662849426e+01
-1.976282717287540436e+01
-1.971170134842395782e+01
-1.976641911268234253e+01
-1.969040443003177643e+01
-1.975683087110519409e+01
-1.971469315886497498e+01
-1.978148204088211060e+01
-1.969120068848133087e+01
-1.976517574489116669e+01
-1.972034269571304321e+01
-1.972810958325862885e+01
-1.973912835121154785e+01
-1.972733214497566223e+01
-1.973987439274787903e+01
-1.974371685087680817e+01
-1.975295343995094299e+01
-1.976354946196079254e+01
-1.975244250893592834e+01
-1.970941130816936493e+01
-1.972434417903423309e+01
-1.976921938359737396e+01
-1.972317899763584137e+01
-1.975135986506938934e+01
-1.978133894503116608e+01
-1.969027307629585266e+01
-1.974805063009262085e+01
-1.976234693825244904e+01
-1.977028690278530121e+01
-1.973605670034885406e+01
-1.974710561335086823e+01
-1.969260099530220032e+01
-1.956316912174224854e+01
-1.969097225368022919e+01
-1.968679602444171906e+01
-1.972868727147579193e+01
-1.953590397536754608e+01
-1.957349078357219696e+01
-1.971647831797599792e+01
-1.971240770816802979e+01
-1.970158389210700989e+01
-1.972454272210597992e+01
-1.973358882963657379e+01
-1.976584139466285706e+01
-1.972842377424240112e+01
-1.971193428337574005e+01
-1.972680760920047760e+01
-1.968627603352069855e+01
-1.972699533402919769e+01
-1.976530446112155914e+01
-1.971806754171848297e+01
-1.975930687785148621e+01
-1.977283671498298645e+01
-1.973669290542602539e+01
-1.973801048099994659e+01
-1.972091834247112274e+01
-1.956704515218734741e+01
-1.972616527974605560e+01
-1.973844723403453827e+01
-1.972403398156166077e+01
-1.976069171726703644e+01
-1.975908896327018738e+01
-1.961796370148658752e+01
-1.972513221204280853e+01
-1.973100815713405609e+01
-1.972727476060390472e+01
-1.973685277998447418e+01
-1.975156070291996002e+01
-1.971046362817287445e+01
-1.973932002484798431e+01
-1.975255081057548523e+01
-1.974226297438144684e+01
-1.973232479393482208e+01
-1.969384281337261200e+01
-1.972889618575572968e+01
-1.979010671377182007e+01
-1.963552400469779968e+01
-1.968215984106063843e+01
-1.975215804576873779e+01
-1.973809911310672760e+01
-1.976790957152843475e+01
-1.973067843914031982e+01
-1.947877472639083862e+01
-1.971111689507961273e+01
-1.976084646582603455e+01
-1.975844386219978333e+01
-1.975722324848175049e+01
-1.973428410291671753e+01
-1.971491444110870361e+01
-1.977636167407035828e+01
-1.975953868031501770e+01
-1.975447800755500793e+01
-1.973954303562641144e+01
-1.972163812816143036e+01
-1.976846016943454742e+01
-1.962894570827484131e+01
-1.976772366464138031e+01
-1.974976310133934021e+01
-1.971803948283195496e+01
-1.966144871711730957e+01
-1.971176940202713013e+01
-1.972337912023067474e+01
-1.972570315003395081e+01
-1.968789371848106384e+01
-1.974065662920475006e+01
-1.972790788114070892e+01
-1.972969231009483337e+01
-1.974242781102657318e+01
-1.971619446575641632e+01
-1.963996091485023499e+01
-1.962552128732204437e+01
-1.974151669442653656e+01
-1.973509697616100311e+01
-1.973313987255096436e+01
-1.974902284145355225e+01
-1.978349331021308899e+01
-1.977058976888656616e+01
-1.979778462648391724e+01
-1.970202523469924927e+01
-1.968426075577735901e+01
-1.970343679189682007e+01
-1.972055855393409729e+01
-1.971972835063934326e+01
-1.972450336813926697e+01
-1.971701577305793762e+01
-1.956189368665218353e+01
-1.971517089009284973e+01
-1.968720304965972900e+01
-1.973346166312694550e+01
-1.973113411664962769e+01
-1.972698800265789032e+01
-1.973946106433868408e+01
-1.973266303539276123e+01
-1.974796149134635925e+01
-1.975808399915695190e+01
-1.972263181209564209e+01
-1.971889521181583405e+01
-7.973902925848960876e+00
-1.969042441248893738e+01
-1.972733883559703827e+01
-1.957501673698425293e+01
-1.969636668264865875e+01
-1.964342914521694183e+01
-1.976551632583141327e+01
-1.971553346514701843e+01
-1.972463455796241760e+01
-1.973772214353084564e+01
-1.973192016780376434e+01
-1.973907966911792755e+01
-1.974776868522167206e+01
-1.970509499311447144e+01
-1.977051682770252228e+01
-1.976042485237121582e+01
-1.975041416287422180e+01
-1.972045367956161499e+01
-1.972993355989456177e+01
-1.972416301071643829e+01
-1.971731571853160858e+01
-1.967322422564029694e+01
-1.973895964026451111e+01
-1.972434949874877930e+01
-1.972731807827949524e+01
-1.972330951690673828e+01
-1.975620383024215698e+01
-1.973707906901836395e+01
-1.957436382770538330e+01
-1.973816663026809692e+01
-1.970697093009948730e+01
-1.973062105476856232e+01
-1.973382487893104553e+01
-1.973485460877418518e+01
-1.974989977478981018e+01
-1.974285711348056793e+01
-1.957661418616771698e+01
-1.971970503032207489e+01
-1.978169079124927521e+01
-1.977610805630683899e+01
-1.976614402234554291e+01
-1.975554138422012329e+01
-1.970874750614166260e+01
-1.971089796721935272e+01
-1.971702173352241516e+01
-1.975126424431800842e+01
-1.971325610578060150e+01
-1.972967579960823059e+01
-1.976576545834541321e+01
-1.966473782062530518e+01
-1.974539449810981750e+01
-1.974539212882518768e+01
-1.968090873956680298e+01
-1.977499988675117493e+01
-1.971774679422378540e+01
-1.970377625524997711e+01
-1.971588802337646484e+01
-1.974351079761981964e+01
-1.978355629742145538e+01
-1.972947040200233459e+01
-1.971466153860092163e+01
-1.976435621082782745e+01
-1.969816493988037109e+01
-1.964581303298473358e+01
-1.970485791563987732e+01
-1.974292087554931641e+01
-1.975837612152099609e+01
-1.971854022145271301e+01
-1.972090612351894379e+01
-1.973396082222461700e+01
-1.974554122984409332e+01
-1.974588164687156677e+01
-1.976250275969505310e+01
-1.977854803204536438e+01
-1.976099380850791931e+01
-1.975983391702175140e+01
-1.977368123829364777e+01
-1.960230116546154022e+01
-1.976143173873424530e+01
-1.970197576284408569e+01
-1.966073247790336609e+01
-1.961772851645946503e+01
-1.976843848824501038e+01
-1.971616561710834503e+01
-1.971341112256050110e+01
-1.974727368354797363e+01
-1.976167926192283630e+01
-1.973373848199844360e+01
-1.977085492014884949e+01
-1.974301326274871826e+01
-1.972665029764175415e+01
-1.974509526789188385e+01
-1.977871167659759521e+01
-1.974077519774436951e+01
-1.975673960149288177e+01
-1.970152240991592407e+01
-1.972123223543167114e+01
-1.974461196362972260e+01
-1.971293406188488007e+01
-1.973777857422828674e+01
-1.976648148894309998e+01
-1.967558008432388306e+01
-1.970195235311985016e+01
-1.976963637769222260e+01
-1.972908303141593933e+01
-1.972002255916595459e+01
-1.975601986050605774e+01
-1.977340613305568695e+01
-1.972489275038242340e+01
-1.974331699311733246e+01
-1.971738679707050323e+01
-1.972364263236522675e+01
-1.972962191700935364e+01
-1.973478023707866669e+01
-1.974944616854190826e+01
-1.975941820442676544e+01
-1.973803527653217316e+01
-1.977220943570137024e+01
-1.970857627689838409e+01
-1.974400538206100464e+01
-1.976837974786758423e+01
-1.974598205089569092e+01
-1.968930146098136902e+01
-1.974200624227523804e+01
-1.968448837101459503e+01
-1.971185575425624847e+01
-1.970851586759090424e+01
-1.973174518346786499e+01
-1.978707808256149292e+01
-1.977737438678741455e+01
-1.975022169947624207e+01
-1.971916840970516205e+01
-1.972374953329563141e+01
-1.974311308562755585e+01
-1.975683616101741791e+01
-1.977140633761882782e+01
-1.973974999785423279e+01
-1.972716920077800751e+01
-1.973109680414199829e+01
-1.974776525795459747e+01
-1.973886424303054810e+01
-1.957341019809246063e+01
-1.975359725952148438e+01
-1.975138880312442780e+01
-1.971820032596588135e+01
-1.976790480315685272e+01
-1.971502922475337982e+01
-1.972055390477180481e+01
-1.972553342580795288e+01
-1.973734438419342041e+01
-1.976150383055210114e+01
-1.975163330137729645e+01
-1.975689460337162018e+01
-1.972281035780906677e+01
-1.974827364087104797e+01
-1.975279927253723145e+01
-1.976603761315345764e+01
-7.973627209663391113e+00
-1.973863995075225830e+01
-1.972931520640850067e+01
-1.976021556556224823e+01
-1.975219818949699402e+01
-1.972988905012607574e+01
-1.975405378639698029e+01
-1.974690653383731842e+01
-1.977284935116767883e+01
-1.961940959095954895e+01
-1.972581863403320312e+01
-1.974346618354320526e+01
-1.972876569628715515e+01
-1.972052924335002899e+01
-1.974602577090263367e+01
-1.973118893802165985e+01
-1.971516598761081696e+01
-1.969045484066009521e+01
-1.973691123723983765e+01
-1.974226616322994232e+01
-1.974373747408390045e+01
-1.953918327391147614e+01
-1.976102824509143829e+01
-1.974495235085487366e+01
-1.974744085967540741e+01
-1.977439320087432861e+01
-1.973629403114318848e+01
-1.977979074418544769e+01
-1.973222415149211884e+01
-1.960608963668346405e+01
-1.973075461387634277e+01
-1.973626013100147247e+01
-1.973306143283843994e+01
-1.971777680516242981e+01
-1.971180391311645508e+01
-1.973613926768302917e+01
-1.973617206513881683e+01
-1.972027161717414856e+01
-1.971620360016822815e+01
-1.976042722165584564e+01
-1.975607609748840332e+01
-1.977555944025516510e+01
-1.976396907866001129e+01
-1.973024794459342957e+01
-1.971376553177833557e+01
-1.972110325098037720e+01
-1.974345286190509796e+01
-1.976708152890205383e+01
-1.972808794677257538e+01
-1.977513401210308075e+01
-1.976877097785472870e+01
-1.972678212821483612e+01
-1.964455303549766541e+01
-1.969267506897449493e+01
-1.975499393045902252e+01
-1.973504377901554108e+01
-1.974079732596874237e+01
-1.976345524191856384e+01
-1.975997529923915863e+01
-1.974551935493946075e+01
-1.974653254449367523e+01
-1.971986313164234161e+01
-1.971929943561553955e+01
-1.971094553172588348e+01
-1.973505991697311401e+01
-1.976687896251678467e+01
-1.974133202433586121e+01
-1.965209917724132538e+01
-1.969785751402378082e+01
-1.974203951656818390e+01
-1.977167603373527527e+01
-1.972542369365692139e+01
-1.977173203229904175e+01
-1.970394818484783173e+01
-1.976628248393535614e+01
-1.973344166576862335e+01
-1.976507921516895294e+01
-1.955863782763481140e+01
-1.977514371275901794e+01
-1.976009078323841095e+01
-1.977160665392875671e+01
-1.972974243760108948e+01
-1.974459953606128693e+01
-1.958661131560802460e+01
-1.972507241368293762e+01
-1.973494488000869751e+01
-1.974700474739074707e+01
-1.976190298795700073e+01
-1.974649496376514435e+01
-1.973846891522407532e+01
-1.974962255358695984e+01
-1.974331702291965485e+01
-1.964801838994026184e+01
-1.971489533782005310e+01
-1.976921539008617401e+01
-1.973535697162151337e+01
-1.974808135628700256e+01
-1.973597410321235657e+01
-1.969670109450817108e+01
-1.970352989435195923e+01
-1.977608393132686615e+01
-1.971924987435340881e+01
-1.973462283611297607e+01
-1.972572371363639832e+01
-1.971501614153385162e+01
-1.976108260452747345e+01
-1.977682885527610779e+01
-1.972113673388957977e+01
-1.973659799993038177e+01
-1.970468586683273315e+01
-1.972357812523841858e+01
-1.971198663115501404e+01
-1.971792748570442200e+01
-1.972410261631011963e+01
-1.975226891040802002e+01
-1.976394471526145935e+01
-1.972000212967395782e+01
-1.974538423120975494e+01
-1.972554901242256165e+01
-1.971876110136508942e+01
-1.972258347272872925e+01
-1.974833159148693085e+01
-1.977192595601081848e+01
-1.972256305813789368e+01
-1.972719453275203705e+01
-1.973320847749710083e+01
-1.971016454696655273e+01
-1.971321794390678406e+01
-1.968642501533031464e+01
-1.972712484002113342e+01
-1.973513540625572205e+01
-1.975676187872886658e+01
-1.974672271311283112e+01
-1.964048774540424347e+01
-1.967944352328777313e+01
-1.973062242567539215e+01
-1.727181763947010040e+01
-1.972105376422405243e+01
-1.970807552337646484e+01
-1.973071666061878204e+01
-1.971662917733192444e+01
-1.973645281791687012e+01
-1.972442437708377838e+01
-1.972357352077960968e+01
-1.956862759590148926e+01
-1.973954635858535767e+01
-1.974671779572963715e+01
-1.975649040937423706e+01
-1.974020831286907196e+01
-1.974334575235843658e+01
-1.973925425112247467e+01
-1.972690483927726746e+01
-1.973425766825675964e+01
-1.974789991974830627e+01
-1.972067880630493164e+01
-1.972984956204891205e+01
-1.972489507496356964e+01
-1.970420239865779877e+01
-1.972342091798782349e+01
-1.976874756813049316e+01
-1.975986237823963165e+01
-1.971983602643013000e+01
-1.957212054729461670e+01
-1.973487944900989532e+01
-1.973204317688941956e+01
-1.971030224859714508e+01
-1.974305216968059540e+01
-1.975965578854084015e+01
-1.976796683669090271e+01
-1.972145253419876099e+01
-1.971612145006656647e+01
-1.978463037312030792e+01
-1.975038003921508789e+01
-1.972113478183746338e+01
-1.971491706371307373e+01
-1.970283246040344238e+01
-1.971614341437816620e+01
-1.971690763533115387e+01
-1.973184019327163696e+01
-1.971443006396293640e+01
-1.977498747408390045e+01
-1.972123330831527710e+01
-1.972982804477214813e+01
-1.977023737132549286e+01
-1.975201414525508881e+01
-1.969609071314334869e+01
-1.975856073200702667e+01
-1.971602751314640045e+01
-1.972690817713737488e+01
-1.974599160254001617e+01
-1.973861014842987061e+01
-1.974667529761791229e+01
-1.967522494494915009e+01
-1.972307926416397095e+01
-1.970185394585132599e+01
-1.977370172739028931e+01
-1.968299752473831177e+01
-1.972233889997005463e+01
-1.977517198026180267e+01
-1.972529953718185425e+01
-1.970417474210262299e+01
-1.971717049181461334e+01
-1.974710230529308319e+01
-1.973371262848377228e+01
-1.972014808654785156e+01
-1.968956333398818970e+01
-1.976444837450981140e+01
-1.971333575248718262e+01
-1.970255190134048462e+01
-1.977756826579570770e+01
-1.967496153712272644e+01
-1.972067347168922424e+01
-1.977083857357501984e+01
-1.972360099852085114e+01
-1.972036452591419220e+01
-1.972196708619594574e+01
-1.973611252009868622e+01
-1.970518115162849426e+01
-1.972268030047416687e+01
-1.970690831542015076e+01
-1.976815669238567352e+01
-1.970943300426006317e+01
-1.977145029604434967e+01
-1.971842034161090851e+01
-1.968249869346618652e+01
-1.972468525171279907e+01
-1.970593303442001343e+01
-1.974318772554397583e+01
-1.973889999091625214e+01
-1.976511749625205994e+01
-1.978182587027549744e+01
-1.975951148569583893e+01
-1.976700475811958313e+01
-1.976639711856842041e+01
-1.977427253127098083e+01
-1.972050373256206512e+01
-1.976133495569229126e+01
-1.970721933245658875e+01
-1.969353143870830536e+01
-1.970729656517505646e+01
-1.971730101108551025e+01
-1.972229698300361633e+01
-1.972213771939277649e+01
-1.969863070547580719e+01
-1.971154354512691498e+01
-1.971839769184589386e+01
-1.975848768651485443e+01
-1.975299115478992462e+01
-1.977460746467113495e+01
-1.972472098469734192e+01
-1.954688543081283569e+01
-1.973139572143554688e+01
-1.963459391891956329e+01
-1.975908596813678741e+01
-1.972261478006839752e+01
-1.974423727393150330e+01
-1.977034863829612732e+01
-1.972164610028266907e+01
-1.972420951724052429e+01
-1.972457768023014069e+01
-1.971248701214790344e+01
-1.969206644594669342e+01
-1.974493956565856934e+01
-1.956186951696872711e+01
-1.972867043316364288e+01
-1.977824451029300690e+01
-1.962286479771137238e+01
-1.973115333914756775e+01
-1.960353359580039978e+01
-1.972319066524505615e+01
-1.968687878549098969e+01
-1.970896802842617035e+01
-1.975792644917964935e+01
-1.977716723084449768e+01
-1.974029955267906189e+01
-1.972292226552963257e+01
-1.977077624201774597e+01
-1.944759623706340790e+01
-1.971573430299758911e+01
-1.971182942390441895e+01
-1.973211240768432617e+01
-1.972207865118980408e+01
-1.972661668062210083e+01
-1.970384415984153748e+01
-1.978125752508640289e+01
-1.975519999861717224e+01
-1.973742015659809113e+01
-1.973796813189983368e+01
-1.973517113924026489e+01
-1.976221036911010742e+01
-1.972601835429668427e+01
-1.976993903517723083e+01
-1.976373094320297241e+01
-1.971523457765579224e+01
-1.976417469978332520e+01
-1.971835970878601074e+01
-1.972687916457653046e+01
-1.971552072465419769e+01
-1.974250869452953339e+01
-1.975771902501583099e+01
-1.973798364400863647e+01
-1.974760760366916656e+01
-1.970275089144706726e+01
-1.978407786786556244e+01
-1.966307544708251953e+01
-1.972628699243068695e+01
-1.970593185722827911e+01
-1.976203575730323792e+01
-1.973391789197921753e+01
-1.974927850067615509e+01
-1.973007859289646149e+01
-1.973502990603446960e+01
-1.972877366840839386e+01
-1.972010591626167297e+01
-1.976120764017105103e+01
-1.973206785321235657e+01
-1.969173780083656311e+01
-1.970688636600971222e+01
-1.973849120736122131e+01
-1.973275330662727356e+01
-1.970139728486537933e+01
-1.971341556310653687e+01
-1.973400089144706726e+01
-1.972187145054340363e+01
-1.971138948202133179e+01
-1.972649219632148743e+01
-1.974498210847377777e+01
-1.972336824238300323e+01
-1.972248856723308563e+01
-1.965044550597667694e+01
-1.973259101808071136e+01
-1.976556761562824249e+01
-1.973484294116497040e+01
-1.973965708911418915e+01
-1.971419470012187958e+01
-1.971456341445446014e+01
-1.971686263382434845e+01
-1.975045445561408997e+01
-1.973198196291923523e+01
-1.973903182148933411e+01
-1.970845088362693787e+01
-1.973836813867092133e+01
-1.971459679305553436e+01
-1.972654440999031067e+01
-1.974235346913337708e+01
-1.967082539200782776e+01
-1.971723873913288116e+01
-1.971734711527824402e+01
-1.974772976338863373e+01
-1.975311727821826935e+01
-1.974975760281085968e+01
-1.972888416051864624e+01
-1.974048577249050140e+01
-1.973675304651260376e+01
-1.971930822730064392e+01
-1.972598394751548767e+01
-1.977332156896591187e+01
-1.954699398577213287e+01
-1.966431362926959991e+01
-1.975821959972381592e+01
-1.973029057681560516e+01
-1.974911852180957794e+01
-1.972676703333854675e+01
-1.976311692595481873e+01
-1.972294162213802338e+01
-1.976927705109119415e+01
-1.975500752031803131e+01
-1.969100345671176910e+01
-1.975029790401458740e+01
-1.976856806874275208e+01
-1.974134477972984314e+01
-1.972965377569198608e+01
-1.975930376350879669e+01
-1.972821581363677979e+01
-1.972323966026306152e+01
-1.970878127217292786e+01
-1.977141244709491730e+01
-1.975106315314769745e+01
-1.972635553777217865e+01
-1.971022891998291016e+01
-1.973404979705810547e+01
-1.971570751070976257e+01
-1.976807284355163574e+01
-1.972460663318634033e+01
-1.972505296766757965e+01
-1.977446083724498749e+01
-1.977020108699798584e+01
-1.976322391629219055e+01
-1.972481854259967804e+01
-1.967490999400615692e+01
-1.976593366265296936e+01
-1.971558462083339691e+01
-1.968808327615261078e+01
-1.971912857890129089e+01
-1.973988755047321320e+01
-1.972698928415775299e+01
-1.969684731960296631e+01
-1.977961349487304688e+01
-1.971891771256923676e+01
-1.968329338729381561e+01
-1.973832921683788300e+01
-1.973804228007793427e+01
-1.972125338017940521e+01
-1.955197748541831970e+01
-1.974668632447719574e+01
-1.961118000745773315e+01
-1.972724160552024841e+01
