5.797449217190075998e+00 2.116281665136747314e+00 6.103769537915139765e+00 1.984839384175028032e+00
2.522031961803823386e+00 5.748986316960161602e+00 1.297207230030461345e+00 4.499541138442719301e+00
4.731001218793326579e+00 1.537490336774880728e-01 5.696961532752134794e+00 5.265184511086500763e+00
2.600175016026582409e+00 4.924726739995556990e+00 3.220990551645313005e+00 2.102564515865317674e+00
5.820153211177442110e+00 1.581013458152678020e+00 4.212478924116344281e+00 5.297645080809860296e+00
6.927193065372068137e-01 3.978109294481498859e-01 5.448371907070265863e+00 6.191427975325904498e+00
6.042479568254273126e-01 8.043620281505949876e-01 2.438542433884913763e+00 1.410152812920647980e+00
4.531260009095627872e+00 3.610618286349025485e+00 5.392838578571318209e+00 2.949559103722331876e+00
6.730505141155558313e-01 1.373693277264323331e+00 4.646053315864675959e+00 3.742917581297461549e+00
1.112052007992879732e+00 1.197038586531195270e-01 4.694699252636838516e+00 3.620951051798801501e+00
4.533831958962839970e+00 3.796121751433592095e-01 5.801976018174131333e+00 6.041510085680049436e+00
3.788076784850887613e+00 3.525615473067230443e+00 3.338565513544076158e+00 2.498713811042337252e+00
3.810928435152136640e-01 4.144546238252739379e+00 4.134799497592683615e+00 3.438936872111200582e+00
1.286722909828662775e+00 5.587051020938809121e-01 1.490561801732515512e+00 4.840132649710032098e+00
3.144199317798487936e+00 4.116031807956636257e+00 6.233947683553664909e+00 3.604476395460440852e+00
2.854093555104861846e+00 5.330875889803179390e+00 3.413444135928832779e+00 6.101252045823390979e+00
1.259744552372390913e+00 5.560641285576521931e+00 5.939548897045425768e+00 5.298461155379894372e+00
6.203969969704664855e+00 3.660939758532972821e+00 6.630453401000022673e-01 5.404857508576495384e+00
2.911619687161778991e+00 2.751729992559663884e+00 2.914949139843537207e+00 6.190475112824066706e+00
9.610939945256748995e-01 5.067863341342874861e+00 3.945816545870283187e-01 4.113657500878894702e+00
5.118364737983707613e+00 3.915408597032896676e+00 2.284065301388547020e+00 2.459665657555500040e+00
1.548179825222334660e+00 4.809938606989058840e+00 1.503846712854097767e+00 4.352388457037203312e-02
2.581712093821955989e+00 4.544657495840732864e+00 3.108077642736806645e+00 2.402157856215700882e+00
4.072654115817893938e+00 5.776451905943946752e-01 5.308368746248079972e+00 2.827113041620920697e+00
3.454433634232576544e+00 3.468906782373295528e+00 3.768673691609307319e+00 4.773653160375575411e+00
1.970388585736068787e+00 1.391286127380098048e+00 2.934424847811633708e+00 1.192902727048344547e+00
5.343940308401116113e+00 5.703093665354262320e+00 4.746085435140325881e-01 3.273052030909166632e+00
2.893778708314820314e+00 5.719906777995362290e+00 3.820008413001902081e+00 3.274004722725455618e+00
3.476581193491305566e+00 2.350160856093621575e+00 9.335853312418043171e-01 5.416461393944096869e+00
5.024200784903080752e+00 8.431457224424578900e-01 5.537786125687860661e+00 1.277139784177076853e+00
3.582135073010890292e+00 3.013108772850149331e-01 5.174851022438437198e+00 2.160822227984060540e+00
4.274726825862483537e+00 8.350934682948418786e-01 4.043910978166924686e+00 2.522618879048095231e+00
4.671032638058656872e+00 4.675604147207050865e+00 2.767247704214865350e-02 4.461977866638546786e+00
4.251465833275115180e+00 2.701660518387526189e+00 4.454005904312574593e+00 2.461487056339197732e+00
2.366947583344482187e+00 5.693995960326255101e+00 2.085099231341896786e+00 2.812809972179896700e+00
1.686010800038896917e+00 8.258850288553213348e-01 3.049760426533105750e+00 1.957268789843941814e+00
3.469562498135211559e+00 8.652235129652701140e-01 3.740483194268884315e+00 2.706556159575089771e-01
5.094051826668215988e+00 5.099811635941798649e+00 5.257443219003990365e+00 6.185909039502663909e+00
2.134890110950188324e-01 5.831060358953948253e+00 3.850436096505098771e+00 2.262606536631391219e+00
3.408815883389558987e+00 6.165628763305496918e+00 1.099712160692699836e+00 2.294931396562910564e+00
9.589373994813534807e-01 3.652939237470179457e+00 4.270938869240916702e+00 1.698264868537002981e+00
2.431048018174870040e-01 1.410836661044833740e+00 2.865293837368098617e-01 5.344027515436935438e+00
1.253776683703780259e+00 4.138909932177357476e+00 2.904367455850027202e+00 2.372187545313968471e+00
1.735481244898450237e+00 3.375061012760674828e+00 2.614430345707346337e+00 9.188681189168746988e-01
5.948093411169775635e+00 3.321875401718632492e+00 3.341732094039375767e+00 4.514099838232142337e-01
2.170015706601323480e+00 1.801161462587729245e+00 5.834741407635402055e+00 1.874908982120630174e+00
6.098764269836891572e+00 6.063136445370212790e+00 2.830170315521456814e+00 5.271745901776500709e+00
1.548308966596987635e-01 9.134644890999413791e-01 2.937278308681467998e+00 5.565409371615082534e+00
3.599297414490476021e-01 2.079965076469881546e-01 4.548494935126647043e+00 2.440690139358868471e+00
3.148777557312050224e+00 2.529893462983865415e+00 5.456245500784059566e+00 1.899968829349317545e+00
3.889429533251749227e+00 8.991084519337079195e-01 3.839393840388350743e+00 1.450913053874029579e+00
2.551798134956352104e+00 2.738396983884427094e+00 5.507644842932887030e+00 3.082006682713203105e+00
1.238068313892039196e+00 5.590328278266207263e-02 2.163341002390557488e+00 2.859763284240417480e+00
5.296451871855932581e+00 5.433320628935703667e+00 6.112240449792487595e+00 6.268572772296897577e-01
4.174758099706178172e+00 1.747539134936693772e+00 1.585404584152029672e+00 5.647936286408246076e+00
2.857661569340261831e+00 1.121792436165870210e+00 2.890243099057786313e+00 1.109750518256345853e+00
1.401107526669198355e+00 1.874400446499586259e+00 1.237961735278788833e+00 4.472621174594153537e+00
2.956310963174223261e+00 2.990057984514471467e+00 5.976067653462200369e+00 1.128288578065477443e+00
7.480029900677478416e-01 5.579592463743419550e+00 4.773267571853118341e+00 2.497155480419205986e+00
2.463663683536999383e+00 9.249419059870981341e-01 2.545878738565177990e+00 5.292708184025330276e+00
8.943823562107234837e-01 2.565182595039243285e+00 1.421082646096563318e+00 5.674720423132858294e+00
3.776847081789854510e+00 3.928991944496981414e+00 4.449623065457598337e+00 1.901599219558003373e+00
4.469019248859547488e+00 9.649683100279211612e-01 2.576014604313452416e+00 6.182619659052781991e+00
3.603163247221895737e+00 5.893160841763894098e+00 1.375594532000528725e+00 2.784359451003438846e+00
2.953738341441892956e+00 3.273563988489598842e+00 5.420431514341305324e+00 5.212586058230630037e+00
1.576190285719576645e+00 4.780818005351386901e+00 5.182388767358356851e+00 1.755761524499329651e+00
5.603518900254191859e-01 3.333756004225540526e+00 1.688676583585365654e+00 1.096347571709304303e+00
3.035808957987006895e+00 5.713249887678792938e+00 4.310239890148371167e+00 4.677483823589865253e+00
5.529282040880741711e+00 2.762211716505363679e+00 6.987813454004495606e-01 2.755218796268170678e+00
6.213255534691272786e+00 3.705872788232604798e+00 1.823436251259547891e+00 5.228120821637276094e+00
2.522058412188600052e+00 1.332682149704831620e-01 6.252204254669893935e+00 3.417774371541792533e+00
4.793761401381031462e+00 9.934242136754652119e-02 6.109329501065098311e-01 2.554119944664935415e-01
2.184560943887243756e+00 1.294817250692458677e+00 5.964966245632230546e+00 4.489614887297883605e-01
2.014731659099263883e+00 3.844051918802375400e+00 5.331304856089633226e+00 1.475200743068646014e+00
2.510463843837126952e+00 2.199984939164436881e-01 2.717043145653013969e+00 1.954570080840991375e+00
2.918968704460591645e+00 7.008575286827704032e-01 5.862251481646701734e+00 1.895336289762579451e-01
1.466083762338009855e+00 3.885642884892628768e+00 3.878675211507734311e+00 1.740768639588822442e+00
4.187309343376382498e-01 2.877438348340896290e+00 3.647221703166181328e+00 4.697830340166177621e+00
2.784107183237126915e+00 2.049137159998283497e+00 2.307497377255758320e+00 1.065492595694150779e+00
4.222090683625499885e+00 5.014927487847364418e+00 1.434641761619558809e+00 7.490408110499288119e-01
4.334893885412328451e+00 5.950010621102334030e-01 5.664278879426326796e+00 3.772967403309466672e+00
4.660615830249122737e+00 1.580944977773817151e+00 5.239794954818572492e+00 3.928009906099370063e+00
5.008789758011936044e+00 2.781490438578321234e-02 5.063417592846912285e+00 1.117231058714894365e+00
4.099397717199280144e+00 4.547710076210982777e+00 4.938185730059823975e+00 5.289464183246925799e+00
1.952870696398589567e+00 3.975597353913401744e+00 5.374945246404250199e+00 1.040135193644449840e+00
1.430506652159033720e+00 2.476430034405688652e+00 1.355504286751214815e+00 4.716431527303631910e+00
3.912195840198176899e+00 2.337911776702173317e+00 2.372311408022397483e+00 9.150862413574806231e-01
3.241535655956313544e+00 1.589667632484355053e+00 2.150286493663726262e+00 4.946425940035643620e+00
1.844708556570644920e+00 4.406106952808430677e+00 3.998238722237447362e+00 6.243733591158739493e+00
3.142618846450895287e+00 2.101973768536882670e+00 3.627734636696642867e-01 2.235746061725871314e+00
1.701402913925896820e+00 1.088856364921159670e-01 5.432063264209047837e+00 3.847171539218765979e+00
3.451217839438401658e+00 5.092066605548478009e+00 4.003632509682400809e+00 3.375666314842418192e+00
5.822531234984501758e+00 9.323818447489514716e-01 1.913834392984288924e+00 3.756371624843422019e+00
2.229621353305548670e+00 2.379575667777448889e+00 2.458330529996399338e+00 2.398857052395222844e+00
4.498651453652406040e+00 1.647562255008344190e+00 5.769149996540152703e-01 1.554882876112471113e+00
9.010745563740272246e-01 1.387335499900857805e+00 1.816476047783732450e-01 3.904152253843002907e+00
5.428439495959472616e+00 3.691386980892450431e+00 3.835357284759796648e-01 1.299393682297343977e+00
3.790103616922805951e+00 3.438375910052969275e-01 5.397014543338821468e+00 9.028882495743326686e-01
3.153281218363030991e+00 4.426213697934906044e+00 6.261796418651519147e+00 2.210922222865773445e+00
2.762690095684787739e+00 4.889196150126317031e-01 2.122719256015640710e+00 2.149583795571738509e+00
3.242072998960674024e+00 1.087828920567945890e+00 2.696164280575293226e+00 1.285563992221699925e+00
4.111330173027928581e+00 5.294613797069005479e+00 3.125743577594251921e+00 1.519871545263207446e+00
2.562297750110702488e-01 4.118849810073879070e+00 2.294051372886368068e+00 3.860084490468215002e+00
3.518185244825727143e+00 4.847055135278536930e+00 1.647140701291399445e+00 1.193782759732623822e+00
1.810613874043179861e+00 5.940081626419181582e+00 1.700566542783626067e+00 6.717289124788060617e-01
4.189007635448542821e+00 5.982530769823085848e+00 6.239460651890103016e+00 4.559104916919388018e+00
3.469718219633669332e+00 3.912576272138111211e+00 5.553600896841951240e+00 7.398901977850882439e-01
4.149621893652442495e+00 3.009672718724460960e+00 2.336229290816999704e+00 3.030490067344138172e+00
4.028672755968704777e+00 2.111784625879895128e+00 3.918461906920595261e+00 1.061796744282177303e-02
2.732629208323209102e+00 2.085428779263706289e+00 1.259852107583128600e+00 9.186778968063960549e-02
2.065988451074715737e+00 5.829945214191337932e+00 2.142159965598135596e+00 3.015451212366123679e-01
5.068244517075766176e+00 1.834856886718480018e+00 4.762975939905977008e+00 5.583061816527448151e-01
3.896264712915062378e-01 1.177945248867362960e+00 3.269298156086013929e+00 1.532608334663243088e+00
5.882754923968438909e+00 2.090651032669760934e+00 4.697925862003820008e+00 3.998815348782355894e+00
1.114764945896262738e+00 3.696386530206995591e+00 3.179374770547428231e+00 4.333654892152691396e+00
3.700921663142025864e+00 6.055289629003591578e+00 3.533674480687406305e+00 7.880804544956577784e-01
5.386251126291156766e+00 6.691697748471612250e-01 3.719861977886544491e+00 4.859025454616734407e+00
4.807497988973369552e+00 2.753987540483360696e+00 1.959627248787589426e+00 3.901921504204307056e-01
2.171862980018714140e+00 4.900291444916790695e+00 2.848037187352653543e+00 5.406703606874712076e-01
3.711382569891750749e-01 3.774925277695105219e+00 5.477624698674638637e+00 1.724426777065517946e+00
2.415051128540223413e+00 5.903775788239356004e+00 3.866227340530207890e+00 3.206874099189444660e+00
5.979507796763006588e+00 4.537027712775574262e-01 3.948300960856181430e-01 5.366219458752317095e+00
3.852680832129004695e+00 5.153227572338551887e+00 5.247730737207704443e+00 2.786947380518760564e+00
5.283132253430562031e+00 2.432205767041427436e+00 4.530694501395482021e+00 3.810020542908204799e+00
2.201158330388730544e+00 1.410146724229180082e+00 5.654280129596250815e-01 1.428678683674050154e+00
1.690513596917769590e+00 5.045826711346792948e+00 2.518955369168327962e+00 1.500670218823500379e+00
5.476747341657313584e+00 1.720199289808394427e+00 5.009480038333905760e+00 9.799011484889545986e-01
5.997677563625735786e+00 1.353607511829570731e+00 2.900097669812251588e+00 1.213174913698447321e+00
3.960971188300987045e+00 1.690210446780645359e+00 4.895217820727685520e+00 3.000649665505989550e+00
4.515508361581725971e+00 6.047304458388963466e-01 1.548180061122764961e+00 7.884528701797014483e-01
1.683975761270150029e+00 5.931839978011014480e+00 6.031940029238487710e+00 5.679900214882509957e+00
4.657618279095452785e+00 6.173567250940966922e+00 3.690575792597257987e+00 5.132977690536187687e+00
4.715751923856069006e+00 1.000289340448657471e+00 3.875422319529443271e+00 1.649611652146837082e-01
2.550161917383731769e+00 3.664705650713118157e+00 5.485681103554141735e+00 6.124398634840440003e+00
2.629169043793022631e+00 3.315364951048294095e+00 1.162730012295529303e+00 1.809952345573752508e+00
1.792796390664091744e-01 2.400474167441898551e-02 1.631770261797294674e+00 5.361947281475789140e+00
5.376087944794378792e+00 1.734453300089172201e+00 1.207915814108954544e+00 5.074660078011095976e+00
3.666122545295967816e-01 6.230881384774722420e-01 2.584505257362929687e+00 3.915314780869210587e+00
5.963663896892557048e+00 9.760194163831287240e-01 2.005496035467114524e+00 3.528963440641566529e-01
3.074062531767047357e+00 3.168909130339451874e+00 1.639331710359991812e+00 2.809428130692320114e+00
2.053527178804793074e+00 4.484284191461158642e+00 4.278193030038288214e+00 5.840778073691256012e+00
4.223799110912347388e+00 5.921508480002423802e+00 3.723756688274182824e+00 2.687705540622853828e+00
2.185242352626386442e+00 2.382868053935982111e+00 5.453049282956489385e+00 3.842539735156983660e+00
1.656237464208749621e+00 3.750930931415814573e+00 5.123154109230008579e+00 6.159735977852412780e+00
2.040061289400404210e+00 3.273754945348581025e+00 2.048865809164527985e+00 5.609408893150118480e+00
1.758234938090110999e+00 2.980113799906718985e-01 2.430328044739140658e+00 6.473443191253183127e-01
3.993742173088988601e+00 5.449619124178492591e+00 1.846488482857019831e+00 4.794766490371263679e+00
1.062410277232090250e+00 4.806290625513844894e+00 4.134835724187068351e+00 1.952329611827430034e+00
8.029310190897445132e-01 5.016876329921567290e+00 2.389596343534903244e+00 5.598221148519068047e-01
5.095066653390795786e+00 4.922593745971976631e+00 2.915840234224826411e+00 2.696624075437187962e+00
2.146203170202108268e+00 3.314259771495845719e+00 1.718660271790518390e+00 4.825635674201170566e+00
2.939149374018715233e-01 6.037736235762698911e+00 2.610942118269483081e-01 6.164923213845177052e+00
1.964073042111071032e+00 1.407173825000476830e+00 1.022111602016029464e+00 3.218856371149302759e-02
4.631750427356269739e+00 6.838829801764486627e-01 6.187252084545200592e-01 5.732694317457620592e+00
8.832662184781530090e-01 5.733029341963629122e+00 1.665722153180027032e+00 1.875691265986466405e+00
3.244846020656880103e+00 5.371654559464634104e+00 5.268375413274656083e+00 4.563723238535911074e-03
5.113087287896659561e+00 7.426310323922423462e-02 2.067245117526078868e+00 2.501328743928010745e+00
5.780321517301285184e+00 5.911073404185682278e+00 4.857257114061257930e+00 4.062864436916939326e+00
1.259963470036804312e+00 4.622329134604753476e-01 3.655698958353780892e+00 2.264095468116781085e+00
2.566564267041433922e+00 5.386455998436443515e+00 1.011056255226807199e+00 3.490102722269376567e+00
5.305469584170498187e+00 1.016368136836271807e+00 4.873970679488337510e+00 3.104521437187707456e+00
2.322486386301209738e+00 3.741171891909296221e-01 1.244551461866654218e+00 1.732124990164307099e-01
3.521549792357697495e+00 3.600056899872003502e+00 5.453068163307701610e+00 5.001079951396718570e+00
3.010085122717186534e-01 3.202713930084011729e+00 5.343311975440202310e+00 2.930553215715457682e+00
1.799005763544075931e+00 4.626278464941947277e+00 1.333728680402467726e+00 2.236813730355195151e+00
3.967592901001649963e+00 7.752442246735802289e-01 4.329716398874667860e+00 2.549925816841050796e+00
4.211878299848020313e-01 5.320496931500623639e+00 2.229833881578918042e+00 5.082121214709196977e+00
2.021445672139217997e+00 4.707260672968063275e+00 3.214226288496681683e+00 5.688522308839155661e-01
2.996707894531057459e+00 2.822469419781846955e+00 2.405853762450806510e+00 3.284711861828935042e+00
6.011887421812441012e-02 1.583036072182956389e+00 3.177746283118434434e+00 4.142060545860784870e+00
4.991556346375471520e+00 5.514465846424834616e+00 7.104977131055913997e-01 1.951622018068968956e+00
5.966161610769060708e+00 3.109280474148351514e-01 1.010032773176596788e+00 7.101368099894860286e-01
4.985780438865631936e+00 2.785952993652481613e+00 2.989687911231183826e+00 4.248725394988287496e-01
2.320944897780813587e+00 4.500863873099929080e+00 4.201682293702249993e+00 4.971873899965752130e+00
3.119672940151607676e+00 2.017079859842493939e+00 1.734831523698621369e+00 3.392529439036839012e+00
1.461166131860807127e+00 6.108749009059306623e+00 6.259000038761795004e+00 3.926583470849291047e+00
8.691898857352322594e-01 4.886744055093239503e+00 5.352614847547279453e+00 1.421747470568890614e+00
1.382105032115350518e+00 5.703590492903823694e+00 5.901767487513558841e+00 5.393200847658190966e+00
1.239621264032075704e-01 7.898034446906154749e-02 3.745540879171064041e+00 9.520863113786453003e-01
3.351528170817156482e+00 5.408049399147359715e+00 3.657096225092590913e+00 2.637658426877188766e+00
5.524956248799757219e+00 7.714757394681935887e-01 4.834508399060080563e+00 5.208706638898098262e+00
1.252107915262666571e-01 6.399815101169500364e-01 6.149673723057942354e+00 1.422375162632339096e+00
1.460526092054077019e+00 3.642142652027841043e-01 4.619064762644400801e+00 6.234645983608528397e+00
5.143655463839329478e+00 6.885017116915254087e-01 5.873244681533587475e+00 2.820501976168521718e+00
2.023662939241989367e+00 5.172274299353740723e+00 5.618025418564634998e-01 7.124770668274218455e-01
2.046081699676265409e+00 1.046409605928979136e+00 4.645193029436515353e+00 4.408652876710998925e+00
5.581223438531588421e+00 4.509942730414857159e+00 2.373658174437197399e+00 3.129552318486813700e+00
2.192743503829138962e+00 5.711689282204413409e+00 4.473002198360155113e+00 4.539747315614490297e+00
5.895660591894686497e+00 2.726247590558860345e+00 3.365357455432278044e+00 6.273076839382353498e+00
4.632169410345237992e+00 3.048845309972041839e+00 1.681400734010618736e+00 4.520705674065478519e+00
3.628022177677667326e+00 5.378080062420078633e+00 3.309942616997008535e+00 4.690987646864564375e+00
3.921258276312759250e+00 6.388733962944973532e-01 5.730586234503366683e+00 3.358898382079851697e+00
5.655504590271296372e+00 4.496880033321157377e+00 5.728721798562352419e+00 4.702672657396495204e+00
1.090742296153930369e+00 4.522480329806924715e+00 9.199526454695678979e-01 3.177596772971687411e+00
5.026845167209010867e+00 8.235250620275996747e-01 4.383045708150003605e+00 4.345049808049633810e+00
2.302129443911695272e+00 2.567817439948459679e+00 4.085690741875071197e+00 2.850866783242274938e+00
1.018730238775684693e+00 2.545997808053184208e+00 1.931927190025044538e-01 4.231259118616831572e+00
2.179554527089850313e-01 4.318309307596152280e+00 6.737734744807663545e-02 4.446719233069522659e+00
3.938416310427418576e+00 4.032296802387202561e+00 4.308221728706937981e+00 1.165990765613122010e-01
3.128804026870652510e+00 2.705034319095184436e+00 4.872738348116408602e+00 3.981153548375995221e+00
1.404690492303841909e+00 4.085410784079174462e+00 4.024036027090699186e+00 7.565383896819468657e-01
5.536595447081841925e+00 5.525862636574703224e+00 4.878218489366997979e+00 5.041797812736098727e+00
1.683918550118191249e+00 6.064870422258304750e+00 5.622155335222943862e+00 4.754716244921810997e+00
4.290430586464298202e+00 1.775475786367344044e+00 5.257615448546886228e+00 3.140460117587974942e+00
3.465032747851466421e+00 5.179728520038965556e+00 4.800233561270093041e+00 1.493312968892837489e+00
3.707627047449424840e+00 7.851619295686877997e-01 3.084910701143546152e+00 5.571807934438795407e+00
4.997695490329681967e+00 2.474519592418232161e+00 1.504853621497488136e+00 6.016357810235224868e+00
2.191270776179946034e-01 3.915825085117556892e+00 9.996962736476688871e-01 5.401880804990056184e+00
3.754137114016543375e+00 5.774587364585402227e+00 4.135788476244832701e+00 5.863641586284505713e+00
5.870729309023257514e+00 5.625587463737612204e+00 9.018903490912367760e-01 4.295647717449247338e+00
6.666293014925657179e-01 4.666569630720142747e+00 2.533949570207197244e+00 4.354166537808477955e+00
4.378250673138052385e+00 6.003987504307934486e+00 4.112487666334636138e+00 5.628797030704508764e+00
5.334707530312998713e-01 3.619023819781357787e+00 3.186250899957199234e+00 5.171396405788529549e+00
1.808926113762689414e-01 3.870764126476664568e+00 6.067943697965254124e+00 3.603757934426051524e+00
4.272825268698654533e-01 4.702589388740737064e+00 5.193338926283355583e+00 2.262815089123097145e+00
1.887707719954190955e+00 6.814632569109931870e-01 6.251597094360920037e-01 6.028953552214616707e+00
4.790705232238888556e+00 2.147441682323976586e+00 5.099612171621159540e+00 2.434586984118856656e-01
3.778548138785485566e+00 8.813327587382827066e-02 1.399749732319814643e-01 6.141519752731277038e-01
2.755948539602344649e+00 3.837401007232616457e-01 4.078998414657895921e+00 1.209808616887961152e+00
3.232812911807258605e+00 1.521140211103679807e+00 3.062310370259248682e+00 5.795316905706671129e+00
5.292447481278852450e+00 1.553154809971866834e+00 4.591351334613717583e+00 5.380279763378280400e+00
6.014620445469926580e+00 2.987041619157088768e+00 7.573949755881492774e-01 4.974880361698084563e+00
3.258412604791538492e-01 4.163331327467434839e+00 6.178174258775029237e+00 5.565702867954311017e+00
3.136647541522732396e+00 3.938437294455369386e+00 2.487625077890615710e+00 8.989290736736872678e-02
1.853886139675605671e+00 1.103795106028991224e+00 1.030937753694696202e+00 1.956211314952170266e+00
2.272811518793660834e+00 1.978541771420891937e-01 4.677311280979907337e+00 6.219638790311030618e+00
2.743382851822882884e+00 2.465732614678291412e+00 2.366028245397442387e+00 3.256937919550096261e+00
1.767008074357242220e-01 1.650930816737866680e+00 1.318167453768549935e+00 5.137776875907321461e+00
4.592351094689139934e+00 5.597072407832917484e+00 7.290717077588680650e-02 1.396509078330388176e+00
3.421750901288620028e+00 4.214268877491377019e+00 4.398265633126954732e+00 2.597510115022215516e+00
1.856251353958800754e-01 1.769404065974328477e-01 3.231116842833000602e-01 2.961205135956463064e+00
1.791802011262444871e+00 7.028002179276349182e-01 3.521708813911774705e+00 2.314308905115886272e+00
3.576973826563318415e+00 2.743384994367132457e+00 9.376344382659559384e-01 2.499785786069701921e+00
1.651304222523823029e+00 4.780415505754207040e+00 4.188963545186622284e+00 6.117733140687664495e+00
1.061722292351593877e+00 3.527646929837788381e+00 4.645452772134622599e+00 5.613999031372125081e+00
3.684286378194104650e+00 4.357051277622623786e+00 4.465657249740094592e+00 3.064606749154796805e-01
5.336623398277573926e+00 3.140138451170148226e+00 2.019050706662370409e+00 1.319547420820070371e+00
4.013158856775542738e+00 3.552697459283607362e+00 4.610850346422787460e+00 2.060392395786545983e+00
4.474553586347510326e+00 6.193111100257505441e+00 4.702552492933687489e+00 8.281567333297488176e-01
6.209442094511731902e+00 4.559391717082365680e+00 6.039528326046739615e+00 1.667243130936443940e+00
3.884994095588135909e+00 3.765372797192821641e-02 3.891306025275949487e+00 1.672965215691111895e+00
6.117222427690346187e+00 5.461457324388342194e+00 2.569810602867368843e+00 4.097319029575621663e+00
2.770729410337996690e+00 5.589477559032045129e+00 4.056857675678148922e+00 5.674273333703585109e+00
3.047231995111106873e+00 2.711016665987463270e+00 5.993208333677968014e+00 5.324467970540334605e+00
2.333764871584279810e+00 2.991464501367680828e+00 8.198412318742811511e-01 5.396922513419759149e+00
5.817381342348375561e+00 2.423612929655605264e+00 2.638042436630187115e+00 4.745084363685982964e-01
2.021110015670058324e+00 4.599647739517155109e+00 3.697275978516609385e+00 5.857225110257051170e+00
6.596233436508888159e-01 4.750050440594351386e-02 2.976660540231989671e+00 1.214780784560863358e+00
5.798575937482080001e+00 2.709966933952136170e+00 2.334036397984874611e+00 7.509430430576276017e-01
5.729770435053302080e+00 3.148434999818043423e+00 1.245238289788398733e-01 4.531188251087225893e+00
3.645333278444933267e+00 4.893876188175531716e+00 2.023002393935466880e+00 3.509691920172123503e+00
2.447237191531212108e+00 2.209673863889044299e+00 5.139292077001716308e+00 3.752455547505254341e+00
6.502843795895273393e-01 4.383886886955328244e-01 3.307536403142438353e+00 4.341002988614419245e+00
4.410872263251944814e-01 2.778333093262142395e+00 4.049713751708614140e+00 5.041838088272045049e+00
5.484547420841377807e+00 2.476759704935750595e+00 2.361479182151315470e+00 1.220156895960972987e+00
2.885803285754166669e+00 4.809340989183400694e+00 5.889549181492574448e+00 5.760056899152284693e+00
7.970291650394595306e-01 7.054494486166279499e-02 2.708407782922924500e+00 6.265265650506783857e+00
3.597318909317276159e+00 1.573788649304432186e+00 3.087963672387254555e+00 2.252960089498510232e+00
4.352496857966984933e+00 3.684552197807045015e+00 1.131072969533916811e-01 7.967863937510899497e-01
3.062966291942235575e+00 5.454175224707960901e+00 2.844105345046719080e+00 2.962979061908771694e+00
1.106481273336522575e+00 1.798125812928379030e+00 6.259766032447735107e+00 3.269961179925971795e+00
6.660688182254597134e-01 4.222454677619814634e-01 4.833381466596906040e-01 2.362326357719900738e+00
5.413140935810048404e+00 1.410086899219434642e+00 6.072642703611238701e+00 2.834743840549568183e+00
6.256442033281061299e+00 5.896192917581634774e+00 3.713226369758989343e+00 2.115285931123463747e+00
3.510723413309100316e+00 3.897038832898633398e+00 2.525360873112887816e+00 2.334668061823918173e+00
5.311999700334686381e+00 1.106046717985468969e-01 1.772299523238818619e-01 5.192974377725895208e-01
4.331209721261322088e+00 3.992168724875218455e+00 4.768221696567804813e+00 3.410670682409591148e+00
1.552814746095849407e-01 1.342791340570418379e+00 2.449188066375802553e+00 6.048664003092884656e+00
1.078864078199658905e-01 2.195467437775672881e+00 5.579291155396624013e+00 1.929565122845202430e+00
4.453687107925799360e+00 4.238088546144310520e+00 3.850458729080472153e+00 5.083125641213205981e+00
1.192659701114951121e+00 3.549762593786587872e-01 6.107019904598085525e+00 5.295802407204304174e+00
7.669681196393228484e-02 4.989036427462860246e+00 2.563322194555413436e+00 7.486560366332308813e-01
1.163394689795063330e+00 3.531596977479221078e+00 1.165154668720671971e+00 3.539009637695891719e+00
3.924664298406376872e+00 4.027992251776693955e+00 2.542920156837144674e+00 3.811042891909986352e+00
1.703117026874524598e+00 4.592611832420884221e-02 1.214197002314216345e+00 2.805245774423732463e+00
1.248639859656877960e+00 2.069014566033436253e+00 2.134685819867276901e-01 2.477876797042906087e+00
2.535116689507554977e+00 2.568025972107011334e+00 2.556900384774521306e+00 3.137431003916624217e+00
5.756410907729629933e+00 5.199012510564704481e-01 1.324142195711351500e+00 6.218225165804648569e+00
5.789517463311092627e+00 5.799262619726529344e+00 5.316802811749419710e+00 4.808413819129584432e+00
4.021597852654299921e+00 2.725995098454831567e+00 3.595215372262091869e+00 2.114422511694290296e+00
7.396890546777865616e-01 8.053462654884373517e-01 5.376264315061989763e+00 1.417836953540704714e+00
3.321521651709129053e+00 4.866287993670121992e+00 1.626046345963862549e+00 3.977164764246578166e+00
5.984968279077476971e+00 5.577060950874453304e+00 6.203126077732219024e+00 1.676614148300357154e+00
2.585220237163537771e+00 5.272612613751531008e+00 2.916761285838346263e-01 2.439475104265017791e+00
4.649624518070097912e-01 1.982104687843633029e+00 5.613060878603704396e+00 4.675950621377543470e+00
1.917328343821537384e+00 2.358634408955940120e+00 2.095087600596638566e+00 1.319418778494247713e+00
2.775040569247646527e+00 4.313445124556308130e+00 2.937969845057448293e+00 2.028747957574108973e+00
5.358870624321022902e+00 7.581943939359513385e-01 3.260465936072830750e+00 1.172422777070504935e-01
4.728699850100424484e+00 5.288569905108853497e+00 3.900795413851801285e+00 2.757128421170552901e+00
2.048760705439057528e+00 3.085909939545221192e+00 1.217893740885779730e+00 4.142236400834229393e+00
1.843264606741634948e+00 6.102407056464258517e+00 1.527440817786961391e+00 2.793362538399733808e+00
4.076139284789913830e+00 4.369574696843090855e+00 2.177092302318832662e+00 4.159552011799270588e+00
2.407429370083583819e+00 2.519994409647169142e+00 1.139600473750580045e+00 5.524852993996323569e+00
4.211178978243587112e-01 5.163957062239197704e+00 3.749526489536654794e-01 6.165342909226373180e+00
2.390564402208281702e+00 2.312416282546662316e+00 5.546330076183974889e+00 2.014438882775481776e+00
9.912477033391847714e-01 5.512602325527146796e+00 7.113298442071689376e-01 4.298755454929133357e+00
4.608003267301388206e+00 4.280901206237765599e+00 3.924141189644265171e-01 2.805143148502975858e+00
2.243637306956751232e+00 5.108052010210167637e+00 3.856545197795450797e+00 5.053838186619665329e+00
2.586169903867982178e+00 2.696408583354463318e+00 3.817409368562688421e+00 9.529026814145383772e-01
2.864287882624249049e-01 4.865309533614928128e+00 5.428811469308902460e+00 2.318821199036958713e+00
1.736414936605946036e+00 1.966297118215858841e+00 3.626514856228400863e+00 4.377103579076583095e+00
6.119026301781460120e+00 4.907057679678875628e-01 2.756516326269522477e+00 5.288742901005033303e+00
4.648482261347349542e+00 3.214513740545759557e+00 4.659041961652445885e+00 3.521653377411402719e+00
4.236710377103297454e+00 2.313995955643556313e-01 2.219875070804373074e+00 4.144890455601371038e+00
4.973076542453529036e+00 2.789513950812910092e+00 3.790749350463925804e+00 5.391399021848013895e+00
6.851550947820157500e-01 9.272037966926869323e-01 5.570239706247518408e-01 4.981360752926054403e+00
3.436952291807313209e+00 4.351646615007887853e+00 2.938424492221621609e+00 6.091001494139872463e+00
4.337035587150409377e+00 5.732904427477925502e+00 1.328894139920138384e+00 2.142127972412725678e-01
1.446341252335986649e+00 3.900237337646702329e+00 9.149968453875212404e-01 1.170058315420812622e+00
5.765254477604050187e+00 5.040692158473537354e+00 5.694963638314321841e+00 5.417865659345804552e+00
2.808234231493248689e+00 2.095193535862137413e+00 2.119711137538260903e+00 4.501210153899676492e+00
4.036433024103001088e+00 3.843713999458038266e+00 4.146738931192114563e+00 1.865344896064886182e+00
7.543979452291647014e-01 8.125338562685386901e-01 3.902815142427715323e+00 1.736393649185986154e+00
5.400338914695086423e+00 2.867047205575826041e+00 4.721659140863939896e+00 3.130862513188153784e+00
3.791576171845181698e+00 5.632017146548432329e+00 1.706132026054452799e+00 1.849656822675600276e+00
2.790575111498189376e+00 3.970147005766551551e+00 6.240982010061526530e+00 5.183121107044817322e+00
5.863553563575568894e+00 1.168089831464488748e+00 5.512684311742240162e+00 5.435665328226810811e-01
4.106629479100085689e+00 5.698141191926560101e-01 9.318517839353225307e-01 3.920609938304173259e+00
3.792056099839336003e+00 3.214005951571086594e+00 2.609260090987051139e+00 6.670989140878554879e-01
1.611099082070396316e+00 1.511451659003248293e+00 6.229922528627338529e+00 4.736777618653287725e+00
2.771818972674083170e+00 5.165682729170653076e+00 3.075969214515041905e+00 5.811789890576271489e+00
3.098494601473598564e+00 5.416887829624753792e+00 2.254295547947131606e+00 1.934672568706309603e-01
3.854065254719716282e+00 5.162745696472859080e+00 3.583180958761420953e+00 5.162150173383471596e+00
6.755889858084593858e-01 1.814661899953551538e+00 4.095640241427408235e+00 5.196442891515461682e+00
4.949386093071578507e+00 6.014662465267156755e+00 1.722326443495601378e+00 4.631005333897790344e+00
2.139513614420512244e+00 3.038881468496580585e+00 2.722682707071321317e+00 4.597573351318690604e-01
4.067854549974539435e-01 2.939253050890772379e+00 4.075112411829482362e+00 5.100266593355044620e+00
2.953744682402822397e-01 5.642872121747571690e+00 5.730969639563579854e+00 1.252329391575601081e+00
5.562095732777796009e+00 3.521086735940183399e+00 3.994588667837103202e+00 3.665065587008426440e-01
2.022853572166718461e+00 5.027844571140294150e+00 5.041875700279926598e+00 4.073388034921035405e+00
9.103347418161291671e-01 6.247536058829417094e+00 2.767573420925240502e+00 4.570745424868106532e+00
1.297916495210541532e-01 1.477989417320461518e+00 5.273041945706734346e+00 1.131397012865728691e+00
3.544106031639124854e+00 2.165185678397631985e+00 5.782677388424767528e+00 2.171373622428954153e+00
1.539559693075851499e+00 1.496464942089926753e+00 2.949155695440156322e+00 4.266913581266288169e+00
2.567029967556046177e+00 1.547610811030145861e+00 9.958642557320372957e-01 3.763356584877396216e+00
2.121355387399844084e+00 3.158419723452845052e+00 4.151736431813052519e+00 5.505117265357325707e+00
5.414687791782242243e+00 2.059968647453976232e+00 2.478418837479928527e+00 3.050601776635791795e-01
3.708949063846294081e+00 1.709530775355198484e+00 1.896217276092408532e+00 4.741101584512073863e+00
4.084779343366989335e-01 2.655023682357955384e+00 5.468056261981302235e+00 4.981482072952100104e+00
3.921982843312383338e+00 2.854283442395113557e+00 2.110712604561764127e+00 5.360372201381217394e+00
3.610235266928697673e+00 9.840233636173785214e-01 8.629960182669234037e-01 3.635373083397940519e+00
4.011138798024585839e+00 1.206110993568508594e+00 2.506248491655401534e+00 3.981001415372508179e-01
5.116888985540181345e+00 5.342666615648967721e+00 3.378693605309289527e+00 2.565322580009483211e+00
1.913637101018467179e+00 2.904524252725483979e+00 5.174165518947608788e+00 9.236335696943421408e-03
4.696380402053694780e+00 2.655516377200143552e+00 5.121341605114813511e+00 5.777895538139149245e+00
6.680833655879173105e-02 1.701989489281726442e+00 4.217122240616183682e+00 3.641002665145232520e+00
4.275544067254124947e+00 4.867649104653517966e+00 7.868414427472535388e-01 3.571936418365187826e+00
1.001956268501334346e+00 3.799890370652181382e+00 3.850191347609359216e+00 3.752732864975397931e+00
5.275874352329486427e+00 6.658940617024562414e-01 5.996726300625667250e+00 5.111457136875399598e+00
4.575404927042360015e+00 6.032638607326605396e+00 1.828146708439094548e+00 1.611147057040912989e+00
1.067066868609656716e+00 5.391939255139918785e+00 5.047839887129474512e+00 5.863307550353298758e+00
1.746083561430463504e+00 3.961529485715183263e+00 3.459231933269700576e+00 1.069260484356401530e+00
1.778584066550549458e+00 5.471493100812296007e+00 1.999671824329650294e+00 6.274325946639861762e+00
2.760480318843294700e+00 4.159990917859920145e+00 6.210779744861908647e+00 4.659448256802162236e-01
2.163230621513495322e+00 6.080423872495868132e-01 2.260459675268586544e-01 1.052712458024021469e+00
5.040619400892372148e+00 1.337528275180204673e+00 5.894041262542815574e+00 6.094091734042615727e+00
2.077578330475021495e+00 2.816299218831483042e+00 1.745210623400120231e-01 4.677487727251164351e+00
1.099126183948596180e+00 3.782175899832323829e+00 2.221747570219813284e+00 2.635594922450871902e+00
1.348293579776541185e+00 1.590226963321663023e+00 1.906918714370089418e+00 6.281545576287013155e+00
6.142940843750812618e+00 1.000652342356805224e+00 2.606643478892391119e+00 5.861347475331116108e+00
3.730953228145266753e-01 3.590051032967214173e+00 6.835931547974735123e-01 5.555035116536305217e+00
2.353267004682378261e+00 2.773546097363955631e+00 1.950181469075590757e+00 1.641099170250655659e+00
8.178890202753281990e-02 4.603324350567790546e+00 2.916765209799112579e+00 3.151399442978024990e+00
1.255426471716137193e+00 1.122560513503659957e-01 5.610189492874829931e+00 4.431076423885776272e+00
2.226002991370310991e+00 4.395842503753942587e+00 5.210161026412096774e+00 2.792814323853372915e+00
5.764164142583966033e+00 1.995642015104091560e-01 1.917868655676885706e-02 3.434086235907830797e+00
5.844793837980047257e+00 2.452009107036949853e+00 4.322268295946082084e+00 4.237721184314417577e+00
1.724524444077576643e-02 2.418360540574199913e+00 4.291065566012966848e+00 3.033876429771210859e+00
5.162845478154848955e+00 4.656909718987529700e+00 1.864484303291947531e-01 4.764305366197678637e+00
5.778004129021351964e+00 1.240864486721233506e+00 3.254944337118890595e-03 4.189861887830342191e+00
1.108179572321586592e+00 6.028344848091415464e+00 5.044550342316792779e+00 1.069362669618856065e+00
2.400365154457041239e+00 5.305427732429750520e+00 5.653422595834390663e+00 2.796054681527443631e+00
2.532669980273230426e+00 1.022187362885444983e+00 5.710282621335204922e+00 3.463971268242220347e+00
5.378512901800773349e+00 9.317061807460816913e-01 4.966299559734463354e-01 3.199536645011656688e+00
2.874988513341105723e+00 4.608718880688179809e+00 3.180509595939937206e+00 1.729378756438516351e+00
2.178970568833553223e+00 8.563579995206026529e-01 1.887192901510582388e+00 2.279690472128988787e+00
4.382371396778387940e+00 6.086263469740394783e+00 3.630128370306929142e+00 1.685624252369563592e-02
6.163412877122289579e+00 3.978328832095566092e+00 6.365175641163441922e-01 4.719118404026316327e+00
4.141971151532991335e+00 3.805756524191152401e+00 5.756961134981863459e+00 3.932556827268674393e+00
2.804882457898916659e+00 2.729531943010472528e+00 3.472994101233868758e+00 3.809005356699808331e+00
4.544936913981119986e+00 4.770357764436298886e+00 3.747953824430398040e+00 1.274079707053962229e+00
3.891418415397581043e+00 4.206405762101409707e+00 1.473106694148781148e+00 4.213243589314144444e+00
5.899712681854163421e-01 1.140854612420629133e+00 2.984690804569207323e+00 2.161677909457390356e+00
2.354362281049528161e+00 3.795109467835243944e+00 3.424994300244906587e+00 4.436210569423225114e-01
2.667821215560448600e-01 2.739330394777571787e+00 1.909265816996086607e-01 5.508165696966574210e+00
7.191539987306153625e-01 4.815365040799947316e+00 1.607382183625413186e+00 5.967877921796681306e+00
4.237330125879283038e+00 1.705278675117180898e+00 1.739937109687119898e+00 3.089802594958888537e+00
4.520425867544433096e+00 1.988485298542508550e+00 3.239282015958436567e+00 5.161101646458554626e+00
8.177756388970978119e-01 1.128053221828371866e+00 5.958049793472546263e+00 1.371886223101373148e-01
4.190277339212946650e+00 3.203214825670750887e+00 3.687823224600998984e+00 1.066447749594511274e+00
8.213515400921715948e-01 1.978474667760932518e-02 3.723526773840694304e+00 8.619285599659176622e-01
3.846662923683175972e+00 5.659991991694611535e+00 6.156307459170982099e+00 3.240603538583155974e+00
2.146280167872068656e+00 9.122305250705183832e-01 5.361413733756015265e-02 3.424670766717579973e+00
5.999011483407238998e+00 9.857310132408161341e-01 5.694377807847587292e+00 5.648275979537249469e+00
1.864938034723490956e+00 5.866488153944940720e+00 2.622909584552552520e+00 4.761490714517761624e+00
7.310489963284182435e-01 1.137214278332577155e+00 2.216657388462870415e+00 3.752814617888023285e+00
4.105758930788646843e+00 2.284615358736713286e+00 6.016889843714623431e+00 4.423428313671379231e-01
2.027564935615303821e+00 5.315106454529917812e+00 3.195199319177053354e+00 4.421353940889958700e+00
4.331981847491936044e+00 8.132195645911466375e-01 4.165876549628467096e+00 4.312955106121924564e-01
1.213085894239990248e-01 1.967847732996358845e+00 5.597237753117452641e+00 5.575893943740750203e+00
5.576934839860196114e+00 6.082190113522806918e+00 4.990529527165978863e+00 5.396037009446729371e+00
5.399532357974340613e+00 2.104456143716085581e+00 2.505381960859162760e+00 5.692750680960828369e+00
5.269554295515278319e+00 4.966772429831205482e-01 1.820128592972857451e+00 1.119576111021822529e+00
5.681320439669663713e+00 4.991006931002196723e+00 3.781033454842917418e+00 2.785458768126249485e+00
7.649175164365837887e-01 2.685941170707792924e-01 6.077706490195191158e+00 2.782029464366372329e-01
5.118254437468380047e+00 1.785170253958556552e+00 2.241294420025174539e+00 4.031327565962753212e+00
5.767369302718690527e+00 3.418436794202524887e+00 4.667575709292972053e-01 3.631312675164663606e+00
5.176588633550499585e-01 4.841868747369249881e+00 2.358367645163801818e+00 4.497747590058103206e+00
5.690863455538210047e+00 3.431068814540267020e+00 4.576376584546143711e+00 5.537538413017490946e+00
4.461226981028937999e+00 5.329513057014667154e+00 3.046378474214149978e+00 5.535477415114424815e+00
1.718409039513071335e+00 6.013658511517674832e+00 2.933216674373508415e+00 3.933192481076961400e+00
5.482276258719871009e+00 3.233508793720542673e+00 3.275474104288529364e+00 1.466124254492782386e+00
5.500585432032868205e+00 3.650698595942924451e-01 6.664201070028924478e-01 5.918442502609416067e+00
1.063890448412962764e+00 1.997488707069883795e-01 4.866151198378775966e+00 2.652597837685116922e+00
4.417738749317339647e-02 7.323583468343904945e-01 6.051497619736780464e+00 5.535367341602506208e+00
6.366411511851101102e-01 2.203397177004394969e+00 2.435964025332501670e+00 5.278274992390988629e+00
1.197307027593918632e-01 3.894156231369807486e+00 4.343052429090003663e+00 1.076150561234845870e+00
1.466742259623305067e+00 2.737310456462579200e+00 3.184832072178923390e+00 6.488175161806689073e-02
1.422002544373771382e+00 4.823596479062443265e+00 6.220240399483876637e+00 4.931677494989468724e-01
1.745872879021458823e+00 8.063210240834540743e-01 3.583002112864811295e+00 6.856259626680447639e-01
1.326406443400097723e+00 2.883026832058837918e+00 4.703001869113002442e+00 2.443443055295675403e+00
1.977371726430131149e+00 3.441933174606924162e+00 4.273961645796121367e+00 2.754426216212089162e+00
2.782105902941802711e+00 4.113541565561624758e+00 6.403649903513688457e-01 5.837599313081431873e+00
4.957018106760461507e+00 9.359204092795602170e-01 3.044687187848575949e+00 4.749363835085421925e+00
2.821901261568631636e+00 4.895094103052220369e+00 5.011241945984062696e+00 8.091125270130913316e-01
1.507358806829540931e+00 2.860396045051912584e+00 3.333008619192851629e+00 2.046459793702501084e+00
2.481821296832810386e+00 3.306009331921929473e+00 2.650117395926483876e+00 2.444119217351058637e+00
4.268011604550444815e+00 3.729042100102838209e+00 3.465920652019160997e+00 4.026886607431920062e+00
1.583012449318778048e+00 3.278232588445489259e+00 3.862312068703178891e+00 6.038376115010744449e+00
6.906085959545459341e-01 6.045923959929830893e+00 3.880894734945327662e-01 1.615393689242893505e+00
4.164802777276090384e-01 1.865642539069203076e+00 3.731672051652370037e+00 4.758135564810165086e+00
2.268468033639316594e+00 3.150791094860438513e+00 6.182514935461443706e+00 4.032884707402462965e+00
6.419308823455803781e-01 4.270931368375505688e-01 6.166966957126439608e-01 5.199940890301933294e+00
2.191333513395572474e+00 4.305972410190182842e+00 5.147123524595221156e+00 3.735445478734131797e-01
3.009817817718396959e+00 3.903942291072800774e+00 2.760220848613184508e+00 4.136297780728407369e-01
1.035427594574412025e+00 5.448519537927506207e+00 1.109658226083098720e+00 6.284416313996006587e-02
4.211363701476873445e+00 1.070863095291795464e+00 4.496508023993718517e+00 5.259278467337685115e+00
2.628764523056712488e+00 5.573600347806296762e-01 2.951850650975095469e+00 2.048923777694862114e+00
5.708902659374629707e+00 2.451653660321667871e+00 4.718533226642125378e+00 2.299635239891364868e+00
2.314557234914087047e+00 2.300041180991188483e+00 4.571632121676100446e+00 2.999982260667994005e+00
4.726028242663399048e+00 3.270512188633173167e+00 2.952595979837944640e+00 5.836733639098480531e+00
4.356080917447073375e+00 5.744201647122296528e+00 2.903521180266308566e+00 1.516295169402135601e+00
5.212805754021184512e+00 2.836115313087664624e+00 1.227964422137657552e+00 2.298272953528557760e+00
6.103807641641224357e+00 3.144561924450884338e-01 4.031831799565637753e-01 8.759422659703898217e-01
5.441907908118623460e+00 8.247009028437554123e-01 2.802576442044040217e-01 4.429687523925011083e-01
4.906841349424071019e+00 2.975773324274236575e+00 2.673706261173959042e+00 2.287325030429478157e-01
3.427599107437837578e+00 5.703277885570378736e+00 1.847707252801267908e+00 1.347936621008553493e+00
3.085853137611479724e+00 6.158965402253555155e+00 4.812747971481324605e+00 5.773260872058742166e+00
3.492054074545838382e+00 2.879729435748777711e+00 3.397014886553321400e+00 3.576997237484274006e+00
6.219647127801320785e+00 2.544745224822112295e+00 1.168913979602556719e+00 2.777334500822441932e+00
4.351413686910876599e+00 5.797766270751388618e+00 4.240844712492251589e-01 3.888927337001324425e+00
5.614985848041522232e+00 2.028226316160420151e+00 1.052855277118421418e+00 4.175687938473963357e+00
4.027112505582831403e+00 5.661828898235707896e-01 4.758568641076297290e+00 5.309286500122150976e+00
2.451217432230921922e+00 6.033041419548328399e+00 4.722859293468609998e+00 2.476515395432287825e+00
1.604000519737209141e+00 3.454481501020572054e+00 3.871747423271646227e+00 2.399097314122579760e+00
1.546781747480415081e+00 2.569803565678806301e+00 1.771186575877033098e+00 5.397968089591856367e-02
1.663027499643307872e+00 3.825856549704312659e+00 5.423152296689778273e-01 4.709709773019516432e-01
2.086396607655082724e-01 1.811914389362383249e+00 4.299248019324410031e+00 1.938331470257471212e+00
2.490547979732873785e+00 2.329157309574150236e+00 1.160070524819721172e+00 2.637700471726647233e+00
5.238680610819433703e+00 1.450200333372324568e+00 5.529442905241352513e+00 3.219823274599929341e+00
2.188463027826835994e+00 5.767143994822237829e+00 4.369285608253173692e+00 2.901962109394125466e+00
6.073331238918385999e+00 3.605186363421236440e+00 4.758226523137385477e+00 3.732379539375739963e+00
6.496625568285556707e-01 2.311025527493156595e+00 4.171463458083126241e+00 4.758777897204267582e+00
3.743401453836463944e+00 3.403722806955377322e+00 5.469562327440975480e-01 1.528441896844740799e-01
5.815834030693997070e-01 4.177089198296464745e-01 4.242232279008868012e+00 4.037843269160797277e+00
3.716648670710144486e+00 3.724692799483771299e+00 5.500635833056576551e+00 5.131440232145119129e-01
3.364941978302477210e+00 9.165963507461885040e-01 1.946529695262704474e+00 4.650666338835011793e+00
3.355649259531164219e+00 3.253998365300230788e-01 5.176818373541613560e+00 1.631522626685746991e+00
6.019106113624036247e+00 9.913369068896425995e-01 1.812222791803511646e+00 1.158947118395821235e-01
2.562782806908802780e+00 1.822006147650902630e+00 6.194164665802366798e+00 3.383662466796892865e+00
5.749531887435981758e+00 4.541261880408227647e+00 2.891479274115024367e+00 5.546227335363206556e+00
3.175245740460861388e+00 4.267339620362169406e+00 4.584389224979916300e+00 1.232525255006638343e+00
4.758809836924169367e+00 2.269100494484887209e-01 2.465230544825344428e+00 6.088551647296842617e+00
5.049221314922219150e+00 2.736011269145393943e+00 4.943848774195068962e+00 6.102833799901278944e+00
3.418320544550065065e+00 6.345743128163853219e-01 4.434777957686375949e+00 2.680661280945221048e+00
2.916464834987532839e+00 3.175524871820055495e+00 3.158976398846184086e+00 1.316144242997367986e+00
1.704538402292497812e-01 2.701076330440070006e+00 1.274073137581462678e+00 5.234214070991436429e+00
4.253249231408279485e+00 4.257172714058326868e+00 3.054904494969209683e+00 4.112085958122781548e+00
4.833551022859061241e+00 3.750911624017554846e+00 3.759046124040110293e+00 5.126089919880432610e+00
2.298183440842716252e-01 3.096700306978348305e+00 2.787439287689809753e+00 4.685099875528106139e+00
1.460067715861683491e+00 3.754416242057589392e-01 2.149887828300465209e+00 4.305693257934625429e+00
6.048430755460374897e+00 3.550952761912224975e+00 4.937238912635717902e+00 1.011795569652798044e+00
9.858737123819600878e-01 2.366652141140770826e+00 5.025058410972283340e+00 3.555259321242442372e+00
4.057591532831017034e+00 4.081233536447514965e+00 3.339795612266655667e+00 2.502068490309520055e+00
3.806796564554006057e+00 2.732687065632137813e+00 5.066996672206514951e+00 2.534162915873873434e+00
4.524250395652857470e+00 7.433701011339308717e-01 4.805706621620566388e+00 3.301227018889234532e+00
6.558942158148882706e-01 3.433409328905804525e+00 3.069875970955282529e+00 5.590745804557854193e+00
3.692726920426290804e-01 1.038376560731260057e+00 3.804925876247034378e+00 1.684166415114021764e-01
6.521028317841215394e-02 5.954894500412488689e+00 1.804540082888125951e+00 4.939347670644661292e+00
6.329203905423897991e-01 3.582618678275023782e+00 5.729017015335204910e+00 4.348637997404888544e+00
2.887927589883461099e+00 8.108177758845238614e-01 2.189382925091815091e-01 1.034004922440295182e+00
5.708067490904568331e+00 2.751352739604131070e+00 4.459518844407696747e+00 5.957915762624992340e+00
5.397772147665695464e+00 1.984476073785427452e+00 6.197051561901933958e+00 3.412189428439472039e+00
2.248707242105781656e+00 1.119118532906265839e+00 2.438506704338706310e+00 5.735397623491167884e+00
5.455336634484442726e+00 5.590920117695817204e+00 4.119273566962506017e+00 1.689237354011545289e+00
3.438422996048024594e+00 4.077548545809496439e+00 2.112087258443058779e+00 1.001086152960782183e+00
9.504735894376826755e-01 3.205884628692201144e+00 5.154599146468895832e+00 3.435674082435157928e+00
2.078973026614008013e-01 4.205838002585285729e+00 3.291760745049999937e+00 3.520692684005303441e+00
5.192955799873326228e+00 3.565101086513333684e+00 4.041037543032782509e+00 1.900300441975326382e-01
5.935259986729557014e+00 4.565953464586393729e+00 8.619538882849944184e-01 1.654272253957519201e+00
5.519932236452005370e+00 1.833408224110106566e-01 3.829559564963460616e+00 5.383275938435582830e+00
3.734846942493395439e+00 3.494291769100326572e+00 4.238854980400450501e+00 1.422155932213861718e+00
4.587873479850962610e+00 4.864064883859027688e+00 3.034127892159191209e+00 5.413990525735975501e-01
2.141320627475659766e+00 5.535900227496112436e+00 2.501896708092205213e+00 5.917216510147727426e+00
2.239218518649549683e+00 6.073168993787306569e+00 5.479709216544537576e+00 4.510455968793438686e+00
1.481477959051884286e+00 6.041195016649322014e+00 2.832245392523436767e+00 4.014076432605862443e+00
4.498104276840941829e+00 2.246373950516327156e+00 5.888784888945649776e+00 1.545405635893900786e+00
2.578745647526025753e+00 2.639877520949268863e+00 5.623644697892914657e+00 8.079000049438746223e-02
5.457288053631848435e+00 1.906811312966399719e+00 1.337261256268812870e+00 2.473608935193425840e+00
2.866460615951035074e+00 3.213469603254443197e+00 2.354349944244886306e+00 1.713229855891666098e+00
6.010317417904797566e+00 2.399403384038147902e+00 3.300153686848672940e+00 2.281908194061172512e+00
4.479968598405935865e+00 4.324413858090158769e+00 4.486170893394058723e+00 2.308945348575857981e+00
4.171067793292301040e+00 4.388857477350946112e+00 4.047129904666966205e+00 3.482642753970913052e+00
2.984755810341076288e+00 6.177038508734658429e+00 2.996276685190848443e+00 4.679130085510439518e-01
6.125674459301656327e+00 1.467194854900350176e+00 4.076900883522380781e-01 8.267338135808095512e-01
6.264240607852439524e+00 3.299899810914919573e+00 5.123965612927178226e-01 2.681950371450888326e+00
9.447865239712069929e-01 5.467033708569655204e+00 3.894316492880748992e+00 3.840808922934588310e+00
8.622597159233558184e-01 3.607321593428061135e+00 5.670557574175644433e+00 8.011541838364992785e-01
7.139450996991854037e-01 3.733310191730023764e+00 4.840226431094270865e+00 2.134292587876685410e+00
3.014023402889399073e+00 2.829431140182121496e+00 4.868015714330272137e-01 4.453509401658514832e+00
1.054985326476032048e+00 1.761736463113170670e+00 1.369970336553174295e-01 5.352372896235492838e+00
4.273263738621232655e+00 1.482240754499935642e+00 2.408415949215557017e+00 3.300956438702915552e-01
5.505027661241890691e+00 1.911538684974240176e+00 1.571491410899082064e+00 1.099820990083739458e+00
8.898305617540901435e-01 4.438905219862920859e+00 5.027203674742350969e+00 1.674878114651012995e+00
1.248627773230430948e+00 3.152960605120898041e+00 1.505076382983803196e+00 2.941047618034845268e+00
1.541424270740609170e+00 2.424455320993427865e+00 5.205198855430377414e+00 3.736131939435935134e+00
3.737145860250636442e+00 2.830021670943436263e+00 6.085278384312224453e+00 5.930507655791454447e+00
5.608101168313715412e+00 2.342125095948226043e+00 8.756438743375128952e-01 1.372353452941436958e+00
5.272844922870983275e+00 1.186132536842118501e+00 4.505980692158969347e+00 6.081262450003100950e-01
1.417564143019774070e+00 2.099763233155831355e+00 2.408374494471442695e+00 5.083640316318737362e+00
1.913755014320733361e+00 2.604746065007037537e+00 5.846167473748277388e+00 1.862752834775638355e+00
2.326015984119190083e+00 3.998577484756897782e+00 2.500694466012558514e+00 6.116911194823316578e+00
1.864958450155662195e+00 1.549393928481663796e+00 4.537369243837615862e+00 2.880319901914311309e+00
4.826128094881747266e-02 6.157396892679524170e-01 5.789767927105001100e+00 2.767216219009370537e+00
1.200318199651780438e+00 3.217671328420721011e+00 1.500483397768169969e+00 1.901384836966777847e+00
3.501726987511535327e+00 5.139837192609262750e+00 3.188826474966103497e+00 2.973863907506785864e+00
4.082653011368252649e+00 1.548699822532348946e+00 4.897347058598403358e+00 2.871135936681268763e+00
5.079473707364910995e-01 6.072827073184499547e+00 2.388675458036858767e+00 3.511436456195118350e+00
3.405650772818839211e+00 4.560806840976826315e+00 5.546985020286536283e+00 5.183481210468627864e+00
3.731098018752397216e+00 8.142316103711734199e-01 1.840126288224347650e+00 3.858760098199119692e+00
2.427584273888755195e+00 4.504820967853498281e+00 1.795063138466644448e+00 3.025946203061255613e+00
1.721447400184275889e+00 8.583001824898600640e-01 5.232526421030892827e+00 2.126620566152577663e+00
5.578693391679852454e+00 3.987193139693539390e+00 1.140492957211601599e+00 3.065955275473335906e+00
3.321014318443704649e+00 4.651438171528470278e+00 5.707820396378850525e+00 2.311076594760394620e+00
1.388614467614131875e+00 8.648365212994864049e-01 2.639844368569661093e+00 3.351048580561267087e+00
4.925995145287594412e-01 4.652380258243287159e+00 4.381266966786423467e-01 2.991619488012879469e+00
5.556652263321576690e+00 6.098567705275297790e+00 4.438564226276824343e+00 3.370981955659992924e+00
3.514628745996389192e+00 4.848911816583636458e+00 2.362090302436695988e-01 6.020355577684242121e+00
3.970578803212452268e+00 6.103311134402614968e+00 3.063843070369702826e+00 5.815678098925870287e+00
3.569990168154131727e+00 1.572445890883767960e+00 4.126978084335028996e+00 5.622191448377424017e+00
5.067593278103488252e+00 3.444713240599780679e+00 2.782110152199649633e+00 3.047169448160582217e+00
5.165642879051607572e+00 5.150390150342034623e+00 6.200088997282842129e+00 6.182133132891330263e+00
2.033508815081464416e+00 3.736161219996650296e+00 5.528080833209387812e+00 3.330930307268649693e-01
6.088274264848281270e+00 5.918610932087539744e+00 2.960931720108417320e+00 4.597057880263954566e+00
2.238820408777900450e+00 5.185809791817193037e+00 4.931270128204349734e-01 4.274577954891055631e-01
9.019994951182849219e-01 1.093877843544869055e+00 5.161522353378215300e+00 3.482905197785651108e+00
9.228782880694453850e-01 1.456952737489702443e+00 1.822565818794834147e+00 6.018005644182370162e+00
2.832492149072426191e+00 3.928657864761665230e+00 5.494158030426934403e+00 5.373458938270917251e+00
4.434701603843397066e+00 3.038821028141869718e+00 5.831370512451932164e+00 4.561375915797930780e+00
2.927414274366097136e+00 1.713977618657535951e+00 3.122083952236959448e+00 4.619541443935472280e+00
8.486826544270333894e-01 3.540774943403448005e-01 1.568548148764922434e+00 5.154681949216918246e-01
1.635201361371108719e+00 6.004191576257942309e+00 3.472952821023245651e+00 3.668801442468727192e+00
5.748982681193305133e+00 1.147010864414767184e+00 2.133340886321235974e+00 1.608788991534758628e+00
5.879905359921746566e+00 2.944971963383177016e+00 2.031702041526746161e+00 3.541827040559461626e+00
5.807937495548084333e-02 4.520455706240006144e+00 4.398699500439567700e+00 1.961473609620778547e+00
4.353292309479316557e+00 7.290058403357192740e-02 3.004839412506521423e+00 1.188161578170613963e-01
5.070478872937489001e+00 5.352491037905507731e+00 4.765048872879187769e+00 5.211507197402037939e+00
1.874958898852910005e+00 5.786026329667729229e+00 3.698625706231732035e+00 4.590607067728244672e+00
3.560298984609379769e+00 1.839637010330518407e+00 3.789299920077189743e+00 3.064801437137273155e+00
4.146982757801470076e-01 1.456306424192410187e+00 1.166992377557661553e-01 5.020492409381760446e+00
1.287108910350343305e-01 2.154945662308014764e+00 2.802474773659545892e+00 5.288072671724807883e+00
1.289418816995791417e+00 4.869960265613276995e+00 2.252186360352980365e+00 7.142916948639521646e-01
2.260704124405130688e+00 1.129351998594990969e-01 7.883400612720753431e-01 1.007420500557901111e+00
1.944755573613226041e+00 2.637079738762667436e+00 3.848444425166440475e+00 5.375441069634220526e+00
5.324236540185019351e+00 5.419267456661678750e+00 7.135597615806665850e-01 5.360053941920375209e+00
1.732105533823867560e+00 5.237158678028938752e+00 5.887547502825292156e+00 4.034586379804354195e+00
4.557303729281824367e+00 1.578983893936297234e+00 1.072530569407680545e+00 6.095008016426086250e+00
3.110889046318679796e+00 1.846106215014382768e+00 2.065209509261142440e+00 9.751962178735884557e-01
1.697973737710308795e+00 6.248783463560760865e+00 1.638978783911704484e+00 4.199432772335312869e+00
1.799620929131531710e+00 1.954104921954312291e+00 2.179787211179227135e+00 3.037094537500221403e+00
3.709923310468693725e+00 4.263884760564435439e+00 2.052249272491637466e+00 4.979569262227379944e+00
3.883903529489901807e+00 2.587508082105351548e+00 1.233358577567183589e+00 4.492136234276655316e+00
2.874470809443357283e-02 6.105317550627316514e+00 1.868252173457230159e+00 9.260003133065691783e-01
3.963450120639636087e-01 3.415991983918015840e-01 3.129143459701645424e-01 5.483145412274212482e+00
5.289225396113284461e+00 4.248011054515771434e+00 1.355177914123884442e+00 3.055139703578260590e+00
4.444433255501576419e+00 5.414513565422383934e+00 2.768282610429432022e+00 4.334537061137887726e+00
4.684806262301894897e+00 5.548305405348794572e+00 4.881026748846294616e+00 4.484864167533066492e+00
9.038640684266927572e-01 4.801271561129087040e+00 3.117492804576823318e+00 2.424576077841002153e+00
5.841143099917942560e-01 4.003834204130552799e+00 2.942676507292708354e+00 3.830447754314450837e+00
3.341914240269415082e+00 5.606594310461159303e-01 6.244768929535235991e+00 3.806804749311202940e+00
3.511789306789045995e+00 5.902578144175540942e+00 4.610322582100438105e+00 1.873222876907584267e+00
1.635357479666727176e+00 8.729015155105721568e-01 4.550024881510512098e-01 5.995425665522349234e+00
4.140270762685932304e+00 2.341941301661870423e+00 6.228569461892198511e+00 5.129037283600206720e+00
5.812551209042813305e+00 3.509870375915450147e+00 4.379079549212162803e+00 2.473688121800443618e+00
1.516943783449932637e+00 1.920028740335835371e+00 4.916955972295191657e+00 4.160968082065128471e+00
6.068656053578763476e+00 2.923744098088002286e+00 1.859540226689280207e+00 3.278365950276228347e+00
1.558001532733197525e+00 2.354408894561625498e+00 3.563715599136889178e+00 1.375639182318012299e+00
6.263571928090205354e+00 5.055096908938803146e+00 1.641802596617213394e+00 8.759289030341577131e-01
5.923007247219922000e+00 4.695100721349810158e+00 3.667885219545987674e+00 5.838182760385733694e+00
1.961579000650765847e+00 2.004770886839452704e+00 2.474531103188283065e+00 2.732297212450519819e+00
2.409805262061753162e+00 2.207994605657109588e+00 1.964506200791871660e+00 1.362225785421547819e+00
1.672014384437543910e+00 8.421068516222940392e-01 2.965985148706857255e-01 2.153304312376560059e+00
4.431820529774100237e+00 1.703759782382055388e+00 5.286980702822764722e-02 4.448998213891719011e+00
1.077057212402096731e+00 1.569212979283596043e+00 1.888587708261836751e+00 3.222265287045381399e+00
5.633744031612704095e-01 5.850214879631955300e-01 1.290537736797952695e+00 1.577261200692394588e-02
2.879627475970889972e+00 2.520850523179485325e+00 5.199888081549385532e+00 4.503116598964155060e+00
3.859120843517600541e+00 4.055740692261426972e-01 2.220647859048480832e+00 1.906624519157415598e+00
1.652467663805747611e+00 2.691992806452049081e+00 1.824634071011129510e+00 3.879010011220963783e+00
5.715415915827549931e+00 3.809455692810029159e+00 1.835316000574053419e+00 4.690474258468828594e+00
1.119935696622286425e+00 1.371635461410513512e+00 3.356393565539224078e+00 3.446693486749370372e+00
1.114555667269299333e+00 8.246781156050505546e-01 7.314385256981909000e-02 3.679158692269869135e+00
4.771536509490156064e+00 4.021001249372309516e+00 1.738895285909183741e+00 1.398886280252775727e+00
3.760658107015539375e+00 5.719907498882759178e+00 3.709578272320253500e+00 3.829310696863136854e-01
5.009856518035227246e+00 5.138691879682173447e-01 3.648373664299467301e+00 1.939741348071741367e+00
1.585481039148259441e+00 2.792034508135133208e+00 3.187976820815201062e+00 3.460208842626368853e+00
4.748248193401313877e+00 5.501724248372810155e-01 5.629275816315919556e+00 1.379173379673388045e+00
5.319954414856473690e+00 5.034754229786261526e+00 2.682969512858409677e-01 3.687199218831636038e+00
9.439193355713082489e-01 3.359354439848016849e-02 2.869625438609030965e+00 3.035398600113464074e+00
4.574667211700774949e+00 9.477435171948872528e-01 2.608417174550902384e+00 4.251007821757606386e+00
8.484260413387755273e-01 4.372302962550294048e-01 6.220722309023076768e+00 8.746760322180582303e-01
2.097591851005439878e+00 5.740307468661893786e+00 1.314329800817438221e+00 1.982028238590511693e+00
4.679276693759605976e+00 4.084803225171245167e+00 1.208449075163960496e+00 2.415490694245301384e+00
2.809373337372321977e+00 1.708604832352376590e+00 1.536996651862402086e+00 3.278816921511760629e+00
4.691210974156703184e-01 5.855129377821941539e+00 8.689923689397175410e-01 2.127113792616126098e+00
3.247392216888013827e+00 2.038657333077275258e+00 3.438957471079970407e+00 3.793989749853061144e-01
9.754800644218938888e-02 1.647928563378531497e-01 3.282245627507510921e+00 1.305987229239873315e+00
9.401949915184434348e-01 4.383996498645193363e+00 1.273275245162206470e+00 3.435489639948354768e+00
6.153441557598200440e+00 5.918908742216510532e+00 4.174259181703652288e+00 5.258804334391736113e+00
3.125470152653013312e+00 2.262641100003000005e+00 4.894641403370488142e+00 1.674605628526926848e+00
4.283721031732691920e+00 3.825779747831489885e+00 2.306793241121289029e+00 5.782012921814700945e+00
1.213593321588694596e-01 3.910928237131696683e+00 2.422084025124260354e+00 1.628767421257535819e+00
3.564954952347672901e+00 4.494653153196888518e+00 2.375064828570751185e+00 4.569507430142289550e+00
5.715571968548580628e+00 2.765143118693463631e+00 5.206205783846888480e+00 5.926477759799563927e+00
4.046975381165142771e+00 1.327336926708198028e+00 2.286914272010465599e+00 4.743026205321501543e+00
2.185808958920273160e+00 2.223323607162638549e+00 8.013800876499954651e-01 9.464974104800060184e-01
4.417756926650228344e+00 5.094968383195062067e+00 5.907371766975280103e+00 5.842111931657624879e+00
2.174934079935864073e+00 3.971103016268219932e+00 3.842050625072376047e+00 2.395085544696412772e+00
5.430210794323174994e+00 4.543861441140832014e+00 6.191326402725677802e+00 4.765117917509620327e+00
1.309107882154588287e+00 9.665205656032506143e-01 2.633830612320159137e+00 4.871829235469862240e-01
5.871289696778769773e+00 5.117209608212648142e+00 1.862347808460088072e-01 4.885325590247648897e+00
5.888776967667325835e+00 1.138841823040050993e+00 3.317404200054405727e+00 2.636022714974707526e+00
1.425353344979904957e-01 5.390571256906886433e+00 3.522244787503480357e+00 4.743069938450553025e+00
9.242606917671424283e-01 4.724436551219654667e+00 2.924470873640358626e+00 4.025459195462524065e+00
3.597355758916358504e+00 8.208807058066520668e-01 4.132422576950625093e+00 1.101313465177718331e+00
2.739421928324841105e+00 4.718830383899798697e+00 3.975135148443895261e+00 1.209484307887858545e+00
4.476262292547499300e-01 1.972055770817136233e+00 2.720023706100339056e-01 1.070073870526198734e+00
4.186121129320123480e+00 4.089833576083404587e+00 3.120801462784581481e+00 9.515872308988365669e-01
4.286858238754104877e-01 5.852943278096325308e+00 5.023370115065159958e+00 1.527632044222979601e+00
2.391617789363953417e+00 2.648090056686333238e+00 1.836430247150532713e+00 1.292949690898225867e+00
4.402390734332874089e+00 6.276273106430882542e+00 5.472364479134857795e+00 5.571699098258925176e+00
6.015679457001998465e+00 1.220436758080717610e+00 5.010504603353407305e+00 5.726838755936619618e-02
6.937962022062903467e-01 3.784170160042949593e+00 6.980748719249731948e-01 2.352336960575839075e+00
5.700330788179109875e-01 3.687837555677741630e+00 3.295598020454956423e+00 5.650549505146156726e+00
6.164207007208309719e+00 1.985918907187476767e+00 2.572425532393275649e+00 3.587165298204790798e+00
5.611531475974110172e+00 3.932368674459831404e+00 2.502189658105204551e+00 5.303496012949369565e+00
1.329117940442147816e+00 6.235665149525993378e+00 2.652640825986553708e+00 2.341963971450096604e+00
4.068719429859711134e+00 1.665378112423093748e+00 5.282452709223390386e+00 9.406238888162682388e-01
2.775383125669086404e+00 5.890459999281686621e+00 5.136794454286536249e-01 2.427690242565013090e+00
8.705661579321265497e-01 5.749387901935217648e+00 3.704820022434927917e+00 3.842295625024320760e+00
3.223738137754375011e-01 1.292579377991860845e+00 8.636560216640237764e-01 4.335513119046586761e-01
8.183864665397424520e-01 4.162979533211431438e+00 4.504738761735679553e+00 1.467077281668041744e+00
3.553547641515546029e+00 4.641432162222184132e+00 5.247298467219170703e+00 3.621246916557360862e+00
3.669707026656388482e+00 1.639987219148352215e+00 1.000814369382785562e+00 1.072429246685736359e+00
3.857457407390130211e+00 2.533134376606267057e+00 2.535120206215546457e+00 3.904867430509545656e+00
1.338686445914866630e+00 2.962865758768153945e+00 2.590738420911098405e+00 5.032793087242048102e+00
5.758035482213809786e+00 2.570809549040010467e+00 1.363312048304915036e+00 3.106840948064269803e+00
1.778606723159560810e+00 5.466433925591286380e-01 3.210726685043076567e-01 2.899353309283029922e+00
4.560477710053080891e+00 5.837795223182442150e+00 1.462853556818332512e+00 4.255212749299118968e+00
2.688496029969822843e+00 3.980188261191724308e+00 3.296845470659894417e+00 3.615825391694872160e+00
6.231324269386029790e+00 5.813239468543172084e-01 3.032538016357845034e+00 5.997044570316709233e+00
6.889102360287953086e-01 1.857051316921703776e+00 3.311239821334007072e+00 5.319897227790808536e+00
1.790990147939770960e+00 2.786988361855323948e+00 3.154881355678968990e+00 4.549648470935639288e+00
1.532180655265863445e+00 2.985220622355770459e+00 2.142277029475848860e+00 3.503721889945634604e+00
8.115452482413989532e-01 1.198500923053434031e+00 1.465254031309286553e+00 1.027228320528713823e+00
5.273612425251038793e+00 3.981202227428400686e+00 4.049348437825211811e+00 6.091046606653955919e-01
4.438675376245144300e+00 3.190600025881701107e+00 6.169606427610158761e+00 4.826168475450138828e+00
2.530760684719513876e+00 5.054038371583843947e+00 2.648241654284495095e+00 5.834639553203730067e+00
3.198376933383248577e+00 2.196623960575212919e+00 6.264138528465319489e+00 4.912494025417410093e+00
2.357894046900252949e-01 5.449352446583786147e+00 3.455146517323665289e+00 3.645709138804932081e+00
1.438417425117398896e+00 5.613454449760816978e+00 5.107517612821360409e+00 6.059442509028445834e+00
2.730760313678161744e+00 6.557429624112258715e-01 5.032404746534788753e-01 1.779156611852894532e-01
1.181555017389212647e+00 4.726313939431395994e+00 1.435605150637968785e+00 2.891711227632951076e+00
2.668705896520894516e+00 3.048179884135121309e+00 1.506265978476107881e+00 6.053924957329678946e+00
1.362910017375919436e+00 3.389286218094218067e-02 1.585426677093821235e+00 1.163104705483845702e+00
1.333591626823418475e+00 7.462824131869060240e-01 3.423990497211201856e+00 4.403715098779613868e+00
4.684755104428368178e+00 3.831266377420556424e+00 6.246682432635822124e+00 2.745314025882186204e+00
7.028207592567200512e-01 2.611734157174856019e+00 5.457003848369150756e-01 6.036018039086027187e+00
1.057486704941932532e+00 8.957054198169939196e-01 4.781790841306574613e+00 3.522444623500947114e-01
5.801321520800390097e+00 4.250244728052146037e+00 5.088565525115100741e+00 4.282219924918544862e+00
5.352732260476261716e-01 3.033894182347688151e+00 4.569268736821887167e+00 4.919020506563750672e+00
2.671882407182248897e+00 1.295827459670659376e+00 6.100278584348656219e-01 1.727226257461832670e+00
6.249218803092212227e+00 5.577549643637328636e+00 3.571955715608386317e+00 3.020047174586475425e+00
5.416904708258482692e+00 2.454853211503031929e+00 5.333589157567671712e+00 1.901093711930044394e+00
2.543333781860224629e+00 1.301240685416788168e+00 3.682752422941981425e-03 1.524099812904506024e+00
6.206781713976768700e+00 8.134673293255552384e-02 1.341559829377520607e+00 3.069932120042700330e+00
1.138989728447320715e+00 5.566298519455593841e+00 5.489815301614768828e+00 4.879503427111565372e+00
3.416424426942368697e+00 5.880527046206486474e+00 2.018263877691137242e+00 9.571508779045007076e-01
2.685488125285768302e+00 2.135837234933187556e+00 4.277744714873824350e+00 4.848983845648250579e+00
2.888444967672018304e+00 4.777618603893293070e+00 3.842147583754425888e+00 1.700165435142502623e+00
1.941924709860692433e+00 1.246993515291909604e+00 3.134882284998992574e+00 2.569161966567388156e+00
1.780297832933950497e+00 1.271122305901942529e+00 1.756298164312372068e+00 2.288812911466190148e+00
3.206448624457423513e+00 5.924323573803211840e-01 1.941382698043378818e+00 3.992161029088364010e+00
3.906221994537734776e+00 5.494210498670719645e+00 8.927575353644185974e-01 2.593296768746432779e+00
2.584446960823159944e+00 2.248210399848598939e+00 3.634793555107589835e+00 5.678924379486502971e+00
5.430983298566032680e+00 5.040735194673089836e+00 1.980657366246102224e+00 1.143018046268834853e+00
2.423110854708366846e-01 3.147051013480850479e+00 3.458091720995386975e+00 5.557786711882717334e+00
2.521780007417145253e+00 3.429523409697126990e+00 2.953457682903453119e+00 2.699092913503771562e+00
3.874597076284260755e+00 5.425621367942307316e+00 5.315148763699195200e+00 4.327610308302724640e+00
4.004364534398169972e+00 4.502360930322568677e+00 3.960769755530476388e+00 4.827402224268315223e+00
3.896823849058455025e+00 7.951335662885988809e-01 1.322982958377324048e+00 3.565321124590597357e+00
4.679082364019439555e-01 7.111537869624223740e-01 6.203768150671376880e+00 3.259445637673954455e+00
5.093030702142244515e+00 1.497268989176536502e+00 4.874703845284152237e+00 4.086119469817669270e+00
5.496576613059668048e+00 5.723349402478032921e-01 3.639986104361209174e-01 4.607492095584224678e+00
2.071877758487831400e+00 9.828678990992422149e-01 5.404207150092079637e-01 1.660002399160857234e+00
4.270993978474074027e+00 5.792153530642059955e+00 6.216716019824207073e+00 4.038247014385289546e+00
1.629049231046191926e+00 4.414153839632843912e+00 4.440572049347364825e+00 2.166141288877070803e+00
3.605273790284988067e+00 2.100730365172239211e-01 4.022113644605593841e+00 5.433291126464674825e+00
6.208323267765776698e+00 3.119370141595199541e+00 1.870442989502578257e+00 2.111262501473026187e+00
2.788774084966351152e-01 1.810572095597750231e+00 1.942753351166457421e+00 2.953309363891081230e+00
3.427723748298992401e+00 3.233305770940435142e+00 5.073618369516961657e+00 1.504387888542446206e+00
4.517919413372956661e-01 1.039865048835318495e+00 4.402737206928182268e+00 2.666450603937019270e+00
5.189224078077265823e+00 1.268822386150117776e+00 3.119313780588832685e-01 2.032071431740422318e-01
5.539856855621097864e+00 2.862017689802520692e+00 1.435329811951203960e-01 5.367903463404234410e-01
4.998712467984250729e+00 2.097787086569079751e+00 1.162680090528999566e+00 2.933310462098814853e+00
9.281325384931305988e-01 4.665652156431189468e+00 4.662513117111090066e-01 4.827295983330488482e+00
6.072738679139694007e+00 3.205743733109740479e+00 1.412668421426121590e+00 3.717494579713851888e+00
3.558753796685038218e+00 4.923262588499422776e+00 1.191562042423489620e+00 2.488918771194055246e+00
6.493167195050972840e-01 8.097845105786593001e-01 5.786296039489077003e+00 4.405688745963841413e+00
6.044888412393820687e-01 4.357058740774334415e-01 4.653705043698082910e+00 1.510838850310830539e+00
1.057736630803897793e+00 5.679120723637985257e+00 3.489933259847188829e+00 4.659720358078264013e+00
2.690451041594107195e+00 5.261204322028547153e+00 4.348925431465841207e+00 6.166879393666589770e+00
5.301654386291235532e+00 3.375948088929464408e+00 2.394468541437229980e+00 5.752310318789287003e+00
3.941430557576382387e+00 4.709473607085266522e+00 2.836789728241234876e+00 1.036173131993214230e-01
4.118358679752900819e+00 8.273955332405996677e-01 4.479327496496633976e-01 4.811591416650379927e+00
2.812230338399799301e+00 5.002057466678022202e+00 4.041669520630522427e+00 2.866503796712291052e+00
5.547682318978667482e+00 3.122357395119876422e+00 6.092588936847295855e+00 4.554402954223739086e-01
3.247870320110878506e+00 1.278707303960140873e+00 2.139478718481749198e+00 2.508839989572024365e+00
3.972143443905427951e+00 5.192445139122602527e+00 7.389784904147800315e-01 2.978543691498056756e-01
1.244616843870241185e+00 1.130541187292831429e-02 2.131211253159627450e+00 7.698575247660622844e-01
1.279219362747170685e-02 4.343143952631245419e+00 1.614223231338436815e+00 3.533390228758965246e-01
5.209828040500690705e+00 8.093927824318474240e-01 3.130067086763379969e+00 5.296037959699549269e+00
4.243342809582645536e+00 2.501137005913363076e-01 3.009725246061533688e-01 5.830559582678129793e+00
4.621061361629809627e-01 4.247164977540634823e+00 2.730026671795150683e+00 1.877285291459193761e+00
5.334959563166354002e+00 3.347718882359266068e+00 2.316305133112283698e+00 4.516604439224596312e+00
5.659927357283199179e+00 3.291686122231623823e+00 4.761779528542801287e+00 3.228843679093932995e+00
1.956282260566123421e-01 1.303602339193624449e+00 4.810123908084650068e+00 2.088839441436599387e+00
1.763141158101199535e+00 1.132035424078190688e+00 2.447663678143173538e+00 1.496156334783528497e+00
2.356295139724096543e+00 2.518223936910773286e+00 4.754193790610736770e+00 3.965516915876250437e+00
2.565788684435558409e+00 4.288044409507723920e+00 4.926516805622554784e+00 5.222468218489898284e+00
5.697862330599273051e+00 2.515716739522468881e+00 1.697871534649176839e+00 3.682289271019125731e+00
2.254703950567436888e+00 2.954444560229895878e+00 3.822924247871638537e-01 3.033481292086917858e+00
8.450339998881154502e-01 5.413426008118126020e+00 1.478931102890552074e+00 4.781197281740841021e+00
5.353222675878808623e+00 1.962637885924777281e+00 4.312562036240803920e+00 6.000409168242186730e+00
3.576970988977851373e+00 3.004154583772108200e+00 8.140339210445770579e-01 2.423498940418977732e+00
5.279239506727720688e+00 6.978261069793635363e-01 5.421828337698975986e+00 3.310543622862446078e+00
2.945738267436949442e+00 3.171313216313100813e+00 1.117372878362040467e+00 3.901561733012079980e+00
4.571815638150054095e-01 4.913517506021885417e+00 1.273509869808606698e+00 5.225965385848966527e+00
1.771128900967394726e+00 1.695143314918022082e-03 3.638209391003149662e+00 3.147715531491688812e-01
3.223943195302279907e+00 3.681149921837049366e+00 6.139127761775961645e+00 2.062890682375391638e+00
6.169565193007864323e+00 4.249635921017388185e+00 3.616936414751611650e+00 5.891465967846214902e+00
1.415739965317101001e+00 3.829757062910879473e+00 2.624748508030697813e+00 5.605750265011021582e+00
2.188771659982737372e+00 2.164991074285197659e+00 8.465572936753318345e-01 2.350924782766746990e+00
5.840866179607262509e-01 5.826530117881564053e+00 1.712365838417071739e-01 2.960676849782359454e+00
3.799608175659491049e+00 8.517695277036884116e-01 5.401149860565893412e+00 4.176699897377424087e+00
3.499591602674635205e+00 5.313381726021538576e+00 1.938260948612931633e+00 2.565279566371526876e+00
1.830579453721417504e+00 1.001567590182339984e+00 2.336586835977998433e+00 5.607808062947180261e+00
3.189355327364708170e+00 3.582011571134396943e-01 2.555282482123241827e+00 5.932583161211599787e+00
6.005860440915752108e+00 1.457925797060601325e-01 1.027455436477703765e+00 2.374576224056964779e+00
1.145138268100185153e+00 2.414403758378176779e+00 5.204623218387895101e+00 4.299385050778341544e+00
3.942221458391659716e+00 5.792433943299399424e+00 4.975689597767440353e-01 2.551978614016988889e+00
2.699962050293267968e+00 1.904833324853112408e+00 6.123106827845123945e-01 2.152063015480085273e+00
6.102821030935833946e+00 2.585594759045430902e+00 2.513608390024478847e-02 1.460968046800750209e+00
3.840479125568355134e-01 3.975721831875523637e+00 5.658836202334309284e+00 1.343287690214397534e+00
4.290363112800938517e+00 1.710571463947805626e-01 3.438285747048189789e-01 4.435060175937593385e+00
4.279741929547716595e+00 3.167293897182581031e+00 1.068809049563678171e+00 3.511667892314132455e+00
1.139411049146679344e+00 1.789360494553906333e+00 3.226140015480389422e+00 4.909501772724358837e+00
1.568763127123761425e+00 3.150635817428514007e-02 5.882579269536542199e+00 3.067437958163297562e+00
3.088691266495607213e+00 1.960282888440463500e+00 1.975096132501285573e-01 2.250378830135407071e+00
5.346567155328951770e+00 3.660745670628590798e+00 5.572754507233920407e+00 4.879182783215952668e+00
1.076374815364843807e+00 2.901015125074632106e+00 2.523286614431078934e-01 2.255885973820888513e+00
1.429943500038316939e+00 2.650596009861706293e+00 4.874328726057526873e-01 3.204742620723132873e+00
6.137506230354339287e+00 6.091813969380381888e-01 3.246015816261267783e+00 3.768692416759225505e+00
1.739814305584051590e+00 5.140126750420908941e+00 3.290961856349772674e+00 4.946862587844613302e+00
5.675192102891935875e+00 4.362334429545302594e-01 3.629971897522992763e-01 5.927945538422675575e+00
5.749758137101647293e+00 2.160448295382205064e+00 1.380142291501909479e+00 4.390498066975472846e-01
5.646185878252789614e+00 3.861580087144869111e+00 1.454717184434418442e+00 5.974567790338214834e+00
1.031718639114582281e+00 2.260862756871997892e+00 8.860003410942672852e-01 2.802686194593212665e+00
3.143439979774295345e+00 5.415053040169203413e+00 2.522884323223749004e+00 1.777235321554266889e+00
5.242381703495953893e+00 3.897464846515673376e+00 3.168930963950259194e+00 5.188406955449774038e+00
7.646947758783124993e-02 5.076335967084704137e+00 3.561112543187675783e+00 5.422516808226593987e+00
4.513066946882370978e+00 1.719918662027236200e+00 5.246637077461441478e+00 2.735601521976692041e+00
6.147588886579629097e+00 4.675569369582880164e+00 6.174033030062885175e+00 4.395216702926477481e+00
2.807948221210167183e+00 4.187660741714412382e-01 3.743300030285044322e+00 3.578729555796196782e-01
1.703332390029919319e+00 3.894412272643675288e-01 7.783007647942354890e-01 2.535518211007308231e+00
4.315294813468275592e+00 1.841254725915405066e+00 5.580928522567625727e+00 1.789062441222295963e+00
5.020835972309295236e+00 3.034001855085439292e+00 4.429213897542529921e+00 1.676910873388333112e+00
3.929081715356966154e+00 1.122637737903681598e+00 3.011470109450517185e+00 2.230704552241011385e+00
4.509322123005399696e+00 1.973653640193431036e+00 4.647533112523939636e+00 1.994612740347704083e+00
4.444367304773478189e+00 5.000791122221368568e+00 1.486293024931783613e+00 5.278850848214921676e+00
3.331293872493496622e+00 5.100477894464651385e+00 5.821867850692660218e-01 3.266036496845391657e+00
