-2.246970896422863007e+01
-2.249139223992824554e+01
-2.107494860887527466e+01
-2.247246037423610687e+01
-2.250115856528282166e+01
-2.244359256327152252e+01
-2.249932689964771271e+01
-2.247964762151241302e+01
-2.250156265497207642e+01
-2.251943728327751160e+01
-2.249048787355422974e+01
-2.247018764913082123e+01
-2.232496252655982971e+01
-2.246424838900566101e+01
-2.241375207901000977e+01
-2.248486724495887756e+01
-2.250971831381320953e+01
-2.247952263057231903e+01
-2.246349613368511200e+01
-2.251982198655605316e+01
-2.247450701892375946e+01
-2.247597064077854156e+01
-2.247431674599647522e+01
-2.251640993356704712e+01
-2.248573721945285797e+01
-2.250254450738430023e+01
-2.250754973292350769e+01
-2.246694473922252655e+01
-2.244600327312946320e+01
-2.248700164258480072e+01
-2.246878211200237274e+01
-2.238775630295276642e+01
-2.248899324238300323e+01
-2.252414767444133759e+01
-2.246264104545116425e+01
-2.249482455849647522e+01
-2.248967096209526062e+01
-2.247212317585945129e+01
-2.245538148283958435e+01
-2.248009756207466125e+01
-2.249317166209220886e+01
-2.247956700623035431e+01
-2.249949260056018829e+01
-2.247286500036716461e+01
-2.248109726607799530e+01
-2.246164707839488983e+01
-2.249712213873863220e+01
-2.245044749975204468e+01
-2.251475164294242859e+01
-2.248416817188262939e+01
-2.249773371219635010e+01
-2.251607386767864227e+01
-2.253182549774646759e+01
-2.245547235012054443e+01
-2.247456428408622742e+01
-2.247469471395015717e+01
-2.247606518864631653e+01
-2.248722830414772034e+01
-2.248897087574005127e+01
-2.244793833792209625e+01
-2.248123516142368317e+01
-2.248192864656448364e+01
-2.248008608818054199e+01
-2.248828732967376709e+01
-2.247319768369197845e+01
-2.247911591827869415e+01
-2.249238939583301544e+01
-2.252005995810031891e+01
-2.246118789911270142e+01
-2.247184678912162781e+01
-2.246745111048221588e+01
-2.251161132752895355e+01
-2.251833753287792206e+01
-2.246829913556575775e+01
-2.248652637004852295e+01
-2.250581349432468414e+01
-2.251282197237014771e+01
-2.247008860111236572e+01
-2.248570089042186737e+01
-2.242035153508186340e+01
-2.244131609797477722e+01
-2.251981063187122345e+01
-2.247069151699542999e+01
-2.250535462796688080e+01
-2.248630811274051666e+01
-2.249601837992668152e+01
-2.250874730944633484e+01
-2.248188954591751099e+01
-2.248509326577186584e+01
-2.249086204171180725e+01
-2.247367730736732483e+01
-2.248550745844841003e+01
-2.250084905326366425e+01
-2.246267829835414886e+01
-2.252191574871540070e+01
-2.249063389003276825e+01
-2.250179304182529449e+01
-2.249819509685039520e+01
-2.248100085556507111e+01
-2.245617184042930603e+01
-2.251174169778823853e+01
-2.243890523910522461e+01
-2.251548731327056885e+01
-2.249241892993450165e+01
-2.244620020687580109e+01
-2.246829211711883545e+01
-2.250124803185462952e+01
-2.253535008430480957e+01
-2.241681267321109772e+01
-2.250702250003814697e+01
-2.247904431819915771e+01
-2.247324496507644653e+01
-2.250144505500793457e+01
-2.244240444898605347e+01
-2.250531877577304840e+01
-2.243216638267040253e+01
-2.246087682247161865e+01
-2.251217363774776459e+01
-2.244600425660610199e+01
-2.246176269650459290e+01
-2.248851051926612854e+01
-2.247054226696491241e+01
-2.249500304460525513e+01
-2.249393458664417267e+01
-2.244644308090209961e+01
-2.250954109430313110e+01
-2.249118331074714661e+01
-2.250579179823398590e+01
-2.250145061314105988e+01
-2.239038877189159393e+01
-2.251378217339515686e+01
-2.251398237049579620e+01
-2.253017172217369080e+01
-2.249062423408031464e+01
-2.249114651978015900e+01
-2.249588778614997864e+01
-2.241532278060913086e+01
-2.246270267665386200e+01
-2.246038579940795898e+01
-2.252845697104930878e+01
-2.245687128603458405e+01
-2.246748846769332886e+01
-2.242126929759979248e+01
-2.250138379633426666e+01
-2.232654055953025818e+01
-2.246175405383110046e+01
-2.246544110774993896e+01
-2.248490738868713379e+01
-2.249597766995429993e+01
-2.250853447616100311e+01
-2.251980607211589813e+01
-2.252448312938213348e+01
-2.241069000959396362e+01
-2.252791340649127960e+01
-2.250544573366641998e+01
-2.246903534233570099e+01
-2.243541125953197479e+01
-2.246505285799503326e+01
-2.247376859188079834e+01
-2.246384741365909576e+01
-2.245883560180664062e+01
-2.249915136396884918e+01
-2.245402210950851440e+01
-2.241451224684715271e+01
-2.248778556287288666e+01
-2.247568638622760773e+01
-2.246458481252193451e+01
-2.246318084001541138e+01
-2.248343978822231293e+01
-2.247225832939147949e+01
-2.247617308795452118e+01
-2.248456969857215881e+01
-2.250778016448020935e+01
-2.052150307595729828e+01
-2.248410314321517944e+01
-2.250689247250556946e+01
-2.245320339500904083e+01
-2.252225209772586823e+01
-2.253191743791103363e+01
-2.248922958970069885e+01
-2.248552189767360687e+01
-2.251979057490825653e+01
-2.243634283542633057e+01
-2.248841834068298340e+01
-2.247309987246990204e+01
-2.243420721590518951e+01
-2.251492176949977875e+01
-2.251115722954273224e+01
-2.250180205702781677e+01
-2.247991847991943359e+01
-2.248838849365711212e+01
-2.246729587018489838e+01
-2.246348865330219269e+01
-2.250297491252422333e+01
-2.237050227820873260e+01
-2.248803459107875824e+01
-2.253319329023361206e+01
-2.249948981404304504e+01
-2.246733453869819641e+01
-2.246949087083339691e+01
-2.083073519170284271e+01
-2.247233004868030548e+01
-2.247424761950969696e+01
-2.249416004121303558e+01
-2.247092552483081818e+01
-2.249744018912315369e+01
-2.243210990726947784e+01
-2.246993549168109894e+01
-2.245998571813106537e+01
-2.241067735850811005e+01
-2.251750436425209045e+01
-2.247628121078014374e+01
-2.248020806908607483e+01
-2.238844369351863861e+01
-2.250352300703525543e+01
-2.250155946612358093e+01
-2.252091500163078308e+01
-2.248172318935394287e+01
-2.248595064878463745e+01
-2.251657837629318237e+01
-2.247850480675697327e+01
-2.249867202341556549e+01
-2.241603244841098785e+01
-2.250547739863395691e+01
-2.246454836428165436e+01
-2.246238572895526886e+01
-2.251378202438354492e+01
-2.243703509867191315e+01
-2.250563673675060272e+01
-2.247957694530487061e+01
-2.247676466405391693e+01
-2.251803587377071381e+01
-2.249585561454296112e+01
-2.244880414009094238e+01
-1.086764273047447205e+01
-2.250825561583042145e+01
-2.247058075666427612e+01
-2.250732530653476715e+01
-2.247784118354320526e+01
-2.249999974668025970e+01
-2.240705585479736328e+01
-2.251878155767917633e+01
-2.247725529968738556e+01
-2.249401071667671204e+01
-2.249617560207843781e+01
-2.246945229172706604e+01
-2.252316564321517944e+01
-2.246126198768615723e+01
-2.246009469032287598e+01
-2.249072597920894623e+01
-2.245749950408935547e+01
-2.251563245058059692e+01
-2.245962077379226685e+01
-2.248491069674491882e+01
-2.249555975198745728e+01
-2.248139978945255280e+01
-2.249330754578113556e+01
-2.251528444886207581e+01
-2.244927747547626495e+01
-2.250374394655227661e+01
-2.245357950031757355e+01
-2.248179230093955994e+01
-2.247700430452823639e+01
-2.251319101452827454e+01
-2.250245775282382965e+01
-2.250685898959636688e+01
-2.248484548926353455e+01
-2.246631674468517303e+01
-2.245583391189575195e+01
-2.244908310472965240e+01
-2.249664798378944397e+01
-2.245209892094135284e+01
-2.248902782797813416e+01
-2.248428341746330261e+01
-2.246882897615432739e+01
-2.247060544788837433e+01
-2.243589682877063751e+01
-2.236339037120342255e+01
-2.247745376825332642e+01
-2.246364532411098480e+01
-2.244794020056724548e+01
-2.249223956465721130e+01
-2.245843902230262756e+01
-2.244322201609611511e+01
-2.248290343582630157e+01
-2.248249621689319611e+01
-2.249492771923542023e+01
-2.246213407814502716e+01
-2.249551375210285187e+01
-2.248718531429767609e+01
-2.245941571891307831e+01
-2.251208348572254181e+01
-2.247742302715778351e+01
-2.242030659317970276e+01
-2.250760421156883240e+01
-2.247251434624195099e+01
-2.244399861991405487e+01
-2.250111275911331177e+01
-2.244557732343673706e+01
-2.249308665096759796e+01
-2.252043557167053223e+01
-2.249319656193256378e+01
-2.247089894115924835e+01
-2.250051963329315186e+01
-2.250100022554397583e+01
-2.247216875851154327e+01
-2.248250976204872131e+01
-2.245878975093364716e+01
-2.250439201295375824e+01
-2.239719738066196442e+01
-2.245338250696659088e+01
-2.246228279173374176e+01
-2.248108240962028503e+01
-2.250284880399703979e+01
-2.246946655213832855e+01
-2.241465090215206146e+01
-2.244992512464523315e+01
-2.241726823151111603e+01
-2.249072079360485077e+01
-2.222338241338729858e+01
-2.249547229707241058e+01
-2.245946286618709564e+01
-2.246925802528858185e+01
-2.253255690634250641e+01
-2.249610136449337006e+01
-2.249958395957946777e+01
-2.246302102506160736e+01
-2.249318197369575500e+01
-2.246574138104915619e+01
-2.248639287054538727e+01
-2.250278848409652710e+01
-2.244491441547870636e+01
-2.251459427177906036e+01
-2.244790406525135040e+01
-2.246528688073158264e+01
-2.245701368153095245e+01
-2.248029661178588867e+01
-2.245564904808998108e+01
-2.247729066014289856e+01
-2.250540211796760559e+01
-2.246929408609867096e+01
-2.248232796788215637e+01
-2.223857350647449493e+01
-2.247600544989109039e+01
-2.250887265801429749e+01
-2.248547206819057465e+01
-2.251970855891704559e+01
-2.227856877446174622e+01
-2.249993319809436798e+01
-2.252960476279258728e+01
-2.246776108443737030e+01
-2.247133535146713257e+01
-2.246158576011657715e+01
-2.229333889484405518e+01
-2.250350160896778107e+01
-2.249351914227008820e+01
-2.248767100274562836e+01
-2.223388339579105377e+01
-2.249312670528888702e+01
-2.249214620888233185e+01
-2.245619049668312073e+01
-2.239576627314090729e+01
-2.245285727083683014e+01
-2.239512006938457489e+01
-2.246967785060405731e+01
-2.248336532711982727e+01
-2.246704083681106567e+01
-2.163546290993690491e+01
-2.250006739795207977e+01
-2.246713806688785553e+01
-2.248798026144504547e+01
-2.246685831248760223e+01
-2.251688995957374573e+01
-2.247318154573440552e+01
-2.252640520036220551e+01
-2.251512941718101501e+01
-2.248753854632377625e+01
-2.243783329427242279e+01
-2.247167569398880005e+01
-2.246447065472602844e+01
-2.250459928810596466e+01
-2.250350311398506165e+01
-2.250809389352798462e+01
-2.253470459580421448e+01
-2.250005802512168884e+01
-2.253253187239170074e+01
-2.219613307714462280e+01
-2.242564989626407623e+01
-2.249371553957462311e+01
-2.246765969693660736e+01
-2.251223675906658173e+01
-2.252210742235183716e+01
-2.253374077379703522e+01
-2.246117234230041504e+01
-2.248493650555610657e+01
-2.249957843124866486e+01
-2.246664845943450928e+01
-2.245960834622383118e+01
-2.250861394405364990e+01
-2.248783452808856964e+01
-2.245612433552742004e+01
-2.248019796609878540e+01
-2.247638265788555145e+01
-2.246493490040302277e+01
-2.246845047175884247e+01
-2.245765279233455658e+01
-2.246999500691890717e+01
-2.251712240278720856e+01
-2.245408590137958527e+01
-2.244838900864124298e+01
-2.251887099444866180e+01
-2.235734705626964569e+01
-2.249960890412330627e+01
-2.248056520521640778e+01
-2.246114048361778259e+01
-2.247764322161674500e+01
-2.066315308213233948e+01
-2.251177780330181122e+01
-2.245596146583557129e+01
-2.247663791477680206e+01
-2.246946312487125397e+01
-2.252636910974979401e+01
-2.246865551173686981e+01
-2.250013820827007294e+01
-2.247748544812202454e+01
-2.250396543741226196e+01
-2.247431917488574982e+01
-2.252859193086624146e+01
-2.249713620543479919e+01
-2.249497406184673309e+01
-2.244626070559024811e+01
-2.248060666024684906e+01
-2.250428292155265808e+01
-2.244999113678932190e+01
-2.240882046520709991e+01
-2.244963833689689636e+01
-2.247797203063964844e+01
-2.248615187406539917e+01
-2.251262366771697998e+01
-2.247191865742206573e+01
-2.244476565718650818e+01
-2.095883131027221680e+01
-2.246623796224594116e+01
-2.248145654797554016e+01
-2.247984257340431213e+01
-2.247160752117633820e+01
-2.246577119827270508e+01
-2.252924326062202454e+01
-2.249564331769943237e+01
-2.245139829814434052e+01
-2.247664001584053040e+01
-2.252594810724258423e+01
-2.250882689654827118e+01
-2.248996043205261230e+01
-2.251542501151561737e+01
-2.251977747678756714e+01
-2.251891851425170898e+01
-2.245447272062301636e+01
-2.248221416771411896e+01
-2.252241131663322449e+01
-2.245344355702400208e+01
-2.251659794151782990e+01
-2.250232237577438354e+01
-2.245966614782810211e+01
-2.246386073529720306e+01
-2.247597357630729675e+01
-2.243334902822971344e+01
-2.247987149655818939e+01
-2.247467586398124695e+01
-2.244326160848140717e+01
-2.249449865520000458e+01
-2.249730621278285980e+01
-2.224769230186939240e+01
-2.249239130318164825e+01
-2.252209042012691498e+01
-2.248436880111694336e+01
-2.247426201403141022e+01
-2.251996555924415588e+01
-2.248961660265922546e+01
-2.246383270621299744e+01
-2.249638892710208893e+01
-2.249841381609439850e+01
-2.246519273519515991e+01
-2.251696661114692688e+01
-2.249918062984943390e+01
-2.246378201246261597e+01
-2.246990224719047546e+01
-2.246423920989036560e+01
-2.243485422432422638e+01
-2.245909141004085541e+01
-2.251137524843215942e+01
-2.247438503801822662e+01
-2.251601162552833557e+01
-2.245496261119842529e+01
-2.248664870858192444e+01
-2.248440171778202057e+01
-2.246859064698219299e+01
-2.246978567540645599e+01
-2.245593705773353577e+01
-2.249227762222290039e+01
-2.250276498496532440e+01
-2.252116386592388153e+01
-2.245426221191883087e+01
-2.247199355065822601e+01
-2.248292201757431030e+01
-2.251788192987442017e+01
-2.252993917465209961e+01
-2.248079712688922882e+01
-2.253071843087673187e+01
-2.248692280054092407e+01
-2.243838687241077423e+01
-2.252189023792743683e+01
-2.228842073678970337e+01
-2.248491922020912170e+01
-2.251424965262413025e+01
-2.251609897613525391e+01
-2.246352845430374146e+01
-2.249218760430812836e+01
-2.248788654804229736e+01
-2.250633345544338226e+01
-2.248842675983905792e+01
-2.248071622848510742e+01
-2.249602505564689636e+01
-2.245443108677864075e+01
-2.250311794877052307e+01
-2.249214752018451691e+01
-2.242049996554851532e+01
-2.250096288323402405e+01
-2.245010647177696228e+01
-2.249103718996047974e+01
-2.251573660969734192e+01
-2.247156615555286407e+01
-2.246711295843124390e+01
-2.243887840211391449e+01
-2.251606550812721252e+01
-2.245930527150630951e+01
-2.246553629636764526e+01
-2.246958002448081970e+01
-2.249496048688888550e+01
-2.246251080930233002e+01
-2.246695967018604279e+01
-2.247480562329292297e+01
-2.245699873566627502e+01
-2.251236490905284882e+01
-2.249889701604843140e+01
-2.247056187689304352e+01
-2.249839052557945251e+01
-2.245405402779579163e+01
-2.251303347945213318e+01
-2.245441167056560516e+01
-2.252490897476673126e+01
-2.247736418247222900e+01
-2.237715438008308411e+01
-2.250400164723396301e+01
-2.251317772269248962e+01
-2.247757208347320557e+01
-2.249402183294296265e+01
-2.249074892699718475e+01
-2.246529500186443329e+01
-2.247452600300312042e+01
-2.246653102338314056e+01
-2.247438618540763855e+01
-2.252897800505161285e+01
-2.247457221150398254e+01
-2.245158019661903381e+01
-2.252164484560489655e+01
-2.251725591719150543e+01
-2.252003754675388336e+01
-2.244108662009239197e+01
-2.248625937104225159e+01
-2.251107864081859589e+01
-2.251350226998329163e+01
-2.246982267498970032e+01
-2.250456622242927551e+01
-2.246109034121036530e+01
-2.246621432900428772e+01
-2.247437109053134918e+01
-2.245375782251358032e+01
-2.252765974402427673e+01
-2.246503111720085144e+01
-2.245278039574623108e+01
-2.249940468370914459e+01
-2.248318421840667725e+01
-2.244363506138324738e+01
-2.247453078627586365e+01
-2.240678332746028900e+01
-2.250640805065631866e+01
-2.248609167337417603e+01
-2.248687475919723511e+01
-2.249881364405155182e+01
-2.252481108903884888e+01
-2.243885578215122223e+01
-2.249387511610984802e+01
-2.251770760118961334e+01
-2.250221391022205353e+01
-2.240970817208290100e+01
-2.247959722578525543e+01
-2.250763644278049469e+01
-2.247256870567798615e+01
-2.251466687023639679e+01
-2.246762616932392120e+01
-2.251090367138385773e+01
-2.245068004727363586e+01
-2.245681370794773102e+01
-2.242762953042984009e+01
-2.251769208908081055e+01
-2.252027682960033417e+01
-2.251455134153366089e+01
-2.249270163476467133e+01
-2.248042532801628113e+01
-2.249669715762138367e+01
-2.246559549868106842e+01
-2.249709139764308929e+01
-2.250819541513919830e+01
-2.245840615034103394e+01
-2.243964101374149323e+01
-2.251540045440196991e+01
-2.245434367656707764e+01
-2.247087407112121582e+01
-2.251108305156230927e+01
-2.247664041817188263e+01
-2.248109669983386993e+01
-2.248786389827728271e+01
-2.250063550472259521e+01
-2.250773850083351135e+01
-2.245546960830688477e+01
-2.250569543242454529e+01
-2.234732554852962494e+01
-2.251307548582553864e+01
-2.241189438104629517e+01
-2.250921206176280975e+01
-2.250993517041206360e+01
-2.252882523834705353e+01
-2.250087344646453857e+01
-2.250730784237384796e+01
-2.249614220857620239e+01
-2.250156828761100769e+01
-2.244323641061782837e+01
-2.248933534324169159e+01
-2.253655269742012024e+01
-2.247835347056388855e+01
-2.251200456917285919e+01
-2.243275107443332672e+01
-2.250507585704326630e+01
-2.248495034873485565e+01
-1.800825130939483643e+01
-2.252427299320697784e+01
-2.249261687695980072e+01
-2.247672665119171143e+01
-2.236153456568717957e+01
-2.251272398233413696e+01
-2.249849234521389008e+01
-2.250721646845340729e+01
-2.246657654643058777e+01
-2.251796448230743408e+01
-2.248167553544044495e+01
-2.249658244848251343e+01
-2.247186338901519775e+01
-2.246034848690032959e+01
-2.247197367250919342e+01
-2.251077003777027130e+01
-2.249903710186481476e+01
-2.248988965153694153e+01
-2.250828611850738525e+01
-2.247272144258022308e+01
-2.246850599348545074e+01
-2.249444526433944702e+01
-2.247624610364437103e+01
-2.248694311082363129e+01
-2.240488024055957794e+01
-2.246579417586326599e+01
-2.246640162169933319e+01
-2.248050510883331299e+01
-2.252583779394626617e+01
-2.251972803473472595e+01
-2.251386407017707825e+01
-2.247216369211673737e+01
-2.251565228402614594e+01
-2.246423667669296265e+01
-2.249256712198257446e+01
-2.247956253588199615e+01
-2.247149188816547394e+01
-2.248187254369258881e+01
-2.104941044747829437e+01
-2.251581303775310516e+01
-2.242011493444442749e+01
-2.246306197345256805e+01
-2.244840036332607269e+01
-2.249769522249698639e+01
-2.241970011591911316e+01
-2.248281636834144592e+01
-2.250569632649421692e+01
-2.239334727823734283e+01
-2.250733739137649536e+01
-2.253248538076877594e+01
-2.252135756611824036e+01
-2.251589356362819672e+01
-2.105088050663471222e+01
-2.249729873239994049e+01
-2.247808967530727386e+01
-2.250473162531852722e+01
-2.184387342631816864e+01
-2.250591167807579041e+01
-2.249298058450222015e+01
-2.249635007977485657e+01
-2.247554926574230194e+01
-2.245704574882984161e+01
-2.252172651886940002e+01
-2.248898705840110779e+01
-2.252714630961418152e+01
-2.253428718447685242e+01
-2.248300376534461975e+01
-2.246017278730869293e+01
-2.220280094444751740e+01
-2.250957587361335754e+01
-2.245737217366695404e+01
-2.247284241020679474e+01
-2.242481929063796997e+01
-2.247160080075263977e+01
-2.247399681806564331e+01
-2.253058154881000519e+01
-2.252009740471839905e+01
-2.248798283934593201e+01
-2.250313200056552887e+01
-2.245938685536384583e+01
-2.247762647271156311e+01
-2.251319850981235504e+01
-2.248497724533081055e+01
-2.251765547692775726e+01
-2.246569481492042542e+01
-2.246648648381233215e+01
-2.250363518297672272e+01
-2.130098891258239746e+01
-2.250207883119583130e+01
-2.250004138052463531e+01
-2.104097700119018555e+01
-2.252059417963027954e+01
-2.248882701992988586e+01
-2.253472283482551575e+01
-2.247143530845642090e+01
-2.106419654190540314e+01
-2.242623561620712280e+01
-2.243068750202655792e+01
-2.252490448951721191e+01
-2.246106377243995667e+01
-2.247111713886260986e+01
-2.245692381262779236e+01
-2.246984088420867920e+01
-2.246409128606319427e+01
-2.251418758928775787e+01
-2.243761922419071198e+01
-2.248057971894741058e+01
-2.253898182511329651e+01
-2.247669097781181335e+01
-2.246294602751731873e+01
-2.245154897868633270e+01
-2.253219063580036163e+01
-2.248585242033004761e+01
-2.248946641385555267e+01
-2.248612989485263824e+01
-2.250410945713520050e+01
-2.251534752547740936e+01
-2.248185457289218903e+01
-2.247759930789470673e+01
-2.249023248255252838e+01
-2.251530143618583679e+01
-2.248633462190628052e+01
-2.252724742889404297e+01
-2.249305713176727295e+01
-2.244658142328262329e+01
-2.249175521731376648e+01
-2.247709661722183228e+01
-2.243728846311569214e+01
-2.249214176833629608e+01
-2.248243421316146851e+01
-2.251540189981460571e+01
-2.249106068909168243e+01
-2.242585265636444092e+01
-2.246406349539756775e+01
-2.249696038663387299e+01
-2.252687811851501465e+01
-2.249246996641159058e+01
-2.247714781761169434e+01
-2.248313659429550171e+01
-2.244568565487861633e+01
-2.249596521258354187e+01
-2.251017233729362488e+01
-2.247529968619346619e+01
-2.245578016340732574e+01
-2.245080929994583130e+01
-2.253331965208053589e+01
-2.253663347661495209e+01
-2.249931037425994873e+01
-2.249832484126091003e+01
-2.250633525848388672e+01
-2.246556109189987183e+01
-2.251605850458145142e+01
-2.248860588669776917e+01
-2.245210357010364532e+01
-2.248858366906642914e+01
