-2.172066408395767212e+01
-2.172063714265823364e+01
-2.172074314951896667e+01
-2.172065949440002441e+01
-2.172063182294368744e+01
-2.172056682407855988e+01
-2.172064369916915894e+01
-2.172066612541675568e+01
-2.172068686783313751e+01
-2.172068820893764496e+01
-2.172067710757255554e+01
-2.172069543600082397e+01
-2.172066985070705414e+01
-2.172065305709838867e+01
-2.172068521380424500e+01
-2.172064764797687531e+01
-2.172070093452930450e+01
-2.171969734132289886e+01
-2.172070351243019104e+01
-2.172069129347801208e+01
-2.172067844867706299e+01
-2.172062158584594727e+01
-2.172066281735897064e+01
-2.172067382931709290e+01
-2.172061993181705475e+01
-2.172051617503166199e+01
-2.172063362598419189e+01
-2.172070857882499695e+01
-2.172068245708942413e+01
-2.172067902982234955e+01
-2.172069820761680603e+01
-2.172071079909801483e+01
-2.172011868655681610e+01
-2.172068661451339722e+01
-2.172070096433162689e+01
-2.171999838948249817e+01
-2.172058287262916565e+01
-2.172066739201545715e+01
-2.172068175673484802e+01
-2.172069904208183289e+01
-2.172058689594268799e+01
-2.172069230675697327e+01
-2.172058092057704926e+01
-2.172068428993225098e+01
-2.172035355865955353e+01
-2.172065187990665436e+01
-2.172061800956726074e+01
-2.172055491805076599e+01
-2.172059926390647888e+01
-2.172067745029926300e+01
-2.172069124877452850e+01
-2.172066332399845123e+01
-2.172071929275989532e+01
-2.172053810954093933e+01
-2.172068519890308380e+01
-2.172075504064559937e+01
-2.172065548598766327e+01
-2.172070524096488953e+01
-2.172066126763820648e+01
-2.172070930898189545e+01
-2.172068756818771362e+01
-2.172066685557365417e+01
-2.172069831192493439e+01
-2.172067853808403015e+01
-2.172051222622394562e+01
-2.172061394155025482e+01
-2.172065055370330811e+01
-2.172060663998126984e+01
-2.172049270570278168e+01
-2.172062717378139496e+01
-2.172068351507186890e+01
-2.172065420448780060e+01
-2.172071273624897003e+01
-2.172070807218551636e+01
-2.172064815461635590e+01
-2.172071392834186554e+01
-2.172067697346210480e+01
-2.172059798240661621e+01
-2.172069497406482697e+01
-2.172065496444702148e+01
-2.172065271437168121e+01
-2.172067256271839142e+01
-2.172067917883396149e+01
-2.172056834399700165e+01
-2.172068858146667480e+01
-2.172065958380699158e+01
-2.172010806202888489e+01
-2.172070406377315521e+01
-2.172062277793884277e+01
-2.172053456306457520e+01
-2.172060383856296539e+01
-2.172056463360786438e+01
-2.172069709002971649e+01
-2.172068934142589569e+01
-2.172054632008075714e+01
-2.172064304351806641e+01
-2.172062608599662781e+01
-2.172073292732238770e+01
-2.172071157395839691e+01
-2.172062677145004272e+01
-2.172062259912490845e+01
-2.172065471112728119e+01
-2.172063222527503967e+01
-2.172065244615077972e+01
-2.172068129479885101e+01
-2.172069334983825684e+01
-2.172062680125236511e+01
-2.172070968151092529e+01
-2.172051703929901123e+01
-2.172052620351314545e+01
-2.172073566913604736e+01
-2.172066986560821533e+01
-2.172067083418369293e+01
-2.172068569064140320e+01
-2.172069396078586578e+01
-2.172049747407436371e+01
-2.172069011628627777e+01
-2.172071652114391327e+01
-2.172064785659313202e+01
-2.172062116861343384e+01
-2.172019752860069275e+01
-2.172068627178668976e+01
-2.172068500518798828e+01
-2.172055523097515106e+01
-2.172070300579071045e+01
-2.172070258855819702e+01
-2.172031256556510925e+01
-2.172064949572086334e+01
-2.172071295976638794e+01
-2.172071413695812225e+01
-2.172034049034118652e+01
-2.172066749632358551e+01
-2.172063101828098297e+01
-2.172067838907241821e+01
-2.172061248123645782e+01
-2.172074082493782043e+01
-2.172069393098354340e+01
-2.172058162093162537e+01
-2.172069196403026581e+01
-2.172063176333904266e+01
-2.172047692537307739e+01
-2.172049777209758759e+01
-2.172067920863628387e+01
-2.172054550051689148e+01
-2.172067937254905701e+01
-2.172065985202789307e+01
-2.172068557143211365e+01
-2.172064912319183350e+01
-2.172068758308887482e+01
-2.172069814801216125e+01
-2.172071397304534912e+01
-2.172048492729663849e+01
-2.172064131498336792e+01
-2.172068761289119720e+01
-2.172072145342826843e+01
-2.172064979374408722e+01
-2.172057862579822540e+01
-2.172066423296928406e+01
-2.172032971680164337e+01
-2.172039066255092621e+01
-2.172064332664012909e+01
-2.172070851922035217e+01
-2.172068418562412262e+01
-2.172055132687091827e+01
-2.172070850431919098e+01
-2.172031159698963165e+01
-2.172062261402606964e+01
-2.172049337625503540e+01
-2.172070901095867157e+01
-2.172061067819595337e+01
-2.172057992219924927e+01
-2.172058001160621643e+01
-2.172053155303001404e+01
-2.172070471942424774e+01
-2.172068113088607788e+01
-2.172072304785251617e+01
-2.172058500349521637e+01
-2.172073857486248016e+01
-2.171871615946292877e+01
-2.172066655755043030e+01
-2.172066217660903931e+01
-2.172043484449386597e+01
-2.172073124349117279e+01
-2.172054570913314819e+01
-2.172073288261890411e+01
-2.172071409225463867e+01
-2.172065973281860352e+01
-2.172063735127449036e+01
-2.172065265476703644e+01
-2.172068993747234344e+01
-2.172071722149848938e+01
-2.172066231071949005e+01
-2.172050698101520538e+01
-2.172065645456314087e+01
-2.172071781754493713e+01
-2.172059451043605804e+01
-2.172055943310260773e+01
-2.172068236768245697e+01
-2.172044332325458527e+01
-2.172038188576698303e+01
-2.172066037356853485e+01
-2.172066037356853485e+01
-2.172065059840679169e+01
-2.172068454325199127e+01
-2.172066085040569305e+01
-2.172063454985618591e+01
-2.172037287056446075e+01
-2.172072471678256989e+01
-2.172031641006469727e+01
-2.172059984505176544e+01
-2.172073964774608612e+01
-2.172077138721942902e+01
-2.172022116184234619e+01
-2.172067795693874359e+01
-2.172066488862037659e+01
-2.172062930464744568e+01
-2.172046621143817902e+01
-2.172065597772598267e+01
-2.172071337699890137e+01
-2.172019833326339722e+01
-2.172071354091167450e+01
-2.172067725658416748e+01
-2.172065369784832001e+01
-2.172066116333007812e+01
-2.172062641382217407e+01
-2.172061611711978912e+01
-2.172065764665603638e+01
-2.172065277397632599e+01
-2.172062633931636810e+01
-2.172064559161663055e+01
-2.172062595188617706e+01
-2.172058682143688202e+01
-2.172066107392311096e+01
-2.172064845263957977e+01
-2.172067095339298248e+01
-2.172052602469921112e+01
-2.172071495652198792e+01
-2.172055253386497498e+01
-2.172066684067249298e+01
-2.172066143155097961e+01
-2.172066688537597656e+01
-2.172063846886157990e+01
-2.172066245973110199e+01
-2.172070327401161194e+01
-2.172070755064487457e+01
-2.172060632705688477e+01
-2.172072705626487732e+01
-2.172067141532897949e+01
-2.172056002914905548e+01
-2.172066171467304230e+01
-2.172067554295063019e+01
-2.172067488729953766e+01
-2.172072626650333405e+01
-2.172068612277507782e+01
-2.172062471508979797e+01
-2.172064387798309326e+01
-2.172075074911117554e+01
-2.172065021097660065e+01
-2.172065816819667816e+01
-2.172070224583148956e+01
-2.172063022851943970e+01
-2.172009553015232086e+01
-2.172032922506332397e+01
-2.172053685784339905e+01
-2.172064359486103058e+01
-2.172065532207489014e+01
-2.172054991126060486e+01
-2.172064395248889923e+01
-2.172062152624130249e+01
-2.172062188386917114e+01
-2.172073945403099060e+01
-2.172072605788707733e+01
-2.172064708173274994e+01
-2.172063446044921875e+01
-2.172066575288772583e+01
-2.172069115936756134e+01
-2.172068423032760620e+01
-2.172063009440898895e+01
-2.172065006196498871e+01
-2.172034278512001038e+01
-2.172061391174793243e+01
-2.172053213417530060e+01
-2.172069668769836426e+01
-2.172043587267398834e+01
-2.172062143683433533e+01
-2.161284895241260529e+01
-2.172052139043807983e+01
-2.172070220112800598e+01
-2.172069673240184784e+01
-2.172066649794578552e+01
-2.172045019268989563e+01
-2.172071497142314911e+01
-2.172056639194488525e+01
-2.172068361937999725e+01
-2.172069565951824188e+01
-2.172063034772872925e+01
-2.172064143419265747e+01
-2.172070583701133728e+01
-2.172056069970130920e+01
-2.172067278623580933e+01
-2.172067959606647491e+01
-2.172062747180461884e+01
-2.172056001424789429e+01
-2.172072294354438782e+01
-2.172064037621021271e+01
-2.172013436257839203e+01
-2.172072465717792511e+01
-2.172066131234169006e+01
-2.172071066498756409e+01
-2.172056773304939270e+01
-2.172068814933300018e+01
-2.172069667279720306e+01
-2.172051125764846802e+01
-2.172068096697330475e+01
-2.172013290226459503e+01
-2.172064077854156494e+01
-2.172064664959907532e+01
-2.172037586569786072e+01
-2.172063167393207550e+01
-2.172045628726482391e+01
-2.172066932916641235e+01
-2.172033172845840454e+01
-2.172064217925071716e+01
-2.172064822912216187e+01
-2.172068378329277039e+01
-2.172065962851047516e+01
-2.172069887816905975e+01
-2.172051474452018738e+01
-2.172072072327136993e+01
-2.172069370746612549e+01
-2.172066149115562439e+01
-2.172068016231060028e+01
-2.172048068046569824e+01
-2.172001767158508301e+01
-2.172067211568355560e+01
-2.172061152756214142e+01
-2.172064878046512604e+01
-2.172053633630275726e+01
-2.172064866125583649e+01
-2.172069847583770752e+01
-2.172056590020656586e+01
-2.172063741087913513e+01
-2.172028674185276031e+01
-2.172073137760162354e+01
-2.172049662470817566e+01
-2.172059430181980133e+01
-2.172058819234371185e+01
-2.172066350281238556e+01
-2.172063194215297699e+01
-2.172071331739425659e+01
-2.172063882648944855e+01
-2.172063066065311432e+01
-2.172065028548240662e+01
-2.172067432105541229e+01
-2.172063578665256500e+01
-2.172067633271217346e+01
-2.172068282961845398e+01
-2.172066965699195862e+01
-2.172064477205276489e+01
-2.172066812217235565e+01
-2.172067478299140930e+01
-2.172023268043994904e+01
-2.172066129744052887e+01
-2.172074738144874573e+01
-2.172065113484859467e+01
-2.172067433595657349e+01
-2.171817596256732941e+01
-2.172070081532001495e+01
-2.172065661847591400e+01
-2.172064031660556793e+01
-2.172065009176731110e+01
-2.172071643173694611e+01
-2.172063034772872925e+01
-2.172053886950016022e+01
-2.172062918543815613e+01
-2.172037857770919800e+01
-2.172066926956176758e+01
-2.172065001726150513e+01
-2.172059354186058044e+01
-2.172060535848140717e+01
-2.172067169845104218e+01
-2.172050042450428009e+01
-2.172066757082939148e+01
-2.172071991860866547e+01
-2.172070023417472839e+01
-2.172067925333976746e+01
-2.172064617276191711e+01
-2.172071520984172821e+01
-2.172068880498409271e+01
-2.172062025964260101e+01
-2.172060662508010864e+01
-2.172060286998748779e+01
-2.171985663473606110e+01
-2.172063422203063965e+01
-2.172066211700439453e+01
-2.172067552804946899e+01
-2.172065979242324829e+01
-2.172038844227790833e+01
-2.172070206701755524e+01
-2.172069962322711945e+01
-2.172065904736518860e+01
-2.172069759666919708e+01
-2.172047062218189240e+01
-2.172065252065658569e+01
-2.172058182954788208e+01
-2.172069594264030457e+01
-2.172065900266170502e+01
-2.172059476375579834e+01
-2.172066169977188110e+01
-2.172065444290637970e+01
-2.171976435184478760e+01
-2.172065463662147522e+01
-2.172063539922237396e+01
-2.172068774700164795e+01
-2.172021922469139099e+01
-2.172065362334251404e+01
-2.172068034112453461e+01
-2.172063975036144257e+01
-2.172063174843788147e+01
-2.172054994106292725e+01
-2.172062975168228149e+01
-2.172067315876483917e+01
-2.172065648436546326e+01
-2.172070126235485077e+01
-2.172069090604782104e+01
-2.172069960832595825e+01
-2.172068785130977631e+01
-2.172067150473594666e+01
-2.172063398361206055e+01
-2.172050525248050690e+01
-2.172065915167331696e+01
-2.172071062028408051e+01
-2.172060635685920715e+01
-2.172070942819118500e+01
-2.172062072157859802e+01
-2.172066839039325714e+01
-2.172069342434406281e+01
-2.172052524983882904e+01
-2.172065433859825134e+01
-2.172070914506912231e+01
-2.172067727148532867e+01
-2.172054807841777802e+01
-2.172068391740322113e+01
-2.172069932520389557e+01
-2.172071327269077301e+01
-2.172068244218826294e+01
-2.172066967189311981e+01
-2.172064585983753204e+01
-2.172063511610031128e+01
-2.172067755460739136e+01
-2.172069980204105377e+01
-2.172061936557292938e+01
-2.172050668299198151e+01
-2.172075594961643219e+01
-2.172038009762763977e+01
-2.172067281603813171e+01
-2.172064155340194702e+01
-2.172063910961151123e+01
-2.172070851922035217e+01
-2.172041232883930206e+01
-2.172065164148807526e+01
-2.172070825099945068e+01
-2.172053728997707367e+01
-2.172068546712398529e+01
-2.172066949307918549e+01
-2.171981783211231232e+01
-2.172067651152610779e+01
-2.172069971263408661e+01
-2.172066400945186615e+01
-2.172068406641483307e+01
-2.172068345546722412e+01
-2.172055445611476898e+01
-2.172042234241962433e+01
-2.172068287432193756e+01
-2.172067011892795563e+01
-2.172068843245506287e+01
-2.172066716849803925e+01
-2.172063440084457397e+01
-2.172075842320919037e+01
-2.172064204514026642e+01
-2.172066785395145416e+01
-2.172067371010780334e+01
-2.172071093320846558e+01
-2.172069106996059418e+01
-2.172065594792366028e+01
-2.172051483392715454e+01
-2.172071677446365356e+01
-2.172070534527301788e+01
-2.172069104015827179e+01
-2.172058591246604919e+01
-2.172069561481475830e+01
-2.172065392136573792e+01
-2.172062639892101288e+01
-2.172071522474288940e+01
-2.172068403661251068e+01
-2.172036162018775940e+01
-2.172067412734031677e+01
-2.172066017985343933e+01
-2.172064496576786041e+01
-2.172068814933300018e+01
-2.172065208852291107e+01
-2.172067743539810181e+01
-2.172073139250278473e+01
-2.172061496973037720e+01
-2.172065022587776184e+01
-2.172059743106365204e+01
-2.172066417336463928e+01
-2.172070977091789246e+01
-2.172064048051834106e+01
-2.172048422694206238e+01
-2.172061824798583984e+01
-2.172056294977664948e+01
-2.172072674334049225e+01
-2.172056306898593903e+01
-2.172041650116443634e+01
-2.172067686915397644e+01
-2.172063548862934113e+01
-2.172067348659038544e+01
-2.172066901624202728e+01
-2.172063243389129639e+01
-2.172063843905925751e+01
-2.172062295675277710e+01
-2.172059570252895355e+01
-2.172068746387958527e+01
-2.172048288583755493e+01
-2.172060194611549377e+01
-2.172064109146595001e+01
-2.172066131234169006e+01
-2.172061944007873535e+01
-2.172068428993225098e+01
-2.172066366672515869e+01
-2.172061707079410553e+01
-2.172057253122329712e+01
-2.171930664777755737e+01
-2.172050474584102631e+01
-2.172067970037460327e+01
-2.172064620256423950e+01
-2.172065053880214691e+01
-2.172063523530960083e+01
-2.172047173976898193e+01
-2.172026352584362030e+01
-2.172068415582180023e+01
-2.172060069441795349e+01
-2.172068697214126587e+01
-2.172021633386611938e+01
-2.172071889042854309e+01
-2.172070433199405670e+01
-2.172054582834243774e+01
-2.172061493992805481e+01
-2.172052349150180817e+01
-2.172062276303768158e+01
-2.172065220773220062e+01
-2.172049339115619659e+01
-2.172068260610103607e+01
-2.172057084739208221e+01
-2.172070567309856415e+01
-2.172064670920372009e+01
-2.172066771984100342e+01
-2.172066046297550201e+01
-2.172058716416358948e+01
-2.172066828608512878e+01
-2.172027513384819031e+01
-2.172068051993846893e+01
-2.172065189480781555e+01
-2.172030211985111237e+01
-2.172062516212463379e+01
-2.172066135704517365e+01
-2.172068460285663605e+01
-2.172054189443588257e+01
-2.172060333192348480e+01
-2.172057805955410004e+01
-2.172063916921615601e+01
-2.172048683464527130e+01
-2.172067791223526001e+01
-2.172068868577480316e+01
-2.172071044147014618e+01
-2.172065176069736481e+01
-2.172065171599388123e+01
-2.172066287696361542e+01
-2.172043588757514954e+01
-2.172054541110992432e+01
-2.172068452835083008e+01
-2.172063700854778290e+01
-2.172068037092685699e+01
-2.172071231901645660e+01
-2.172066606581211090e+01
-2.172069129347801208e+01
-2.172066211700439453e+01
-2.172071240842342377e+01
-2.172060953080654144e+01
-2.172058410942554474e+01
-2.172070699930191040e+01
-2.172063761949539185e+01
-2.172071456909179688e+01
-2.171874740719795227e+01
-2.172065657377243042e+01
-2.172060702741146088e+01
-2.172065649926662445e+01
-2.172066424787044525e+01
-2.172063761949539185e+01
-2.172061550617218018e+01
-2.172069498896598816e+01
-2.172069300711154938e+01
-2.172032853960990906e+01
-2.172064203023910522e+01
-2.172068500518798828e+01
-2.172049291431903839e+01
-2.172067551314830780e+01
-2.172060839831829071e+01
-2.172062051296234131e+01
-2.172067843377590179e+01
-2.172072955965995789e+01
-2.172059279680252075e+01
-2.172066418826580048e+01
-2.172062149643898010e+01
-2.172060309350490570e+01
-2.172053153812885284e+01
-2.172072494029998779e+01
-2.172068572044372559e+01
-2.172063399851322174e+01
-2.172065849602222443e+01
-2.172072406113147736e+01
-2.172065238654613495e+01
-2.172058390080928802e+01
-2.172067230939865112e+01
-2.172061342000961304e+01
-2.172066730260848999e+01
-2.172066783905029297e+01
-2.172063586115837097e+01
-2.172064509987831116e+01
-2.172067642211914062e+01
-2.172063975036144257e+01
-2.172067593038082123e+01
-2.172061546146869659e+01
-2.172073206305503845e+01
-2.172067204117774963e+01
-2.172068017721176147e+01
-2.172070598602294922e+01
-2.172068588435649872e+01
-2.172067154943943024e+01
-2.172068972885608673e+01
-2.172048774361610413e+01
-2.172064122557640076e+01
-2.172067698836326599e+01
-2.172066101431846619e+01
-2.172060987353324890e+01
-2.172068110108375549e+01
-2.172066853940486908e+01
-2.172068132460117340e+01
-2.172033618390560150e+01
-2.172047084569931030e+01
-2.172036385536193848e+01
-2.172020426392555237e+01
-2.172063320875167847e+01
-2.172059468924999237e+01
-2.172070339322090149e+01
-2.172065089643001556e+01
-2.172064237296581268e+01
-2.172063226997852325e+01
-2.172058698534965515e+01
-2.172066918015480042e+01
-2.172067184746265411e+01
-2.172070313990116119e+01
-2.172065827250480652e+01
-2.172064568102359772e+01
-2.172066482901573181e+01
-2.172066688537597656e+01
-2.172037509083747864e+01
-2.172067476809024811e+01
-2.172063817083835602e+01
-2.172065854072570801e+01
-2.172062844038009644e+01
-2.172069966793060303e+01
-2.172050189971923828e+01
-2.172060452401638031e+01
-2.172062025964260101e+01
-2.172062213718891144e+01
-2.172068576514720917e+01
-2.172070039808750153e+01
-2.172058594226837158e+01
-2.172067312896251678e+01
-2.172060556709766388e+01
-2.172063346207141876e+01
-2.172066809237003326e+01
-2.172065141797065735e+01
-2.172069090604782104e+01
-2.172069513797760010e+01
-2.172065183520317078e+01
-2.172068090736865997e+01
-2.172051711380481720e+01
-2.172064214944839478e+01
-2.172068065404891968e+01
-2.172068209946155548e+01
-2.172054329514503479e+01
-2.172061058878898621e+01
-2.172064077854156494e+01
-2.172058489918708801e+01
-2.172069925069808960e+01
-2.172056974470615387e+01
-2.172067050635814667e+01
-2.172069461643695831e+01
-2.172067883610725403e+01
-2.172069789469242096e+01
-2.172060473263263702e+01
-2.172057370841503143e+01
-2.172070860862731934e+01
-2.172056312859058380e+01
-2.172061908245086670e+01
-2.172056446969509125e+01
-2.172064018249511719e+01
-2.172064404189586639e+01
-2.172057923674583435e+01
-2.172069925069808960e+01
-2.172067102789878845e+01
-2.172067092359066010e+01
-2.172068603336811066e+01
-2.172047576308250427e+01
-2.172062936425209045e+01
-2.172066143155097961e+01
-2.172069755196571350e+01
-2.172054055333137512e+01
-2.172033588588237762e+01
-2.172071138024330139e+01
-2.172067472338676453e+01
-2.172061949968338013e+01
-2.172070702910423279e+01
-2.172071658074855804e+01
-2.172065508365631104e+01
-2.172065708041191101e+01
-2.172053851187229156e+01
-2.172052976489067078e+01
-2.172063885629177094e+01
-2.172063568234443665e+01
-2.172042770683765411e+01
-2.172068017721176147e+01
-2.172071458399295807e+01
-2.172065202891826630e+01
-2.172061055898666382e+01
-2.172061358392238617e+01
-2.172070686519145966e+01
-2.172064979374408722e+01
-2.172067499160766602e+01
-2.172052502632141113e+01
-2.172068361937999725e+01
-2.172057671844959259e+01
-2.172066640853881836e+01
-2.172063797712326050e+01
-2.172015954554080963e+01
-2.172065640985965729e+01
-2.171984457969665527e+01
-2.172065964341163635e+01
-2.172066642343997955e+01
-2.172062523663043976e+01
-2.172071561217308044e+01
-2.172049777209758759e+01
-2.171894179284572601e+01
-2.172071692347526550e+01
-2.172065313160419464e+01
-2.172066758573055267e+01
-2.172067585587501526e+01
-2.172068142890930176e+01
-2.172070495784282684e+01
-2.172061128914356232e+01
-2.172071209549903870e+01
-2.172071172297000885e+01
-2.172057536244392395e+01
-2.172070060670375824e+01
-2.172072322666645050e+01
-2.172062177956104279e+01
-2.172072201967239380e+01
-2.172042608261108398e+01
-2.172061905264854431e+01
-2.172067269682884216e+01
-2.172067049145698547e+01
-2.172072041034698486e+01
-2.172063793241977692e+01
-2.172067584097385406e+01
-2.172054937481880188e+01
-2.172011499106884003e+01
-2.172061696648597717e+01
-2.172050695121288300e+01
-2.172061730921268463e+01
-2.172057484090328217e+01
-2.172068218886852264e+01
-2.172068852186203003e+01
-2.172064964473247528e+01
-2.172073069214820862e+01
-2.172067734599113464e+01
-2.172069112956523895e+01
-2.172071939706802368e+01
-2.172064118087291718e+01
-2.172066801786422729e+01
-2.172072899341583252e+01
-2.172067181766033173e+01
-2.172059857845306396e+01
-2.172060756385326385e+01
-2.172067938745021820e+01
-2.172068254649639130e+01
-2.172019416093826294e+01
-2.172066825628280640e+01
