-1.772844157516956898e+01
-1.772714274227619313e+01
-1.773272365331650136e+01
-1.773313764631748413e+01
-1.773116760551930682e+01
-1.772658604085443912e+01
-1.772940471172331911e+01
-1.772552182376383456e+01
-1.773203123509883383e+01
-1.772916917800904457e+01
-1.773410843908786561e+01
-1.773033793866633445e+01
-1.772747819423675963e+01
-1.772271964550018808e+01
-1.772314475178719562e+01
-1.773236083686351705e+01
-1.773214285373688170e+01
-1.773308146297931742e+01
-1.772662949264049104e+01
-1.773008553385735198e+01
-1.773207725882529573e+01
-1.773187391757964093e+01
-1.772766610085963279e+01
-1.773328434228896811e+01
-1.211307511776685786e+01
-1.773097506165505166e+01
-1.772881979048252887e+01
-1.772904707193375629e+01
-1.773421249389648580e+01
-1.773183645009993370e+01
-1.773006558120251697e+01
-1.773310893177987069e+01
-1.772961949706078855e+01
-1.773155492842198555e+01
-1.772731407582758933e+01
-1.773336733281612254e+01
-1.772987239956856342e+01
-1.773357490003108694e+01
-1.773119262754916647e+01
-1.773340673148632263e+01
-1.772629962265490278e+01
-1.772902120649815672e+01
-1.772431811690331216e+01
-1.773300364315511146e+01
-1.773246056735515808e+01
-1.773248617947102446e+01
-1.773057049512863514e+01
-1.263265593200922332e+01
-1.773228690028191323e+01
-1.772711377739906169e+01
-1.773385863602161905e+01
-1.772199926972388795e+01
-1.773181500136853828e+01
-1.773073894381521853e+01
-1.772490224242211099e+01
-1.773070015311240866e+01
-1.773219223022461222e+01
-1.773243884146213034e+01
-1.773217702805997220e+01
-1.773325962722302407e+01
-1.772672436833380161e+01
-1.771878927946090698e+01
-1.213417752608657096e+01
-1.773296481668950619e+01
-1.773059894442558715e+01
-1.772957259118557261e+01
-1.772804072499276984e+01
-1.773399186134339445e+01
-1.773018058240412387e+01
-1.773245365321635347e+01
-1.773149606585501914e+01
-1.772025815844535401e+01
-1.772620657980441194e+01
-1.772695026099682636e+01
-1.772030676603316124e+01
-1.773344171941279868e+01
-1.773032738268376818e+01
-1.773250197470187928e+01
-1.773062598705291393e+01
-1.772860033512115052e+01
-1.773206256628037281e+01
-1.772885254025460000e+01
-1.772887469232083646e+01
-1.773337715268134929e+01
-1.772672908604145903e+01
-1.773239084184168846e+01
-1.772224334776400312e+01
-1.773289504945278949e+01
-1.771931594610212812e+01
-1.773184833228590307e+01
-1.773337818384171527e+01
-1.773266439735890643e+01
-1.773042217195033388e+01
-1.773344227075576285e+01
-1.773163951635359936e+01
-1.772901788055897399e+01
-1.772584241032601327e+01
-1.773336125016211184e+01
-1.773126195371151681e+01
-1.211432529017329252e+01
-1.773026176989079161e+01
-1.773101083040238990e+01
-1.772105959355831928e+01
-1.773317675292491558e+01
-1.773349339663983315e+01
-1.773037542998789817e+01
-1.772699595391750549e+01
-1.772997904121875479e+01
-1.772271818220614392e+01
-1.773256332576275085e+01
-1.772558885514736460e+01
-1.773211658000946400e+01
-1.772726711630820873e+01
-1.772363382577895052e+01
-1.773005321919918842e+01
-1.773304845690726239e+01
-1.772910414934157330e+01
-1.772408210635184034e+01
-1.773404784798623623e+01
-1.773195980191230703e+01
-1.773290213644503766e+01
-1.770487627685069398e+01
-1.772979408800600964e+01
-1.773107115626335073e+01
-1.773224554657934959e+01
-1.773280752897261436e+01
-1.773284772634506368e+01
-1.773338319063185509e+01
-1.772383141219617286e+01
-1.773051397204399748e+01
-1.773216215372085713e+01
-1.773274895548819785e+01
-1.773217986226081422e+01
-1.773332132995127708e+01
-1.773065774738787681e+01
-1.772845072448253845e+01
-1.579173423163592549e+00
-1.772788023054599904e+01
-1.771571238934992465e+01
-1.773184747695923846e+01
-1.773063138425350616e+01
-1.773342062532900698e+01
-1.773146998882293701e+01
-1.773400827348233122e+01
-1.773431894779204754e+01
-1.772344934642315550e+01
-1.772269330024720091e+01
-1.773313407599927061e+01
-1.773254464566708677e+01
-1.772973223328591530e+01
-1.772828786075116270e+01
-1.214398260116576900e+01
-5.800466164946555203e+00
-1.773323484957218810e+01
-1.772832839488984291e+01
-1.773006069660186768e+01
-1.771786687374114422e+01
-1.772322037816047313e+01
-1.773226878046988375e+01
-1.773387405574321107e+01
-1.773367244005203247e+01
-1.772568683326245420e+01
-1.261909903585910619e+01
-1.773346034884453104e+01
-1.773338233530522601e+01
-1.773246882855892892e+01
-1.773034797608852031e+01
-1.773357372879983274e+01
-1.773289315998555438e+01
-1.772685203850270241e+01
-1.772551022768019635e+01
-1.772738526463507114e+01
-1.773289539217948274e+01
-1.772043237090112555e+01
-1.773409762382506472e+01
-1.773173499703407430e+01
-1.773374049961567067e+01
-1.773237405121324883e+01
-1.773053428232671180e+01
-1.773120536506175782e+01
-1.771559602022170310e+01
-1.772875338494779029e+01
-1.773415624797345203e+01
-1.773161063194274334e+01
-1.773372615277767395e+01
-1.773014741241932057e+01
-1.773455182909965799e+01
-1.773364903926850999e+01
-1.773388130366803495e+01
-1.773205915987490755e+01
-1.773147886097430614e+01
-1.773263705670834867e+01
-1.772903656661510396e+01
-1.772717290818691893e+01
-1.773253990113734346e+01
-1.773253029882907228e+01
-1.773393248617649931e+01
-1.772438934147358580e+01
-1.211465077102184296e+01
-1.773249450623987755e+01
-1.773266214728356616e+01
-1.773336975872516064e+01
-1.772855637371540993e+01
-1.773257146477699564e+01
-1.773377788066865079e+01
-1.772779766321183104e+01
-1.773268671631812055e+01
-1.771987085938454243e+01
-1.772556430995464538e+01
-1.773109772205351575e+01
-1.773096676468849964e+01
-1.773331646323202904e+01
-1.773079171180725666e+01
-1.772922615706920624e+01
-1.772710140645503429e+01
-1.263178281784057333e+01
-1.771951728761197131e+01
-1.772948877215386077e+01
-1.772217740118502505e+01
-1.773376607596873811e+01
-1.773454580307006623e+01
-1.773382845222950621e+01
-1.773005227446554954e+01
-1.773161852061748434e+01
-1.772334702908991844e+01
-1.772815066874026257e+01
-1.773233485519886443e+01
-1.773426041901111105e+01
-1.773099413514138334e+01
-1.261880945414304556e+01
-1.773415474593639019e+01
-1.773356962800025372e+01
-1.772790242731572619e+01
-1.773332041203977028e+01
-1.773112088739873116e+01
-1.772689791023730876e+01
-1.773333513438701559e+01
-1.773132054805755331e+01
-1.772697104215623298e+01
-1.772659279108047059e+01
-1.773246652483938846e+01
-1.773133556544780021e+01
-1.773209005892276124e+01
-1.773330229818822090e+01
-1.772953918278218310e+01
-1.773269360065459921e+01
-1.773303368985652284e+01
-1.773226857781410004e+01
-1.773393404185771161e+01
-1.773082620799541687e+01
-1.773426553010941831e+01
-1.772680217623709709e+01
-1.773190180361271473e+01
-1.772981545329092867e+01
-1.772864165306090811e+01
-1.773366765379906695e+01
-1.773196327090263935e+01
-1.772410360276699848e+01
-1.772690579891205687e+01
-1.773165079355239016e+01
-1.773131512403488941e+01
-1.771174151003360464e+01
-1.773235978186129813e+01
-1.773201965391636392e+01
-1.773104880452155285e+01
-1.772817451357842700e+01
-1.773327051699162737e+01
-1.214588831812143077e+01
-1.773193269968032126e+01
-1.772990710437298034e+01
-1.211521032899618078e+01
-1.773177083432673840e+01
-1.772806095480917676e+01
-1.772850104868410881e+01
-1.773160691559313662e+01
-1.773390773832796796e+01
-1.773033842146395500e+01
-1.773320199847220735e+01
-1.773280553817749450e+01
-1.772884700894356413e+01
-1.773382000327109864e+01
-1.773307508826257362e+01
-1.773407461643217786e+01
-1.772697051465510754e+01
-1.211205746158957020e+01
-1.773321818411351458e+01
-1.773327060937880972e+01
-1.773200258314608035e+01
-1.773394685685635963e+01
-1.772978691756726022e+01
-1.772140210270881511e+01
-1.773292821049690815e+01
-1.773076228201388460e+01
-1.773089133203029277e+01
-1.772232354879379912e+01
-1.773057066500186707e+01
-1.772904997169971608e+01
-1.211746015697717560e+01
-1.773097026348112948e+01
-1.773232144415377221e+01
-1.773338222503661044e+01
-1.773383548855780845e+01
-1.213727975189685715e+01
-1.772383541166783871e+01
-1.772856230437755798e+01
-1.773172293901443552e+01
-1.773236442506312827e+01
-1.773426025211812274e+01
-1.773352785408496146e+01
-1.773372878134252062e+01
-1.773146173357964628e+01
-1.773394288420675835e+01
-1.773160312473775235e+01
-1.772794143259526223e+01
-1.773357821404933077e+01
-1.773126793801783663e+01
-1.773252524435520527e+01
-1.773264909088611674e+01
-1.773218470811843872e+01
-1.772302692830563231e+01
-1.772877344489099016e+01
-1.773073216676711183e+01
-1.773295303285122770e+01
-1.773173225224016747e+01
-1.772929747700691649e+01
-1.773132354915141207e+01
-1.773062393963337513e+01
-1.773313771784306425e+01
-1.772886636853217368e+01
-1.773325615823269175e+01
-1.773103450238704681e+01
-1.772900862097739250e+01
-1.772298822700978604e+01
-1.773049527704716510e+01
-1.772843892276286937e+01
-1.773217574954031051e+01
-1.773186917901039550e+01
-1.213404536768794095e+01
-1.773240391910076852e+01
-1.772212928235529716e+01
-1.773424792587758603e+01
-1.772565894424915101e+01
-1.772492443323136868e+01
-1.211444232612848282e+01
-1.773051834404467897e+01
-1.772881650924681551e+01
-1.772619995176792784e+01
-1.773054294288159127e+01
-1.773238151669502116e+01
-1.773111232519148928e+01
-1.773102911114693114e+01
-1.211387393325567174e+01
-1.212436607852578163e+01
-1.772900820970534141e+01
-1.772999301254749227e+01
-1.773392664492131487e+01
-1.773239074647428026e+01
-1.773278990387918341e+01
-1.773408275544641910e+01
-1.773201544284819420e+01
-1.773388738334179138e+01
-1.773054918050767270e+01
-1.772070198357106463e+01
-1.773344987332820821e+01
-1.773073473274707013e+01
-1.773178026378155536e+01
-1.773181035816670104e+01
-1.772620775699616047e+01
-1.772495000064374082e+01
-1.773293111324309734e+01
-1.772826898992061473e+01
-1.772981511950491296e+01
-1.773387985527516619e+01
-1.773350434303284118e+01
-1.773392738103866861e+01
-1.773306725323201150e+01
-1.771998551189900439e+01
-1.773243332505227698e+01
-1.773279700577260343e+01
-1.773107767701148418e+01
-1.773334742188455238e+01
-1.211421510502696108e+01
-1.773240915536879925e+01
-1.772683358788491503e+01
-1.773025463223456200e+01
-1.773381558060645347e+01
-1.773329215049743368e+01
-1.773442087471486062e+01
-1.773371126055718605e+01
-1.773033272922039671e+01
-1.773010311722755006e+01
-1.773305369317530378e+01
-1.772955810725690284e+01
-1.773436093628405530e+01
-1.771492972075938610e+01
-1.773368805944918947e+01
-1.772710886895655236e+01
-1.773036696016788127e+01
-1.773368318676949684e+01
-1.773255735039711212e+01
-1.772246794700623340e+01
-1.772311601042746076e+01
-1.772208747267723794e+01
-1.773147301673888876e+01
-1.211347053050994838e+01
-1.772747979164122967e+01
-1.773037503361701894e+01
-1.772870244681835672e+01
-1.773311342895030407e+01
-1.773396633565425873e+01
-1.773124161064624360e+01
-1.211455884054303311e+01
-1.773161375224589165e+01
-1.771797464191912752e+01
-1.772392488420010537e+01
-1.772658655643463987e+01
-1.772433780729770803e+01
-1.772956638336182422e+01
-1.773162050843238191e+01
-1.772490810155869667e+01
-1.211468072682619024e+01
-1.772315273284911541e+01
-1.773022665083407290e+01
-1.773123764693735893e+01
-1.772447034418582490e+01
-1.773388251364230683e+01
-1.773257266879080163e+01
-1.773430076539516520e+01
-1.773387861549855415e+01
-1.772910587191582010e+01
-1.772331483662129870e+01
-1.773121599555015493e+01
-1.773253455460070782e+01
-1.773385786712168510e+01
-1.262835394144058121e+01
-1.773113937079907743e+01
-1.773139980733394694e+01
-5.297095040790737563e+00
-1.773332432508469836e+01
-1.773093645572662425e+01
-1.773054533600807048e+01
-1.772682467699051756e+01
-1.771442373394966552e+01
-1.772910518646239098e+01
-1.773240006566046389e+01
-1.773425102829931888e+01
-1.773139771223068806e+01
-1.773018160164355450e+01
-1.772825489342211824e+01
-1.773002057075498783e+01
-1.773110854923726265e+01
-1.772958403229713298e+01
-1.772825222313404581e+01
-1.773140093982219412e+01
-1.773357006013394255e+01
-1.773027730584144379e+01
-1.773394818305968457e+01
-1.773151977658272571e+01
-1.315434562712907862e+01
-1.773236595690251605e+01
-1.772961908876894910e+01
-1.773090746700762566e+01
-1.773128829598426748e+01
-1.773335978388785605e+01
-1.773280848860741798e+01
-1.772621464133262492e+01
-1.773220328390598866e+01
-1.773202784061433235e+01
-1.773393433094025795e+01
-1.773157617151736787e+01
-1.772613051831723041e+01
-1.772872920930384666e+01
-1.773064102828503508e+01
-1.772944616973400045e+01
-1.315432114005088948e+01
-1.772481513619421989e+01
-1.773412780761719176e+01
-1.773359328210353425e+01
-1.772177717685700316e+01
-1.261826173141598595e+01
-1.773367073535920113e+01
-1.772680610716341931e+01
-1.773260819017886902e+01
-1.773149654865265390e+01
-1.772791895270346529e+01
-1.773406989574431947e+01
-1.211480036526918269e+01
-1.772683111131192391e+01
-1.772998252213001891e+01
-1.773400297164918271e+01
-1.772612954378128336e+01
-1.773136593103407677e+01
-1.772701436281204224e+01
-1.771885893344878227e+01
-1.773100654482842486e+01
-1.773319817781449359e+01
-1.772780623435974690e+01
-1.772427009046078794e+01
-1.772931351959704216e+01
-1.773072320222855325e+01
-1.773021671175955305e+01
-1.772411294877528221e+01
-1.772681592702864961e+01
-1.773024413883685568e+01
-1.773169105052948069e+01
-1.773304764628408847e+01
-1.772785470485685977e+01
-1.773393887281417491e+01
-1.772911817133426027e+01
-1.773188430964946605e+01
-1.773286385834218493e+01
-1.772051345109939646e+01
-1.773380112946033194e+01
-1.773428504168988340e+01
-1.773145170509814506e+01
-1.772929064929486032e+01
-1.773236199021338777e+01
-1.772961083650589842e+01
-1.773367370963095624e+01
-1.211416961625218569e+01
-1.211419046074152028e+01
-1.772959180176259508e+01
-1.773056095242500163e+01
-1.773281142115592246e+01
-1.773361922502517274e+01
-1.773345958590508786e+01
-1.773256077766419025e+01
-1.772745297551154664e+01
-1.772837755978106244e+01
-1.773307168781757426e+01
-1.772443458735941491e+01
-1.773256381750107380e+01
-1.773192949295044230e+01
-1.773222774565219950e+01
-1.773352406024934069e+01
-1.772935995161532929e+01
-1.773213633000849754e+01
-1.211532285362481787e+01
-1.772279617786407968e+01
-1.773007752299308493e+01
-1.773094303309916242e+01
-1.773391777276991732e+01
-1.772558318674563083e+01
-1.773032969832421557e+01
-1.772777510583400939e+01
-1.773302236199377901e+01
-1.773100224137306924e+01
-1.772206464409827475e+01
-1.773316148817538007e+01
-1.772941114604473611e+01
-1.773160466551781411e+01
-1.263206129372119513e+01
-1.773212276101111939e+01
-1.772953144609927634e+01
-1.773428223729132114e+01
-1.773215326070786091e+01
-1.211726487055420876e+01
-1.773310497701167421e+01
-1.773329161405564136e+01
-1.772436156570912402e+01
-1.773337421715260831e+01
-1.773085596561432453e+01
-1.772857438921928264e+01
-1.773222156465052635e+01
-1.773028994798659852e+01
-1.773048696219919762e+01
-1.773274949491024444e+01
-1.772738788723946257e+01
-1.773076135516167895e+01
-1.773360781669616770e+01
-1.773132898509501487e+01
-1.773239829540251833e+01
-1.773173265457154457e+01
-1.773374824225903268e+01
-1.773181452751158815e+01
-1.772532610297201927e+01
-1.772976658046246357e+01
-1.773308945298194672e+01
-1.773295049965381409e+01
-1.773258138895033653e+01
-1.772157862484453617e+01
-1.773194966614246937e+01
-1.772968807518482848e+01
-1.773219685852528471e+01
-1.773219207823276022e+01
-1.773131000995634565e+01
-1.773325123488903543e+01
-1.773202309608459259e+01
-1.773397706449031475e+01
-1.772204638421536060e+01
-1.773187466859816297e+01
-1.773234893679619617e+01
-1.772346164584161698e+01
-1.773272398114205117e+01
-1.773188872635364888e+01
-1.773054690062998517e+01
-1.773251776993274831e+01
-1.772789269685744529e+01
-1.773031060695649330e+01
-1.773310860097408082e+01
-1.773380901217460348e+01
-1.773215691149234274e+01
-1.772153767943383684e+01
-1.772967178225517415e+01
-1.773329780697823566e+01
-1.773383939266204834e+01
-1.771751136183738140e+01
-1.773326363861560040e+01
-1.772380492985249489e+01
-1.773258490264414888e+01
-1.772555588483809075e+01
-1.772374505400657796e+01
-1.772655725479125977e+01
-1.773331409096718048e+01
-1.773342575728893777e+01
-1.772248599231242849e+01
-1.773394263982773111e+01
-1.773112547695636465e+01
-1.773174533247948403e+01
-1.773380747139455593e+01
-1.772310681343078187e+01
-1.773267295956610923e+01
-1.773239779472350719e+01
-1.773045428097247012e+01
-1.773265246152879016e+01
-1.773190500140189130e+01
-1.773367668390274332e+01
-1.772924424111843322e+01
-1.773071971535684099e+01
-1.211357971653342247e+01
-1.772735568881035206e+01
-1.773047001659870148e+01
-1.773102225363254547e+01
-1.772942723631858186e+01
-1.773308179378509664e+01
-1.772422110140323426e+01
-1.772558037936688535e+01
-1.772914491295813733e+01
-1.772339908182619794e+01
-1.773292522132397764e+01
-1.771437797546387216e+01
-1.773177100121976579e+01
-1.773208244144916890e+01
-1.772999369502067424e+01
-1.212337887734175013e+01
-1.773297894001007080e+01
-1.773116326630117001e+01
-1.772637668848037507e+01
-1.773359961211680513e+01
-1.772972435951232129e+01
-1.211561028212308777e+01
-1.772777828574181314e+01
-1.773373798429965476e+01
-1.773341730833053376e+01
-1.773277175128458794e+01
-1.212584625333547805e+01
-1.772740453779697845e+01
-1.772991776466369629e+01
-1.772823707163333040e+01
-1.261900770366191793e+01
-1.773035220503808063e+01
-1.773262608945369578e+01
-1.772972598075867268e+01
-1.772669216990471597e+01
-1.772605111598968719e+01
-1.772786668837071034e+01
-1.772187567353249804e+01
-1.773320666849613758e+01
-1.772996477782725933e+01
-1.772080866098403362e+01
-1.773207118809222038e+01
-1.772798155248165131e+01
-1.211443519219756126e+01
-1.772100614011288755e+01
-1.773412620127202288e+01
-1.773020871281624622e+01
-1.773190781772135338e+01
-1.773212314248084098e+01
-1.772473773658274965e+01
-1.772178842127323506e+01
-1.772952290177344636e+01
-1.773344250023364310e+01
-1.773413529694079926e+01
-1.773210664689540650e+01
-1.773173212409020749e+01
-1.772957411408425088e+01
-1.771954219639301087e+01
-1.772867460846900300e+01
-1.772016787827014639e+01
-1.773391370773315145e+01
-1.773207229971884757e+01
-1.773390607237814720e+01
-1.773350556194781191e+01
-1.772012161910533123e+01
-1.773356503546237661e+01
-1.773085449039935568e+01
-1.773315316736698577e+01
-1.773298670947551514e+01
-1.773054924905301277e+01
-1.772346500158311144e+01
-1.773140400350093770e+01
-1.772343268394469717e+01
-1.773413645625115720e+01
-1.772926536202431436e+01
-1.773089642524719878e+01
-1.773330301642418405e+01
-1.772429845333100218e+01
-1.773166821002961058e+01
-1.772361325323581482e+01
-1.773317029774189635e+01
-1.772434678673743491e+01
-1.772994677424429710e+01
-1.772369424998758802e+01
-1.773356679081917875e+01
-1.772971727550029186e+01
-1.773332373499869519e+01
-1.772178262770174939e+01
-1.772934835851193114e+01
-1.772986465692520142e+01
-1.772938431501388123e+01
-1.773344286978244355e+01
-1.773044921755791492e+01
-1.773334135711192516e+01
-1.773290931284427430e+01
-1.773340449035167055e+01
-1.773330143094062450e+01
-1.315291157662868216e+01
-1.773325684070587727e+01
-1.211409375146031131e+01
-1.772992582619189506e+01
-1.773084361851215718e+01
-1.772964733541010318e+01
-1.772937503159045391e+01
-1.772334879636764526e+01
-1.772415375113487102e+01
-1.773164271116256430e+01
-1.772814047634603085e+01
-1.773287485241890948e+01
-1.772427001893521137e+01
-1.773133090436459369e+01
-1.773206823468209592e+01
-1.212585179358720566e+01
-1.773145101368426424e+01
-1.773277513086794954e+01
-1.773172120153904885e+01
-1.772367905676364686e+01
-1.773367099761962606e+01
-1.773429733216761406e+01
-1.773078081607819456e+01
-1.772748071551323079e+01
-1.773202398121357604e+01
-1.772723564505577798e+01
-1.772761609852314635e+01
-1.773230319917202991e+01
-1.773058216571808643e+01
-1.773114978969097422e+01
-1.773051482141017843e+01
-1.772905594408511121e+01
-1.771954022943974749e+01
-1.773351037800312469e+01
-1.315373171269893859e+01
-1.772996185719966533e+01
-1.773335150182246522e+01
-1.773363639116286450e+01
-1.773112407326697237e+01
-1.772895128428937284e+01
-1.773321197628974488e+01
-1.773408956229686240e+01
-1.772939954698085430e+01
-1.773327930867672464e+01
-1.315346635878085912e+01
-1.773051359057425458e+01
-1.773186462521552897e+01
-1.773283010125160786e+01
-1.772733025848865651e+01
-1.771090011894701988e+01
-1.773027637600898387e+01
-1.773347612321377298e+01
-1.579188436362892523e+00
-1.773431308567523246e+01
-1.773232954144477702e+01
-1.211408447399735344e+01
-1.773152527511118492e+01
-1.772803725004197517e+01
-1.773268378078937957e+01
-1.773239958584308340e+01
-1.772804968655109192e+01
-1.773199947178365221e+01
-1.773098529577254467e+01
-1.772887379825115417e+01
-1.773139715492726154e+01
-1.772967820167542286e+01
-1.773376624286174774e+01
-1.772810096740722230e+01
-1.773138152062893980e+01
-1.772784700989722495e+01
-1.772801377475263251e+01
-1.772919636964796908e+01
-1.772703358829022591e+01
-1.771599327921867228e+01
