3.258701601927294966e+00 3.410397296743587159e+00 2.879676884803083148e+00 4.522166685814515974e-01
1.187996628223141116e+00 2.489652248053922712e+00 4.687740037455619735e+00 2.899511287314604058e+00
1.495157230430978590e+00 4.736445548757656887e+00 4.502541414997383584e-01 2.438740507271517810e+00
4.001234913954798245e+00 1.600971271219723824e-01 3.067109580172128425e+00 3.384944409969535606e+00
1.772984157572976338e+00 1.562728314325903423e+00 6.050288888381867292e-01 4.512265882306219389e+00
4.642747948800402646e+00 6.123851929444579234e+00 1.491589871300860182e+00 5.362709778287635842e+00
4.815058067763733796e+00 5.045853766469653223e+00 3.115961924671748928e+00 1.183797873646518228e-01
1.909834083411842354e+00 2.011562854208233109e+00 4.680184857073728111e+00 3.928882379616942089e+00
3.593289863317318478e+00 9.437437592677192510e-01 3.631023063178103083e+00 7.253026689399265647e-01
2.438486096461767616e+00 4.805553496774231270e+00 4.581556429238792028e+00 2.390032735749039461e-01
9.783614307422509038e-01 9.942233149662380587e-01 3.243976325045191178e+00 5.905041585212455146e+00
1.366724386323640461e+00 5.926297483814206402e+00 5.401361511486031830e+00 3.888384849294017620e+00
5.446613330051912172e+00 3.860286843814259239e+00 2.566049234914770327e+00 5.326402646664981866e+00
4.821305725309313672e+00 2.722697789244499234e+00 4.826487186837860044e+00 2.760505569006141080e+00
3.505986616066987693e+00 3.842845654973233493e+00 5.816119910292557593e-01 4.399063800478576702e+00
3.328641400033402142e+00 3.654165098531955813e+00 4.011572930960574546e+00 6.746606975245110771e-01
5.872366862069545945e+00 5.073221659617721535e+00 9.172030155709910426e-01 3.382132618076970854e+00
2.938442720806914821e+00 4.608597527868398380e+00 6.138343947070514339e+00 2.963036881422790092e+00
2.924939138429323293e+00 5.090866501028623148e+00 3.143327050658453747e-01 3.855159411708061423e+00
1.898702505239518112e+00 6.249914871752020318e-01 4.055804383301535587e+00 4.025867064277560026e+00
7.704896638725567959e-01 4.024310708878517495e+00 3.938325167861163045e+00 4.928991373882936067e+00
1.495499423356300150e+00 2.607993504647978078e+00 5.602195424503804588e+00 2.378758326160215208e+00
2.930736645490495285e+00 3.659545349804389058e+00 6.113635768407487348e+00 9.318444947100738840e-02
6.204063389954035834e+00 6.049533277659886743e-02 3.508627976888832212e+00 6.195705108342136391e+00
3.212920266300873795e+00 6.116211666476600861e+00 1.763483243543838785e+00 8.576159454795760917e-01
3.088175850055703719e+00 1.928212914703840930e+00 7.855306313253396233e-01 6.050007671609098026e+00
5.173599299283814013e+00 5.170741075711995371e+00 3.939197938202460225e+00 2.885657606461768054e+00
6.039285350848087042e+00 5.622378221571648460e+00 2.354409181397410844e+00 2.144347138096849847e-01
3.054880035221259948e+00 1.776460842070907598e+00 1.511402332753267519e+00 2.251496814110358624e+00
3.842950215931624225e+00 4.373581433286337194e+00 2.694728866577236204e+00 2.440957875992082027e+00
3.918484858929165426e+00 1.534147557982360466e+00 4.816158383856418368e+00 4.340376359547243879e-01
1.054660399969008733e+00 6.196092408133084817e+00 1.625750290736036607e-01 5.713523994401649153e-01
2.966208166557652071e+00 3.213269642471830778e+00 5.867131930051852962e+00 5.196785431123427834e+00
4.962354835735595771e+00 2.516613314160797810e+00 5.743460372470819308e+00 1.895782921847940505e+00
2.379018315495779134e+00 2.012514252639606038e+00 5.251675697880356708e+00 1.894139621944915364e+00
7.990704775629773327e-01 6.235739323505768539e+00 4.361643680756710495e+00 4.164903887747771982e+00
3.727715588876898245e+00 5.683888676180589350e+00 3.688096901889859058e+00 1.470312863075198262e+00
4.242406835925578434e+00 1.736809188671022408e+00 8.811555162563085020e-01 1.827121822010626895e+00
6.236066597806476430e+00 2.696719625860181324e+00 3.110832410604794651e-01 5.154733654232891205e+00
4.724151478481892319e+00 6.014919856386809371e+00 5.608136124067053530e-01 9.931740832880806003e-02
3.588415804189432734e+00 5.885719699364370783e+00 5.098446828818283816e-01 5.011932085314967367e+00
1.419673295914177791e+00 2.697787815847568105e+00 3.894956568489858384e+00 6.197525270580566570e+00
5.250308981747855430e-01 3.302832062483990860e+00 2.792615574777526977e+00 4.944428740497120778e+00
1.555787536121350456e+00 1.676895647388388644e-01 3.016092541227327395e+00 5.573507121272779585e+00
1.385374935566533017e+00 1.266963065522039189e+00 5.727366356356043298e+00 2.765611539661452234e+00
3.914522570582008143e+00 9.669768176607291821e-01 4.441895688097678097e+00 2.040809228509990803e+00
4.831759431373882308e+00 3.247743759447051737e+00 6.209677865393686602e+00 3.113544498950813644e+00
1.054840961574283087e+00 4.454836934482911737e+00 4.527754589959855913e+00 3.703131730014793455e+00
1.532045136097383242e+00 1.976542501594805268e+00 5.193967582240783365e+00 2.636270735263954723e+00
5.833704341156342288e+00 2.202828364242654047e+00 4.554628064194562675e+00 3.736984071447807754e+00
2.818894569028010721e+00 5.897626944639134727e+00 2.466039859602798145e+00 5.125332707588397874e+00
5.041215137969796700e-01 3.814066517347727281e+00 5.047391836359469863e+00 3.658809538275010542e+00
5.076012617072358069e+00 4.662742606441151239e+00 2.223087176975029333e+00 5.645700592504900861e+00
2.692293997496058466e+00 4.609266971498704457e+00 5.436481961734045854e+00 1.215447818708062649e-01
4.690408177332664685e+00 5.827304581229070024e+00 5.705129528353685142e-01 5.160489131363385162e+00
2.540116723610672089e+00 2.565783490571328596e+00 5.007641752394378365e+00 3.241187741845369397e-01
7.280804551317981987e-01 4.854846214042414232e+00 8.424397688969875730e-01 3.333599575959051542e+00
2.406353296594652136e+00 2.319598334602362311e+00 1.593820713422999136e+00 1.253566156667141218e+00
5.331254470777739840e+00 7.626921049393006191e-01 1.137580333087424844e-01 2.624523093462965750e+00
3.762783894466310564e+00 2.972334623839316237e+00 2.444660744268947195e+00 2.573283405168472537e+00
3.388882302611230468e+00 1.408284625187443018e+00 2.361597625740038175e+00 7.762999166261117523e-01
4.701530164702084846e+00 3.570583023657601940e-01 2.166845824317159330e+00 4.767379456062105447e+00
5.722857022266553351e+00 1.362112348210776203e+00 2.949782114272074818e+00 4.677175315160727820e+00
5.188150969611099228e+00 3.239718707397931219e+00 1.561210405883945773e+00 1.000680143782484155e+00
3.787216221013332440e+00 5.620496999195034427e+00 9.727847484254663613e-01 6.122112664049965680e+00
4.185612511369804167e+00 5.499120854124066149e+00 3.591218847191099406e-02 1.556846289339031797e+00
5.023216087369113403e+00 2.778382292253697372e+00 2.738324931343602220e+00 1.863039561122820764e+00
1.306241146440934253e+00 5.288105932157599831e+00 3.176863542999049717e+00 2.194651966582542302e-01
5.459197219463333361e+00 1.049612407373576417e+00 3.046019393237110240e+00 3.693736211701283523e+00
6.265694470224609347e+00 7.143581844179230922e-01 6.586050528326884423e-01 6.062494328334551597e+00
6.055241204477229466e+00 5.898014007885554300e+00 1.324315276859044266e+00 5.903437262385730300e+00
4.545016974644977559e+00 1.190570517509393023e+00 2.652744996133672650e+00 3.932414489551967929e+00
4.497621376666272930e+00 5.454609598045797370e+00 4.700788652041335780e+00 1.082748703974349969e+00
5.976751476006524122e+00 6.822409522811572202e-01 3.396308386976151006e+00 4.458984053097472255e+00
5.626320202872912901e+00 1.620974535329027466e+00 5.593191739305122034e+00 9.283438671762063166e-01
1.844453185920410521e+00 1.213496341677270829e+00 2.046481542931589459e+00 2.479393017519697207e+00
1.995419060688017110e+00 9.511998634715234102e-01 4.009894103284068478e+00 9.247501044080240762e-01
1.793395754051455349e+00 4.130379139408452360e+00 5.695347389691691298e+00 3.000543450802901191e+00
3.336428778197551459e+00 6.130758437569147290e+00 3.608494214676330802e+00 5.873407422006998502e+00
2.081641636062530609e-01 1.761122169579021124e+00 3.352530181450345648e+00 3.488117786798406339e+00
5.116602047383980612e+00 2.851233699136191735e+00 2.475571592239916630e+00 4.743471720006847470e+00
1.946820321324527647e+00 1.066682557338196613e+00 1.356971833470090871e+00 4.992639499413018989e+00
3.057166343895041383e-01 6.198028962757722304e+00 3.251383594094091833e+00 1.538204569426556700e+00
3.179298683987627605e+00 4.417240822421779178e+00 3.083656914985234199e+00 3.460381450573668527e+00
5.127653240796756329e+00 1.642905952262864844e+00 1.016995748381780640e+00 1.957592184709598282e+00
3.129928902962991977e+00 5.148832267696515252e+00 4.757498054631495776e+00 3.248775476056664502e-01
2.551352147712028895e+00 4.132921980602664469e+00 1.004832582030190657e+00 1.486242348331457741e+00
2.006623427766309753e+00 6.246494967068460191e+00 5.885590543778503658e+00 2.911458910659946442e-01
4.533013377797560750e+00 4.604574993729339955e-02 4.715218775872882517e+00 5.366660747183311209e+00
1.850867283179063127e+00 2.260820661144092192e+00 3.415117308747529723e+00 4.496454783713587311e+00
5.096146363028235982e+00 5.987510907071469823e+00 5.621146416038696358e+00 1.504834036216934345e+00
4.237287806164785842e+00 4.317775602673292745e+00 4.463927607841162715e-01 2.474517523460859181e+00
5.441203130831775425e+00 5.835450653738225135e+00 5.030369414488605750e-01 5.415755685836417754e+00
1.971932719262695866e+00 5.660404692348104838e+00 6.686619502219266487e-01 6.263148468208059150e+00
4.798007613006649574e-02 2.592208867996477650e+00 1.357944591327773232e+00 2.865582235876329431e+00
4.173720042792560925e+00 4.236169397042050200e+00 4.717099783439000049e+00 4.702405013834998759e-01
4.077780520810975418e+00 5.980439724379229993e+00 3.723571283476455829e+00 5.470691506696628181e+00
1.042083054826459521e-01 2.969156460038231859e+00 4.337279380919578209e+00 1.654517192570072126e+00
2.480830958132020037e+00 1.903985415385003765e+00 3.407952003687245712e-01 4.714817380720016438e+00
7.411545765148487286e-01 5.198322360828999678e-01 5.725317294288138292e+00 1.669359060530564376e+00
1.412601092942339820e+00 2.045366820986870060e+00 4.623659710846986570e+00 5.300367213750377005e+00
2.673333429170940967e+00 2.780418964221784250e+00 3.652683598156427180e+00 5.768789799804877383e+00
1.531217630794502904e+00 6.107314099356801057e-02 3.134977112004632360e+00 1.312204946259883265e+00
1.923032169424301774e+00 3.830531097308108812e+00 6.260145307422760874e-01 3.969739295061738282e+00
2.927593197332026609e+00 4.583979766128252753e-01 3.552874975932310608e+00 2.093304151939351154e+00
2.042779270789615964e+00 2.737563423460901202e+00 3.466570188137455766e+00 3.569784424601774031e+00
7.995077469850025986e-01 2.308004840870356844e+00 5.367781365803109273e-01 3.444203087963028653e-01
1.315022562236879411e+00 1.706368236301700758e-01 4.509878538628639078e+00 2.111735326685513670e+00
6.265854420294587612e+00 3.830638998742966983e+00 2.389332942683473959e+00 2.782578139135898354e+00
5.137880469975407038e+00 1.275033505827859681e+00 5.738557987660774629e+00 5.254525472429942834e-01
4.406777915302633630e+00 4.637131409529751558e+00 9.107467708197598544e-01 1.717189764678035191e+00
5.192433101697568887e+00 4.598397019837004995e-01 9.814275506473653377e-02 5.267646621337946478e+00
3.280608231261763041e+00 5.979350064300417156e-01 5.837398482647945253e-01 2.341655635952310188e+00
5.555536501358014689e+00 5.204258457184575803e+00 2.638130470566222741e+00 3.522139685818343580e+00
6.037715197102456521e+00 5.354562153555929349e+00 5.143167297239331859e+00 3.635156127678238924e+00
5.864616642732854324e+00 5.532167164028411577e+00 5.929085280813353620e+00 1.444069109584637634e+00
5.934767049975267383e+00 5.132920677542771593e+00 5.965874639082127118e+00 2.418360044362294126e+00
3.705400408404118107e+00 2.947825579669034024e+00 2.841922383315375722e+00 2.662495353895741879e+00
3.342563195883740512e+00 4.724901332662357234e+00 4.171997076919114811e+00 3.370336279821046777e+00
2.876112134270083498e+00 1.363324425058268341e+00 2.520862809977391983e+00 1.197469372148052685e-01
1.302293383246695857e+00 4.251221320282910554e+00 3.068989603296371715e+00 3.027301781328888719e+00
7.552092881235917821e-01 3.110973826078638482e-01 3.589828546909536122e+00 9.995675103361348901e-01
5.386887801636075501e+00 2.387842964584940386e+00 1.079501778957224323e+00 4.005910146668767879e+00
2.317740799881587432e-01 4.764707930667652747e+00 1.628095499769457999e-01 1.288207353094749097e+00
4.157851887279812253e+00 1.428434526042840380e+00 3.596151088071287028e+00 1.968604547720906428e+00
3.220621208763352339e-01 3.119736851550175327e+00 3.197619327870675932e+00 2.507860323361537525e+00
1.098270745796764203e+00 3.700597922704367271e+00 4.429287885777070777e+00 4.785342859400798510e+00
3.480877015418501141e+00 5.811127158596844922e+00 3.604521456901445653e+00 5.967742884243084411e+00
4.463013162151651336e+00 2.303350075071708414e+00 5.453784441659651705e+00 4.222131835889771700e+00
4.842936734673167543e+00 9.540880152018050842e-01 1.444779520175867082e+00 1.332278331601540300e+00
5.046397306941629246e+00 4.168464255536611596e+00 2.294600200472181051e+00 5.328294409734473547e+00
1.987666894131627338e+00 4.967566510231140597e+00 2.714495501499159857e+00 5.887429654948492797e+00
2.142126006108095115e+00 4.173862429537343210e+00 3.719778401317552330e+00 1.635551876473282595e+00
4.897663275573928665e+00 4.603316960810982295e+00 2.877574740632899086e+00 3.526214207805166811e+00
1.602422558385816265e+00 2.362456203170126834e+00 4.583934596904462033e+00 2.374062390266474587e+00
4.483242632159082919e-01 5.349632830586897647e+00 1.030427630735705868e+00 3.378976976636172580e+00
2.827890299502060500e-01 2.165652718077784478e+00 3.851619830647246445e+00 3.792150156537712036e+00
5.523437992361678317e-01 3.527262259616200879e+00 5.963293824801642273e+00 3.621567178892184380e+00
2.466414011079863133e+00 3.173377643644565982e-01 2.599853604049792377e+00 8.132365407582170524e-01
1.003743024870050071e+00 4.005142208784089775e+00 2.446316371458563843e+00 1.993693287366231914e-01
3.106297729532421226e+00 9.681410660903728704e-01 5.254037459435015656e+00 4.820381780769688262e+00
7.924937141047755373e-01 4.606308395694410862e+00 2.694828083442610822e+00 2.806930850733652338e+00
5.166659591113861083e+00 1.235682091671106875e+00 5.219029277927520916e+00 4.145909261336206519e+00
5.465873056965302901e+00 2.877073043854816881e+00 3.596005422948902908e+00 5.855476811118929703e+00
3.891556386623596708e+00 2.384900840831317481e+00 1.298055542740654822e-01 1.601636814357748184e+00
4.057798058040521738e+00 3.383764403921746489e+00 5.980684078687012573e+00 2.445504514663471074e+00
1.824043978054782078e-01 3.654738115687608868e+00 3.860528134988543414e+00 3.823976336570181211e-01
5.507825448824676506e+00 5.086018840695786913e+00 5.720633568410814718e+00 1.974536673233265427e+00
2.447479386793478096e+00 4.241555747657107744e+00 3.711330760378211746e+00 1.764796917772336160e+00
2.993422541194194153e+00 5.704994898681247095e-01 2.724366636883152726e+00 3.781191474019368837e+00
4.983801601480634780e+00 3.909010479153794293e+00 3.571924379688757867e+00 2.158819852732514644e+00
3.765648145533567970e+00 3.160234199229649210e+00 1.214726803915611164e+00 1.070916207395981035e+00
1.798645162534486586e+00 1.323898653105036460e-01 4.358418509279507802e+00 5.352289692072915273e+00
5.558556427837632263e+00 3.966120988392323632e+00 3.172302907651082915e+00 3.642030563677961297e+00
1.300250269560686567e+00 1.416716584986509098e+00 3.211680928435868942e+00 2.420599949345293711e-01
2.216994809622730711e-01 4.790479556197106525e+00 3.259149471673890908e+00 4.929259967671776543e+00
4.111154239155178303e+00 3.711882044092359667e+00 5.110481615833511349e+00 3.916602458156269950e+00
1.333949177842479905e+00 2.562054413246229734e-01 2.387949331759170679e+00 1.704225404068989924e+00
6.276895089719922716e+00 4.324154890340953905e+00 4.226260668326434100e+00 5.307172925339457059e+00
2.096164839070766561e+00 4.237293183976974298e+00 4.422759761908272580e+00 9.237637242136720328e-01
4.062256974909319140e+00 5.445543050550687880e+00 1.359510600193782448e+00 1.426598213891508760e+00
1.673062249405012025e+00 2.195282307750167305e+00 3.619675794732529539e+00 2.217358899093444080e+00
4.144135981114711598e+00 5.373964300490097656e+00 3.429171578319786917e+00 4.532870095133312738e+00
2.241579456539805615e-01 3.862932267765509575e+00 3.025142639219017271e-01 2.061390865968783626e+00
1.982605416071548499e+00 5.953569126435940717e+00 3.958501576369366948e+00 4.284074474051164927e+00
2.911756501579500611e+00 5.937922529896900947e+00 2.499186191387059441e+00 1.940968578433809877e-01
3.368658299143735046e+00 1.092183759113552144e+00 4.430350122782272249e-01 3.494557944877478395e+00
2.980568401188949945e+00 2.282808364864472139e+00 6.817767245977878199e-01 1.259361381146093306e+00
5.482961112431585349e+00 4.073108409390163942e+00 3.783608501913089839e+00 4.943216457084941062e+00
2.298310786497602898e+00 5.739984689958021136e+00 6.245790495684236276e+00 1.001518576310338249e+00
2.849774712909281416e+00 2.821005066961206342e+00 4.577747890532899433e+00 9.797181404175892006e-01
4.427039145017483968e+00 3.837126990262794690e-01 2.725087917939823967e+00 2.331855736127187217e+00
5.777519064077378808e+00 3.514499830232445277e+00 2.216353944517225560e+00 2.191865154735214816e+00
6.068237185320816351e+00 5.005005781471068893e+00 1.682222854201995021e+00 3.975549194097081962e+00
2.764011985381686909e+00 1.113443110893038046e+00 1.809664789529954243e+00 4.532367098033541097e+00
3.262456655671427175e+00 4.013068589148371501e+00 6.810862017332677265e-01 1.332103539167011741e+00
1.204383983741543984e+00 1.034969422211541090e+00 5.554904057667513939e+00 5.288127699975874174e-01
1.951966403772417008e-02 5.962485323481472754e+00 5.462936009591142117e+00 5.117001099039414136e+00
5.150115150543262743e+00 6.007283351746830036e+00 3.879114593829779967e+00 1.765118204529832757e-01
5.713352227346674139e-01 3.984777850880997785e-01 3.262823948475895186e+00 5.609448654891025399e+00
4.342332738411951887e+00 3.986193200629011280e+00 6.894147347492488032e-02 4.769177479175422008e+00
4.380025094817881381e+00 5.803426168901153481e+00 2.877537135844191685e+00 2.830747407772500779e+00
6.053585347449764953e+00 1.341571843575025014e+00 4.035860218295558965e+00 4.882853304283071516e+00
3.268240757212932834e+00 9.201347377281278161e-01 8.111041071243032530e-01 3.082726609471706514e+00
3.597878240217093015e+00 2.481951484637209049e+00 4.690759435471377969e+00 1.904761999415647722e+00
3.579439503339672424e+00 5.583271290855337021e+00 5.086303611410416536e-01 1.912546778843410844e-01
6.123473355992962164e-01 7.906417497874784761e-01 8.253348378510714234e-01 1.105870805268805990e+00
3.963192297344024784e-01 3.860442878668146616e+00 4.636030235891744233e+00 5.125219907227680949e+00
4.291145625020378773e+00 3.204998918075865788e+00 5.579279005036342554e+00 1.131686947552413391e+00
2.768198240522322662e-01 5.835191740769241520e+00 1.170749801879415575e+00 3.973906252173165843e+00
1.278555345727996340e+00 5.028518849296816029e+00 5.447079577627548019e+00 2.824698691883080759e-01
7.120079088167852004e-03 3.545296574232961628e+00 1.879061457112095601e+00 5.866170632183554723e+00
4.870888177586710555e+00 2.324936301226621649e-01 4.647507536841355424e+00 2.569404344976088161e+00
9.815883590537417547e-01 7.834739299501867205e-01 2.954242591464243173e+00 3.427098719831950469e+00
2.398630803568663872e+00 5.745396488300121618e+00 7.788531678349140952e-01 1.758476937507664983e+00
3.348742752910223164e+00 4.551306415403644223e+00 3.997052247068082931e+00 5.308379254707909389e+00
2.903803389338564855e+00 1.783519423872628629e+00 2.645131341367057853e+00 4.263317814860611676e+00
3.223848002376169308e+00 5.557284312123172754e+00 5.477743295783394473e+00 1.791794766642647307e-02
2.288623589758143062e+00 5.279080863567313209e+00 5.643447303781835345e+00 4.654092144470648451e-01
2.383707945772830961e+00 2.537067009940660256e+00 2.008045592885473241e+00 1.806096299773487956e+00
4.000188263862296978e+00 1.858981323504937722e+00 3.336735829818243126e-01 1.330081674483341025e+00
8.404472646493038601e-01 6.092105312036110831e+00 3.546296015518596523e+00 6.099754882547869350e+00
5.425725961450502233e+00 4.287625830893435075e-01 2.257028812318527589e+00 2.562570991790414698e+00
3.402714714218967096e+00 4.582523409445307117e+00 6.128874340027958834e-01 5.197899546491502321e+00
5.966169798178101225e+00 1.809212797505612480e+00 4.425173132422756339e+00 1.559601400727438580e+00
2.177582833242382332e+00 1.875758992750357290e+00 1.277947204576881601e+00 3.104512004056050323e+00
4.999933026656710133e+00 2.882873226665622290e+00 5.985319912141247478e+00 2.682946055886713310e+00
3.416263833209017609e+00 1.542969131650012482e+00 1.248939536745744094e+00 4.363990412496661975e+00
1.114070773472995990e+00 5.656161373956242855e+00 1.150972489384053610e+00 4.660206749167318918e+00
4.676775971897365380e+00 4.106598911604104174e+00 2.768805564936378083e+00 5.343568393920443249e+00
3.544104021847712005e+00 1.760320850516397861e+00 1.623377592388755009e+00 3.419238055363603479e+00
4.281314635588884698e+00 6.238675249815297086e+00 1.186535258135492654e+00 2.553897583656226544e+00
3.201044123574274369e+00 7.047933413152880355e-01 2.580100619673707740e+00 2.266570120301952596e+00
2.905880390859783002e-01 1.699126014345288649e+00 1.109822874999610409e+00 6.529136958093376686e-01
5.115234533213871337e+00 2.935050815087769660e-01 3.390646095200750665e+00 8.238980262708713864e-01
9.766588129634126147e-01 5.770360671791842755e+00 3.875713018006684774e+00 2.392421197736928296e+00
3.457513311857990157e+00 4.053002050869507933e+00 3.401394345085522186e+00 2.560371606489221019e+00
1.802591840358814368e+00 5.734580487686468331e+00 5.986400903863176026e+00 1.738859611835402164e-01
5.872438507649697242e-02 6.188901282596055431e+00 1.287879882920886621e+00 2.975144682832461029e+00
2.432720936325269423e-01 6.066813366870533741e+00 3.113024046926677446e+00 1.224337018053489157e+00
1.549796001045068650e+00 1.897695983686014998e+00 1.606824853976032363e+00 3.596111743307671027e+00
2.841575412254980559e+00 4.023571641609726690e+00 6.021332524320095914e+00 3.110506151071283920e+00
3.915449629126194431e+00 2.209707031490848461e+00 3.779759943919960730e+00 4.713731277129468822e+00
6.216805150950732717e+00 6.323726378035573470e-01 1.312115733936832125e-02 5.303678897367030132e+00
5.136649305073214045e+00 1.115002072579546893e-01 1.879184841231203995e+00 2.681170655559655280e+00
1.440632767083885435e+00 3.019611088225554685e+00 2.414317681753040734e+00 5.734319290738346453e+00
5.231097562879307716e+00 1.954351469693615506e+00 5.803798558227486026e+00 2.746311460678029892e+00
2.160893998824088946e+00 5.554450811784287012e+00 2.326708060882889395e+00 4.048620018931392117e+00
5.364026675411334821e+00 4.024871989024525476e+00 6.028233316237035844e+00 1.787659740861098634e-01
5.257265664900391045e+00 4.389785334682223095e+00 2.134822932900697356e+00 2.880164230037227213e+00
2.989703398180047600e+00 7.821097709132196485e-02 8.616688905742566629e-01 2.625673885674701058e+00
2.895387256430782319e+00 4.765161327014284076e+00 2.987892279869441392e+00 3.075686109335318275e+00
2.001476264770549296e+00 1.059001177594034226e+00 5.119080700448772170e+00 1.605491901430153856e+00
3.070347747805602268e+00 6.173987805646373062e+00 5.319688629851023087e+00 5.464390593723075895e+00
4.933818731977313909e+00 1.734100706964532890e+00 2.862383557791932098e+00 1.801884215861695004e+00
2.065007165182525029e+00 2.412411916445761140e+00 2.076054648621003640e+00 2.275692578397821020e-01
1.980171040562376028e+00 4.815865966810934928e+00 1.619353180888646881e-01 4.608253064754359585e+00
2.128858381428488489e+00 4.014259385026041294e+00 1.825897524284427309e+00 5.174822881153557042e+00
1.852405226667635407e+00 5.525362467599301830e+00 5.643672320824736133e+00 1.658070709660468767e+00
4.035686726375565136e+00 6.006820850782562893e+00 2.028658633279232237e+00 6.253689506801663356e+00
1.841821165732190568e+00 4.712665258763958143e+00 4.221556352527811029e+00 5.370597886654643993e+00
3.304842658057411509e+00 3.952080959568234242e+00 3.214046992337991071e+00 5.427626989624083187e+00
4.909926612674311741e+00 1.090054438044761431e+00 7.014959438041341588e-01 2.715084642503837298e+00
1.243354288755670778e+00 3.838267709419983742e+00 2.416138635370875587e+00 6.142245884378116472e+00
2.848041200656054706e+00 1.050552317451304507e+00 5.600383604429788775e+00 5.476891578484812229e+00
2.810242905443143258e+00 1.468995899029526653e+00 5.297073171926262702e+00 4.385266409351930683e+00
5.618615176611968742e+00 3.966738019957197103e+00 6.856871183977296669e-01 4.921158166644923782e+00
3.335713621636366977e+00 2.468437439569165281e+00 1.054288767617256317e+00 1.631598336305126740e+00
4.031482137861688742e+00 3.989861829132779647e+00 5.229578948121915261e+00 3.873805449008760782e+00
4.224240995857040382e+00 1.673229014718849994e+00 4.989405231157231668e+00 5.405769015061339111e+00
3.810792462711114048e+00 2.294852729026867877e+00 2.681814172947590613e+00 4.589420260574125776e-01
3.269770864402086641e+00 1.125584249320515484e+00 1.819997024445620504e+00 5.242224790148236835e+00
2.017933867248729918e+00 4.122783525852117492e+00 1.808529413994948820e+00 4.865899536349406418e+00
2.619058305826665656e+00 2.395298509245944008e+00 2.799008891636213914e+00 4.775038750097311713e+00
2.327924053204563748e+00 1.074592653355785021e+00 4.946824789814198375e+00 3.107733608724956298e+00
3.799117557817834334e-01 1.267968638270426496e+00 3.902891144186231731e+00 2.570596167829133805e+00
2.607821923841529888e+00 5.708035151760496362e+00 6.008563378990139370e+00 7.514531438408993402e-01
3.636144157376543617e+00 5.744839134548811010e+00 1.640849205229838237e+00 5.648464486076298918e-02
4.014631100710398748e+00 5.492795552513369373e+00 4.453315668739013411e+00 4.857193657384864416e+00
5.852716444034451015e+00 3.774496464260952422e-01 3.420331608710291071e+00 1.553699677847785621e+00
7.036371790448898711e-01 7.743261434686810052e-01 6.621759396564960154e-01 2.578257906530318611e+00
4.218062253384239568e+00 4.033829007213665996e+00 2.107237961900924605e-01 2.821643308880486423e+00
3.412094478850973722e+00 2.092766146559268847e+00 4.504625779566839405e+00 1.992652736692277049e+00
4.879683423231564454e+00 5.688505213504820857e-01 3.623934830514670580e+00 1.986157630495569482e+00
5.857819465423417249e+00 5.365243642076551467e+00 3.741803795425592494e+00 4.636093169871255526e+00
4.047674344877780328e+00 2.054025870808194654e+00 1.639548051819991858e+00 5.348092517291522796e+00
2.755779679861786402e+00 3.579264715314026457e+00 5.307922859822332917e+00 6.027069175278541024e+00
3.928931528191332845e+00 5.018508134247778862e+00 3.149289550159237283e+00 1.826820912537652664e+00
4.272676683653471308e+00 5.427380529464470804e+00 6.214607403968382293e+00 4.439639795188827343e+00
4.676448906765826585e+00 7.416829536037016224e-01 1.241293573342534984e+00 2.247405283448646873e+00
4.671139442476573755e+00 4.668961590522568983e+00 7.403244836772697735e-01 1.620706308191846468e+00
2.119871811693712527e+00 1.497544510231289872e+00 5.254465503692532735e+00 1.210744237374076437e+00
2.743828633618918822e+00 3.059213188047017695e+00 4.017388009453216391e+00 3.569061938616562735e+00
3.874289867726161685e+00 5.764990435116822631e+00 2.727222726799016783e+00 6.288658944139368101e-01
6.088322433939012956e-01 7.770869298928752000e-01 4.405391618641396612e+00 5.339823832434131390e+00
3.923578311852291556e+00 4.551337816346964438e+00 2.592076823389565909e+00 2.269475333812373652e+00
1.287688234396968001e+00 2.264755236797312554e-01 1.831153031583280244e+00 1.867722001174048074e+00
5.179035119606966164e-01 4.947588315534463987e+00 2.656518028763955819e+00 8.326547778776326458e-01
5.696641538223333967e+00 2.408478068952936424e-01 1.307598996279343284e+00 5.797862074930944409e+00
5.994955434342932321e+00 1.859802235733711617e+00 1.192647472853297197e+00 2.104757882787831047e+00
4.998570004289213387e+00 8.238234644126697370e-01 2.864749346436307409e+00 1.166450250327491389e+00
2.718866343929424723e+00 6.208439773277432572e+00 3.546203881635468402e+00 3.075356022395903555e+00
2.657120422401438198e+00 1.940817964241047688e+00 6.753518807788682077e-01 5.285125135181944600e+00
1.112852600527384217e+00 2.719752954939514411e-01 2.075112580118345651e+00 4.176386353326570600e+00
4.468348795042370369e+00 4.644388723847868938e+00 2.592293227184334636e+00 5.627019638052312089e+00
4.767666504164752794e+00 5.402843236904848467e+00 1.488277249650563405e+00 3.653588167941101084e+00
6.134006151590917888e+00 3.450658811796786463e+00 4.516288014914386917e-01 9.729407044133341342e-01
3.711311684850856274e+00 3.161795131738239645e-02 3.031976125484096229e+00 4.466600153347268787e+00
3.656678527966583658e+00 2.494453489489087128e-01 3.833877977992650177e-01 5.775349832931832239e+00
1.090202223566077766e+00 5.636139855429774137e+00 4.596404765005789095e+00 1.261356419795790496e+00
6.146688039597052899e+00 5.751100647009566025e+00 5.804725391123603195e+00 5.520403524642210513e+00
8.885304180140844998e-01 4.355266872375326059e+00 3.482060424063260218e-01 2.742981304035690737e+00
4.253082884292464172e+00 4.453861064405791881e-01 2.276777682992310314e+00 5.137668969462438895e+00
5.464320560611684030e+00 1.702833039143671900e+00 4.751549694044497230e+00 2.240988247851411597e+00
2.131755382911921792e+00 4.926644527038272159e+00 2.426474246586438177e+00 5.603616880766213448e+00
1.958886200315627546e+00 3.681005948560361229e+00 2.839291577927034904e+00 3.509935489153257038e+00
3.346003075666439841e+00 7.429715926741239373e-01 1.092876278926758205e-01 3.072025779300574522e-01
1.081884086991951044e+00 1.576225634351557936e+00 1.091603325258573509e+00 4.246145152485277130e+00
6.014560785308715296e+00 3.263261252870268692e+00 5.770377272441777450e+00 2.011584265343194566e+00
2.033469762966215288e+00 3.135877082392758641e+00 2.116087029192873725e+00 2.195583226650691167e+00
2.781154312387755123e+00 3.145907435073438396e+00 3.053629608343655377e+00 2.356287679995797024e+00
6.222730086209529610e+00 2.803015681721277907e+00 2.449334256697168311e+00 4.799869572356009861e+00
1.564943981850401178e+00 3.208992617314027296e+00 2.521369731782987067e+00 4.088406888528885119e+00
5.890997130822968941e+00 5.036422359124037573e-01 2.426507741314618993e+00 8.514444197582439200e-01
4.768813593113951921e-01 9.615045941347915015e-01 2.329794401361584999e+00 1.793582844774717522e+00
3.356956283958259402e+00 7.678655453404920062e-01 4.346637742680914407e+00 5.896008447307945488e+00
6.026639026805813870e+00 6.115385190078987954e+00 5.308922816652901666e+00 5.126364358123237430e+00
5.899872938975753378e+00 3.150196357268101544e+00 2.747212221484336858e+00 4.823356052735258359e+00
4.850133709003058513e+00 4.602391808540300389e+00 1.877258928793701598e+00 6.038940868975806175e+00
5.061172657076665082e+00 2.853682134546009941e+00 2.390462908480480042e+00 4.472012159999445152e-03
5.272944032314880403e+00 1.157516015474720383e+00 3.301813283341067606e+00 4.279660004367404014e+00
2.013547617860348193e+00 4.246295896900444511e+00 7.088317698327919469e-01 2.647456147119617853e+00
2.935831129345328083e+00 2.825565652871750988e+00 4.176169510119869699e+00 1.951536153254588291e+00
1.110320794374714426e+00 4.033496817267692158e+00 6.174536318421431913e-01 4.511962913402491893e+00
7.448713804129841742e-01 3.771417786863202615e+00 2.608536944120106504e+00 1.848021137281456783e+00
4.831808844008795845e+00 3.754487067405275269e+00 2.086947116029913118e+00 6.140722266874560020e+00
4.567035185480914805e+00 5.760813871732926472e+00 6.109836500756713029e+00 4.719898303846841614e+00
2.105144065034302514e+00 3.946750056009508345e+00 4.361200899721463742e+00 4.339044318872100625e+00
2.793677093924787691e+00 5.836146966939082859e+00 4.149190986274991388e+00 3.189589893296754797e-01
6.228171789668392577e+00 4.702030424057194402e+00 2.359045210747049204e+00 3.603299540472421736e+00
3.159063686380577884e+00 1.935735692083659698e+00 2.490701066345653025e+00 6.168470177515148478e+00
2.030159633045108158e+00 6.128957723721590867e+00 2.983828876962086873e+00 6.069538541397892395e+00
5.931724531303947501e+00 6.167969437905168384e+00 5.765088690226475521e+00 6.158880477394422570e+00
1.410543345084755318e+00 3.806194484864629857e+00 4.271568076277999282e+00 4.139904468264476556e+00
3.998502690933127823e+00 1.455358546401251285e+00 2.078730562557578043e+00 4.569339822720357880e+00
5.813264782707953104e-01 6.036626208299479934e+00 1.201800232525923162e+00 1.434923728789939235e+00
4.638930407879450435e+00 3.240946900300675892e+00 6.163879239341737204e+00 3.969361486527356764e+00
1.147196190663844373e+00 5.932647304264672350e+00 2.118241077020350360e+00 2.625578444352458796e+00
5.804714200091050991e+00 1.379431036730880633e+00 4.202491978473286593e+00 3.176664174248190697e+00
2.821730034971045020e-01 4.764679799173021091e-01 9.874261827723758156e-01 3.838586906358793183e+00
8.100683092352838344e-01 4.288110360849569425e+00 2.249247260751533251e+00 1.564861186388795344e+00
2.063425463664163129e+00 6.226026205222092713e-01 5.842674476475116840e+00 2.739946587946837209e+00
1.777051542337441781e+00 1.585485657576070739e+00 5.945963693075356993e+00 2.234450960727359381e-01
4.233985064439058199e+00 8.463203596663053663e-01 7.295709229574056653e-01 3.577996217675181612e+00
1.093881505266532939e+00 3.124082808102863762e-01 3.110264940022256841e+00 1.639008088805299357e+00
7.333722310641413999e-01 2.954993779946983867e+00 5.841416577535188281e+00 2.495645571039803112e+00
3.144882368808011308e-01 4.242880173091034823e-01 5.063833824010259832e+00 3.170530004475034414e+00
4.051887066160930750e-01 3.436927345635342412e+00 5.483492472254234862e+00 5.062163024119430865e+00
6.021579666875525483e+00 1.015733433643417838e+00 1.979791092488370596e+00 4.492875275452973938e+00
5.178065571036693626e+00 1.326211062461498669e-01 2.969403280579133941e+00 6.024503535244091879e+00
5.414913702109084070e+00 5.236414991326244994e+00 2.607752202234288941e+00 2.821047788304096304e+00
5.152227389459445916e+00 2.662164654088789995e+00 5.942640317310721620e+00 1.760983213562885119e+00
5.544981566511599347e+00 2.536695965745978665e+00 3.309684270393118855e+00 3.764598173284847693e+00
5.848058034023247309e+00 5.826330412398901260e+00 2.163345689355764823e-01 1.855110819845839476e+00
1.770248282736267553e+00 3.007431421260902571e+00 9.304502492815514003e-01 3.712372187311153926e+00
2.968026778777850816e-01 1.871418060051809773e+00 5.539500337078343328e+00 2.994950746938530861e-02
6.104097419539051828e+00 6.216892132364277401e+00 3.936329561661756848e+00 4.615913401566754004e+00
1.744492377943077099e-01 4.027767700744714574e+00 2.959110764876723199e+00 6.246102712555670955e+00
4.749260551928496277e+00 8.757324914552127026e-01 2.054009697407334745e+00 3.943490918378056875e+00
2.551680413241713907e+00 3.341940669326324720e+00 6.031578557683096697e+00 5.165966202053489553e+00
4.116471282677124144e+00 6.629671735351490014e-01 9.615807776790848971e-01 5.965233976008291528e+00
3.806017218753951603e+00 3.989436147181163683e+00 3.494964758982030073e+00 3.795494401967343556e+00
1.513313694708889434e+00 2.729093573076419865e+00 2.911201880285499755e+00 4.191315468869304617e+00
6.124933951478602090e+00 4.284093120762435980e+00 2.516332525114977070e+00 4.537051900404970972e+00
5.780655592493651795e+00 3.343766362665657965e+00 3.333876952025370599e+00 2.068955324546021934e+00
9.185173279089959078e-03 1.359732686192871798e+00 3.137604220955663159e+00 1.366709038583816094e+00
4.629791999690960225e+00 6.248571533116626497e+00 3.297482602735323454e+00 4.849901181147262541e+00
5.937432159932023445e+00 1.742204626989277694e+00 4.895877814020227703e+00 6.010354804258749795e+00
4.539485774926061978e+00 6.146620060763442694e+00 2.672975221652936106e+00 3.688738944360468341e+00
5.557706973496819636e+00 4.499093400718443547e+00 3.595789865494699811e+00 3.979307435707591378e-01
5.181822975034152456e+00 5.517904353752080659e+00 3.080586238970038249e+00 5.240474963696109434e+00
4.199915941093480320e+00 5.518709977989636251e+00 1.513353510612330588e+00 2.346919254978160563e+00
1.218503042679213610e+00 2.826791295448377039e-01 4.091566536998279879e+00 1.753670700619438805e-01
2.160461094812749394e+00 1.347792148419304947e+00 5.078939675186873171e-01 4.442376671424684176e+00
4.924934443933680406e+00 4.565249209321307511e+00 5.378989722219156278e+00 2.961981188684406963e+00
1.612377334504660753e-01 3.605193061903113616e+00 5.578534611836394319e+00 5.701714727545612593e-01
4.525046743848710307e+00 5.586373192724161107e+00 1.367949659205798918e+00 1.498925848834352870e+00
3.257211451401091473e+00 3.207071164434846633e+00 3.150274724484516842e+00 2.915066153939594451e-01
1.338361496416681451e+00 4.662204546564411523e+00 6.239333718690188713e-01 1.085089481640448827e+00
5.781853111180133453e+00 3.884804837370809949e+00 3.882619173566248083e+00 3.356510616841492212e+00
9.728351383239530747e-01 4.279331612201693780e+00 6.579202979982924637e-02 2.369592918840311757e+00
1.707446891832833380e+00 9.479989666871724285e-01 4.065723306878179066e+00 2.849091670794127173e-01
2.495098677709753243e+00 6.193548649700910680e+00 4.797441424132252941e+00 5.261525541195525513e+00
4.761503074148428993e+00 2.650967525931364754e+00 5.394504726446144538e+00 5.041735985303534839e+00
4.096518306270500176e+00 6.098184631441093906e+00 4.593683898924589393e+00 5.501371049102145250e+00
1.461916306149629419e+00 3.444719572767747096e+00 4.920094820168326777e+00 3.527388228781631163e+00
2.616677737312152363e+00 3.650158300866641170e+00 3.964342273348160361e+00 3.186822810188108535e-01
1.641613007087947551e+00 4.581654126174098174e+00 1.717076070538714194e-01 1.892163914511059142e+00
9.960505663358387718e-01 5.758886507934533050e-01 5.802007145087043405e+00 3.422698572157950814e+00
5.989954394831883633e+00 7.257678291197560139e-01 5.726964003666084935e+00 6.699595579945329948e-01
5.898001036512750872e+00 2.669858163649114213e-01 5.051315627954624077e+00 1.800591654729108981e-01
5.745569581280837390e+00 3.061201386273114888e+00 2.575885075398015811e+00 5.945363494771322976e+00
1.347492776995628194e+00 5.410815145600347265e+00 7.687481950862126712e-02 3.592652461773993444e+00
3.283868251824916484e+00 1.659558394947772131e+00 5.008310821978361638e+00 5.545369175362547587e+00
2.181470360337516734e+00 2.253817669631609455e+00 5.382998572720214092e+00 4.170689485236370508e+00
3.051198843234743663e+00 3.937994133041265332e+00 4.301085247922955546e+00 1.118761074728933602e+00
5.221950874483878735e+00 4.309132223634278169e+00 1.032755807439704965e+00 1.118640362022101931e+00
6.499445828044903006e-01 5.441946065470165017e+00 2.738680613792107810e+00 2.283354894528156986e+00
3.438515007887335440e+00 1.050885820498066670e+00 2.237500083901163617e+00 1.571711803654970208e+00
2.463207408799942488e+00 1.088644952321369264e+00 1.837700944817859172e+00 5.516611194901894777e+00
7.467718316379675647e-01 1.355705562487548477e+00 2.818884202199757105e+00 2.122915255688191116e-01
6.155039711462019447e+00 5.118604160505554113e+00 3.251562260780290092e+00 6.079501280380550376e+00
5.879053224621684670e+00 4.441129004516731982e+00 2.631428008461099033e+00 4.544752191601787672e+00
4.659383454731579555e+00 6.250463325767523948e+00 2.616647623129053635e+00 1.398192918304263843e+00
2.989807652103006891e-02 3.304595212587564834e+00 1.267986906964147620e+00 6.270243675045175991e+00
2.004152888451741443e+00 3.412181704208727240e+00 4.116317987981458204e-01 8.832061720142437844e-01
1.913925010648462655e+00 5.440397952254757641e+00 5.120567421475015202e+00 4.468410111190275757e-01
1.201405530236724140e+00 9.623784304179440197e-01 5.502227568491795395e+00 4.915307329846784867e+00
6.077382909911293041e+00 4.714314891700869481e+00 6.019512178521578605e+00 1.151596256399406215e+00
7.245997298910127060e-02 4.129771916828836709e+00 2.023166541232263249e+00 5.454190190846347264e+00
4.343419341947792667e+00 3.777212494327730763e-01 4.678016649874328081e+00 3.760377329708737282e+00
4.885703380310355115e+00 3.653426076492625185e-01 4.362652229600678666e+00 1.704266709851495420e+00
4.884002249167718190e+00 3.408162850001119071e-01 3.574264395070899436e+00 8.125894947982831296e-01
2.017137027040111441e+00 1.226561562862789057e+00 5.760287230825014149e+00 2.724207181655913690e+00
5.015159624295377760e+00 4.494336997686854573e+00 1.834262596550352953e+00 1.412291931600905937e+00
4.272609485134316820e+00 3.224359441013205707e+00 4.269176632073538258e+00 5.155611572527905473e+00
3.782225903485469054e+00 4.333531658307909318e+00 5.823895031883270512e-01 3.700049994733657588e+00
5.434755294457228381e+00 3.189245272174897838e+00 3.211194520350544312e+00 4.600289361251866715e+00
4.400561294045909122e+00 1.500896275676227853e+00 1.139433542357296325e+00 2.029278425429481558e+00
4.428559627990247272e+00 5.302458146446807241e+00 1.156550621964975711e+00 4.602607899164234961e-02
5.760740368989229587e+00 3.421646431518802212e-01 5.565474834683747929e+00 3.499078454756755718e+00
3.059927444569108812e-01 4.543870130314740408e+00 3.156120741497642435e+00 5.803166330668802636e-02
4.319320202604767789e-01 2.428502046477200693e+00 2.417287152232475478e+00 4.409120770273540657e+00
5.230614827882981821e+00 3.010653077044221249e+00 3.593978319722226367e+00 1.343416016020744785e-01
3.842330379519995898e+00 1.347876667698271858e+00 5.618527999322735056e+00 3.523498147200501585e+00
2.489658373357876542e+00 3.017354736779356283e+00 4.987374428158703132e+00 5.612908733991120336e+00
2.102716615456964977e+00 6.212204160460657043e+00 5.468358360628790216e+00 4.973230897624020486e+00
1.827471618493566208e+00 2.413151397096942041e+00 2.317006002209628157e+00 2.094873467147544410e+00
5.089247759415276740e+00 1.509564710084937422e+00 6.864307297078684478e-01 1.240182001124502831e+00
3.358801774966898801e+00 2.064791296247217467e+00 7.194785083530408354e-01 2.042662928329396888e+00
1.505585643029100806e+00 6.057107183661910810e+00 2.346893811884459335e+00 3.490019697372900076e+00
4.371808599619899205e+00 3.292054534699412116e+00 1.169368850140728888e+00 5.577616100491480822e+00
2.258591465451032843e+00 3.077486374659527790e+00 3.863731464065923049e+00 4.106402566437043156e+00
5.293317146784255467e-01 3.478308056787541291e-01 3.226771959411558921e+00 8.601870483423622593e-01
2.394010763356237081e+00 3.495426725716276550e+00 3.795660251954852793e+00 2.128427693699766809e+00
5.955125567650767060e+00 5.159054346676187564e+00 3.529537892172828428e+00 5.510510478115089761e+00
6.132461275248380694e+00 1.710333565585631987e+00 4.383609603856933212e+00 7.635379957703465337e-01
6.236998472809820449e+00 4.469031286778546885e+00 6.220709308076433075e+00 6.266213440028820525e-01
3.136192502232844959e+00 1.860799174485596730e+00 3.232928849832114593e-01 2.803506970982120983e+00
1.914284926687263022e+00 5.274963729883859642e+00 4.067450164502439236e+00 6.119972658511634300e+00
4.025641144351856049e+00 4.472520968642236916e+00 6.246732665982356103e+00 6.216875043251468114e+00
8.821741074515109249e-01 5.484124567083345170e+00 4.734707625354343641e+00 7.693216137865468429e-01
1.801040655798364032e+00 2.628253865401480205e+00 6.051135846960343123e+00 2.696431865555524166e+00
8.756693819242808985e-01 1.608607306663530023e+00 2.115822475697785254e+00 5.818416520755618215e+00
1.154089555834822090e+00 4.728252128986370373e+00 2.662447979270331722e+00 1.197333291082876672e+00
8.900087801690714784e-01 4.950935290454736709e-02 5.246923784893264830e+00 1.882178072971151028e+00
5.435898541653496174e+00 8.196452321262677199e-01 6.148371005658940014e+00 5.356370295252463887e-01
3.858953075471545535e+00 3.182299637507329138e+00 4.482852816083837233e+00 5.609086812923830934e+00
3.398419531416867478e+00 1.922140215718425083e+00 1.681424893395679687e+00 3.970125688635055994e+00
1.662038222034184942e+00 5.558241335915542258e+00 1.449772309112511648e+00 5.393213413286267688e+00
2.243047832271353403e+00 5.625202361924129590e+00 2.320291172131054847e+00 2.724122107859028308e+00
9.512881393331501512e-01 4.338154592162318579e+00 5.012383643750152551e+00 5.408215062738572776e-01
3.022832677923481093e+00 2.362609908563377825e-01 5.099765798198870215e+00 5.631376174204109297e+00
4.485148126061677121e-01 3.769218145227050787e+00 6.517198410536242381e-01 5.416201363050500817e+00
5.033929370151066784e+00 3.300099908843631802e+00 5.558978598918881353e+00 1.691795697518339692e+00
2.664840620728787246e-01 9.516632343337360078e-01 5.719411692313434159e+00 5.121744264023061710e+00
4.394518848014686618e+00 4.732319285878930692e+00 3.683915243720205179e+00 5.187028818137867425e+00
2.934904458135020100e+00 3.595676256070595933e+00 8.615460673571044836e-01 5.786646756583859741e+00
5.185940944858854484e-01 2.900132724552495045e+00 3.540671652390112722e+00 1.091486557632075499e-01
6.145118243305195627e+00 4.324643945578129589e+00 1.341936108813513107e+00 1.700672979954616915e-01
1.087882754532401686e+00 5.125195887083398461e+00 4.680325078626508706e+00 5.435897109216221601e+00
5.189682955723004198e+00 9.776542049352806574e-01 5.741771356795326575e+00 4.644219034720931560e+00
2.620496257927338757e+00 6.059946413692091305e+00 1.966001718526291464e+00 3.470824787723665317e+00
3.061810479121990003e+00 5.309263591664715953e+00 2.982537326149278911e+00 3.996003461178728955e+00
4.970227158963083980e+00 1.580966607467810148e+00 6.201489455155479114e+00 5.236573722458699898e+00
2.940488488745452766e+00 5.142024173791807762e+00 3.733262550430048510e+00 2.932176134741871110e+00
1.028046587244442645e+00 4.025788425555599126e+00 3.375859188904934971e+00 2.067138512933780703e+00
5.840983944921100068e+00 5.305818712191000763e+00 5.103437429595431674e+00 5.534420848134194770e+00
3.215780130050083230e+00 6.249621953253132745e+00 4.397806196497263009e+00 2.734523586238152504e+00
3.460400766205440792e+00 1.792416028180191523e+00 2.393123735797654028e+00 4.890816525976016127e-01
4.977119546358833801e+00 5.585250137858864150e+00 8.388506154307656670e-01 6.138338485039119163e+00
1.202223787200939142e+00 1.116288733738133088e+00 3.902784995902818910e+00 3.374458888671335366e+00
4.069351096847757532e+00 2.303449580432266330e+00 5.763149388079916946e+00 3.588422446724857995e+00
2.481864446623181397e+00 5.622658110272161558e+00 3.620429899349265623e-01 5.967669454869565904e+00
5.875129029389890789e+00 5.072655401353701521e+00 1.835610359127890723e+00 2.802818418431279879e-01
9.329996891686854754e-01 8.807126953124205793e-01 3.979140346324130384e+00 1.319784848360453067e+00
4.094784885853934853e+00 6.129580154781354651e+00 1.604947433078867183e-02 6.252398409283832503e-01
5.126411919587785526e+00 8.355350108716505519e-02 2.844526453408480648e+00 3.723661217977634941e+00
1.542208426273329769e+00 7.175538477299526763e-01 3.298585749793168098e+00 4.995808467689547783e+00
1.671672817187319637e+00 3.943398483684394940e+00 2.279366727797278891e+00 1.221819648897660260e+00
4.253930790599198097e+00 4.889777874753060694e+00 5.502321439172998652e+00 1.530107185803420755e+00
3.373416734155812780e+00 2.718891853660292401e+00 4.772986519787127513e+00 3.786480660027985223e+00
2.932743470606500757e+00 5.468913387472093213e+00 1.608080558933280946e+00 5.531637621404584593e+00
5.504586825602161504e+00 2.020788773926719961e-01 1.998378461731339095e-01 1.113701019871899511e+00
2.060881482945089882e+00 4.954848259689265788e+00 6.027796689851847134e+00 4.704765653852287954e+00
2.385349054126810753e+00 8.156588980639007946e-01 5.447756308082684740e+00 1.071883625837562581e+00
3.948790456924307524e+00 4.195943686306185860e+00 3.863910028636178939e+00 5.110504568185305629e+00
9.660487821847959511e-01 6.094478524547515264e+00 4.756665025759326149e+00 3.997805632046127933e+00
8.099741524408158311e-01 8.466587422569318289e-01 1.329049157206292353e+00 5.642842469897175306e+00
5.235765866360865495e+00 2.688639348851655342e+00 4.661935766871523334e+00 6.175094388868836326e+00
6.033803099893206845e-01 3.954455027574462100e+00 1.558624670458892414e+00 2.265625105302517373e+00
3.805303580522691576e+00 3.564095242875601866e+00 4.177714833180076859e+00 1.521616711945126710e+00
1.383289903555452671e+00 2.336502296420411184e+00 4.574919049315487207e+00 3.972109079041827417e+00
2.678524759027340441e+00 4.332272869908970314e+00 5.888632636012087751e+00 3.591811775415514774e+00
6.048542979273037190e+00 2.997398805506136465e+00 5.400380336208755461e-01 4.378429036328959967e+00
3.777640801467485598e+00 4.192182119846413535e+00 4.170856275776187339e+00 1.127454716061967677e+00
2.952526211177062265e+00 5.768454458572874088e+00 4.494389669978994029e+00 8.076832604093392431e-01
4.364464360502029905e+00 2.623635463379420774e+00 3.837096473370947558e-02 3.270321515606056995e+00
5.673589133829034736e+00 3.750660670613606751e+00 1.382561965902947554e+00 3.168246911160264467e+00
4.715250549745879205e+00 1.949572061243396215e+00 1.944899824674463762e+00 4.943630011990729045e+00
4.320481855961670614e-03 5.832570532853122991e+00 4.160153210134942547e+00 2.007313705562328909e+00
5.139334868233835785e+00 4.288256387283178483e+00 9.938258785460963862e-01 3.911861772485847322e+00
4.558117574265472705e+00 2.562830940557681902e+00 5.156997271657203896e+00 4.656988264130655253e+00
3.292151649599022623e+00 2.755383816847919665e+00 3.211337876386756829e+00 6.064739064899463017e+00
3.428229684160795099e-01 2.193012378829813258e+00 4.011343460943063377e+00 6.132313317018861731e+00
4.772033902176082698e+00 6.927581480378964818e-01 1.660849234821468956e+00 1.164611948450697598e+00
3.573097641417751991e+00 4.551497836611680725e+00 4.094377247160924327e+00 6.274974628672704391e+00
5.372591741161277801e-01 2.184577253297179222e+00 5.611463585605668491e+00 5.629825474796729345e+00
2.512577558783398057e+00 4.843954379516080877e+00 3.425689542628503226e+00 5.903511784161158182e+00
5.193196185872098525e+00 5.428836043401420675e+00 1.502776983117191989e+00 1.465213219558320734e+00
3.621602485575983632e+00 4.920571266375340258e+00 5.120014063445911923e+00 3.153252440600686324e+00
1.611668287105999964e+00 2.244364999295972662e+00 5.629984421376671655e+00 4.435213719972465718e+00
2.995184241121414459e+00 1.555767723144051429e+00 5.281807574816095752e+00 5.615280515074012602e-01
3.812974742792792693e+00 5.207784146891238919e+00 3.449480272341596265e+00 1.054048758936520391e+00
2.368097415654724980e+00 3.860537903446651598e+00 2.677970969641178201e+00 1.280577661888379626e-01
4.171966601549130793e+00 5.675146525798370867e+00 5.220428282937080944e+00 9.730820162227259429e-01
5.446923772864024293e+00 3.457031033729873304e+00 5.219760386660116103e-01 1.712241933491104540e+00
3.701804689004194238e+00 5.821851589965179485e+00 5.964005739849178589e+00 3.384239108633617654e+00
4.973964277811576018e+00 1.976354604677604376e+00 6.393013739685193819e-01 4.123325704190680341e+00
5.671880216604897385e+00 5.880727597288516684e+00 6.067814977815950250e+00 2.344951000846618339e+00
6.019693202576555713e+00 4.019285477988039368e+00 3.965337261489845222e+00 5.956606583972598123e+00
4.891499535448486924e+00 5.390167226101102216e+00 3.443624061709957829e+00 5.800155390026382030e+00
4.459638730558523001e+00 4.239052536315977449e+00 1.227678401084647097e+00 2.916550382204983194e+00
1.577671028565606148e+00 4.293297444487595094e+00 1.356337512097695486e+00 4.745507298427035892e+00
1.229985609126138746e+00 2.837902160224794468e+00 1.218278084635536107e+00 3.067393856084537962e+00
6.638108604311422356e-01 2.222902728914528669e+00 8.059093272341973924e-01 2.457345314081826437e+00
1.757468989543192528e+00 4.055170651936597537e+00 2.890001211458799180e+00 3.594501081758618710e+00
3.095912429688060796e-01 4.659398520612070271e+00 4.041838298457879119e+00 2.457958691363715809e-01
1.256443416918352041e+00 2.752472528619393177e+00 4.677740392734182073e+00 3.633170954662891527e-01
1.663044826464090908e+00 1.546441019558303598e+00 3.723657976344072029e+00 1.637604937271481376e+00
6.972082240970941223e-04 1.491455398715080038e+00 2.306644271468217156e+00 6.218096920828282137e+00
2.574977768059703909e+00 5.501918602724524376e+00 4.744075137246056784e+00 3.388782206217692661e+00
4.991363378117126715e+00 1.437120267374374594e+00 1.786798116908012712e+00 5.876741187631778773e-01
3.851911792822401370e+00 5.466192216480085797e+00 1.253618593990766215e-02 2.377732453527250822e+00
2.785382129628396708e+00 1.933695155346341954e+00 5.148376586698470980e+00 9.182556651015890692e-01
3.339118823741802800e+00 2.075460807732513402e+00 2.250770222137315812e+00 5.793604177304031211e+00
1.921814571577597830e+00 5.288564500301611737e+00 3.137476390753233257e+00 5.831833287631329021e+00
3.835323592502541956e+00 3.618937742477597919e+00 5.213561914776840389e+00 9.382593896680915257e-01
1.270799682073471049e+00 5.404922032471830562e-01 3.297955247844572391e+00 2.462201820872993885e+00
2.653332871785037739e+00 2.819139409785088368e+00 6.237124385534850823e+00 5.871188102032737888e+00
4.344985996875773360e+00 2.732725608849374765e+00 3.286306528636261604e+00 3.792843043720521279e-01
4.226235719556422410e+00 4.005090423083999873e+00 2.829464710240938263e+00 1.817952330527841553e+00
1.369988675507007647e+00 1.495209597070560115e+00 4.532073436704799008e+00 2.454206253618622657e+00
2.773941852963160315e+00 2.725492421802373055e+00 6.089473538996680313e-01 5.644253780186914149e+00
3.892174315032761012e+00 2.981068047847821312e+00 2.643741826515194626e-01 2.198871467468120969e-02
1.426526633170794645e+00 3.038871527417815077e+00 1.738036864495537293e+00 4.039775297881062599e+00
1.576253395516873601e+00 3.196254512078198662e+00 4.454740430951225960e+00 1.601655873367959226e-01
5.140354218220499760e+00 3.340364580974656050e+00 2.953813620997773615e-02 1.757691734823496388e+00
6.090186964366793854e-01 1.086776383195161566e+00 3.771756978134525040e-01 1.288430747377319552e+00
1.209857373185599716e+00 4.720870195206224196e+00 3.371975060324711837e+00 4.788541701690954611e+00
4.107094306948334328e+00 4.444990252719437152e+00 4.736497305155375592e+00 5.103954455595830275e+00
3.478537645623706709e+00 4.311236126077814035e+00 1.825625757902618274e+00 5.138585946775557911e-01
1.057907808266303373e+00 4.269768997742720451e+00 3.155183119815170301e+00 3.964105790745717228e-01
4.484986221735612233e+00 4.161176140425869363e+00 2.860866620445291719e+00 4.149212728054929578e+00
9.358588314182119117e-01 3.001202568882186394e+00 1.384324134874253653e+00 1.001059638875472668e+00
2.456107342199798982e+00 9.725935237252996135e-01 1.859304000347982821e+00 1.446427921066359090e+00
5.071207091772875764e+00 4.485746356286812730e-01 2.203327641416220395e+00 1.891851900518104035e+00
4.583892737411809470e+00 3.309680369570771052e+00 3.814698984893341471e+00 3.852991463262050775e+00
2.281735834306050759e+00 3.334768116119956272e+00 4.081969861691121970e+00 4.927674273531795990e+00
5.879546627850418261e+00 7.723657107915631315e-01 5.920326007343541086e+00 4.266287880546309808e+00
5.097982255458360257e+00 4.794794636888106254e+00 3.151227065072501610e+00 1.992010885511326990e+00
5.430963653474733199e+00 5.239236706223407758e+00 5.193153684425610095e+00 7.714209211644897923e-01
2.736397127379534666e+00 1.962545213635037644e+00 6.014200616939487709e+00 6.075994335015026948e+00
4.884658757011939301e+00 3.910948600622510707e+00 8.507764444176934004e-01 2.907379914523517961e+00
3.974390488233508822e+00 1.763501089406749767e+00 5.226077079284682014e+00 4.271550233200271052e+00
5.551650957484525861e+00 5.641174639433809368e+00 5.576033866092063640e+00 1.362354231046236430e+00
3.623944630705175030e+00 1.325791535321749315e+00 5.093688645526552428e+00 6.029154154150729639e+00
4.998646162939685555e-01 7.679915201132048175e-01 1.951731957497473635e+00 6.076688780200957929e+00
4.480478100428824995e+00 5.258433442038477068e-01 2.727846108264715852e+00 2.671483385728152360e+00
8.976482416434078404e-01 3.020984159799508184e+00 6.056664020455944097e+00 1.991872766978333820e+00
5.183544835891114033e-01 3.479694662853905385e+00 4.241116453912166406e+00 1.978302308911535690e+00
1.717457415298393020e+00 5.057082193687441496e+00 1.713802906550181415e+00 2.982175325782777442e+00
5.696308737812675993e+00 2.207519413308977274e+00 2.748701098350283090e+00 5.690736129191335202e+00
3.958804418678363302e+00 4.670484588030634931e+00 4.925580949850213663e+00 8.462173976300093603e-01
2.743030431138950398e+00 6.692869521577058389e-01 8.005879648330018750e-01 1.268911815772050256e+00
3.164914529755148642e+00 2.054353819594116004e+00 4.081878319654951959e+00 2.953360717117777590e+00
8.048381447280453793e-01 5.116857741775791446e+00 5.597143808868652037e+00 6.196178267773825299e-01
4.571599374644531366e+00 3.270910245384724746e+00 4.929605235530702068e+00 7.213055971995304683e-01
3.607302928033286005e+00 5.338079920654729804e+00 1.268535229776791562e+00 4.804304172366833825e+00
6.838033069969987610e-01 6.211625879659944616e+00 5.666735388238073767e+00 4.962110078022120341e+00
4.513439745560495986e+00 4.891725155132424341e+00 3.556185226087765106e+00 9.664523545694809759e-01
3.009784971345459414e+00 6.170470488033381606e+00 1.322227322255800086e+00 2.175638692213580416e+00
7.112743553560071375e-01 4.621284534966231483e+00 2.378740528146840560e+00 2.643228272631233722e+00
3.009809742864928417e+00 5.689176190142427814e+00 4.468672789950730362e+00 5.510631130357002583e+00
2.875425956021921969e+00 1.450197209287637512e-01 1.308048077363562101e+00 3.864102939696881567e+00
5.569303540219942228e+00 5.169359991716824254e+00 3.798083284707420293e-01 8.361070257496803215e-01
2.089314777561310343e+00 7.827888795157824653e-01 5.469419525831940021e+00 2.550571453041091008e+00
2.539292637976061418e+00 4.760865867926441730e+00 3.274059833814851217e+00 3.518753277556892378e+00
2.367929963190929410e+00 3.325103394797271239e+00 2.856006460609477493e+00 1.284439822041806734e+00
1.007524423291092708e+00 2.472926655830681941e+00 5.683967785039348186e+00 2.070512551117279276e+00
2.955104359594368013e+00 1.975523385797748110e+00 3.872762951988116154e+00 5.281948404676764852e+00
1.134092722562840549e+00 1.155775467844633919e+00 6.004388509015329056e+00 4.699707746555783494e+00
3.839676182816385008e+00 1.212090661796803914e+00 4.904523124576960491e+00 4.900461924748142017e+00
4.017322482697805341e+00 2.415384319642826405e+00 2.956472241971249471e+00 1.865748391940865281e+00
4.502564963528024933e+00 2.019919207091094571e-01 4.798031824289756386e+00 3.975693284494197677e+00
1.098993119494184434e+00 1.657521879054722147e+00 1.419856127543203339e+00 2.225662293328217523e+00
5.116317060294466312e-01 4.124940787964543887e+00 3.685870800468780961e-02 3.429480687170193054e+00
6.267672084286830980e+00 3.852725594059369207e+00 1.005802365542098453e+00 4.504397273035912086e+00
3.000482886907161362e+00 4.080159022260584578e+00 3.365927094832783961e+00 2.445861103657347435e+00
5.162364820944788768e+00 3.529635806672883902e+00 8.400126301351915625e-01 1.831822912093710620e+00
3.253183305312732809e+00 5.605125035435711389e+00 5.634313107931204989e+00 4.210884072900001662e+00
5.256756406913332569e+00 8.065532721835332319e-01 1.627301824515707374e+00 3.118995073648898941e+00
1.450513675995075413e+00 3.154562873308688342e+00 4.975399452508095344e+00 1.956025687199095309e+00
5.072095732557782011e-01 2.873545514803191203e+00 1.841714810155797633e+00 5.480255321413824987e+00
5.274493257608501295e+00 5.171124046718416079e-01 3.974634342668067255e+00 9.598613533657046615e-01
6.125332858458550689e+00 3.155322542728286273e+00 2.690035983201998770e-01 3.765850393105329985e+00
4.287202157518917645e+00 1.848594430535509536e+00 2.912586580999821262e+00 1.442708297173505017e+00
1.507158838463508621e+00 1.890981998465728786e+00 3.223176383896143582e-01 2.611250329404372739e+00
2.217800335950959933e+00 3.751918740258409990e+00 5.949887037672405121e+00 1.008689919133741730e+00
3.839115461745951308e+00 3.927361926270763082e+00 1.540986736757222197e-01 2.544309543875183710e+00
4.835773519530369491e+00 4.220531693944164608e+00 1.975390692170322371e+00 4.580701055232946572e+00
4.868755902212018150e+00 3.429643466002262997e+00 6.128246635220680361e+00 9.542715490982408566e-01
2.695376511893758043e+00 1.485477877963974125e+00 5.396990972900724159e+00 6.541852512483730120e-01
3.106009910243168637e+00 3.101303785253453071e+00 6.132823239554159755e+00 1.348219222923506155e+00
2.791984073847728620e+00 9.405528600916008841e-01 1.648034912642788674e+00 4.685118775534519386e+00
1.659881910673725924e+00 3.039886639278130964e+00 1.406903556200792105e+00 1.381044629608792373e+00
6.172695408685314078e+00 2.341915780667218616e+00 6.464711539621533776e-01 5.497192544466753539e+00
4.942960972109386120e+00 5.224719418107363289e+00 4.394018660346822869e-01 4.991043638540767269e+00
3.415374437012758779e+00 2.556212284446379712e+00 2.547600188857565673e+00 5.021887218727399294e+00
1.896926099037855584e+00 5.372052571606483973e+00 5.762978664300492326e+00 5.288162739393980072e-01
1.699653787153993179e+00 5.550217401480155743e+00 1.721125534514825528e+00 6.006173404045068942e+00
2.973654223124249096e+00 4.956859698935367931e+00 1.346015517363840397e+00 4.156351894420787119e+00
6.207960143954249332e+00 4.564579084019250388e+00 3.521453422410885103e+00 3.422476405576360126e+00
4.653458383112286434e+00 3.972629782890318317e+00 5.516183486487884480e+00 5.318272425255090141e+00
3.759794722535807932e+00 1.111820511221460306e+00 4.975405350121534731e+00 5.022959891691906265e+00
2.844450464592792382e+00 2.790971644323883449e+00 5.347160422621568543e+00 1.027327803980490201e-01
3.188886175012405344e-01 6.601562642142049242e-01 2.124021935034014208e-01 3.912846853238460820e+00
1.043246993722600324e+00 3.784027926078198156e+00 9.172108653558113112e-01 5.711177679766358040e+00
5.605886961390075029e+00 5.677138395869496534e+00 3.902234211478693648e+00 3.430241841985475659e+00
5.502778710139525131e+00 4.223367501102118560e+00 5.132963739528063618e-01 5.330881729764717747e+00
5.395949665142680374e+00 4.947867903682559465e+00 1.857197815174495226e+00 2.553497903268965308e-01
4.094673759852821782e+00 1.131835394872849676e+00 5.446166193794620192e+00 3.599927365300661375e+00
4.087515124632100871e+00 2.837056686525885052e+00 1.723887255387614781e+00 3.729600577029072550e+00
1.654737352636465264e+00 4.773591405288993172e+00 2.111094460109836479e+00 2.195004605989745894e+00
3.856525295531776365e+00 4.219202681693175805e+00 3.025175027999361888e+00 3.664090178942401854e-01
2.115408360465634630e+00 3.672046212942668753e+00 2.675851021838395738e+00 1.414697593795815500e+00
6.064069815605742875e+00 1.385097222257464011e+00 5.780709733235430470e+00 3.667677629855106147e+00
1.171794766944346478e+00 4.247211950580231488e+00 4.558465463658565753e+00 3.706310483547204715e+00
3.959129444008667953e+00 4.287473853098862087e+00 1.046069217701058207e+00 1.419483773911847657e-01
3.559464890728906372e+00 1.193028417984299372e+00 5.745517456003351064e+00 2.046459116939995937e+00
5.101226610956411278e+00 3.084529771512241059e-01 5.666241673037733406e+00 4.624624227970117296e+00
2.824519208697700901e+00 5.556400939539187789e+00 2.059705956224650247e+00 3.670780667222829585e+00
2.416519819194551832e+00 1.810796112239557720e+00 2.889983121249013021e+00 3.858112031813503151e+00
1.210560398210879463e+00 4.039156258703102687e+00 3.868810215719092671e+00 5.948891110735952559e+00
3.760168076752856692e+00 3.161326008651327846e-01 5.628625658986353697e-01 6.178469026875647252e+00
3.076052368728320996e+00 6.185762012082658856e+00 3.660910516157376726e+00 2.941570403392802291e+00
2.379429297423646616e+00 4.103029808658522626e+00 5.127156512832718782e+00 4.691247459341203463e-01
3.519834411664057416e+00 5.625812992807905921e+00 4.511090531634571299e+00 5.262798531211779540e+00
1.253932530715385685e+00 4.995242457652279811e+00 5.749074278923370640e-01 3.822059005633497708e-02
1.283315752508633834e+00 2.120502230144942324e+00 5.517783525809152323e+00 3.190028239296567314e+00
1.852568669994118400e+00 3.294571496484698936e-01 3.693649558920339970e+00 5.191552632176536619e+00
5.480980281318126757e+00 3.296359786728650376e-01 4.495755563490734019e+00 4.107428413871637929e+00
1.586453112471533311e+00 1.119121390153856588e+00 4.517202293491132892e+00 1.241630079942880993e+00
2.817314404961662966e+00 3.858400712350186001e+00 6.841157309903578287e-01 5.180686459701893121e+00
3.586797483015788490e+00 9.175942454810888105e-01 8.985202115554026259e-01 6.032071712653947593e+00
3.416489181748993076e+00 4.293402093809667086e+00 2.213697922379632921e+00 5.184830802266636951e+00
3.990595614830785731e+00 1.730636670935183086e-01 5.291660498995097939e+00 1.630606471399284330e-01
2.245435662221026085e+00 5.958461181758478276e+00 5.780844791716321929e+00 3.786574000414781427e+00
5.011839521478359316e+00 3.502264970460481130e+00 5.186037853989432511e-01 3.777394547418725601e+00
3.974229113707126171e+00 9.254245423040020624e-01 6.068195557003620344e+00 8.937793479169926503e-01
4.523518394422633371e+00 3.610880731587438941e+00 1.656017217997758362e+00 3.959069112895876597e+00
1.627605575081788603e+00 7.537255721819854370e-01 5.478015309778456299e+00 1.376594354825355193e+00
1.405690185215956456e-01 4.329095059945347601e-01 7.527461083155134736e-01 1.974775547560644551e+00
1.150590201510018451e+00 2.683449399771107746e+00 9.013084589773882882e-02 2.215003352228002598e+00
2.374292833464065389e+00 3.491928951774649903e+00 5.007577132918813234e+00 1.249837558138732430e+00
3.110780895866959384e+00 1.995528589085659776e+00 7.165234314740696886e-02 5.473799328817445797e+00
4.093086103171482470e+00 3.421791034299066059e+00 4.540933377523927450e-01 1.832847555582432619e+00
1.915885943308363482e+00 5.251743097838208918e+00 3.312568528598393680e+00 2.073754543906374703e+00
3.282372169622707503e+00 4.145058333418130125e+00 2.450299645589572251e+00 1.517954265239256362e+00
1.632569335581863790e-01 8.460828024597109032e-01 3.218513531297588770e+00 1.490755945482737932e+00
1.748620030845971396e+00 5.369504830168550846e+00 2.292405812530891041e+00 5.357941020934097187e-01
5.420746596311016852e+00 4.035209365836807116e+00 1.859309380495107966e+00 3.772004024614483253e+00
1.226001039522061520e+00 3.100467434448815229e+00 2.637811333550378334e-01 3.022348831341433062e+00
5.409789114082717454e+00 1.939242649920633665e+00 9.466684464953247780e-01 8.301369200579249430e-01
1.905961524854986155e+00 1.440666766143889221e+00 4.072156301802700717e+00 9.340013420519504006e-01
2.895556932805028794e+00 3.896464900787881103e+00 5.552234679595110300e+00 1.840540174193876277e+00
5.974176311792326999e+00 2.089548717378446607e+00 5.275360487925226494e+00 4.364914035414647842e+00
2.435408347498628334e+00 4.669315245639801937e+00 2.019937768446594450e+00 4.123121883424211376e+00
5.531309533927463384e+00 4.228285612061249310e+00 5.862762405265388388e+00 1.235044819394630178e+00
1.932804266618370681e+00 5.701711735347553933e+00 3.777866788571513923e-01 3.962064876308764472e+00
5.027598104091030251e+00 3.640728442992973157e+00 2.957009445462048802e+00 6.275222329747784933e+00
2.731060460347956464e+00 5.256577775129025465e-01 1.613200764150462430e+00 3.961238522578804044e+00
3.890453561915528657e-02 1.348249611524729108e+00 6.164708589817651685e+00 5.583963820367210396e+00
9.192737552136760470e-01 3.106267403182306541e+00 5.965095661826167017e+00 6.342790681133141373e-01
3.778704423502828313e-01 3.764053800790884363e+00 1.578681916619936842e+00 4.603208774002510495e+00
2.440703826640501159e-02 3.815218120741308283e+00 5.720829750182790718e+00 5.872391536720694027e+00
1.387103513479987837e+00 4.918088815291296712e+00 4.173254440595284720e+00 4.910897434861893451e+00
1.494936316294304124e+00 3.177116056446495307e+00 2.444552776832453755e+00 1.258626050379804573e+00
5.626870137976723640e+00 6.119758971816819049e+00 4.815735670101049415e+00 5.613346303916510571e+00
1.577765324098450828e+00 2.445020971637587248e+00 1.492882093964830459e-01 3.125964534998974198e+00
2.480424751157478624e+00 2.791355537651450724e+00 3.996415912186133124e-01 4.844768858207673112e+00
3.574074032320178507e+00 3.713468506610707598e-01 5.583772923910029107e+00 6.300790418149571082e-01
4.216300596635156772e+00 6.049654905965144103e+00 4.086945326878153040e+00 2.015515996052900327e+00
1.384218665020386485e+00 4.941823628772197274e+00 3.745892678832395184e+00 1.874753625711856886e+00
5.251408790196386178e+00 4.754199696483355275e+00 9.197329873354215257e-01 2.055812952066538579e-01
1.686614898332777335e+00 6.069250758595700290e+00 9.871880285416153589e-01 5.530048977684174361e+00
4.999472465418593359e+00 1.759303831598816759e+00 4.792608652053375273e+00 1.650546923686168066e+00
4.270152528872316111e+00 1.721848465807565898e+00 1.842353085507007604e+00 4.029618926457896322e+00
7.140394331916707360e-01 5.185966974448967370e+00 2.543099038670120215e+00 3.875190913804098969e+00
6.269663020384141028e+00 3.203229456800639419e+00 3.750022516585133747e+00 5.551981961162941737e+00
3.643679406246526753e+00 2.299042149279182823e+00 4.190697819172675587e+00 2.976535201461677493e-01
1.582625736308417075e+00 6.243202637565995694e+00 6.108662346470840276e+00 1.755299663819906986e+00
8.757436605730203327e-01 4.030252357072016678e-01 1.910384046863047969e+00 6.047868811120705068e+00
4.100433126913663351e+00 2.803430840112929090e+00 3.472972433583325635e+00 3.523694849066731472e+00
2.015901032638108603e+00 2.653632098984032517e+00 6.041384725528925692e+00 4.076591222413989968e+00
5.471462856899076854e+00 3.474964639528695387e-01 9.469071149860769365e-01 3.948939509888813149e+00
2.393860162605113917e+00 4.804861084650272396e+00 4.878219088321209540e+00 3.370745413583787542e+00
3.159178326180060559e+00 2.541514635418554491e+00 3.371918950332227771e-01 1.166940952684512700e+00
5.298951282244432903e+00 2.916892677275721546e+00 3.187234699598860743e+00 3.711904124669411775e+00
4.510270045114326720e+00 6.142223772729979991e-01 1.042439492016991182e-01 4.707050498444036446e-01
2.948740439916554656e+00 1.145578846128301465e-01 8.505720736130663318e-02 3.529500177993190047e+00
1.577492891361851335e+00 2.648799937569642271e+00 3.038814080847241694e+00 3.612156492899952553e+00
4.610383604139024705e+00 5.065438609229781619e+00 6.528253762529065973e-01 1.726084411976504196e+00
3.663774878478046393e+00 3.873338080959075336e-02 5.299437918549818605e+00 3.711737057000118689e+00
3.193145383834086748e-01 4.003335337549450479e+00 1.063254934107952909e+00 2.613273280857204117e+00
4.918775816623219832e+00 4.533239161306877207e+00 5.976039006460333702e+00 3.794380303064087911e+00
5.187817387656023627e+00 1.757617350228033670e+00 3.785434044712398638e+00 2.103417379126194753e+00
1.075412454422461916e+00 4.380811715138697160e+00 3.933883817210966249e+00 2.679923783767034884e+00
5.245487087970904128e+00 5.684461311238686143e+00 2.022539607050901633e+00 1.891926747189300650e+00
2.185264687882551460e+00 2.786021079128651046e+00 2.025916566841340138e+00 1.294274782308282523e+00
4.073412211475064382e+00 2.344450790245209415e+00 6.044742572601269348e-01 5.652155466277785756e+00
5.424667221697759167e+00 2.013944124728452412e+00 4.026223439843242602e+00 2.284096966887353197e+00
5.857495015736150279e+00 4.242694742191171819e+00 3.451488517576878357e-01 2.879221170840193800e+00
5.749649701920885647e+00 2.777778889366250503e+00 1.229522153605956403e+00 2.450600067262435733e+00
1.517910177250659798e+00 5.398151553322394491e+00 3.829037246126806071e+00 3.024358219323867392e+00
5.033379034054310530e+00 2.777197872841437931e+00 3.321090350073062858e+00 6.223937125273672599e+00
9.220672635795702510e-01 5.623394614387994928e+00 5.624975765842147091e+00 5.647022495370798145e-01
4.183486906476110434e+00 5.445312361444898386e+00 4.283603209756416952e+00 3.833186961512255131e+00
5.198907295496811187e+00 3.702840470968550957e+00 5.242847134198922454e+00 5.763110576808135654e+00
3.406006291923619145e+00 3.315597099392649127e+00 3.374934949195563388e-02 4.223706573317686619e+00
4.484626759449334088e+00 1.802997338426881369e+00 3.735854888134323648e+00 3.699481235271945945e+00
3.945030607184328186e+00 3.139543738013349294e+00 4.757039681790127261e+00 2.266955342651916894e+00
2.559855981189870899e+00 5.743438742634923599e+00 1.217175760478887536e+00 9.540442454283399876e-01
1.154287618038533747e+00 4.444248588993372273e+00 2.154382528403905095e+00 2.598173843890768109e-01
3.556779893623926991e+00 5.007557205159313130e-01 5.414372890638519564e+00 3.935288113469294635e-01
1.717430049902320954e-01 1.725456665113819232e+00 6.265583095729292396e+00 3.044888528645065762e+00
1.549109295875855663e+00 3.712376985442618071e+00 6.123743242472312609e+00 1.642426540231371579e+00
4.650632960819187645e+00 1.797091949779016762e+00 1.731677248668845648e+00 4.167383341055758805e+00
3.703754352530085558e+00 5.118683029015858033e+00 4.404984906433837999e+00 3.679611331053424195e+00
5.318180180671829405e+00 4.123309354668875493e+00 1.768634321082806493e-01 5.254417598283554369e+00
1.303407964360899784e+00 6.274601890329122966e+00 3.434439228802153021e+00 1.943751344896988753e+00
5.257214987575118847e+00 1.672776824576430066e+00 3.681588550437049356e+00 3.372531630316138451e-01
1.939683213234026926e+00 3.871224621563536861e+00 2.144144552743445065e+00 1.715605791101807664e+00
4.940625798107332933e+00 3.381636093480123062e+00 7.787277155172728227e-01 1.229454842128123060e+00
1.795727734964473132e+00 4.031271214279197324e+00 5.792333162709361716e+00 3.832424885602113029e+00
5.638296258605588029e+00 4.249066429143628199e+00 5.647582323993192155e+00 6.041298748914714523e+00
6.145989220893915972e-01 2.334861175850147796e-01 4.408476693569043370e+00 5.979286037713954727e+00
5.563642022533488607e+00 5.054195170432922879e+00 5.641019238150164483e+00 1.633376969059657569e+00
4.869539351318980636e+00 1.934629792891446209e+00 5.657807799230481827e+00 1.149940674312903033e+00
1.959511083858714864e+00 5.654459441209723991e+00 4.940078144310283470e+00 6.982784142698027496e-01
5.523971083976098484e+00 4.918337544208523759e+00 1.353413178484865531e+00 5.503513433331749027e+00
3.158347708220623939e+00 5.645381752286728894e-01 2.573887963033441029e+00 4.090813784608892334e+00
6.755640284488754199e-01 4.982095281463014835e+00 1.195452926261640236e+00 1.764103562435692885e+00
1.864706204142639878e+00 3.187636237371289649e+00 1.882198226816783615e+00 6.022414125343597213e+00
8.657744137208711610e-01 5.213094654682248752e+00 4.798298951279189595e+00 5.070019725024070389e+00
5.516393916397949404e+00 2.388248127669371446e+00 2.146115618442992812e+00 1.761891865912070143e+00
5.361780126609816399e+00 4.347529999875644258e+00 2.633246808752865320e+00 5.765086571481672806e+00
4.616368327066507682e+00 5.850819595446448140e+00 4.527892966528430208e+00 6.263306437251564773e+00
5.469896267280902613e+00 5.194982524770842325e+00 4.477557794979492023e+00 7.922632075156609277e-01
7.775511814569477931e-01 5.339011782462088185e+00 2.308008418751323454e+00 3.212670244872644076e+00
2.299513995185304083e+00 4.182114281815780821e+00 3.118935375246655983e+00 4.205813686369984872e+00
1.003981990258629553e+00 3.720286942950462805e+00 5.399692070766660912e+00 6.110464631033634575e+00
5.733987349306325143e+00 1.281126750210495269e+00 5.493274078491529266e+00 8.636916071143942997e-01
5.415469774692454052e+00 2.698483339948849924e+00 2.749306509545677901e+00 5.844494406563824906e-01
5.797894552054400741e+00 4.021315128948703688e+00 5.625535094966821470e-01 5.477649545469778225e+00
5.209558709583916425e+00 8.359195080771347763e-01 4.051274576755377055e+00 4.726481642288415941e+00
2.434399972422736980e+00 5.113842684544919415e+00 8.118929681891510208e-01 5.589373549903776661e-01
2.133393521949666471e+00 2.322733737130759035e+00 2.837436170099414401e+00 4.561136909892336000e+00
1.490320003542812799e+00 3.087734272424226045e+00 2.385116969519315955e+00 3.314586339046433405e+00
4.773472087550183929e+00 9.882528819254154939e-01 3.440729192425102223e+00 4.065177841517409796e+00
2.282511958528381957e+00 5.753794694330299997e+00 5.647439269863069100e+00 6.191267981945901333e+00
2.757085061094613820e+00 3.430088991630918294e+00 1.662079555756575511e+00 1.654538237842227977e-01
4.442311296274214172e+00 3.978184443704635420e+00 1.297637868088211910e+00 4.076640089238266818e+00
3.430737271168987856e+00 1.049187071999226006e+00 5.910740830338862217e+00 1.547306500156398590e+00
3.449544364318410383e-01 3.532338889294638129e+00 1.548987551540634278e-01 4.253272933778523779e+00
1.063724252095879647e-01 6.763922158015335251e-01 5.765413665809938415e+00 1.833324947301484320e+00
5.653090529703279188e+00 1.806195364138851178e-01 1.772394595674833040e+00 9.761444103378805748e-01
8.539373234598329754e-01 4.750696849696078305e-01 5.424031769029880046e+00 5.160593485271339986e+00
5.429499107434195615e+00 3.942995778518812333e+00 3.182687917090012863e+00 3.295208592218801247e+00
1.986631686526862062e+00 5.947238214388700150e+00 2.851924004351930275e+00 6.760980800422429493e-02
5.069254647877199371e-01 1.087265146295030016e+00 5.364365799961339221e+00 4.531657752678897033e+00
2.464347440188383587e+00 3.795786814266579601e+00 2.860432519626452397e+00 5.496972753240270571e+00
5.814142176952129759e+00 3.663858876918617558e+00 4.273259176008718185e+00 5.532620617260167073e+00
2.225700948428916970e+00 6.219856793725491606e+00 1.613686336733547888e+00 3.322608442894952940e+00
4.503963567329312134e+00 4.809408100728752800e+00 3.418322032674528277e+00 5.757850227981215596e+00
4.933742812763892260e+00 1.123913902390100583e+00 5.933519354597685869e+00 5.952661044363873444e+00
4.640394039583117802e+00 6.089963947028936175e+00 3.710255810298269896e+00 4.849486907293580451e+00
4.219863918633004474e+00 5.710724476458835852e+00 6.085286812679424173e+00 5.395642731340185350e+00
1.390149544515471458e+00 5.496365584801404802e-01 2.934327695347732856e+00 5.788065789541772865e+00
1.243029386277729520e+00 3.428910628764884283e+00 5.710868381839837582e+00 6.586813700434794860e-01
1.683282641519626477e+00 2.045546122092336994e+00 3.922082741229314884e+00 6.009079084973617313e+00
2.885996925180396300e+00 5.288352962131174451e+00 1.907995045884365026e-01 3.958627535183910862e+00
9.225595309910149533e-01 4.502292992079476086e+00 1.065434697626550076e+00 2.327333039451578323e+00
3.307396362015857516e+00 7.659671313380136404e-01 2.741063956994950868e+00 3.868595889407930866e+00
6.276792852928707589e+00 8.573199808485839624e-01 3.535135873050118338e+00 1.302930693444154908e+00
4.538284885347758646e+00 4.203953690784953068e+00 1.533787806040799229e+00 4.080979733733371084e+00
6.280468257071859739e+00 5.297206731988103323e-01 5.719450944996737007e+00 4.944853534862253319e+00
4.353825334853703488e+00 7.348617778852553073e-01 5.903823944836517512e+00 4.144235113848330876e+00
3.423664973708387294e+00 2.125447933612063522e+00 3.439943790051102290e+00 5.237608288930651668e+00
6.056978461036996997e+00 8.193324626874676220e-01 1.786029838555025062e+00 2.483508832453349857e+00
1.440932418300200135e+00 2.066436956963376037e+00 1.811709050317045655e+00 2.041683975689209340e+00
6.013429320022614988e+00 2.593610765078429026e+00 1.013500056798837479e+00 8.211747274392015017e-01
4.183331511166231031e+00 2.441766026940590972e+00 3.339250537685245490e+00 3.073862601508132730e-01
1.326730475170200485e+00 5.128779756954614300e+00 5.611453592499541010e+00 1.378449838294679930e+00
3.914856325481515520e-01 4.119652154996005677e+00 3.928826508524944305e+00 3.618530960388520512e+00
3.372908799319418449e+00 3.108445336021206984e+00 1.846436159950015421e+00 4.898524575980412799e+00
6.071096547117056375e+00 3.639677625891302171e+00 2.898835177548816366e-01 6.196204850803932018e+00
5.600247612806022346e+00 5.539670544417870879e+00 2.256745386841501944e+00 2.554977898448067997e+00
5.293102430519142310e+00 1.653615856227381720e+00 2.457267145480972470e+00 3.699151494047256961e+00
4.831769524477761202e+00 5.579617294898666202e+00 6.232881118696996126e+00 4.918200391646290193e+00
