-1.884953942894935608e+01
-1.890356698632240295e+01
-1.888764373958110809e+01
-1.886843009293079376e+01
-1.884966856241226196e+01
-1.888194435834884644e+01
-1.890389668941497803e+01
-1.887672497332096100e+01
-1.874628476798534393e+01
-1.891018073260784149e+01
-1.888907457888126373e+01
-1.886928710341453552e+01
-1.891236957907676697e+01
-1.888342556357383728e+01
-1.882349103689193726e+01
-1.884686467051506042e+01
-1.887149730324745178e+01
-1.889775907993316650e+01
-1.885575865209102631e+01
-1.885277068614959717e+01
-1.884936742484569550e+01
-1.892670612037181854e+01
-1.883701223134994507e+01
-1.885380187630653381e+01
-1.884942884743213654e+01
-1.886417046189308167e+01
-1.889581012725830078e+01
-1.885286056995391846e+01
-1.885940191149711609e+01
-1.885484260320663452e+01
-1.888080376386642456e+01
-1.885636886954307556e+01
-1.883952417969703674e+01
-1.887988407909870148e+01
-1.888941138982772827e+01
-1.885294558107852936e+01
-1.886645580828189850e+01
-1.883499315381050110e+01
-1.884804411232471466e+01
-1.885684566199779510e+01
-1.887972308695316315e+01
-1.891146844625473022e+01
-1.888926823437213898e+01
-1.888481049239635468e+01
-1.885565212368965149e+01
-1.881114566326141357e+01
-1.884470038115978241e+01
-1.890422478318214417e+01
-1.885881321132183075e+01
-1.884188953042030334e+01
-1.884886719286441803e+01
-1.885340362787246704e+01
-1.887739358842372894e+01
-1.891388313472270966e+01
-1.889957731962203979e+01
-1.883603003621101379e+01
-1.884477066993713379e+01
-1.887883813679218292e+01
-1.884977853298187256e+01
-1.886434137821197510e+01
-1.885392235219478607e+01
-1.889308795332908630e+01
-1.887272731959819794e+01
-1.889794029295444489e+01
-1.891301108896732330e+01
-1.880040417611598969e+01
-1.885259395837783813e+01
-1.885246330499649048e+01
-1.886836747825145721e+01
-1.886406089365482330e+01
-1.881258633732795715e+01
-1.886397767066955566e+01
-1.888116964697837830e+01
-1.892020939290523529e+01
-1.888373225927352905e+01
-1.884545642137527466e+01
-1.884185604751110077e+01
-1.888067787885665894e+01
-1.882202695310115814e+01
-1.881391182541847229e+01
-1.885701532661914825e+01
-1.884778030216693878e+01
-1.885711790621280670e+01
-1.888387888669967651e+01
-1.885129155218601227e+01
-1.888496957719326019e+01
-1.885886670649051666e+01
-1.887979309260845184e+01
-1.885969820618629456e+01
-1.885000112652778625e+01
-1.885025151073932648e+01
-1.886407074332237244e+01
-1.884772957861423492e+01
-1.542707185447216034e+01
-1.886968638002872467e+01
-1.886179107427597046e+01
-1.887549379467964172e+01
-1.889918786287307739e+01
-1.884896686673164368e+01
-1.885646806657314301e+01
-1.885388322174549103e+01
-1.884096153080463409e+01
-1.886541749536991119e+01
-1.888893258571624756e+01
-1.887906722724437714e+01
-1.884885714948177338e+01
-1.885952116549015045e+01
-1.886334019899368286e+01
-1.887047563493251801e+01
-1.886222279071807861e+01
-1.887146092951297760e+01
-1.889071977138519287e+01
-1.884704692661762238e+01
-1.859935775399208069e+01
-1.883918219804763794e+01
-1.883974269032478333e+01
-1.888123962283134460e+01
-1.885753870010375977e+01
-1.887722800672054291e+01
-1.890077157318592072e+01
-1.888412263989448547e+01
-1.886091172695159912e+01
-1.885339419543743134e+01
-1.888346658647060394e+01
-1.886451505124568939e+01
-1.885386773943901062e+01
-1.888369673490524292e+01
-1.888477027416229248e+01
-1.887620545923709869e+01
-1.884503342211246490e+01
-1.892191584408283234e+01
-1.887533663213253021e+01
-1.886528998613357544e+01
-1.887863406538963318e+01
-1.874240626394748688e+01
-1.887462933361530304e+01
-1.889403265714645386e+01
-1.878886154294013977e+01
-1.877802763879299164e+01
-1.892435219883918762e+01
-1.885257050395011902e+01
-1.882881332933902740e+01
-1.887001110613346100e+01
-1.884032094478607178e+01
-1.888151094317436218e+01
-1.888138635456562042e+01
-1.878830336034297943e+01
-1.884806394577026367e+01
-1.888041260838508606e+01
-1.891111598908901215e+01
-1.887208043038845062e+01
-1.889930799603462219e+01
-1.887354174256324768e+01
-1.888920344412326813e+01
-1.883699284493923187e+01
-1.885600851476192474e+01
-1.877019958198070526e+01
-1.884824071824550629e+01
-1.887570801377296448e+01
-1.881182651221752167e+01
-1.888232778012752533e+01
-1.888286785781383514e+01
-1.884158208966255188e+01
-1.886334405839443207e+01
-1.886363135278224945e+01
-1.886015449464321136e+01
-1.881482705473899841e+01
-1.889136385917663574e+01
-1.884926579892635345e+01
-1.884403578937053680e+01
-1.890979541838169098e+01
-1.882601609826087952e+01
-1.886631137132644653e+01
-1.884572403132915497e+01
-1.883394467830657959e+01
-1.885161912441253662e+01
-1.889343863725662231e+01
-1.883697028458118439e+01
-1.888337275385856628e+01
-1.884719420969486237e+01
-1.885078959167003632e+01
-1.885940004885196686e+01
-1.886700575053691864e+01
-1.884466506540775299e+01
-1.884121352434158325e+01
-1.887869361042976379e+01
-1.889435951411724091e+01
-1.887555015087127686e+01
-1.886727166175842285e+01
-1.885588699579238892e+01
-1.886067786812782288e+01
-1.885343106091022491e+01
-1.886890426278114319e+01
-1.891044311225414276e+01
-1.887348508834838867e+01
-1.885165092349052429e+01
-1.875907969474792480e+01
-1.886188741028308868e+01
-1.885649669170379639e+01
-1.886372101306915283e+01
-1.885704627633094788e+01
-1.886836843192577362e+01
-1.888706155121326447e+01
-1.886053192615509033e+01
-1.862291125953197479e+01
-1.882827760279178619e+01
-1.888810515403747559e+01
-1.889385871589183807e+01
-1.886728923022747040e+01
-1.884149198234081268e+01
-1.885768371820449829e+01
-1.891731786727905273e+01
-1.887482005357742310e+01
-1.884914261102676392e+01
-1.889748948812484741e+01
-1.886695785820484161e+01
-1.889577604830265045e+01
-1.885460469126701355e+01
-1.888895857334136963e+01
-1.886149972677230835e+01
-1.883585114777088165e+01
-1.887018604576587677e+01
-1.885376606881618500e+01
-1.885912264883518219e+01
-1.888766962289810181e+01
-1.883618105947971344e+01
-1.886524733901023865e+01
-1.885582886636257172e+01
-1.886160770058631897e+01
-1.884473590552806854e+01
-1.885240912437438965e+01
-1.885507540404796600e+01
-1.885125954449176788e+01
-1.886241841316223145e+01
-1.879478959739208221e+01
-1.884890499711036682e+01
-1.889538371562957764e+01
-1.885377031564712524e+01
-1.880527086555957794e+01
-1.885466189682483673e+01
-1.883101087808609009e+01
-1.885614085197448730e+01
-1.884410624206066132e+01
-1.882967308163642883e+01
-1.889772792160511017e+01
-1.885503087937831879e+01
-1.889258152246475220e+01
-1.886209765076637268e+01
-1.885580901801586151e+01
-1.885947288572788239e+01
-1.891234657168388367e+01
-1.885047420859336853e+01
-1.885713946819305420e+01
-1.886510084569454193e+01
-1.880542957782745361e+01
-1.884942142665386200e+01
-1.882641640305519104e+01
-1.887842725217342377e+01
-1.885190920531749725e+01
-1.883036246895790100e+01
-1.887318079173564911e+01
-1.883912450075149536e+01
-1.888470160961151123e+01
-1.886171416938304901e+01
-1.885248383879661560e+01
-1.887760083377361298e+01
-1.886511267721652985e+01
-1.890632341802120209e+01
-1.887041701376438141e+01
-1.885559241473674774e+01
-1.864958147704601288e+01
-1.889431208372116089e+01
-1.889174617826938629e+01
-1.889812110364437103e+01
-1.884931255877017975e+01
-1.887972009181976318e+01
-1.888724379241466522e+01
-1.886039063334465027e+01
-1.889807607233524323e+01
-1.885648041963577271e+01
-1.890633271634578705e+01
-1.884361729025840759e+01
-1.883844208717346191e+01
-1.885878524184226990e+01
-1.885647325217723846e+01
-1.886832791566848755e+01
-1.879922240972518921e+01
-1.884842555224895477e+01
-1.885980525612831116e+01
-1.887825308740139008e+01
-1.886024668812751770e+01
-1.889887802302837372e+01
-1.890048931539058685e+01
-3.226883124560117722e+00
-1.890269701182842255e+01
-1.887326511740684509e+01
-1.885570806264877319e+01
-1.884506095945835114e+01
-1.875539240241050720e+01
-1.891316978633403778e+01
-1.890124411880970001e+01
-1.884820491075515747e+01
-1.888957612216472626e+01
-1.886848753690719604e+01
-1.884098900854587555e+01
-1.886681030690670013e+01
-1.889916089177131653e+01
-1.888841865956783295e+01
-1.888236580789089203e+01
-1.884977875649929047e+01
-1.892842374742031097e+01
-1.890278239548206329e+01
-1.887665140628814697e+01
-1.884725271165370941e+01
-1.883678400516510010e+01
-1.888068979978561401e+01
-1.887482047080993652e+01
-1.883085644245147705e+01
-1.892503912746906281e+01
-1.882408513128757477e+01
-1.885797952115535736e+01
-1.893324549496173859e+01
-1.885917580127716064e+01
-1.886136394739151001e+01
-1.887211549282073975e+01
-1.888160148262977600e+01
-1.888203153014183044e+01
-1.887847068905830383e+01
-1.884837287664413452e+01
-1.886108256876468658e+01
-1.887012517452239990e+01
-1.886313377320766449e+01
-1.883828769624233246e+01
-1.890288630127906799e+01
-1.886068458855152130e+01
-1.885512059926986694e+01
-1.888598018884658813e+01
-1.886924999952316284e+01
-1.885843582451343536e+01
-1.888909265398979187e+01
-1.885871420800685883e+01
-1.884420599043369293e+01
-1.886270855367183685e+01
-1.889526712894439697e+01
-1.887781968712806702e+01
-1.885777205228805542e+01
-1.885524970293045044e+01
-1.883024814724922180e+01
-1.880819022655487061e+01
-1.872336629033088684e+01
-1.885895225405693054e+01
-1.891815815865993500e+01
-1.888792423903942108e+01
-1.887412045896053314e+01
-1.886205372214317322e+01
-1.888260543346405029e+01
-1.887748427689075470e+01
-1.885013082623481750e+01
-1.887957848608493805e+01
-1.561068257689476013e+01
-1.881842313706874847e+01
-1.860478727519512177e+01
-1.888805331289768219e+01
-1.888891276717185974e+01
-1.884211160242557526e+01
-1.886839465796947479e+01
-1.887423288822174072e+01
-1.885750421881675720e+01
-1.883552914857864380e+01
-1.887054240703582764e+01
-1.886934873461723328e+01
-1.888095879554748535e+01
-1.885915680229663849e+01
-1.884722070395946503e+01
-1.889011691510677338e+01
-1.884625868499279022e+01
-1.884900203347206116e+01
-1.884079457819461823e+01
-1.882740566134452820e+01
-1.883897994458675385e+01
-1.880117060244083405e+01
-1.884448137879371643e+01
-1.888339075446128845e+01
-1.885455210506916046e+01
-1.886177755892276764e+01
-1.888141036033630371e+01
-1.887728308141231537e+01
-1.884677243232727051e+01
-1.887358541786670685e+01
-1.885193507373332977e+01
-1.887516248226165771e+01
-1.888854783773422241e+01
-1.889011575281620026e+01
-1.884572264552116394e+01
-1.887606348097324371e+01
-1.888800746202468872e+01
-1.887760166823863983e+01
-1.892054590582847595e+01
-1.887423920631408691e+01
-1.887623298168182373e+01
-1.890237721800804138e+01
-1.885884064435958862e+01
-1.887670597434043884e+01
-1.885378719866275787e+01
-1.874377469718456268e+01
-1.887933886051177979e+01
-1.886565692722797394e+01
-1.887063860893249512e+01
-1.876798936724662781e+01
-1.882343287765979767e+01
-1.885737647116184235e+01
-1.886738905310630798e+01
-1.885652443766593933e+01
-1.885887047648429871e+01
-1.888255128264427185e+01
-1.886329197883605957e+01
-1.884338881075382233e+01
-1.886025561392307281e+01
-1.888846100866794586e+01
-1.889084713160991669e+01
-1.889300306141376495e+01
-1.886023341119289398e+01
-1.887567202746868134e+01
-1.885625891387462616e+01
-1.891768597066402435e+01
-1.884470331668853760e+01
-1.881955344974994659e+01
-1.886046014726161957e+01
-1.890659503638744354e+01
-1.887079191207885742e+01
-1.884127946197986603e+01
-1.883463683724403381e+01
-1.859403944015502930e+01
-1.887784001231193542e+01
-1.885732418298721313e+01
-1.884892225265502930e+01
-1.884150515496730804e+01
-1.881054206192493439e+01
-1.889124223589897156e+01
-1.889562508463859558e+01
-1.889413927495479584e+01
-1.887579454481601715e+01
-1.886549015343189240e+01
-1.887258866429328918e+01
-1.888552597165107727e+01
-1.885990996658802032e+01
-1.880406941473484039e+01
-1.886039046943187714e+01
-1.890363858640193939e+01
-1.889425659179687500e+01
-1.886437894403934479e+01
-1.881135712563991547e+01
-1.885395345091819763e+01
-1.888773217797279358e+01
-1.885361213982105255e+01
-1.887051367759704590e+01
-1.889187605679035187e+01
-1.885892917215824127e+01
-1.888616931438446045e+01
-1.885633361339569092e+01
-1.887350004911422729e+01
-1.888795298337936401e+01
-1.887044799327850342e+01
-1.886796069145202637e+01
-1.884561660885810852e+01
-1.889731591939926147e+01
-1.880507335066795349e+01
-1.886216826736927032e+01
-1.885149857401847839e+01
-1.887634006142616272e+01
-1.888870061933994293e+01
-1.885566519200801849e+01
-1.884177294373512268e+01
-1.885687737166881561e+01
-1.886834169924259186e+01
-1.888042955100536346e+01
-1.884553381800651550e+01
-1.885340191423892975e+01
-1.888329514861106873e+01
-1.885670225322246552e+01
-1.889610213041305542e+01
-1.888611842691898346e+01
-1.884286710619926453e+01
-1.884841349720954895e+01
-1.885836407542228699e+01
-1.888768373429775238e+01
-1.884346425533294678e+01
-1.886174830794334412e+01
-1.882403002679347992e+01
-1.541311596333980560e+01
-1.885272462666034698e+01
-1.889500865340232849e+01
-1.884480056166648865e+01
-1.885655368864536285e+01
-1.886377306282520294e+01
-1.885568509995937347e+01
-1.885821568965911865e+01
-1.883932980895042419e+01
-1.876801948249340057e+01
-1.889281691610813141e+01
-1.889230038225650787e+01
-1.889353418350219727e+01
-1.885893927514553070e+01
-1.889309309422969818e+01
-1.885880169272422791e+01
-1.886572997272014618e+01
-1.887229901552200317e+01
-1.883283784985542297e+01
-1.886265859007835388e+01
-1.886599096655845642e+01
-1.885039432346820831e+01
-1.885025574266910553e+01
-1.883287459611892700e+01
-1.884811550378799438e+01
-1.886365322768688202e+01
-1.883951441943645477e+01
-1.887098263204097748e+01
-1.886829370260238647e+01
-1.883277745544910431e+01
-1.884137357771396637e+01
-1.887941782176494598e+01
-1.886885803937911987e+01
-1.886686229705810547e+01
-1.888024589419364929e+01
-1.885676440596580505e+01
-1.886568646132946014e+01
-1.884201771020889282e+01
-1.885562101006507874e+01
-1.883287964761257172e+01
-1.888128449022769928e+01
-1.884514167904853821e+01
-1.888838386535644531e+01
-1.885421256721019745e+01
-1.889431557059288025e+01
-1.888137088716030121e+01
-1.889194644987583160e+01
-1.885665850341320038e+01
-1.887906514108181000e+01
-1.888255827128887177e+01
-1.885462829470634460e+01
-1.885571235418319702e+01
-1.884464117884635925e+01
-1.884181062877178192e+01
-1.885428175330162048e+01
-1.884903047978878021e+01
-1.885273772478103638e+01
-1.888668653368949890e+01
-1.885256813466548920e+01
-1.882128693163394928e+01
-1.892051659524440765e+01
-1.885782068967819214e+01
-1.884348511695861816e+01
-1.889560686051845551e+01
-1.883951440453529358e+01
-1.891572499275207520e+01
-1.886347414553165436e+01
-1.890369036793708801e+01
-1.891998524963855743e+01
-1.876099932193756104e+01
-1.885006073117256165e+01
-1.888844549655914307e+01
-1.886013743281364441e+01
-1.888965021073818207e+01
-1.884985518455505371e+01
-1.889127537608146667e+01
-1.884485340118408203e+01
-1.887640577554702759e+01
-1.889972010254859924e+01
-1.885743552446365356e+01
-1.887519918382167816e+01
-1.881953449547290802e+01
-1.889545406401157379e+01
-1.884531556069850922e+01
-1.888626581430435181e+01
-1.886222547292709351e+01
-1.888065338134765625e+01
-1.884721949696540833e+01
-1.885209767520427704e+01
-1.887100461125373840e+01
-1.876500770449638367e+01
-1.889219817519187927e+01
-1.889988093078136444e+01
-1.878187374770641327e+01
-1.889530701935291290e+01
-1.529975582659244537e+01
-1.887022517621517181e+01
-1.888909178972244263e+01
-1.887135405838489532e+01
-1.886347173154354095e+01
-1.891244481503963470e+01
-1.889397068321704865e+01
-1.886755654215812683e+01
-1.883666749298572540e+01
-1.888007257878780365e+01
-1.888076624274253845e+01
-1.885718937218189240e+01
-1.885612650215625763e+01
-1.887350691854953766e+01
-1.888122346997261047e+01
-1.885609005391597748e+01
-1.890578745305538177e+01
-1.892020030319690704e+01
-1.884522010385990143e+01
-1.885590851306915283e+01
-1.884500566124916077e+01
-1.887436705827713013e+01
-1.888386932015419006e+01
-1.889726734161376953e+01
-1.888197220861911774e+01
-1.886599610745906830e+01
-1.883579610288143158e+01
-1.886604109406471252e+01
-1.886067606508731842e+01
-1.883386036753654480e+01
-1.887132015824317932e+01
-1.886597594618797302e+01
-1.888171111047267914e+01
-1.886954228579998016e+01
-1.885193410515785217e+01
-1.885834015905857086e+01
-1.887280577421188354e+01
-1.889151677489280701e+01
-1.882904523611068726e+01
-1.885845114290714264e+01
-1.885060602426528931e+01
-1.886116640269756317e+01
-1.887878142297267914e+01
-1.890895414352416992e+01
-1.887840609252452850e+01
-1.887356522679328918e+01
-1.890559503436088562e+01
-1.890758332610130310e+01
-1.887292256951332092e+01
-1.885655456781387329e+01
-1.885052190721035004e+01
-1.886593687534332275e+01
-1.887926004827022552e+01
-1.885896323621273041e+01
-1.890949867665767670e+01
-1.886191965639591217e+01
-1.889304459095001221e+01
-1.887939083576202393e+01
-1.888279737532138824e+01
-1.888488212227821350e+01
-1.886736854910850525e+01
-1.888144285976886749e+01
-1.887625519931316376e+01
-1.885774835944175720e+01
-1.883775718510150909e+01
-1.890746380388736725e+01
-1.887970116734504700e+01
-1.887018652260303497e+01
-1.886922369897365570e+01
-1.884213577210903168e+01
-1.885519735515117645e+01
-1.885486610233783722e+01
-1.885957881808280945e+01
-1.887805086374282837e+01
-1.885908085107803345e+01
-1.886325173079967499e+01
-1.887033465504646301e+01
-1.884459488093852997e+01
-1.888267232477664948e+01
-1.888849252462387085e+01
-1.886906418204307556e+01
-1.885126248002052307e+01
-1.887021759152412415e+01
-1.886692953109741211e+01
-1.889402887225151062e+01
-1.885495112836360931e+01
-1.887318287789821625e+01
-1.536145904660224915e+01
-1.890067347884178162e+01
-1.887245255708694458e+01
-1.881795178353786469e+01
-1.885340946912765503e+01
-1.887654583156108856e+01
-1.886095996201038361e+01
-1.888267353177070618e+01
-8.367095310240983963e+00
-1.886342334747314453e+01
-1.861658421158790588e+01
-1.886887061595916748e+01
-1.890613745152950287e+01
-1.632828579843044281e+01
-1.879007907211780548e+01
-1.888069945573806763e+01
-1.886467730998992920e+01
-1.884081313014030457e+01
-1.886150571703910828e+01
-1.886175617575645447e+01
-1.887294487655162811e+01
-1.886079123616218567e+01
-1.884183138608932495e+01
-1.889162683486938477e+01
-1.885354858636856079e+01
-1.884954531490802765e+01
-1.883854897320270538e+01
-1.887026050686836243e+01
-1.886419613659381866e+01
-1.886773781478404999e+01
-1.885822926461696625e+01
-1.887694656848907471e+01
-1.883232422173023224e+01
-1.887595896422863007e+01
-1.883419552445411682e+01
-1.888163135945796967e+01
-1.881360225379467010e+01
-1.888229337334632874e+01
-1.888791425526142120e+01
-1.885524305701255798e+01
-1.886552864313125610e+01
-1.889458668231964111e+01
-1.886599431931972504e+01
-1.884187836945056915e+01
-1.887698759138584137e+01
-1.885109888017177582e+01
-1.886179856956005096e+01
-1.886040787398815155e+01
-1.883545213937759399e+01
-1.862328448891639709e+01
-1.888777494430541992e+01
-1.886050426959991455e+01
-1.887874749302864075e+01
-1.881500822305679321e+01
-1.884832255542278290e+01
-1.885146874189376831e+01
-1.887706294655799866e+01
-1.885987873375415802e+01
-1.887277399003505707e+01
-1.882663598656654358e+01
-1.889503891766071320e+01
-1.887671028077602386e+01
-1.886582893133163452e+01
-1.886532476544380188e+01
-1.882921920716762543e+01
-1.881303296983242035e+01
-1.887321032583713531e+01
-1.885998587310314178e+01
-1.881624996662139893e+01
-1.890491677820682526e+01
-1.889412410557270050e+01
-1.888415858149528503e+01
-1.889824549853801727e+01
-1.886385571956634521e+01
-1.887859997153282166e+01
-1.889280296862125397e+01
-1.885241709649562836e+01
-1.886687318980693817e+01
-1.884744380414485931e+01
-1.886489027738571167e+01
-1.891561521589756012e+01
-1.883200155198574066e+01
-1.885224486887454987e+01
-1.887207050621509552e+01
-1.886267068982124329e+01
-1.886872716248035431e+01
-1.886429880559444427e+01
-1.884560708701610565e+01
-1.881517159938812256e+01
-1.887782101333141327e+01
-1.886510136723518372e+01
-1.883458457887172699e+01
-1.884335093200206757e+01
-1.885940614342689514e+01
-1.884938243031501770e+01
-1.887864203751087189e+01
-1.885567164421081543e+01
-1.888676352798938751e+01
-1.887468321621417999e+01
-1.890745837986469269e+01
-1.888661906123161316e+01
-1.886408714950084686e+01
-1.887239627540111542e+01
-1.885736449062824249e+01
-1.886989223957061768e+01
-1.885786692798137665e+01
-1.888174052536487579e+01
-1.887020124495029449e+01
-1.885481075942516327e+01
-1.884878161549568176e+01
-1.885483074188232422e+01
-1.889807787537574768e+01
-1.885560628771781921e+01
-1.889162532985210419e+01
-1.886669637262821198e+01
-1.886897024512290955e+01
-1.886754496395587921e+01
-1.885701501369476318e+01
-1.884617722034454346e+01
-1.884520974755287170e+01
-1.888073103129863739e+01
-1.885453924536705017e+01
-1.887949427962303162e+01
-1.882278396189212799e+01
-1.886115457117557526e+01
-1.885107472538948059e+01
-1.885284276306629181e+01
-1.885992409288883209e+01
-1.884379516541957855e+01
