-1.625219572186470174e+01
-1.625180177986620933e+01
-1.624613768756389121e+01
-3.312173152249305641e+00
-1.624553590118885182e+01
-1.625167102217674397e+01
-1.624756894111634509e+01
-1.625276856422424743e+01
-1.625292588174343322e+01
-1.625206885337829732e+01
-1.625116212964057993e+01
-1.624378975033759431e+01
-1.625263683795929737e+01
-1.625178243815899748e+01
-1.624963967204093152e+01
-1.624963348209858793e+01
-1.624580727517603762e+01
-1.624912332892418476e+01
-1.625057883262633496e+01
-1.625256831645965505e+01
-1.625200412571430419e+01
-1.625220715999603982e+01
-1.625167757868765861e+01
-1.625284391045570231e+01
-1.624385072290897725e+01
-4.480176289193331662e+00
-1.625145181119441418e+01
-1.625283121168614286e+01
-4.480170863121747615e+00
-1.625295969247818206e+01
-1.624456134140490704e+01
-1.625257306694983939e+01
-1.624457081258296753e+01
-1.624503067135810142e+01
-1.625263609588145286e+01
-1.625229503810406229e+01
-1.625278629958629750e+01
-1.625189622342587015e+01
-1.625096078217030282e+01
-1.625287294387816317e+01
-1.625032345652579835e+01
-1.624952696263790131e+01
-1.625186948180198598e+01
-1.624376428425312113e+01
-1.625239968299865012e+01
-1.624877715706824688e+01
-3.312229350116103088e+00
-1.625262813866139311e+01
-1.625262051522732420e+01
-1.625163617730141397e+01
-1.624404475092888944e+01
-1.625254234373569062e+01
-1.625084028840064576e+01
-1.624642916321753461e+01
-1.624314269423485513e+01
-1.625257364213466360e+01
-1.625205036401749226e+01
-1.625228895843029164e+01
-1.625284927189350270e+01
-3.312217193376274071e+00
-1.625081851780413800e+01
-1.625151451826095794e+01
-1.625265883803367473e+01
-1.625177954733372232e+01
-1.625263316035271544e+01
-1.625205584168433859e+01
-1.625047950446604972e+01
-1.624995318353176899e+01
-1.625289719700813151e+01
-1.625247065722942352e+01
-1.624811896979809589e+01
-1.625254010558127504e+01
-3.312190452497451698e+00
-1.625076731741427949e+01
-1.625280805230141468e+01
-1.625276426374912120e+01
-1.625217491984367513e+01
-1.624685006439685608e+01
-1.624196592271327688e+01
-1.625287411212920929e+01
-1.625279721915721254e+01
-1.625066819190979572e+01
-1.625289676189422039e+01
-1.624680234193801809e+01
-1.624943593740464109e+01
-1.625286307632922345e+01
-1.625245972871780609e+01
-1.624346886575221660e+01
-1.624708004891873259e+01
-1.625237869620323750e+01
-1.625128286480903483e+01
-1.625079254209994772e+01
-3.312240750901401132e+00
-1.624384547471999696e+01
-1.624440315067767315e+01
-1.625238973200322334e+01
-1.624350691437721039e+01
-1.625189554691315053e+01
-1.625108720064162782e+01
-1.625252937078476734e+01
-1.625280972421170134e+01
-1.625157467424869751e+01
-1.624863592684268454e+01
-1.624949117004871368e+01
-1.625228905081748465e+01
-1.624356321096420430e+01
-3.312208202015609171e+00
-1.625252917110919881e+01
-1.624385518729685884e+01
-1.625263368785381957e+01
-1.624933506548403983e+01
-1.624336938858031587e+01
-1.625180941224098774e+01
-1.624494865238666108e+01
-1.625252224802970957e+01
-1.624445545077324837e+01
-1.625299234390259073e+01
-1.625219645500182253e+01
-1.625224631130694775e+01
-1.625043089985847189e+01
-4.480146209523082845e+00
-1.625048689246177247e+01
-1.624973266124724702e+01
-1.625026808083057972e+01
-1.624916250705718213e+01
-1.625150993466376903e+01
-1.624566446244716644e+01
-1.624628391861916299e+01
-1.624953675866126801e+01
-1.624779668450355175e+01
-1.625127020776270825e+01
-1.624421087801455954e+01
-1.625260046124459024e+01
-1.625100036263465597e+01
-1.625170398950576356e+01
-1.625253770053386759e+01
-1.624309367239475677e+01
-1.625205569267272310e+01
-1.624426495730877917e+01
-1.625296706259251067e+01
-1.625176160931586722e+01
-1.624872507750988504e+01
-1.625214053094387268e+01
-1.625218767523764640e+01
-1.625182305574416119e+01
-1.625103561580181477e+01
-1.625261917114258381e+01
-1.625107341408729056e+01
-1.625283687710762237e+01
-1.625166068375111550e+01
-1.625015793442726775e+01
-1.625268009006976655e+01
-1.625290330052376575e+01
-1.624374538064003914e+01
-1.625285932421684265e+01
-1.625254031717777181e+01
-1.625172715187072114e+01
-1.625142911076545715e+01
-1.625285044610500762e+01
-1.625141892135142641e+01
-1.624900265634059693e+01
-1.624420340657233552e+01
-1.624468080401419812e+01
-1.624913009703159616e+01
-1.625039934515952922e+01
-1.625289157032965903e+01
-1.624877823293208223e+01
-1.625272665619849732e+01
-1.624375928342342590e+01
-1.625087774097918825e+01
-1.625277248620987436e+01
-1.625284326076508279e+01
-1.625253643989563201e+01
-4.480206329934297571e+00
-1.624440506994723421e+01
-1.624286293089390298e+01
-1.625129297375679371e+01
-1.625202748179435019e+01
-1.625114811956881766e+01
-1.624531236588954641e+01
-1.625085699856281352e+01
-1.624241486787796163e+01
-1.625169238448142650e+01
-1.624584451317787526e+01
-1.625191213190555573e+01
-1.625213206708431812e+01
-1.625202280879021544e+01
-3.312240748573095139e+00
-1.625161262750626179e+01
-1.625231838524341299e+01
-1.625161965787410523e+01
-1.624800223708153268e+01
-1.625255784094334288e+01
-1.625064319074153829e+01
-1.625044566690921499e+01
-1.625105178058147004e+01
-1.624442269802094074e+01
-1.625178191661834859e+01
-1.625292571783066720e+01
-1.625224710404873463e+01
-1.625086660683155770e+01
-1.625266645848750358e+01
-1.624394001066684012e+01
-1.624668115973473093e+01
-1.625259456336499042e+01
-1.625219999849796793e+01
-1.625045492351055998e+01
-1.624926989376544029e+01
-1.625000079274176557e+01
-1.625079236924648995e+01
-1.624473854303359843e+01
-1.624763922095299051e+01
-1.625148485004902454e+01
-1.624531733989715931e+01
-1.625110396742820029e+01
-3.312224683258682578e+00
-1.625060003697872446e+01
-1.624381998181342723e+01
-1.624422273635864045e+01
-1.624605934917927286e+01
-1.625212936997412783e+01
-4.480174181051553184e+00
-1.625145306289196512e+01
-3.312095821369438475e+00
-1.625176708698273131e+01
-1.624790228605269959e+01
-1.625061433613300110e+01
-1.625230638086795665e+01
-1.624567125439643078e+01
-4.480204192362726268e+00
-1.625203755199908784e+01
-1.625247556567191509e+01
-1.624872364401816682e+01
-1.625197895765305134e+01
-1.624400221705436209e+01
-1.624488784670829133e+01
-1.625211887061595561e+01
-1.624950117766857005e+01
-1.625154843926429393e+01
-1.624361491799354695e+01
-1.624959357380866720e+01
-1.625207619667054004e+01
-1.625085588991642283e+01
-1.625297470986842896e+01
-1.624372723698616028e+01
-1.625241683721541364e+01
-1.624965696334839294e+01
-1.625232965052127554e+01
-1.624982640147209167e+01
-1.624483616948127818e+01
-1.625283857584000202e+01
-1.625278034508227876e+01
-1.625206844508647208e+01
-1.625303846299647859e+01
-1.625214785337447765e+01
-3.312219036649912685e+00
-1.625054937005042177e+01
-1.624420082271098664e+01
-1.624988167881965140e+01
-1.624669345915318175e+01
-1.625284669995307141e+01
-1.625237765312194327e+01
-1.624933685660361959e+01
-1.625214743614196777e+01
-3.312221531197427904e+00
-1.625011718869209432e+01
-1.625229849815367800e+01
-1.625028288662432985e+01
-1.625048681497573710e+01
-1.624560895264147931e+01
-1.625173389315605021e+01
-3.312232577335089800e+00
-1.624803430736064058e+01
-1.625232005715370320e+01
-1.624474679529666687e+01
-1.625199724435806203e+01
-1.625183395445346690e+01
-4.480193005315959986e+00
-1.625219242572784140e+01
-1.624614385068416311e+01
-1.624260922372341653e+01
-1.625024917423725412e+01
-1.625238721370696737e+01
-1.625266351401805665e+01
-1.624466877877711468e+01
-1.625119941830635284e+01
-1.624812959134577994e+01
-1.625264964401722168e+01
-1.624674054980279081e+01
-1.625227133631705811e+01
-1.625098520815372183e+01
-1.624362092018127868e+01
-1.624912361204623323e+01
-1.625014077723025707e+01
-1.625001181960106678e+01
-1.625299104154109742e+01
-1.625252750813960390e+01
-1.624863262772561256e+01
-1.625228013694285778e+01
-1.624918632507325000e+01
-1.624489271640776877e+01
-1.624640258252621194e+01
-1.624839348793030425e+01
-1.624573090970516276e+01
-1.625146383047104948e+01
-1.624507855772971610e+01
-1.625278197526932189e+01
-1.624709142744540458e+01
-1.625123057961464212e+01
-1.624263362884520490e+01
-3.312193438969552428e+00
-1.625264816880226348e+01
-1.624807361066341471e+01
-1.625293749272823263e+01
-1.625216367244719962e+01
-1.625200855135918587e+01
-1.625280060172079999e+01
-1.625068741440773934e+01
-1.625294866263867277e+01
-1.625288106203078442e+01
-1.625259452760220213e+01
-1.624851630330084973e+01
-3.312231247965246261e+00
-1.625122661888598330e+01
-1.625201841592787488e+01
-3.312205930426716627e+00
-1.625074316859244661e+01
-1.625140264928340983e+01
-1.625152814984321381e+01
-1.625020110011099916e+01
-1.624871579110622477e+01
-1.625178542435168794e+01
-1.624827091097831300e+01
-1.624393079876899293e+01
-1.624780912995338156e+01
-1.625226184427738829e+01
-1.625301700830458884e+01
-1.624722437858582325e+01
-3.312213608995079106e+00
-1.625209656953811077e+01
-1.625233070254326506e+01
-1.625108899772167703e+01
-1.624419341087341095e+01
-1.623950857222080302e+01
-1.624477692246437854e+01
-1.625176492929458050e+01
-1.624083237349987385e+01
-1.624803714752196981e+01
-1.624365881085395102e+01
-1.624540921449661113e+01
-1.625214747488499256e+01
-1.625230324566364359e+01
-1.624434586167335937e+01
-1.625159062147140432e+01
-1.624305842816830392e+01
-1.625094693005084778e+01
-1.625043925642966869e+01
-1.625055073499679281e+01
-1.625295684039592459e+01
-1.624580923616885286e+01
-1.624538648724555046e+01
-1.624765452742575533e+01
-1.625107642412185172e+01
-1.624370511770249337e+01
-1.625089921355247213e+01
-1.625282422304153584e+01
-1.624898510277271058e+01
-1.624947149753571196e+01
-1.625286879241467375e+01
-1.625157911181449677e+01
-1.625043415725232165e+01
-1.625236980617046711e+01
-1.624308846592903066e+01
-1.625024674534797242e+01
-1.624988614022732136e+01
-1.624896773099900216e+01
-1.624546954929829212e+01
-1.625261718332767558e+01
-1.625121775865555662e+01
-1.624977928102016733e+01
-1.625172458291054056e+01
-1.624926168024540729e+01
-1.625240521132946725e+01
-1.625223007202147585e+01
-1.624462783336639404e+01
-1.625064326524734426e+01
-1.625089506506921211e+01
-1.623811584115028239e+01
-1.624987461566924907e+01
-1.625022990107535392e+01
-1.624375815093517872e+01
-1.625087697505951212e+01
-1.625181489586829642e+01
-1.624372881054878803e+01
-3.312219395302236080e+00
-1.625249681770800692e+01
-1.623723141252994040e+01
-1.625166530311108204e+01
-1.624169155657292407e+01
-4.480153398215771965e+00
-1.625011247694492056e+01
-1.625294652581214550e+01
-1.625264037847518850e+01
-1.624956950843334624e+01
-1.625251054763793945e+01
-1.624250240027905434e+01
-1.625016186535357576e+01
-1.625082787871360068e+01
-1.624747786223888113e+01
-1.625303984582423311e+01
-1.625219004452227978e+01
-1.625209585130214407e+01
-1.625240949392318512e+01
-1.624689377546310354e+01
-1.625220943689345887e+01
-1.625197197198868082e+01
-1.625217775404453135e+01
-1.624905704259872152e+01
-1.625006245970726226e+01
-1.624343426823616099e+01
-1.625257515907286887e+01
-1.625169743299483471e+01
-1.625282688438892720e+01
-4.480190655775368569e+00
-1.624749420583247428e+01
-1.624982108473777842e+01
-1.624819251000881692e+01
-1.625177897214888745e+01
-1.625231019556522938e+01
-1.625273483693600696e+01
-1.625253667831421112e+01
-1.625037273764610291e+01
-1.625281120538711477e+01
-1.625207292735577269e+01
-1.624710992574691204e+01
-1.624984398484229686e+01
-1.625276516079902223e+01
-1.624874534010887928e+01
-1.625186842381954833e+01
-4.480177520029246629e+00
-1.625230799019336558e+01
-1.624506203830242868e+01
-1.624847920835018655e+01
-1.625286719202995656e+01
-1.625280638337134675e+01
-1.625226443409919952e+01
-1.624445443153381774e+01
-1.624863743782044168e+01
-1.624570466578006744e+01
-1.624924755990505076e+01
-1.624346588551997428e+01
-1.625265878140926290e+01
-1.625232349038125079e+01
-1.625108489990233807e+01
-1.625258576273918010e+01
-1.625110126733780191e+01
-1.624391484260559082e+01
-1.625069366395473835e+01
-1.624370123147964406e+01
-1.624718034267426603e+01
-1.624361551702023121e+01
-1.624544374048710083e+01
-1.624744675457476717e+01
-1.624473579227925057e+01
-1.624299827814103026e+01
-1.624366049468516948e+01
-1.624996830523014069e+01
-4.480184235237540946e+00
-1.624945242106914733e+01
-1.624997422099113820e+01
-1.625059616863728351e+01
-1.625243253707886026e+01
-1.625036234259605195e+01
-1.625210875570774505e+01
-1.625157395601272015e+01
-1.625240954160689810e+01
-1.625261771380901976e+01
-1.625130276083945446e+01
-1.624375346004962495e+01
-1.625203570723534341e+01
-1.624504439532757161e+01
-1.624828198850154948e+01
-3.312224958557635102e+00
-1.625254332125186352e+01
-1.625029284060001444e+01
-1.625250326693058511e+01
-1.625247409641742635e+01
-1.624346038103102785e+01
-1.624887861311436055e+01
-1.625213437080382661e+01
-1.624477727711200359e+01
-1.624268758594989137e+01
-1.624425491988658621e+01
-1.625076682865620015e+01
-1.624403520822525593e+01
-1.625141097009182545e+01
-1.624347007870674275e+01
-1.625189243257046456e+01
-1.625239153504372069e+01
-1.625083764195441205e+01
-1.624832799732684663e+01
-1.624299140572548694e+01
-1.625236265957354576e+01
-1.625086129903793974e+01
-1.625089609026910153e+01
-1.625285443663596752e+01
-1.625145005881786986e+01
-1.625165619850158905e+01
-1.624867704808712787e+01
-1.625022689402103637e+01
-1.624789801239966991e+01
-1.623783392012120075e+01
-1.625292182564735910e+01
-1.625204885005950217e+01
-1.625174303650856800e+01
-1.624909476041793965e+01
-1.625251930654048493e+01
-1.624372815489769906e+01
-1.624684697091580077e+01
-1.625130897164345711e+01
-1.625216293036938353e+01
-1.624473353624344796e+01
-1.624717398881911734e+01
-1.624861933588980989e+01
-8.690404126420616659e-01
-1.624417136609553580e+01
-1.625140046179295084e+01
-1.625251698791980814e+01
-1.625058908164501048e+01
-1.624556208848953887e+01
-1.624976697266101411e+01
-1.624391712844372293e+01
-1.624951075017451529e+01
-1.624994682967661674e+01
-1.625141180157662646e+01
-1.625113222897052978e+01
-1.624778943657874564e+01
-3.312188782822341082e+00
-1.625157803297042136e+01
-1.625238696336745292e+01
-1.625060620903968811e+01
-1.624666015803813224e+01
-1.625001422166824483e+01
-1.624356120228767963e+01
-1.625185167789459939e+01
-1.625224187672138498e+01
-1.625239159166813607e+01
-1.625104354619980285e+01
-1.624385359287262176e+01
-1.624456918239593506e+01
-1.624362003803252463e+01
-1.624874848425389118e+01
-1.625075938701630207e+01
-1.625066664516925030e+01
-1.625163242220877891e+01
-1.625267449617386006e+01
-1.624787187874316174e+01
-1.625285094380380002e+01
-1.625279692113399221e+01
-1.624463651478291126e+01
-1.625189462304114585e+01
-1.625283522307872275e+01
-1.625004439651966592e+01
-1.625084285736084411e+01
-1.625175804197787599e+01
-1.625249977707863280e+01
-1.624327852427959940e+01
-1.625057854950427583e+01
-1.624611004590987662e+01
-1.624978578984737254e+01
-1.624809294342995614e+01
-1.625224089622497914e+01
-1.625248667001723391e+01
-1.625014090538025613e+01
-1.625078356564045734e+01
-1.625239391624927876e+01
-1.624608648717403270e+01
-1.624428443014621237e+01
-3.312228969112038346e+00
-1.624850034713745828e+01
-1.625190756022930572e+01
-1.625262557566165356e+01
-1.624312437176704194e+01
-1.625253917872905518e+01
-1.624702832400798158e+01
-1.624579258263111470e+01
-1.624939631819724184e+01
-1.625246583819389201e+01
-1.625225276350975889e+01
-1.625009779334069293e+01
-1.624422941803932119e+01
-1.625211334824562570e+01
-1.625249050855635602e+01
-1.625166493952273683e+01
-1.624430785775185271e+01
-1.624771376848221038e+01
-1.624913065135478618e+01
-1.625230897665024443e+01
-1.624845786690711691e+01
-1.625211158990860838e+01
-1.624570155739784383e+01
-1.625069511234760711e+01
-1.625301795303822061e+01
-1.624847394227980857e+01
-1.624362198412419644e+01
-1.625197340548039193e+01
-1.625203726887703937e+01
-1.625187101066113016e+01
-1.625137383043766093e+01
-1.624973486661912148e+01
-1.625287789404392669e+01
-1.625194642841816162e+01
-1.624458433389663270e+01
-1.625191752612591500e+01
-1.624918783009051992e+01
-1.624377732872962810e+01
-1.625260922610759451e+01
-1.624816045463085956e+01
-1.625240017175674012e+01
-1.625141533911227754e+01
-4.480196760781108622e+00
-1.624991722702981178e+01
-1.625289805233478901e+01
-1.624302701354027079e+01
-1.625275425910950133e+01
-1.625107493102549938e+01
-1.625115236937999086e+01
-1.625071922838688820e+01
-4.480156802944838645e+00
-1.625294909775256968e+01
-1.625199936032294445e+01
-1.625137485861777620e+01
-1.624835867285727886e+01
-1.624840352535247945e+01
-1.624553258121013144e+01
-1.624828534722328399e+01
-1.625166624486445599e+01
-1.624943820536136840e+01
-1.625255970358847790e+01
-1.624383301138877300e+01
-1.624879837632179758e+01
-1.625251082777977274e+01
-4.480151565931736357e+00
-1.624374338686466501e+01
-1.625217384099960327e+01
-1.625265156328677563e+01
-1.625123336017132303e+01
-1.625079159438609366e+01
-1.625059097707272215e+01
-1.625189267396926240e+01
-1.625279884040355682e+01
-1.625271028876304769e+01
-1.625168863236903505e+01
-1.625132900774479339e+01
-1.625254790484905953e+01
-1.625093399882316803e+01
-1.625163484513759116e+01
-1.624886192977428934e+01
-1.624271589517594094e+01
-1.625233482122420625e+01
-1.624993655085562949e+01
-1.624931319653988737e+01
-1.625231443941593312e+01
-1.625174718797207873e+01
-1.625223795473575095e+01
-1.625269882977009317e+01
-1.624503083825112171e+01
-1.625278305113315014e+01
-1.625257054865359763e+01
-1.625268901288509937e+01
-1.625261635482310396e+01
-1.625099524557590414e+01
-1.625180108845232851e+01
-1.625205388367176340e+01
-1.624366659820079661e+01
-3.312200765218585641e+00
-1.625253360867500874e+01
-1.625265123248101062e+01
-1.625271527171134167e+01
-1.625100020766258169e+01
-1.624913350343703655e+01
-1.624611856937408305e+01
-1.624850764274597026e+01
-1.625242504477500205e+01
-1.625225946605205252e+01
-1.625291542708874104e+01
-1.624390733838080791e+01
-1.625257768630982014e+01
-1.625179163515567993e+01
-1.625190615057945465e+01
-1.624704982936382436e+01
-1.625259142220020792e+01
-1.624550980329513195e+01
-1.624468817412852673e+01
-1.624818807840346579e+01
-1.625230969190597108e+01
-1.625242547988892028e+01
-1.624871306717396280e+01
-1.624886093437671875e+01
-1.625135876536368684e+01
-1.625215523540973450e+01
-1.624930893480777527e+01
-1.624821090400219603e+01
-1.624392042756080556e+01
-1.624763365983963581e+01
-1.625211109817027832e+01
-1.625122082233427889e+01
-1.624956833422183777e+01
-1.624634276330470684e+01
-1.625281381011009429e+01
-3.312238954752683373e+00
-1.625221412479876193e+01
-1.625217019617557668e+01
-1.625234992504119091e+01
-1.625211297869681815e+01
-1.624822866320610615e+01
-1.625217078328132914e+01
-1.625252235233782727e+01
-1.625032932758331583e+01
-1.625043014883995340e+01
-1.625259692668914724e+01
-1.624354693889618417e+01
-1.625165478587150147e+01
-1.624773957133293933e+01
-1.625212769508362243e+01
-1.625266111195087859e+01
-1.624462063610553031e+01
-1.624961523413657716e+01
-1.624838107526302977e+01
-1.625268455147743651e+01
-1.624884779155254222e+01
-1.624726736247540515e+01
-1.625182260572909598e+01
-1.625168231725693957e+01
-1.624901168346404390e+01
-1.625086207091808177e+01
-1.624610501527786965e+01
-1.624911814928054810e+01
-1.624761122167110727e+01
-1.624534657299517804e+01
-1.625169888436794707e+01
-1.624385266304015474e+01
-1.625257506966591237e+01
-1.625199037790299172e+01
-1.624666628837585947e+01
-1.625235319137572176e+01
-1.625209785401820639e+01
-1.624194740056992359e+01
-1.625149893164635628e+01
-1.624369695484638854e+01
-1.625074824690819497e+01
-1.625073570609093210e+01
-4.480184900015592220e+00
-1.624986054003239033e+01
-1.625272630155087228e+01
-1.625224282741547199e+01
-1.624366866648196606e+01
-8.690480569843203051e-01
-1.625253891348838664e+01
-1.625262753963469819e+01
-1.624241230785847634e+01
-1.625076643228529605e+01
-1.624986074268818115e+01
-1.624446080625056510e+01
-1.624355664551258016e+01
-1.625096877515316862e+01
-1.625246267616748597e+01
-3.312203824985773259e+00
-1.624445282220840170e+01
-1.625115398168564695e+01
-1.625058807134628580e+01
-1.625020583868026236e+01
-1.625230135023593547e+01
-1.625178126394748901e+01
-1.624603906869887737e+01
-1.625044858753680543e+01
-1.625163308680057384e+01
-1.625274486839770205e+01
-1.625151420235634703e+01
-1.625071057081222747e+01
-1.625262391567229869e+01
-3.312224576249719110e+00
-1.624424085915089222e+01
-1.625145072340965413e+01
-3.312206134945154812e+00
-1.625197079479695361e+01
-1.625073927044869393e+01
-1.625263551473617696e+01
-1.624847829043865133e+01
-1.625255014598370096e+01
-1.625270907878874738e+01
-1.625181898176669293e+01
-1.625077709257602976e+01
-1.625300135612488361e+01
-1.624605148136615185e+01
-1.625225722789764404e+01
-3.312221562489866322e+00
-1.624869459271431893e+01
-1.625259396433829906e+01
-1.625245458483696837e+01
