-2.116363088190555075e+01
-2.116627029180527586e+01
-2.116547720432281920e+01
-2.116727894842624380e+01
-2.116418192982674285e+01
-2.116438120305538817e+01
-2.115346603989600993e+01
-2.116058490872383047e+01
-1.700590855777264920e+01
-2.116401636600494385e+01
-2.113882138133049082e+01
-2.116695197224617431e+01
-2.116840969324112365e+01
-2.116209294199943969e+01
-2.115391539931297515e+01
-2.115690268576145527e+01
-8.122595730423924465e+00
-1.791052378118038391e+01
-2.116018709540367837e+01
-9.322427207231516633e+00
-1.492966462969779329e+01
-2.115824638009071279e+01
-2.115575961768626811e+01
-2.073387986719608733e+01
-2.116135932207108539e+01
-1.493010107576847290e+01
-2.115990301370620230e+01
-2.116734854876994731e+01
-2.116830440759658671e+01
-2.116053632497787618e+01
-2.115652636289596344e+01
-2.115320647656917785e+01
-1.847032286822795299e+01
-1.827018732726574868e+01
-2.115750908255578011e+01
-2.114158713519573496e+01
-2.116518495380878306e+01
-2.116457079648971629e+01
-1.749981640577316711e+01
-2.116440771222115558e+01
-2.117033258378504712e+01
-2.116141692698001009e+01
-2.116966045200824809e+01
-2.114124952554703540e+01
-2.111568632721901650e+01
-2.116838890016078878e+01
-1.635012784302234579e+01
-2.114821947813034697e+01
-2.115107928812503602e+01
-1.793510824739933796e+01
-2.114551982879638459e+01
-2.114514860808849761e+01
-2.115752767622471708e+01
-2.116652970314025950e+01
-2.116652517318726368e+01
-2.116364124119281698e+01
-2.116845169365406676e+01
-2.003986363708973073e+01
-2.116692775189876130e+01
-2.306013772077858182e+00
-1.346344477385282268e+01
-2.116219656765460400e+01
-2.116930560171603304e+01
-1.329899331473279434e+00
-1.749347568750381043e+01
-2.116890964806080433e+01
-2.116859046518801790e+01
-2.116370576620102639e+01
-2.116708255112171244e+01
-2.116420723199844289e+01
-2.115772330462932516e+01
-2.115465360283851837e+01
-2.116821262836456796e+01
-2.116896433234214570e+01
-2.116432258486747031e+01
-2.116347315907478688e+01
-2.116840192079542859e+01
-2.116925697624683522e+01
-2.116254123449326130e+01
-2.115764994621276429e+01
-1.832060974538325482e+01
-2.117027446627617238e+01
-2.116268428564072579e+01
-2.116594780981539969e+01
-2.116729305088519553e+01
-1.830859391987322482e+01
-1.318769290000200201e+01
-2.116418727934361144e+01
-2.116677460372447683e+01
-2.115060901045799113e+01
-2.116905812025071043e+01
-1.793703457713127492e+01
-2.116824766397476765e+01
-2.115949242711067413e+01
-2.115875451266765594e+01
-1.881473982036114734e+01
-2.114756460189819620e+01
-2.115740964710712646e+01
-2.116030083298682385e+01
-2.116052249372005889e+01
-1.788681645095348571e+01
-2.114042997360230203e+01
-2.116889690458774353e+01
-2.116444562673568441e+01
-1.692601903676985842e+01
-2.116173729896546263e+01
-2.116710068285464530e+01
-2.115654762685299062e+01
-2.116222325563430218e+01
-2.116679878830909800e+01
-1.632372448891401362e+01
-2.115671400725841167e+01
-8.296383409947161169e+00
-2.115577492117882485e+01
-2.074614737033844492e+01
-2.115929745137691853e+01
-1.830441261529923125e+01
-1.632591337710619328e+01
-2.114749464392662759e+01
-2.115756787955760387e+01
-2.116601358354092000e+01
-2.116056521832943105e+01
-2.115874594151974009e+01
-1.744987988770008158e+01
-2.116930468976498148e+01
-2.116843620836734985e+01
-2.009421832859516144e+01
-1.787876175045966676e+01
-1.820095090866089294e+01
-2.116282944083213380e+01
-1.793851808011531190e+01
-2.116440227031707622e+01
-2.116126686930656930e+01
-2.116816213130951496e+01
-1.676366974413395639e+01
-2.116698809862135988e+01
-2.116892374455929016e+01
-2.116959823668003082e+01
-7.396523454785345564e+00
-2.116777366101742430e+01
-2.116705599129198845e+01
-2.116369422674180001e+01
-2.112423252761363557e+01
-2.116865059137344574e+01
-2.114654458463192910e+01
-2.004742840528487591e+01
-2.116731156706810779e+01
-2.116756309866904928e+01
-2.116483533084392832e+01
-1.675137995183468220e+01
-2.115671629607678028e+01
-2.115907709896565336e+01
-2.116760917007922416e+01
-2.115262560546399584e+01
-2.116749725937843252e+01
-2.116432117819785574e+01
-2.116751875281334705e+01
-2.116692642569542571e+01
-2.116884690225124288e+01
-2.115935557782649923e+01
-4.730659762024878034e+00
-2.116788023114204620e+01
-1.632456003129481914e+01
-2.115941168665886352e+01
-2.116307773590087749e+01
-2.116632292568683127e+01
-2.116376589834689881e+01
-1.831856724917889423e+01
-2.116967652142048806e+01
-2.116589634418488330e+01
-2.116392261981964396e+01
-2.116531694531440877e+01
-2.114887880384921814e+01
-1.596961613595485829e+01
-2.116820935010909466e+01
-1.745141045749186048e+01
-1.798810700774193094e+01
-2.109311616122721489e+01
-2.004638730883599251e+01
-2.116698625385760124e+01
-2.115030440092087360e+01
-2.116862538158893869e+01
-1.826693351566791179e+01
-2.116389549970626760e+01
-2.115880562067032145e+01
-4.402289813011885933e+00
-2.116518201828002788e+01
-2.116435711681842591e+01
-2.116210900247097015e+01
-2.115683770179747469e+01
-1.749779660105705759e+01
-1.675164222121238922e+01
-2.116140191555022909e+01
-2.115478579699993844e+01
-2.116063029468059398e+01
-2.115986234545708555e+01
-2.004809167385101532e+01
-2.116698557734488872e+01
-2.116299596130847505e+01
-2.115048781335353567e+01
-2.116348327100276805e+01
-2.116793828010558087e+01
-1.830313030779362649e+01
-2.116452492475509928e+01
-2.116246955394745655e+01
-2.116844567358494444e+01
-2.115704090595245646e+01
-2.116341920197009685e+01
-2.115530841052531841e+01
-2.115382435917853954e+01
-1.221491477787494695e+01
-1.676275117844342333e+01
-2.116686637699604034e+01
-1.041527373790741073e+01
-2.115860850214957978e+01
-2.116535999476909424e+01
-1.079604099877178536e+00
-1.279985680431127726e+01
-2.115164887607097555e+01
-2.116909216344355826e+01
-2.112426207363606068e+01
-2.116265555620193695e+01
-1.830939868986607522e+01
-2.116645860373974131e+01
-2.116796593368053081e+01
-2.116512043774127250e+01
-1.640071180611850110e+01
-1.822832154035567598e+01
-2.116324009895324920e+01
-2.116809779107570577e+01
-1.847117720544337871e+01
-1.782744127511978505e+01
-2.116109091043472645e+01
-2.116746457219123911e+01
-1.642038504183293668e+01
-2.116457483172417398e+01
-2.116150442361831807e+01
-2.115882836580276205e+01
-1.744691147506236106e+01
-2.115876263976097960e+01
-2.114818256497383686e+01
-2.116371186673640992e+01
-2.115339320898056030e+01
-2.116245566010475798e+01
-2.116836360692978403e+01
-2.115672599971293977e+01
-2.116731220185757323e+01
-2.115823106765747141e+01
-1.636285018026827842e+01
-2.116560034453868511e+01
-2.115952212810515576e+01
-1.846730081140995594e+01
-2.115715239346027943e+01
-2.115288758575915651e+01
-2.116429184079170156e+01
-2.112358758747578236e+01
-2.116422673165798685e+01
-2.116561796367168213e+01
-2.115249482989311858e+01
-2.116479999721050476e+01
-2.116404213607311391e+01
-2.116712157130242389e+01
-2.116366059780119713e+01
-1.635328972637654132e+01
-2.116952117681503154e+01
-2.115953719615936635e+01
-2.115872168540954590e+01
-2.116283289194107198e+01
-1.041573133543133878e+01
-2.116380965709686279e+01
-1.676550304889678955e+01
-2.116649338901042654e+01
-2.116659235954285023e+01
-1.782836723327637074e+01
-2.115847117304802438e+01
-2.048382709026335746e+01
-2.116036897599695976e+01
-1.968568988740443615e+01
-2.116990479230881306e+01
-2.116651025116442852e+01
-2.116181643605230889e+01
-1.124398307874798553e+00
-2.116551376283167940e+01
-2.116943286955356029e+01
-2.116257133781910227e+01
-2.116333001255988933e+01
-2.006409584581851746e+01
-2.116095947623253437e+01
-2.116335794031620665e+01
-2.116742132306098512e+01
-2.114820174276829334e+01
-2.116461253464222381e+01
-2.116510833501815725e+01
-2.116035087406634574e+01
-2.116624890565872619e+01
-2.116972615122794821e+01
-2.116209752261638499e+01
-2.115378699600696066e+01
-2.116168760061263399e+01
-2.115597994327545450e+01
-2.115912132263183310e+01
-2.116138163506985492e+01
-2.069834296107292104e+01
-1.799028267860413166e+01
-2.116177666187286022e+01
-2.009301115572453256e+01
-7.031541789323092040e+00
-2.116116759181021934e+01
-2.116221939623354942e+01
-2.047908121347425947e+01
-2.115940707325935222e+01
-2.116517404913903277e+01
-2.116549756228923940e+01
-2.116786043345929258e+01
-2.116892066299915953e+01
-2.116228754520416189e+01
-2.115686571002006389e+01
-1.685410142540932910e+01
-2.115355359613895203e+01
-2.113990596234799213e+01
-2.116920188069342856e+01
-2.116727143824100565e+01
-2.112845465838908510e+01
-1.677283884137868952e+01
-2.116710296571255157e+01
-2.114537885487079549e+01
-1.992609067559241254e+01
-5.862764947116374969e+00
-2.115429771840572926e+01
-2.116440579593182392e+01
-2.116285203397273662e+01
-2.115751926302909780e+01
-2.115071702897548889e+01
-2.116890214085578492e+01
-1.493096493482589615e+01
-2.115913488268851950e+01
-2.116389819085597068e+01
-2.049198274910449769e+01
-2.116112534701824544e+01
-2.116689997315407723e+01
-1.203511994034052002e+01
-1.830854864418508043e+01
-2.116194661259651610e+01
-1.782716084122657918e+01
-5.860026396624744116e+00
-2.116709247827529339e+01
-2.116729035079479360e+01
-2.114908431172370129e+01
-2.116891717016697783e+01
-2.115498403310775188e+01
-1.677512067109346106e+01
-2.116837206184863263e+01
-2.116536903083324006e+01
-2.116609170138834983e+01
-2.116496618390083029e+01
-2.116535255908965141e+01
-2.116041320264339376e+01
-1.745623290836811137e+01
-2.116838697791100188e+01
-2.113557935953139122e+01
-2.113979868292808106e+01
-2.115553307235241576e+01
-1.634350795447826243e+01
-2.116703778803348257e+01
-2.116786625981331582e+01
-2.116167069673537782e+01
-1.701089376509188256e+01
-2.114903799891470726e+01
-1.745047125220298057e+01
-1.783011476844548682e+01
-9.830705882608890889e+00
-1.750885083973408385e+01
-1.783786816149950027e+01
-2.116490567624568442e+01
-2.116270069181918956e+01
-1.634314608722925044e+01
-1.677255487442016246e+01
-2.115528974831103781e+01
-2.116334974765777588e+01
-1.745247880518437711e+01
-2.116958428919314628e+01
-2.113425835967063193e+01
-2.116717259287833031e+01
-2.116511450409888440e+01
-9.873238442838196960e+00
-2.054780572056770893e+01
-2.116100005507469106e+01
-2.116131957769393779e+01
-2.116666400134563730e+01
-1.334844400882720983e+01
-2.116944863796233278e+01
-2.114097354412079000e+01
-2.115495428442954662e+01
-2.114499397873877840e+01
-2.116467613577842144e+01
-1.786589373648167012e+01
-1.745083136856556294e+01
-1.632384781092405390e+01
-2.116286250054835705e+01
-2.115443453788757111e+01
-2.116086977422237325e+01
-1.782259445786476348e+01
-2.116843630969523815e+01
-2.115788643658160595e+01
-1.744535724520683573e+01
-2.115855119526385764e+01
-2.116259653270244812e+01
-2.114520098865032693e+01
-2.116147156655788208e+01
-2.072525392174720338e+01
-2.116702262163162729e+01
-2.116527728736401315e+01
-2.115840275585650687e+01
-1.087948914878070461e+01
-4.120333782956003610e+00
-1.676606441736222308e+01
-2.116385882794856954e+01
-2.116093436479567913e+01
-2.116682549118996803e+01
-1.679213577210902386e+01
-2.115208025276659853e+01
-2.116428777277470630e+01
-1.632071226388215024e+01
-2.116233606040477966e+01
-2.116944042742252918e+01
-1.492902617156505229e+01
-2.112339803576468000e+01
-2.116731224358082741e+01
-2.115165632665157602e+01
-1.701203300952913011e+01
-2.115419647097587941e+01
-1.920118655860423829e+01
-1.289862296432256805e+01
-2.115553906857968158e+01
-2.116488775908946351e+01
-2.115169447362422162e+01
-2.115508294403553080e+01
-2.116978091895580860e+01
-2.116881989538669018e+01
-1.678563706129788713e+01
-1.633119386285543939e+01
-1.676789139062166356e+01
-2.116285371184350339e+01
-2.115997915863990642e+01
-2.115690973997116942e+01
-2.050456876456737376e+01
-2.116173828840255311e+01
-2.116875665485857994e+01
-1.637767033129929573e+01
-2.116712788045405702e+01
-2.116560286879538566e+01
-2.116441449522971752e+01
-2.114845801591872387e+01
-1.793381717801093345e+01
-2.115827017724514292e+01
-2.115084832906722667e+01
-1.657153098285199633e+01
-2.116778370738030191e+01
-2.116036782860755494e+01
-2.114286829233169129e+01
-2.116543713212012179e+01
-1.882087746560574004e+01
-1.836678754389286539e+01
-2.116380368769168996e+01
-1.782780801802873683e+01
-2.116997094750405140e+01
-2.115745301842688875e+01
-1.134587468504906482e+01
-2.114707709550858183e+01
-2.115526598989964313e+01
-2.114801251888275146e+01
-2.115909195244311292e+01
-2.116000204086303782e+01
-1.784511606097220948e+01
-2.115777663290500499e+01
-2.117037979066371989e+01
-2.116539399027825397e+01
-1.223282139450311767e+01
-2.115625580549240681e+01
-1.676200746446847489e+01
-7.684003707021474838e+00
-4.116356427967549081e+00
-1.283219270557165537e+01
-2.116988893151283335e+01
-1.764691921174526357e+01
-2.115290415287018533e+01
-2.116573413610459298e+01
-1.750883981287480395e+01
-2.116203303039075223e+01
-1.233659334573894650e+00
-2.113798063993453624e+01
-9.091210413724185813e+00
-2.113806162774562480e+01
-2.116348136961460824e+01
-1.793541491925715903e+01
-2.115608043372629865e+01
-1.794319496750831888e+01
-2.116679344475269176e+01
-2.116570153236388663e+01
-1.679085986316203005e+01
-2.032385741770268339e+01
-2.116500731110573241e+01
-2.115728089213370922e+01
-1.632819534838199615e+01
-2.116388708055019308e+01
-2.116416870653629800e+01
-2.116045276224613403e+01
-6.518981914967298508e+00
-1.793387373685835584e+01
-2.115890950858594266e+01
-2.114899269640445922e+01
-2.116622262001038024e+01
-1.882372267544270983e+01
-8.394512768834829330e+00
-1.040087918937206268e+01
-2.114360473155975839e+01
-2.116594277620315268e+01
-2.116710174083710427e+01
-2.116188481748104522e+01
-1.797183568179608670e+01
-2.116252351701260181e+01
-2.117011632323265147e+01
-2.114091116189957376e+01
-2.005211972892285033e+01
-2.116994557380675346e+01
-2.117016439735889222e+01
-1.676387342065572383e+01
-2.050185974836348635e+01
-2.116250558197498322e+01
-2.115502707958221507e+01
-2.114583212733268525e+01
-2.116644090712071247e+01
-2.116479418873787210e+01
-2.117011070549488139e+01
-2.116441759467124584e+01
-2.116738086938858032e+01
-2.115921039879321697e+01
-2.116773405969142630e+01
-1.678972630798816823e+01
-2.116847551465034272e+01
-2.116717725396156169e+01
-2.116362143158912801e+01
-2.116258254945278239e+01
-2.116621788442134644e+01
-2.116722371876239706e+01
-2.115140826106072325e+01
-2.116886206865311237e+01
-1.882074830234050467e+01
-2.116365633606909924e+01
-2.116840044260024811e+01
-2.116994749307632517e+01
-2.116782059371470837e+01
-2.116774054467677857e+01
-2.116651189029217761e+01
-1.678484044671058584e+01
-2.115706756711005454e+01
-2.116323291659355021e+01
-2.116801400482654927e+01
-2.116258507072926420e+01
-2.116264639794825797e+01
-2.116758579909800986e+01
-2.115243976712226370e+01
-2.116460518836975524e+01
-2.116461899578571959e+01
-2.116729015111922863e+01
-2.116465586423874967e+01
-2.116839412450789837e+01
-2.117051826417445781e+01
-2.114939247965812186e+01
-2.115052938461304421e+01
-2.116826984584331228e+01
-2.114796515107154917e+01
-1.679416775703429821e+01
-9.146418567746876782e-01
-2.116458620429038362e+01
-2.115285347402096860e+01
-2.077109024524688508e+01
-2.116449829936027882e+01
-1.798340597152710885e+01
-2.116665252149104504e+01
-2.116700525283813406e+01
-2.116033443510532663e+01
-2.116977721750735952e+01
-1.793592069745063355e+01
-2.115774048268794161e+01
-2.116256753802299784e+01
-2.116530503630637838e+01
-9.492549952864647977e+00
-2.115452281534671286e+01
-2.116940932869910696e+01
-2.116418770253659432e+01
-1.793721019625663970e+01
-2.115918351113797158e+01
-2.115837794542313333e+01
-2.115788888037204885e+01
-2.115440792441367890e+01
-2.116019366979598715e+01
-1.633739472031593465e+01
-2.116285763978958201e+01
-2.115289054512977174e+01
-2.116717141568661020e+01
-2.116762206256390400e+01
-2.116808887720108601e+01
-2.115570695400237611e+01
-1.228182555735111414e+01
-2.116090484559535767e+01
-1.846823945045471049e+01
-2.116420297324657795e+01
-2.115538579523563456e+01
-2.114309106171131347e+01
-2.116392133533953768e+01
-2.116193338930607126e+01
-2.116573249697684744e+01
-2.116943105459212759e+01
-1.786136157214640718e+01
-2.115876461267470532e+01
-2.116211312413216206e+01
-2.116694347262383147e+01
-1.783461978137493276e+01
-2.115369240641594217e+01
-2.115970571637154407e+01
-6.079333077371118499e+00
-1.827323051393031861e+01
-2.112737183570862243e+01
-1.744833706319332478e+01
-2.114480610489845702e+01
-2.116497911214828775e+01
-2.116568587124347189e+01
-2.116817228198051026e+01
-9.480876922607421875e+00
-2.116106826663017060e+01
-2.116571079194546456e+01
-2.115636734068392855e+01
-2.116925981640815024e+01
-2.115697284042834525e+01
-7.172468130290508448e+00
-1.793411906659603261e+01
-2.116001206040382243e+01
-2.116262412369251322e+01
-2.116825409829616333e+01
-2.116840855479239991e+01
-2.116790015995501761e+01
-2.115777992010117714e+01
-2.116624819338320407e+01
-2.115708075165748525e+01
-2.116164113581181283e+01
-2.116244626939296225e+01
-2.116813824176787762e+01
-2.115540578961372731e+01
-2.116038027107715180e+01
-2.115236616730690145e+01
-2.115532863140106912e+01
-2.116654838621616719e+01
-8.425711499154564521e+00
-2.115614016354083660e+01
-2.116289481520652416e+01
-1.793973421454430195e+01
-2.115232152044774239e+01
-2.116329919993878050e+01
-2.115991815328597525e+01
-2.116473079025745818e+01
-2.114748940467835325e+01
-1.041552607864141322e+01
-2.116180132031440309e+01
-2.116350111365317588e+01
-2.116888650059699373e+01
-2.116413652896881459e+01
-2.116454711556434276e+01
-2.116745401322841147e+01
-2.116129368543624167e+01
-2.116495790183543591e+01
-1.836223933100700734e+01
-1.680181156843900458e+00
-2.115396954119205120e+01
-2.114651025533676076e+01
-1.676736647635697963e+01
-1.793306655883787570e+01
-2.116455791294573885e+01
-2.116404002606868318e+01
-1.744031239151954082e+01
-2.116478477120399049e+01
-2.114905157983303496e+01
-2.115860649645328451e+01
-2.116730397045612122e+01
-2.116040201187133718e+01
-1.000825840234756292e+01
-1.853738660514354208e+01
-2.116149595975875641e+01
-2.115946796536445618e+01
-2.116790520250797769e+01
-1.793246420919894035e+01
-2.115459217727184793e+01
-2.116801145672798512e+01
-2.116893601119518564e+01
-2.116334108114242341e+01
-2.116299066543578533e+01
-2.114854073822498393e+01
-2.116813959181308746e+01
-1.847031045258046333e+01
-2.115381773710250357e+01
-2.116664099097251750e+01
-7.846522372961045377e+00
-2.116007460653781891e+01
-2.116919218003749492e+01
-2.116230357885361357e+01
-2.116506985723971823e+01
-1.882027555704115684e+01
-2.116996693909168314e+01
-2.116825542747974254e+01
-2.116855742633343240e+01
-2.115760998129845660e+01
-1.779438050091267343e+01
-2.116757346093654846e+01
-2.116322724521159770e+01
-2.116617780029774210e+01
-1.650756547003985020e+01
-2.115438087880610851e+01
-1.793974623084069364e+01
-2.116331911385059072e+01
-2.116543031632899385e+01
-2.116258453726769773e+01
-2.115749275684357045e+01
-2.116303867995739196e+01
-2.116064412295818187e+01
-1.794662531018256146e+01
-2.115915684700012633e+01
-2.115629271566867686e+01
-8.296418178826568735e+00
-2.112015092670917582e+01
-1.632710516899824782e+01
-2.115566475689410453e+01
-2.115533639490605111e+01
-1.676641329824923687e+01
-2.116231080293655609e+01
-2.115652286112308644e+01
-2.116899310946465107e+01
-1.787408843189476926e+01
-2.116009951531885847e+01
-2.116046838164328747e+01
-1.794274481236935870e+01
-2.116889680922031758e+01
-2.115621869266032817e+01
-2.049923852086067200e+01
-2.116763215661049458e+01
-5.011201190948484374e+00
-2.116512754857540557e+01
-2.116071732044219189e+01
-2.116397961676121398e+01
-1.632652389556169581e+01
-2.115732001960277131e+01
-2.115110336840152883e+01
-1.832390003800391298e+01
-1.676337216496467519e+01
-2.117036114037036754e+01
-2.114742734134197732e+01
-2.116427754461765787e+01
-2.116677222251891521e+01
-2.116855501234532255e+01
-2.114738352000712496e+01
-2.116732898652553629e+01
-2.115972273349761323e+01
-2.116620745360850719e+01
-8.774966423958538542e+00
-2.116077521741389589e+01
-2.116977176964282492e+01
-2.116536511778830842e+01
-2.116638115048408153e+01
-1.794634205102919822e+01
-2.115978744924068522e+01
-2.116327286362648152e+01
-1.098087609857321034e+01
-1.882078158557415648e+01
-2.116632030606270121e+01
-2.115915004312991243e+01
-1.676487292349339242e+01
-2.116765291094779400e+01
-2.116177958250046842e+01
-2.116143654584885070e+01
-2.116479916572570730e+01
-2.116366489231586812e+01
-2.070162759125233620e+01
-2.116822585165500570e+01
-2.116086678802967569e+01
-2.116209689974785491e+01
-2.115362271964549734e+01
-2.115356451869011778e+01
-2.116920263767242716e+01
-1.830519436001777578e+01
-2.116042360961436586e+01
-2.116439697444439361e+01
-2.115693962574005127e+01
-2.116690316498279145e+01
-2.116572051346302885e+01
-2.115937595367431356e+01
-1.636388527601956255e+01
-2.116466714143754047e+01
-2.116451565027237081e+01
-2.115341849029063326e+01
-2.115903546214103770e+01
-2.115689916312694052e+01
