-5.470771944522856423e+00
-3.012465199828147977e+00
-5.475150901079178567e+00
-5.471305385231971741e+00
-5.469228231906891224e+00
-5.475301212072371193e+00
-5.475119730830191322e+00
-5.467722782492637990e+00
-3.012479174137115745e+00
-5.471750888228416265e+00
-5.474883538484572654e+00
-5.474950030446051663e+00
-5.467685586214066085e+00
-5.474339541792867969e+00
-5.474790710210800881e+00
-5.475286668539048662e+00
-3.582676623016596840e-01
-5.475203838944436185e+00
-3.033334314823150635e+00
-3.033332595229148332e+00
-5.475238236784934820e+00
-5.469429334998130443e+00
-5.467405837774277799e+00
-5.472780877351762108e+00
-5.472325730323793103e+00
-3.012453861534594601e+00
-5.475117814540863215e+00
-5.475035068392752891e+00
-5.473147636651994219e+00
-5.471973955631256992e+00
-5.474800145626068648e+00
-5.474187454581261214e+00
-5.474774566292762934e+00
-5.472991356253622541e+00
-5.467873311042786177e+00
-5.474787959456443254e+00
-5.473299410939215015e+00
-5.468771111965178733e+00
-5.467895886301994857e+00
-5.473681816458703331e+00
-5.475103136897086387e+00
-5.474961668252944946e+00
-5.468257132172584356e+00
-5.475288346409796780e+00
-5.475187680125237044e+00
-5.473396772146226219e+00
-5.475262013077736967e+00
-5.467912784218787792e+00
-5.474984791874886625e+00
-3.033334761857986450e+00
-5.475338938832281954e+00
-5.473027926683425193e+00
-5.469091865420341314e+00
-5.472246712446213301e+00
-5.475314113497734780e+00
-5.474835914373398005e+00
-5.474822774529457092e+00
-5.467953282594679720e+00
-5.473563092947006048e+00
-5.472758823633194325e+00
-3.033321282267570140e+00
-5.474376338720320589e+00
-5.470697492361068726e+00
-5.475293835997582015e+00
-5.468015685677529270e+00
-5.475329923629759676e+00
-5.472750186920166016e+00
-5.475216692686080577e+00
-5.468807360529898354e+00
-3.012462383508682340e+00
-5.474675247073173878e+00
-5.468857795000075406e+00
-5.474945947527884549e+00
-5.471788311004638139e+00
-5.475032350420952376e+00
-5.469188973307608670e+00
-5.475128507614136275e+00
-5.475186645984650546e+00
-5.468166050314903437e+00
-5.474285510182380854e+00
-5.475182592868805820e+00
-5.467715489864350076e+00
-5.474437063932417580e+00
-5.473787668347359414e+00
-5.475080949068069636e+00
-3.012437956035137088e+00
-5.475219106674194869e+00
-5.475275117158888705e+00
-5.474350452423095703e+00
-5.470692822337151817e+00
-3.033322907984257188e+00
-3.033328416943550376e+00
-5.474903959035872347e+00
-5.469542482495307389e+00
-5.473834559321402615e+00
-5.475230547785758795e+00
-5.474168014526367365e+00
-5.474639239907263644e+00
-5.468442916870117188e+00
-5.474484974145889637e+00
-5.474149572849274392e+00
-5.468382778763770879e+00
-5.472278308868409269e+00
-5.475330960750578235e+00
-5.475306364893913091e+00
-3.033328223973512650e+00
-5.469884172081948215e+00
-5.475058439373968966e+00
-5.472774684429170478e+00
-5.474845215678215027e+00
-5.467576119303703130e+00
-5.467853173613549167e+00
-3.033319916576146635e+00
-3.033332543075085486e+00
-5.471096193790436324e+00
-5.469352164864540455e+00
-5.475209939479826815e+00
-3.033329073339700255e+00
-5.475069281458853965e+00
-5.467753931879998142e+00
-3.012474854290484672e+00
-5.471041128039360046e+00
-5.470207881927489524e+00
-5.467799890041350253e+00
-5.469849237799643937e+00
-5.472500392794609425e+00
-5.475252270698549140e+00
-5.475147581100462624e+00
-5.475317057967186152e+00
-5.468760955333708651e+00
-5.467776134610176086e+00
-5.473954784870148416e+00
-5.475296854972840244e+00
-5.468464231491087624e+00
-3.012468111515045788e+00
-5.475333151221275507e+00
-5.468249675631524198e+00
-5.475294783711432522e+00
-4.179514476098120102e-01
-3.012447033822535758e+00
-5.474132809042930425e+00
-5.473163941502571461e+00
-5.470742923021316706e+00
-3.033332629501819699e+00
-5.475171244144440230e+00
-3.033327274024486542e+00
-5.467672488093376693e+00
-5.475114050507544405e+00
-5.475098639726637018e+00
-5.468981707096098432e+00
-5.474305856227874578e+00
-5.474355322122574030e+00
-5.475184965133666815e+00
-5.468115323781968407e+00
-5.471832904219626315e+00
-5.468014818429947965e+00
-5.469637989997864658e+00
-5.468769505620001858e+00
-5.475355237722396851e+00
-5.474815765023230973e+00
-5.475357091426850786e+00
-5.474066814780233159e+00
-5.475317952036857783e+00
-3.033321376144885839e+00
-5.473600441217421952e+00
-5.475272908806800842e+00
-3.033326925337315405e+00
-5.474697297811507823e+00
-5.475085619091987432e+00
-5.472253668308257879e+00
-5.472860056161881204e+00
-5.475326234102248613e+00
-5.468610924482346647e+00
-5.469781616330147145e+00
-5.475274688005447032e+00
-5.475103881955147855e+00
-5.467751714587211431e+00
-5.473556470870971857e+00
-5.474114954471588135e+00
-5.475020596385001603e+00
-5.472359952330589472e+00
-5.473183980584145125e+00
-5.475099006295203630e+00
-5.475204434990883051e+00
-5.475292357802391763e+00
-5.470969823002815424e+00
-5.474459248781204046e+00
-5.474885073304174732e+00
-4.179550674743949812e-01
-5.468415227532386957e+00
-5.475374808907509383e+00
-5.473171240091323497e+00
-5.474921357631683527e+00
-3.033324774354696718e+00
-5.474726071953774031e+00
-5.475288280844686994e+00
-5.474945873022078580e+00
-5.475366547703742981e+00
-3.012458580732345848e+00
-5.471450889110565541e+00
-3.033323770761489957e+00
-5.474623829126358032e+00
-5.469931936264038619e+00
-5.469862926006317849e+00
-5.474648427963256125e+00
-3.033331172913313001e+00
-5.468264546990394770e+00
-5.468005463480949402e+00
-5.475218203663826166e+00
-5.475011238455771867e+00
-5.475012436509133273e+00
-3.012462289631367085e+00
-5.475321751832963102e+00
-5.473323622345925621e+00
-5.474755623936652604e+00
-5.475094243884086609e+00
-5.472718235850333457e+00
-5.474972710013389587e+00
-5.473537626862525762e+00
-5.472525024414062855e+00
-3.012446333467960091e+00
-5.472587510943411893e+00
-5.475116142630576554e+00
-5.472326573729515253e+00
-5.473614630103110557e+00
-5.474995082616803899e+00
-5.468921202421187289e+00
-5.474645602703095193e+00
-5.474670809507370173e+00
-5.475134128332138417e+00
-5.475131496787072116e+00
-5.472529026865958990e+00
-5.475247028470039190e+00
-5.474654793739318848e+00
-5.467774334549903692e+00
-5.475244149565695828e+00
-5.467990452051163075e+00
-5.475163084268569236e+00
-5.474173381924630100e+00
-5.468235224485397339e+00
-5.468260681629179665e+00
-5.470688629150391336e+00
-5.475091591477394104e+00
-5.472122552990913213e+00
-5.471835643053055698e+00
-5.471617236733437473e+00
-5.472740325331687750e+00
-3.033332726359366571e+00
-5.474535936117171708e+00
-5.475139090418815080e+00
-5.475199112296103898e+00
-5.468374043703080112e+00
-5.472243165969848278e+00
-3.012467455863951926e+00
-5.475209820270537264e+00
-5.475098946690559742e+00
-5.473108321428298950e+00
-5.475274068117142789e+00
-5.472298651933670044e+00
-5.474904388189315796e+00
-5.472435131669043606e+00
-5.467747727036477379e+00
-5.474608537554740195e+00
-5.475182723999022727e+00
-5.473181077837944386e+00
-5.469643226265906932e+00
-5.475356882810594072e+00
-5.468261173367499950e+00
-5.473556813597680204e+00
-5.469776812195777715e+00
-5.474915987253188732e+00
-5.475331646203994040e+00
-5.475148129463195623e+00
-5.467690449953079401e+00
-5.473628285527229131e+00
-5.473450922966003773e+00
-5.474989074468613381e+00
-5.467941021919250133e+00
-5.475344252586364924e+00
-5.467651689052581254e+00
-5.468128830194472378e+00
-3.012460061907767717e+00
-5.467942485213280079e+00
-5.467618668079375688e+00
-5.475332051515579224e+00
-5.475124728679656272e+00
-3.012464968860149028e+00
-5.469185313582420882e+00
-5.474208033084869029e+00
-5.473103153705597634e+00
-5.474651706218718772e+00
-5.475123935937881825e+00
-5.475045296549796880e+00
-5.475077304244042153e+00
-5.469595280289650141e+00
-5.471327409148216248e+00
-5.471394696831702653e+00
-5.472385579347609053e+00
-5.468260708451269991e+00
-5.475068965554237721e+00
-5.474283736944199674e+00
-5.473343008756637040e+00
-5.472007200121880466e+00
-5.474111887812613375e+00
-5.474685847759246826e+00
-5.473767927289009627e+00
-5.473193287849426270e+00
-5.475186741352081832e+00
-5.475240975618364203e+00
-5.472891819477080588e+00
-5.469277086853979952e+00
-5.475052019953730031e+00
-5.473993104696274870e+00
-5.474567130208016330e+00
-5.471549582481383567e+00
-5.475369679927826638e+00
-5.475322246551515448e+00
-3.012469907104969202e+00
-3.033328282833099632e+00
-5.468507224321364824e+00
-3.012427008152008145e+00
-5.472860750555993192e+00
-5.470156577229499995e+00
-5.475112110376358920e+00
-5.473169532418251215e+00
-5.475255551934242071e+00
-5.474790361523629301e+00
-5.475202053785324985e+00
-5.473718917369843062e+00
-5.473026263713836492e+00
-5.469213709235191345e+00
-5.474373960494994584e+00
-5.468156117200851263e+00
-5.469209468364716997e+00
-5.473958936333656489e+00
-5.473202148079872487e+00
-5.474596175551414312e+00
-5.475090214610100148e+00
-5.472163346409799622e+00
-5.469468483328820518e+00
-5.471258452534674355e+00
-5.469866594672203597e+00
-5.474668037891388117e+00
-5.468286234140396829e+00
-3.012459793686867560e+00
-3.033338440209627063e+00
-5.468730562925339100e+00
-5.470266550779343540e+00
-5.474995419383047235e+00
-5.467433351278303988e+00
-5.474999526143075279e+00
-5.473454961180686418e+00
-5.467923974990844371e+00
-5.474827551841735307e+00
-5.474748036265372875e+00
-5.469385573267937950e+00
-5.468122509121894126e+00
-4.179550698958337529e-01
-5.473700010776520131e+00
-5.475135368108749567e+00
-5.468904834985732322e+00
-5.473459285497665583e+00
-5.475095635652541759e+00
-5.471329128742216774e+00
-3.012467557191848666e+00
-5.475104305148123629e+00
-5.469978681206702831e+00
-5.475353631377219976e+00
-5.473415488004683915e+00
-5.470331859588623225e+00
-5.473317787051200867e+00
-5.474469694495201821e+00
-5.468183749914169667e+00
-5.470568898320196993e+00
-5.475128382444381714e+00
-5.475059735774995495e+00
-5.467742213606834767e+00
-5.474889039993286133e+00
-5.473912605643271867e+00
-5.474184340238571700e+00
-3.033332431316376088e+00
-5.471479794383048656e+00
-5.474041366577148793e+00
-5.475054255127908220e+00
-5.474005356431008273e+00
-5.474297979474068043e+00
-5.474692505598069303e+00
-5.474585092067717262e+00
-5.469328850507736206e+00
-5.474620345234870733e+00
-5.473189842700957541e+00
-3.033336228132248014e+00
-3.033327344805002213e+00
-5.474713113903999506e+00
-5.474973812699317044e+00
-5.473163515329360962e+00
-5.475244098901747236e+00
-5.475270172953606185e+00
-5.475297442078590926e+00
-5.472270336747169672e+00
-5.474489536881446128e+00
-5.471178936958312811e+00
-5.473939341306686579e+00
-5.475297471880912425e+00
-5.473291805386543807e+00
-5.474091574549674100e+00
-5.468001893162727889e+00
-5.474574026465416132e+00
-5.468518278002738597e+00
-5.473643967509269181e+00
-5.475138193368911388e+00
-5.473732152581215260e+00
-5.472425585985184249e+00
-5.473506098985671642e+00
-5.468958887457845641e+00
-3.012466689944266918e+00
-5.471547973155975519e+00
-5.468019485473632812e+00
-5.474228170514107816e+00
-5.474972069263458252e+00
-5.468229240179063311e+00
-5.475294753909111911e+00
-5.475049662590026678e+00
-5.474354445934295654e+00
-5.469387778639792863e+00
-5.468699318170547663e+00
-5.472510600090028099e+00
-5.475273457169532954e+00
-5.467715808749198381e+00
-5.474167340993880693e+00
-5.474593484401703236e+00
-3.012416391074657085e+00
-5.474946838617324119e+00
-5.474825283885002669e+00
-5.473946419358254545e+00
-5.470928484201430742e+00
-5.474096325039862876e+00
-5.473958349227904918e+00
-5.469226786494255421e+00
-5.475290066003798195e+00
-5.474613463878632125e+00
-5.469139143824578220e+00
-3.033335839211940943e+00
-5.468818730115890148e+00
-5.472360584139822848e+00
-5.474825152754783986e+00
-5.472495386004446516e+00
-5.474125841259956715e+00
-5.475149038434030224e+00
-5.470440664887427751e+00
-5.475002884864807129e+00
-5.467799675464629416e+00
-5.472862055897712352e+00
-5.474740320444107411e+00
-5.467659673094749095e+00
-5.474202790856360856e+00
-5.470826199650764110e+00
-5.475242772698402760e+00
-5.475312617421150385e+00
-5.471374058723450062e+00
-5.474923279881476645e+00
-5.475341695547104592e+00
-5.469420495629309542e+00
-5.467808356881142196e+00
-5.474230340123177108e+00
-3.012473586201667608e+00
-5.474561977386475320e+00
-5.474716889858245672e+00
-5.475242772698401872e+00
-5.469291630387305148e+00
-5.475297698378562394e+00
-5.475136500596999412e+00
-5.467726093530654197e+00
-3.033330709487199961e+00
-5.473811700940132141e+00
-5.475176486372948403e+00
-5.470363909006118242e+00
-5.474933591485022788e+00
-5.475203871726989746e+00
-5.475225162506103693e+00
-5.474401652812956875e+00
-5.475117582082748235e+00
-5.474969938397405755e+00
-5.474321201443672180e+00
-5.467872941493988392e+00
-5.475154894590376742e+00
-3.012455213069915594e+00
-5.473517382144928334e+00
-5.470248439908028004e+00
-5.475255510210990550e+00
-5.474813067913055775e+00
-5.475281807780264742e+00
-5.474657276272774098e+00
-5.469045409560203019e+00
-3.033335196226835340e+00
-5.475263202190399525e+00
-5.467913064360619302e+00
-5.474800348281859463e+00
-3.012471145391464322e+00
-3.033325072377920151e+00
-5.472987398505210876e+00
-5.474873363971710205e+00
-5.474902582168579279e+00
-5.474047031998635404e+00
-5.468032929301262612e+00
-5.475310686230660195e+00
-5.475058591365814742e+00
-5.474206194281578064e+00
-5.475028964877126647e+00
-5.473411968350410994e+00
-5.475241962075233282e+00
-5.472179815173149997e+00
-5.474054405093193409e+00
-5.473551014065742848e+00
-3.012465503811835976e+00
-5.472702655196188815e+00
-5.472424441576003495e+00
-5.475316691398621316e+00
-5.467920082807540716e+00
-5.468356221914290494e+00
-5.475336357951165134e+00
-5.467600589990617266e+00
-5.469781154394149247e+00
-5.467712873220444081e+00
-5.474339145421981634e+00
-5.475089782476424638e+00
-5.474304091930389582e+00
-5.474318614602087685e+00
-5.466849195957182772e+00
-5.475100526213647179e+00
-3.012463074922562267e+00
-3.012467692792415441e+00
-5.474959307909012196e+00
-5.470775467157363181e+00
-5.467688345909118119e+00
-5.474337190389634067e+00
-5.475294598937033186e+00
-5.473514774441718522e+00
-5.474213254451750998e+00
-5.467980611324310125e+00
-5.473297122120857061e+00
-5.475210610032081426e+00
-5.473890888690947421e+00
-5.475207957625388921e+00
-5.475261771678924916e+00
-5.468281945586205062e+00
-5.474909234046936746e+00
-5.474994027614593861e+00
-5.470122590661048889e+00
-5.475273194909095587e+00
-5.468960049748420538e+00
-5.474728387594223200e+00
-5.473562708497045293e+00
-5.474581772089003096e+00
-5.474647733569145025e+00
-5.468503788113594943e+00
-5.475302127003669916e+00
-5.475271651148795549e+00
-5.471267864108086521e+00
-5.474816396832465237e+00
-5.473186945915221813e+00
-5.471147310733795344e+00
-5.475176274776459628e+00
-5.475233781337737859e+00
-5.475278210639953791e+00
-5.471734419465065891e+00
-5.473427778482437667e+00
-5.470076850056647899e+00
-5.474312996864317604e+00
-5.469741463661194736e+00
-5.474975296854973195e+00
-5.474393031001089760e+00
-5.471897321939467318e+00
-5.468272635340691856e+00
-5.474561840295791626e+00
-5.474859377741814193e+00
-5.475151929259300054e+00
-5.474889647960663908e+00
-5.473659506440163192e+00
-5.467656892538069968e+00
-5.475177919864655074e+00
-5.474686098098755949e+00
-5.474929383397102001e+00
-5.473505201935767950e+00
-5.475163075327874829e+00
-5.475242024660109230e+00
-5.475251370668409834e+00
-5.475343823432922363e+00
-5.468290996551512961e+00
-5.472409445047378362e+00
-5.474838325381278459e+00
-5.474715247750282288e+00
-5.475205254554747825e+00
-5.475349363684654413e+00
-5.471333876252174377e+00
-5.475146150588988903e+00
-5.473985990881920394e+00
-5.472465068101882935e+00
-5.467885944247244723e+00
-5.473113805055618286e+00
-5.475012293457985457e+00
-5.475320282578468145e+00
-5.473755529522896346e+00
-5.473177406191825689e+00
-5.474630206823348111e+00
-5.472401884198188071e+00
-5.473060694336891352e+00
-5.468566933274268571e+00
-3.012482120096683591e+00
-5.474876722693442943e+00
-5.474927341938016667e+00
-5.470688265562057673e+00
-5.473527392745018538e+00
-5.474120828509330572e+00
-5.474908313155174788e+00
-3.012458339333534241e+00
-3.033334779739379705e+00
-5.473907038569451267e+00
-5.468509376049040860e+00
-5.467509925365448886e+00
-5.474857509136199951e+00
-5.473079356551170171e+00
-5.474988296627999240e+00
-3.012448933720589306e+00
-5.468454486131667736e+00
-5.474414071440695473e+00
-5.475013247132301863e+00
-5.471315634250641935e+00
-5.475150701403618037e+00
-5.472221529483794811e+00
-5.467767876386641746e+00
-5.474128648638724393e+00
-5.474576628208160933e+00
-5.468508517742156627e+00
-5.475332552194595692e+00
-5.472041627764700600e+00
-5.468987026810645524e+00
-5.475127235054970676e+00
-5.473949944972991588e+00
-5.468509343266487299e+00
-5.475029647350312167e+00
-5.469351020455360590e+00
-5.475046777725219194e+00
-5.475262612104415894e+00
-5.475353020429611028e+00
-5.471445569396018449e+00
-5.475294235348702188e+00
-5.473467120528220597e+00
-5.473119652271270397e+00
-5.475174701213837203e+00
-5.474960339069366633e+00
-5.475004243850707830e+00
-5.474029132723806867e+00
-5.473812410235405324e+00
-5.470872738957405446e+00
-5.467807099223137790e+00
-5.468611559271811196e+00
-5.473435911536214782e+00
-5.473545369505881553e+00
-5.468139722943305969e+00
-5.473849824070930126e+00
-5.470435565710067394e+00
-3.012446251511573969e+00
-5.473536464571953530e+00
-5.474676540493963017e+00
-3.033333031088113696e+00
-5.475166958570480524e+00
-5.475148129463194735e+00
-5.474161553382872469e+00
-5.475149562954902294e+00
-5.475319156050683311e+00
-5.474727571010589600e+00
-5.473196545243263600e+00
-5.475288999080658137e+00
-5.473022294044495695e+00
-5.471359470486640397e+00
-5.475059017539023465e+00
-5.473034730553627547e+00
-5.473973610997199479e+00
-5.468389856815337957e+00
-5.470883569121361312e+00
-5.475212410092354709e+00
-5.474488925933836292e+00
-5.475237828493119352e+00
-5.467824649810790305e+00
-5.474827069044112982e+00
-5.475171416997909546e+00
-3.012459489703178228e+00
-5.473895931243895951e+00
-5.470452123880386708e+00
-5.474418622255326383e+00
-5.475332272052762406e+00
-5.467756119370459800e+00
-5.474989116191864014e+00
-5.469195392727852045e+00
-5.473696941137312422e+00
-5.467869871854781572e+00
-5.468576094508171614e+00
-5.468913510441780090e+00
-5.474518895149232733e+00
-5.475058835744859742e+00
-5.474589595198631642e+00
-5.474785399436950861e+00
-5.475172299146652044e+00
-5.475351324677466991e+00
-5.467964655160904464e+00
-5.475122734904288357e+00
-5.475114557147025884e+00
-5.473053559660910672e+00
-5.474839812517166671e+00
-5.474586817622185464e+00
-5.474719521403311973e+00
-5.474984258413313931e+00
-5.475229829549790317e+00
-5.468608653545380172e+00
-5.473267534375191090e+00
-5.474840641021729404e+00
-5.473494815826416726e+00
-5.474991381168365479e+00
-3.012475097179413197e+00
-3.033331105858087184e+00
-5.472206637263298923e+00
-3.012448041141033261e+00
-5.474892961978912176e+00
-5.475299975275993880e+00
-5.475170707702637252e+00
-5.474191325902938665e+00
-5.473785433173179449e+00
-5.474813437461852672e+00
-5.475326472520826826e+00
-5.470971044898034208e+00
-5.475310656428336920e+00
-5.474987924098967618e+00
-5.475166201591491699e+00
-5.475126087665557861e+00
-5.474076107144355774e+00
-5.475307944416998751e+00
-5.474961403012275518e+00
-5.475320896506310042e+00
-3.012460653483867823e+00
-5.475261586904525579e+00
-3.033321049064398256e+00
-5.470126777887343472e+00
-5.475352218747138622e+00
-5.474188801646233671e+00
-5.475304451584816157e+00
-5.475320863723754705e+00
-5.473595669865607860e+00
-5.475250437855721408e+00
-5.475211089849472579e+00
-5.468112140893937045e+00
-5.475238788127899880e+00
-5.475124076008795804e+00
-5.474791416525841115e+00
-3.033331777900457382e+00
-5.470578566193581516e+00
-5.470542961359024403e+00
-5.473860514163971125e+00
-5.471327880024910328e+00
-5.474538415670394897e+00
-3.033315609395503820e+00
-3.012442387640476671e+00
-5.472459775209427058e+00
-5.473388427495956776e+00
-5.475191956758498790e+00
-5.475221091508863935e+00
-5.475272139906881996e+00
-5.473751416802407732e+00
-5.475349745154381331e+00
-5.467825034260750172e+00
-5.471961322426796670e+00
-5.471477568149564874e+00
-3.033331075310706559e+00
-5.473842301964761070e+00
-3.033327508717774901e+00
-5.467809394001961643e+00
-5.475266647338868253e+00
-5.468950936198234913e+00
-5.474298903346062062e+00
-5.474905389547348733e+00
-5.474810379743575872e+00
-5.474799224734306691e+00
-5.475122782588005776e+00
-5.474899595975876387e+00
-5.467835307121276855e+00
-5.474371579289436518e+00
-5.475335341691971003e+00
-5.471074706315995684e+00
-5.468424865603448204e+00
-5.473546329140662969e+00
-5.467716148495674666e+00
-5.474572518467904381e+00
-5.470145022869110640e+00
-3.033323328942060471e+00
-5.473918825387954712e+00
-5.474954870343210267e+00
-5.474765083193777748e+00
-5.470619666576386209e+00
-5.474865311384199629e+00
-5.469428825378417791e+00
