-3.999982027619672476e+00
-3.999964698049377265e+00
-3.999989477150774242e+00
-3.999969744129375115e+00
-3.999968653893810178e+00
-3.999990006975664869e+00
-3.999988816132137082e+00
-3.999968930959223457e+00
-3.999979374464187387e+00
-3.999976476065461028e+00
-3.999979898713347470e+00
-3.999968363763119150e+00
-3.999975984048226962e+00
-3.999972351418247474e+00
-3.999977321680677544e+00
-3.999975617900179969e+00
-3.999984469091662387e+00
-3.999986123680418171e+00
-3.999970432870591175e+00
-3.999979418549490795e+00
-3.999983606346707354e+00
-3.999970538748861770e+00
-3.999975708919322415e+00
-3.999982899062784814e+00
-3.999970851844040443e+00
-3.999979285634185366e+00
-3.999982774506045224e+00
-3.999971367088388075e+00
-3.999975584594164246e+00
-3.999970721442219546e+00
-3.999978867579441211e+00
-3.999991047851293668e+00
-3.999978046910835250e+00
-3.999972098680815602e+00
-3.999967629734281438e+00
-3.999974714149125088e+00
-3.999973375746321391e+00
-3.999969648473198358e+00
-3.999980268079917689e+00
-3.999971221469166061e+00
-3.999977928633719149e+00
-3.999992783591705514e+00
-3.999975524021093243e+00
-3.999975506796138891e+00
-3.999978077871714888e+00
-3.999977755929737366e+00
-3.999979158400347679e+00
-3.999972780895163726e+00
-3.999984095590817912e+00
-3.999967166279410513e+00
-3.999983855953886724e+00
-3.999969856353402520e+00
-3.999976541446024658e+00
-3.999979417444925911e+00
-3.999975278512015731e+00
-3.999974092018367067e+00
-3.999981523813146644e+00
-3.999977639920969885e+00
-3.999974844420685294e+00
-3.999973348643322879e+00
-3.999970996578956939e+00
-3.999972606402494968e+00
-3.999978636513952690e+00
-3.999968159919445654e+00
-3.999981644425712357e+00
-3.999981323464824268e+00
-3.999965498643183626e+00
-3.999969066981771793e+00
-3.999966481219355163e+00
-3.999986730538842128e+00
-3.999986293359903300e+00
-3.999987559386259495e+00
-3.999978014384195646e+00
-3.999973829636076061e+00
-3.999970294449981090e+00
-3.999981036862982453e+00
-3.999985684496684790e+00
-3.999978024549735611e+00
-3.999984556060999896e+00
-3.999971353636302407e+00
-3.999976981601951032e+00
-3.999970528490026211e+00
-3.999974510492917634e+00
-3.999980286837204524e+00
-3.999968795659153642e+00
-3.999970827621654568e+00
-3.999971063588412257e+00
-3.999975674981801177e+00
-3.999980570645439659e+00
-3.999982647831636928e+00
-3.999972087060892356e+00
-3.999994612336240873e+00
-3.999979388815250392e+00
-3.999978803734489219e+00
-3.999985038800905279e+00
-3.999970393191576434e+00
-3.999986821166085171e+00
-3.999976396956831159e+00
-3.999980629093862206e+00
-3.999975902124725202e+00
-3.999976866341301562e+00
-3.999966344329593415e+00
-3.999984403041023207e+00
-3.999968928792898115e+00
-3.999973340924956489e+00
-3.999978854160747943e+00
-3.999970949284199051e+00
-3.999992997063140709e+00
-3.999981206827688762e+00
-3.999983269651765649e+00
-3.999978369797453581e+00
-3.999962610124114804e+00
-3.999971555815258650e+00
-3.999968397491815431e+00
-3.999982769074007294e+00
-3.999975500278395213e+00
-3.999968491849644536e+00
-3.999981945767089986e+00
-3.999972136858657823e+00
-3.999982805697261945e+00
-3.999970021143386401e+00
-3.999970841337063820e+00
-3.999973798788171386e+00
-3.999964838995540450e+00
-3.999987556129089405e+00
-3.999978313535762275e+00
-3.999971113344580775e+00
-3.999985482240262513e+00
-3.999978223438158675e+00
-3.999965240689775214e+00
-3.999979680066594323e+00
-3.999974577674797249e+00
-3.999976235360852783e+00
-3.999970571882271564e+00
-3.999973825087849821e+00
-3.999976362488577575e+00
-3.999988238899022885e+00
-3.999968952376212972e+00
-3.999972017199912244e+00
-3.999990627885119832e+00
-3.999964937076389671e+00
-3.999982933524957929e+00
-3.999985764023719081e+00
-3.999971104423366342e+00
-3.999983481122472373e+00
-3.999963025353328927e+00
-3.999983003880236421e+00
-3.999969077048331378e+00
-3.999968093407427538e+00
-3.999974122721653647e+00
-3.999984624891123275e+00
-3.999982118489642247e+00
-3.999972703737877389e+00
-3.999989042995049093e+00
-3.999976392676118042e+00
-3.999967712190074298e+00
-3.999986747605225545e+00
-3.999978073309281790e+00
-3.999975143547332745e+00
-3.999967980495486852e+00
-3.999981107692276439e+00
-3.999982941606378795e+00
-3.999977502152721076e+00
-3.999975109300346610e+00
-3.999974754197347604e+00
-3.999976699421448956e+00
-3.999970614709984940e+00
-3.999976545109450665e+00
-3.999970243416658633e+00
-3.999980007519531533e+00
-3.999971971459202358e+00
-3.999975777631637808e+00
-3.999975838111574422e+00
-3.999972474224857244e+00
-3.999972587792307355e+00
-3.999971691220280068e+00
-3.999970936322235993e+00
-3.999981922694597181e+00
-3.999974587226622802e+00
-3.999968323093027411e+00
-3.999977464673746486e+00
-3.999966340555636712e+00
-3.999964636469034662e+00
-3.999970135771539148e+00
-3.999984790432955961e+00
-3.999989054335955974e+00
-3.999979965102757884e+00
-3.999979239701070721e+00
-3.999989778972591559e+00
-3.999986142597594441e+00
-3.999977554396768387e+00
-3.999977884848499698e+00
-3.999972924053174950e+00
-3.999990924182389218e+00
-3.999981317957379101e+00
-3.999961100530406988e+00
-3.999977185034464977e+00
-3.999980704182825697e+00
-3.999980360218062359e+00
-3.999973407572759321e+00
-3.999985107283082986e+00
-3.999986461534337234e+00
-3.999979107324682648e+00
-3.999972627605520969e+00
-3.999978765447764317e+00
-3.999971022856961600e+00
-3.999992198507207775e+00
-3.999970007628057100e+00
-3.999986851790221731e+00
-3.999976623597616854e+00
-3.999974687501766102e+00
-3.999971089152024817e+00
-3.999975647216098995e+00
-3.999968216805215526e+00
-3.999974634409590113e+00
-3.999988970699756674e+00
-3.999983991792628313e+00
-3.999980290084960366e+00
-3.999966687906744145e+00
-3.999975974804258705e+00
-3.999966416533653923e+00
-3.999974955288329692e+00
-3.999975777981362057e+00
-3.999978559224707464e+00
-3.999987584017059117e+00
-3.999976644518300706e+00
-3.999971046049967782e+00
-3.999968432237333005e+00
-3.999987733565312453e+00
-3.999977442357437685e+00
-3.999977813981475894e+00
-3.999965096521718166e+00
-3.999977030210173368e+00
-3.999985682109636009e+00
-3.999969133558511913e+00
-3.999983303372028676e+00
-3.999972910272721283e+00
-3.999977013941304893e+00
-3.999976956981239340e+00
-3.999979880000022803e+00
-3.999983748836898556e+00
-3.999965820740755795e+00
-3.999980172416939261e+00
-3.999986151235240595e+00
-3.999976454330164799e+00
-3.999971866717532798e+00
-3.999973921964228296e+00
-3.999989266569338842e+00
-3.999966902588722562e+00
-3.999985655902908555e+00
-3.999983544340285135e+00
-3.999981742012643338e+00
-3.999982145540933232e+00
-3.999980068490449625e+00
-3.999985064967503057e+00
-3.999979960005734636e+00
-3.999973927020408215e+00
-3.999984915026188137e+00
-3.999976649029573839e+00
-3.999974115214184334e+00
-3.999980408337852733e+00
-3.999980957781529511e+00
-3.999977185865195128e+00
-3.999970656646085754e+00
-3.999980875982438455e+00
-3.999971290885359299e+00
-3.999980855473291186e+00
-3.999970856742258718e+00
-3.999977004483692866e+00
-3.999977172097969103e+00
-3.999971217903310006e+00
-3.999967740816566586e+00
-3.999978700928087605e+00
-3.999975206987014698e+00
-3.999982112876875551e+00
-3.999964780296699551e+00
-3.999981963194616075e+00
-3.999983450097803761e+00
-3.999972259259497953e+00
-3.999970512162659197e+00
-3.999973018835520921e+00
-3.999981531126362011e+00
-3.999970588468410249e+00
-3.999969818792051157e+00
-3.999972043456104576e+00
-3.999993456297996186e+00
-3.999973190714619431e+00
-3.999983326497554614e+00
-3.999971897156127554e+00
-3.999967265723986198e+00
-3.999973902578217722e+00
-3.999963166022880490e+00
-3.999982390023688161e+00
-3.999977016073473557e+00
-3.999970050489855655e+00
-3.999982780595313869e+00
-3.999986853384639218e+00
-3.999974759187483908e+00
-3.999978849169983697e+00
-3.999967214643215030e+00
-3.999975311770262554e+00
-3.999974866951341745e+00
-3.999982471193338274e+00
-3.999991676030572041e+00
-3.999967353310621476e+00
-3.999972132936545854e+00
-3.999979787708413337e+00
-3.999968958960365750e+00
-3.999973122539874915e+00
-3.999966806751685588e+00
-3.999978599969379101e+00
-3.999975192993631357e+00
-3.999976649496036263e+00
-3.999974345058223690e+00
-3.999978308958516138e+00
-3.999994011880237732e+00
-3.999981036062434825e+00
-3.999980913021762952e+00
-3.999978221209742557e+00
-3.999977755127289925e+00
-3.999988809634216214e+00
-3.999963682190600611e+00
-3.999981180360222766e+00
-3.999987344871254180e+00
-3.999972824705554597e+00
-3.999977957953159358e+00
-3.999977699758936023e+00
-3.999981776840905834e+00
-3.999996085731960527e+00
-3.999979306900133924e+00
-3.999977309900168532e+00
-3.999972170042775499e+00
-3.999964410948424032e+00
-3.999966154961807074e+00
-3.999982861223859043e+00
-3.999983493379583255e+00
-3.999975774841349363e+00
-3.999979934317513308e+00
-3.999982825378599838e+00
-3.999981386874039924e+00
-3.999980020620107712e+00
-3.999984299240280983e+00
-3.999973707770176024e+00
-3.999971261489945640e+00
-3.999973305614778152e+00
-3.999974016823498069e+00
-3.999984532478424004e+00
-3.999967699109578945e+00
-3.999967543322031638e+00
-3.999972909348492589e+00
-3.999977542556139909e+00
-3.999968516685163067e+00
-3.999964423927556023e+00
-3.999978455164320490e+00
-3.999976201439436885e+00
-3.999984293545552294e+00
-3.999968094605264479e+00
-3.999981350606418573e+00
-3.999980574834281377e+00
-3.999969587528121817e+00
-3.999991654809801123e+00
-3.999971798077762042e+00
-3.999975850268585820e+00
-3.999979503168459960e+00
-3.999992755298512837e+00
-3.999964468554169983e+00
-3.999978997081756749e+00
-3.999976151035882665e+00
-3.999968665842706717e+00
-3.999973138337408862e+00
-3.999982839946341961e+00
-3.999962994887011014e+00
-3.999975390579033618e+00
-3.999972265604616162e+00
-3.999971226736050767e+00
-3.999979383306664360e+00
-3.999978538274360229e+00
-3.999969323568043578e+00
-3.999975149119323170e+00
-3.999968749707374815e+00
-3.999985606808033278e+00
-3.999976464294121570e+00
-3.999986002785896222e+00
-3.999974124714410273e+00
-3.999983224319273223e+00
-3.999966407886952346e+00
-3.999964757875656307e+00
-3.999983872827376441e+00
-3.999971436380215906e+00
-3.999966641798937239e+00
-3.999977681813691177e+00
-3.999973637983436969e+00
-3.999973084380884281e+00
-3.999963449945493910e+00
-3.999980239839040497e+00
-3.999975829495303170e+00
-3.999965770109631613e+00
-3.999974532620954815e+00
-3.999972649223945353e+00
-3.999970620668719778e+00
-3.999971381859743769e+00
-3.999986332903900266e+00
-3.999970993919787610e+00
-3.999982001717140356e+00
-3.999976957525239296e+00
-3.999980141322482918e+00
-3.999975621432591666e+00
-3.999976878338835196e+00
-3.999964124302279433e+00
-3.999982880651668182e+00
-3.999977505831088020e+00
-3.999973500526583070e+00
-3.999970930056669705e+00
-3.999976648258425360e+00
-3.999981396009338663e+00
-3.999993156904479541e+00
-3.999978904278563174e+00
-3.999980961354368425e+00
-3.999968002754807017e+00
-3.999983692752681730e+00
-3.999970948885194222e+00
-3.999973741405361327e+00
-3.999964463767616163e+00
-3.999973408735105984e+00
-3.999973681055148944e+00
-3.999986149187282791e+00
-3.999985956198695458e+00
-3.999967508658407223e+00
-3.999970184203558876e+00
-3.999976820982479975e+00
-3.999967390382324073e+00
-3.999966351281562194e+00
-3.999987500444141197e+00
-3.999967967690294834e+00
-3.999987503979260950e+00
-3.999975920070983459e+00
-3.999968809846806028e+00
-3.999985481804614551e+00
-3.999983512681242637e+00
-3.999979211908255561e+00
-3.999983089578819317e+00
-3.999989399895629294e+00
-3.999987713747856333e+00
-3.999972485506288145e+00
-3.999974010543105862e+00
-3.999982026298905424e+00
-3.999977395605978092e+00
-3.999990075099562947e+00
-3.999971741127196001e+00
-3.999973854939521622e+00
-3.999969431370743234e+00
-3.999990373441474567e+00
-3.999968675556625719e+00
-3.999984607597990127e+00
-3.999969525174956519e+00
-3.999972942128822595e+00
-3.999978393562097168e+00
-3.999975742096244069e+00
-3.999966304873423972e+00
-3.999967868101171664e+00
-3.999980861641514895e+00
-3.999982813700999618e+00
-3.999977383501212014e+00
-3.999977585221862419e+00
-3.999980469326145371e+00
-3.999975719231624982e+00
-3.999968135640966871e+00
-3.999968839700157819e+00
-3.999970425753555769e+00
-3.999975014154923514e+00
-3.999983793694888767e+00
-3.999977909603975146e+00
-3.999973311108831364e+00
-3.999986655544912395e+00
-3.999991201582788314e+00
-3.999987363398417539e+00
-3.999975233518807016e+00
-3.999981077922533768e+00
-3.999976356420206880e+00
-3.999981740929861918e+00
-3.999969688751802366e+00
-3.999983950684351086e+00
-3.999961365503786226e+00
-3.999983895286742808e+00
-3.999978434127490434e+00
-3.999977146129866767e+00
-3.999974888596522060e+00
-3.999988104092966346e+00
-3.999977250487773084e+00
-3.999975944678862305e+00
-3.999972829762945992e+00
-3.999967891418718668e+00
-3.999978963428499235e+00
-3.999968435661835020e+00
-3.999977622038895841e+00
-3.999973179946928692e+00
-3.999981122985597715e+00
-3.999987849604729195e+00
-3.999995778293303328e+00
-3.999975092304099533e+00
-3.999989946279865372e+00
-3.999988088642676853e+00
-3.999981444520097629e+00
-3.999970371262403734e+00
-3.999974752676499712e+00
-3.999981188847053559e+00
-3.999975642463014847e+00
-3.999981804812437147e+00
-3.999971501991502087e+00
-3.999975147825475918e+00
-3.999975490707766479e+00
-3.999977439935202828e+00
-3.999969024099549131e+00
-3.999976945468443290e+00
-3.999973724493026239e+00
-3.999978884472944252e+00
-3.999967886069884848e+00
-3.999968832476571645e+00
-3.999988131059001084e+00
-3.999960518158618861e+00
-3.999987099742342789e+00
-3.999996909110008492e+00
-3.999981513945172651e+00
-3.999978209228172599e+00
-3.999963024854460425e+00
-3.999988630168756387e+00
-3.999965399687808176e+00
-3.999977325716614462e+00
-3.999969928209458736e+00
-3.999974496354238518e+00
-3.999971787232512455e+00
-3.999978327097959863e+00
-3.999974383277613121e+00
-3.999977136266857247e+00
-3.999980642407383602e+00
-3.999981208934868970e+00
-3.999983258027302924e+00
-3.999972808506989441e+00
-3.999972506772909053e+00
-3.999981024726919188e+00
-3.999981427630614039e+00
-3.999981214099295634e+00
-3.999976300746568292e+00
-3.999973695021957987e+00
-3.999977595142265141e+00
-3.999970532131055023e+00
-3.999986795788844862e+00
-3.999974254744842472e+00
-3.999977723045740063e+00
-3.999968021386412609e+00
-3.999983805557533856e+00
-3.999976395006560992e+00
-3.999991185115701064e+00
-3.999981485125375436e+00
-3.999979715958521975e+00
-3.999979367399030039e+00
-3.999987517822606975e+00
-3.999976188654857712e+00
-3.999979449888151350e+00
-3.999974887898879228e+00
-3.999972556718833339e+00
-3.999966352974327677e+00
-3.999972433651959314e+00
-3.999981975959941316e+00
-3.999982470461409534e+00
-3.999981061588150144e+00
-3.999968784107972297e+00
-3.999980186236355539e+00
-3.999983810667415263e+00
-3.999990233744291412e+00
-3.999967010778735954e+00
-3.999986113248642727e+00
-3.999983247915017248e+00
-3.999971944007529423e+00
-3.999970771683073689e+00
-3.999975395633236008e+00
-3.999981649114834781e+00
-3.999972250770882365e+00
-3.999981737911425306e+00
-3.999985867622123159e+00
-3.999972327584162990e+00
-3.999965894555574497e+00
-3.999971620791024751e+00
-3.999973398808236436e+00
-3.999967952026681317e+00
-3.999983940649930236e+00
-3.999982380018318739e+00
-3.999976333237379666e+00
-3.999976735683180351e+00
-3.999982513918252547e+00
-3.999978341996754949e+00
-3.999970740513592471e+00
-3.999975113654954395e+00
-3.999983648526063362e+00
-3.999978105728952738e+00
-3.999971519488860316e+00
-3.999985157540781433e+00
-3.999977945888594455e+00
-3.999976128493222483e+00
-3.999975976391664467e+00
-3.999976121347998959e+00
-3.999966270362499188e+00
-3.999973301650148638e+00
-3.999963913342164279e+00
-3.999965551886296211e+00
-3.999975069291538787e+00
-3.999978915885828101e+00
-3.999977214560625605e+00
-3.999971308010367821e+00
-3.999967650338574821e+00
-3.999963289631953689e+00
-3.999963469932984239e+00
-3.999984376154991583e+00
-3.999973625028406587e+00
-3.999976487281763138e+00
-3.999992711420122138e+00
-3.999967429010242270e+00
-3.999972483615450436e+00
-3.999982397294732817e+00
-3.999967084657428007e+00
-3.999988041532428262e+00
-3.999979686798567968e+00
-3.999981970665554165e+00
-3.999970862138076289e+00
-3.999970491665613803e+00
-3.999974956321102226e+00
-3.999977068854629447e+00
-3.999975410952949950e+00
-3.999981189701418582e+00
-3.999978264708290432e+00
-3.999976036400391788e+00
-3.999969784688977903e+00
-3.999975302562986723e+00
-3.999972183302195727e+00
-3.999990893640304801e+00
-3.999969459086479606e+00
-3.999970304103040331e+00
-3.999989119055204156e+00
-3.999971310969438587e+00
-3.999983147836468689e+00
-3.999980432846928391e+00
-3.999976387178250103e+00
-3.999980359393316309e+00
-3.999975070653029707e+00
-3.999975224273394581e+00
-3.999981537824952138e+00
-3.999972328219960627e+00
-3.999970395312261395e+00
-3.999977725639489279e+00
-3.999983756398433954e+00
-3.999985951404752438e+00
-3.999974502469270998e+00
-3.999991558237434131e+00
-3.999969610015685184e+00
-3.999972922943463516e+00
-3.999982019659077181e+00
-3.999976043037450690e+00
-3.999990388212609105e+00
-3.999971869387187962e+00
-3.999979832392062118e+00
-3.999982142683200070e+00
-3.999981013480469638e+00
-3.999977808994582329e+00
-3.999979272344249104e+00
-3.999974818064462312e+00
-3.999985183466963523e+00
-3.999972963371414281e+00
-3.999970491913090953e+00
-3.999974327085582093e+00
-3.999979040701123090e+00
-3.999964437007013096e+00
-3.999975042945969061e+00
-3.999968958839898558e+00
-3.999978629603319735e+00
-3.999965757208934658e+00
-3.999968314092856581e+00
-3.999971893172541204e+00
-3.999965262196810034e+00
-3.999974343373467800e+00
-3.999966296514311015e+00
-3.999984328839364167e+00
-3.999969841138688142e+00
-3.999975869921648552e+00
-3.999976076468795938e+00
-3.999975490512931664e+00
-3.999976960439007190e+00
-3.999960110355303744e+00
-3.999984385460315206e+00
-3.999967370561956059e+00
-3.999971273836092411e+00
-3.999988962709867035e+00
-3.999978115392024858e+00
-3.999978857636213192e+00
-3.999978741680717764e+00
-3.999984162541519339e+00
-3.999965915799716498e+00
-3.999982181748774845e+00
-3.999979939637337445e+00
-3.999966670621660558e+00
-3.999982245125496494e+00
-3.999977997306825017e+00
-3.999973160095345648e+00
-3.999982823349073957e+00
-3.999973043058377975e+00
-3.999981909349740850e+00
-3.999988480158224391e+00
-3.999978442917665689e+00
-3.999975501850668191e+00
-3.999971936427184627e+00
-3.999981918967411065e+00
-3.999968824085338603e+00
-3.999971607793042505e+00
-3.999968285694393888e+00
-3.999976608262937106e+00
-3.999988330190158425e+00
-3.999970319799377005e+00
-3.999981265831923150e+00
-3.999973153096870515e+00
-3.999971645235441908e+00
-3.999967608600338842e+00
-3.999987568444379971e+00
-3.999973448065290871e+00
-3.999972760903339086e+00
-3.999963363425537821e+00
-3.999976423541667714e+00
-3.999962909746426654e+00
-3.999971156065076805e+00
-3.999987490575628968e+00
-3.999978851831661242e+00
-3.999977063142969413e+00
-3.999979649131678361e+00
-3.999986920281163094e+00
-3.999982840233733850e+00
-3.999978337319292976e+00
-3.999971140238810285e+00
-3.999969447097286857e+00
-3.999975807961000385e+00
-3.999980839394656762e+00
-3.999980627697088398e+00
-3.999972968728130240e+00
-3.999979431167498323e+00
-3.999984267091029277e+00
-3.999982288220625737e+00
-3.999965819488817242e+00
-3.999975598642260266e+00
-3.999983713321509260e+00
-3.999971458094870425e+00
-3.999973290660586489e+00
-3.999963797411443256e+00
-3.999977756690900943e+00
-3.999976431193329685e+00
-3.999985512607091120e+00
-3.999980674066881736e+00
-3.999982027274019192e+00
-3.999970827617950420e+00
-3.999974313028066941e+00
-3.999973398726345497e+00
-3.999974284728311513e+00
-3.999978762438938240e+00
-3.999974329215358004e+00
-3.999986364986818810e+00
-3.999973031861947081e+00
-3.999963301940713922e+00
-3.999966644614259437e+00
-3.999977571945132926e+00
-3.999971846476711335e+00
-3.999981182509628752e+00
-3.999974541647506321e+00
-3.999980746720048330e+00
-3.999977806875752773e+00
-3.999974828500899360e+00
-3.999981749723357183e+00
-3.999972474493269203e+00
-3.999978125093524017e+00
-3.999968169992484501e+00
-3.999967277170703106e+00
-3.999972444355598622e+00
-3.999983535689103586e+00
-3.999978918906728964e+00
-3.999979904597688485e+00
-3.999977272711321419e+00
-3.999969651568872298e+00
-3.999981223639276440e+00
-3.999978752339587995e+00
-3.999969340832318032e+00
-3.999982027540521567e+00
-3.999971042322708836e+00
-3.999969921559927144e+00
-3.999974611496852184e+00
-3.999974409853730872e+00
-3.999974866889844272e+00
-3.999974172999297473e+00
-3.999976221177334867e+00
-3.999977938485409723e+00
-3.999975988394884219e+00
-3.999972994836731299e+00
-3.999996273419302639e+00
-3.999974026879944855e+00
-3.999979584480110262e+00
-3.999982139260976677e+00
