3.182244760934416661e+00 4.717421059792626714e+00
4.760937210963452237e+00 4.716890800137313988e+00
4.757992965840528221e+00 3.145968712443289128e+00
-4.254974218260620944e-02 4.708402647749012182e+00
1.528696885414512430e+00 3.137448977296294572e+00
1.527027965015317568e+00 1.567079290422384030e+00
6.231259998194160765e+00 3.136267235789216290e+00
1.528312819694573665e+00 6.278809229416861371e+00
1.528711343360204866e+00 1.566292456328268745e+00
3.187537680640188942e+00 4.716478856723300694e+00
1.621252497429479522e+00 6.287859020329976900e+00
1.614550010227845389e+00 4.716393595283224549e+00
1.529452733096973382e+00 3.137519170955324288e+00
4.753458218237719635e+00 3.145862556064540794e+00
4.347843964923765736e-02 4.369991367181624668e-03
1.524348761078660575e+00 6.278396445433460649e+00
1.523200737037512464e+00 1.566390899400058156e+00
3.096664189850802718e+00 3.137352062052438217e+00
3.095939481508701796e+00 1.566020595998631304e+00
-3.931825529640770034e-02 4.708616429147800986e+00
3.105997320602736256e+00 3.138170907771903551e+00
-3.904733554366388026e-02 -4.410025869549528445e-03
6.282125665134715042e+00 1.570282214319642877e+00
1.524674375538255022e+00 1.566261915745245092e+00
3.181771589472825124e+00 1.575394229662594237e+00
3.190623964995643380e+00 4.716936667355661861e+00
3.197805747084373706e+00 6.288699087572359403e+00
1.525461980785161487e+00 1.566052956265389096e+00
-4.705674190293064607e-02 4.707461649919030044e+00
4.658612032910001588e+00 6.278063261211172197e+00
1.610847652120245721e+00 1.573509115342691222e+00
1.520630467056011792e+00 1.566020971899468650e+00
1.615666076944088703e+00 4.716223155778168419e+00
3.097468221125487364e+00 3.137729783092993330e+00
3.182329955879264816e+00 3.145905058285899614e+00
3.102548734107732020e+00 6.279438241145550492e+00
1.525721589292994063e+00 3.137144526775101472e+00
4.046601276519717211e-02 3.145185775661400118e+00
4.753051572109484368e+00 6.287049468723150625e+00
3.102373359019427568e+00 1.566978201000178483e+00
3.174754422027581846e+00 4.715003291131885987e+00
6.234265755231013451e+00 6.278366799434094148e+00
4.752789689740805734e+00 3.145508957218921875e+00
3.141057079417867381e+00 3.141694762003181207e+00
6.238702703930032456e+00 4.708021525964907639e+00
3.095367431819468163e+00 3.137276221220536954e+00
1.527651858081108927e+00 1.566437742537867939e+00
3.100069232030851385e+00 6.279053154285787031e+00
1.609345574025718539e+00 6.287045788888836917e+00
1.577892189873116857e+00 4.712995599934978408e+00
4.675907176019038936e+00 1.567135914835660948e+00
3.144947147376057295e+00 3.142113746528675478e+00
4.671124522070940976e+00 1.566685361653895603e+00
-4.365548075643136544e-02 3.137362917311709243e+00
-4.359083313218644479e-02 4.708529189179361474e+00
3.198505588535358601e+00 3.147675245558944734e+00
4.237700196132331010e-02 3.145663470273322382e+00
4.746929381062892084e+00 3.488441281600337777e-03
3.164755458238400099e+00 3.143142575638455227e+00
4.757997167396196048e+00 3.145740398032984331e+00
4.689282803459812854e+00 4.710154727498121474e+00
3.185628646483960491e+00 4.716675195314064872e+00
1.526272609751246678e+00 1.566536762568454533e+00
3.086314355874207660e+00 1.565171188174118155e+00
-3.291127074310160744e-02 -2.904908198882135903e-03
1.527164250489501107e+00 1.566171163039244973e+00
4.761892452509988161e+00 4.717452183953620981e+00
4.707454852699447301e+00 3.140726967631637390e+00
1.607886803182890567e+00 3.144980383251251954e+00
1.526116235170384750e+00 1.566477797730044363e+00
4.809289459843804626e-02 6.288273233328433243e+00
1.522105867596224904e+00 4.707641144620156481e+00
4.756572612683704904e+00 4.716556872070628792e+00
4.678940818609394370e+00 -3.507809240722685462e-03
4.753011464430168864e+00 6.286889417485409304e+00
1.564141813488987509e+00 4.711338499474826413e+00
1.632114093783169295e+00 6.289748928504991454e+00
6.293044095796785697e+00 1.571787602205719780e+00
3.104196224473659171e+00 6.279169680123239949e+00
1.612549927362191049e+00 3.145295416046423931e+00
1.607618172880395768e+00 3.653039553805963614e-03
1.524674413483544155e+00 -4.507886705836919305e-03
3.751138356674386942e-02 1.574503347085806304e+00
4.822501347847732434e-02 3.145566389499321769e+00
3.096083477639669734e+00 3.137605885841836084e+00
1.612841581213586339e+00 4.062075211581060892e-03
4.753231556707890881e+00 6.287352507280420610e+00
1.529536985248950653e+00 6.278912786644833766e+00
3.101363568761116074e+00 1.566779632190252958e+00
3.187128859165465400e+00 1.575594419368117949e+00
1.618598156698853208e+00 4.716856715562869340e+00
-4.221402662030032671e-02 6.278913280625253002e+00
4.745644085679015411e+00 6.286694975327543844e+00
6.241621699482756469e+00 1.566161998047554071e+00
1.618241265417405650e+00 4.451503091512172723e-03
3.185775922169016727e+00 1.575043804883722087e+00
4.668426099094843629e+00 -4.425397926303288598e-03
3.101439024878525963e+00 4.708499787816210258e+00
3.115443803994344396e+00 3.138679735859410513e+00
4.730666522859213963e+00 1.572539055314247980e+00
3.094634078453555315e+00 1.565949392682937535e+00
1.608506347575722417e+00 3.145294866028337299e+00
3.973132012568054289e-02 6.287071619687373492e+00
-1.617639260956703406e+00 -4.594829696396638199e-03
6.236358083152222953e+00 1.566429299786409546e+00
4.672767107511592855e+00 1.567348891853423520e+00
4.750348365556890329e+00 4.716201303096690722e+00
4.666972782016327592e+00 3.137056782734825688e+00
3.184887333054161829e+00 3.145910164685243426e+00
3.123436924030930317e+00 -1.901699312932292460e-03
4.754122524273917350e+00 4.716608095906178910e+00
3.179201492622458325e+00 3.145474361932516505e+00
3.109140718366512512e+00 4.709047393010841631e+00
1.617762591349146462e+00 6.287619449736892463e+00
-4.193607425475436717e-02 -3.917865376201322240e-03
4.752800489938211470e+00 3.145411737263917651e+00
4.766022129657532247e+00 4.718034519892757572e+00
3.132733516713489763e+00 4.711502314999573393e+00
3.128867537122649534e+00 1.569413022028544491e+00
4.756756608773093475e+00 4.012264294971673584e-03
1.531837603789230284e+00 3.137033594898826383e+00
1.539914544755356163e+00 4.708967683692822703e+00
-1.357349750468504236e-02 3.140169768298513464e+00
6.237890547216499826e+00 3.137643566669603867e+00
6.237032354850959415e+00 -4.385019799841870236e-03
1.523674321861080205e+00 1.566164434069284628e+00
3.192419516244859867e+00 1.575791981858354784e+00
1.609860128937942392e+00 6.287275483837651890e+00
3.099507806858239789e+00 6.278590311759594478e+00
4.748742481818763572e+00 4.716139051716612407e+00
3.675556247643609747e-02 1.574338133697427589e+00
6.282641498277423686e+00 1.570863826404972352e+00
3.178529159970237217e+00 3.145397129447494944e+00
4.849780191323655593e-02 4.716651514560602720e+00
-3.845974148039009444e-02 4.708180649443279187e+00
3.096969080362583782e+00 -4.769086085009890258e-03
1.616122144817536022e+00 3.146041870967325238e+00
6.334067209129434772e+00 4.717242444429486703e+00
3.097270383726697052e+00 1.566540159238440477e+00
1.531151993787569943e+00 6.279834581508059621e+00
4.674220852950806915e+00 1.566968396732841828e+00
3.092601017722320655e+00 -5.168859161858857520e-03
3.189105726701252586e+00 3.146231055549311151e+00
4.749338726027249713e+00 3.145519210231302321e+00
3.184774063712045411e+00 1.575068948225806453e+00
3.185061848825537112e+00 4.716287385744388772e+00
4.670586466685617388e+00 1.566526687910051452e+00
3.186940101588460639e+00 6.288035800179537560e+00
4.757705334710939482e+00 4.572500776611085511e-03
4.833897973269426357e-02 6.287791426899239866e+00
3.087059434415168724e+00 6.277898951434210950e+00
1.526335673163346840e+00 4.708030417120319555e+00
4.678169757839643061e+00 1.567135237094499312e+00
4.670068911410011125e+00 4.708377161532716570e+00
4.673582269988666660e+00 1.566807541183312003e+00
4.677619082915201787e+00 4.708901400583828334e+00
1.523176288556763458e+00 -4.463390666038587369e-03
4.669309873426903401e+00 1.566533726588564157e+00
3.182969433552734539e+00 4.716019057337069498e+00
4.487839717178050691e-02 3.145558439606695789e+00
1.624048987039087510e+00 3.146496619703256670e+00
1.614273391222390996e+00 4.611958895274999304e-03
3.101822320880739614e+00 3.137731667996103813e+00
3.174459737958162275e+00 4.716040341649005541e+00
1.607535389261216752e+00 3.144905211556470181e+00
1.529716247534558260e+00 4.708318222428989230e+00
4.655825267486128460e+00 3.135853028093325445e+00
1.596186455704154517e+00 1.573376798130938781e+00
1.523534384990620438e+00 1.566032296920826017e+00
3.192408067158199803e+00 4.717752990332304108e+00
6.237940787680541277e+00 1.566060320064506461e+00
6.230386585287626566e+00 3.136688604610240905e+00
1.530783999728297040e+00 4.708432914414001580e+00
1.615697027363370175e+00 4.717198990184506613e+00
6.286942800102848672e+00 4.713054461949732321e+00
6.228839240018237078e+00 4.706418972276631862e+00
1.530436959248153039e+00 3.138191578140140603e+00
3.094625575623910052e+00 1.565913907573648789e+00
3.097583371863767088e+00 1.566375559120767091e+00
3.091067999318617865e+00 4.707797372643589107e+00
4.668427430226668839e+00 4.708217874167368144e+00
-1.356340582728293720e-02 6.281667132535489806e+00
1.524493563645387573e+00 4.707543264366473856e+00
3.088061714370448296e+00 4.707129953514150422e+00
4.668176831331817489e+00 3.137467908591546006e+00
4.655990589948983960e+00 6.278199976108926883e+00
1.552992781954260604e+00 1.569295794538446032e+00
3.097904990837103245e+00 4.708427373227185520e+00
1.609702334012749647e+00 6.286955447316963763e+00
4.748235314917475414e+00 4.716018513917585864e+00
3.093244832351555562e+00 3.136944609972824871e+00
4.753671615468404887e+00 6.287194023221099215e+00
4.398028632481783273e-02 1.574973780280952695e+00
-4.807246768169433360e-02 4.707506813950345759e+00
6.247645458725942014e+00 3.137773942253434090e+00
3.184831814589570431e+00 1.575587025882841496e+00
4.855639347206731904e-02 1.575441273132893283e+00
1.516578002808057546e+00 4.706753019686058082e+00
1.528711412421965399e+00 3.137515779251020209e+00
6.231375142704613346e+00 3.136377896628637529e+00
1.618155284337868149e+00 3.145965351191398973e+00
3.184638247870110295e+00 3.145785091377018894e+00
1.615719664395091293e+00 4.716662140570895723e+00
1.525952599458560099e+00 1.566039864430973205e+00
1.616560094994921259e+00 4.716540226774924349e+00
4.138667993631197500e-02 3.145769508241153645e+00
1.617205641714451136e+00 4.403495109507404338e-03
4.670596575536560380e+00 3.137425493767528994e+00
3.093936951157314486e+00 3.137084914654213907e+00
1.525367257937542798e+00 4.708071322187366015e+00
3.103810238499059349e+00 3.137918905859927055e+00
3.097178783470002639e+00 3.137006481938504177e+00
4.666205172697250880e+00 6.278800869746967273e+00
1.525277987207662722e+00 4.708059032203165906e+00
6.239153905475956385e+00 4.708117876559176906e+00
3.185823314245786797e+00 3.145405183486236655e+00
3.092667371728864190e+00 1.566158789502090309e+00
2.804874751351458043e-02 1.573708703873851311e+00
6.240248563574443352e+00 1.566344754017794161e+00
1.605056797940453750e+00 6.286650010891363216e+00
4.314834381111718603e-02 4.395396034839851689e-03
1.527774091084454389e+00 1.566239291967388647e+00
4.252360744759282191e-02 4.119417903776442791e-03
3.181685451043769319e+00 3.145590855734674562e+00
4.668789613788614012e+00 4.708298785387658114e+00
3.099368823212575563e+00 3.137610106864176185e+00
4.775674165478783983e+00 6.289394305340853641e+00
1.612263227032961543e+00 1.574815237539345603e+00
6.244215910257892688e+00 3.137774368122730806e+00
3.186163160231613389e+00 3.145949229514565015e+00
4.384306454011077658e-02 1.575284833680757668e+00
3.094392072043040454e+00 3.136918387545110321e+00
6.326965579706759435e+00 1.574799801411608247e+00
4.747103999462617629e+00 1.574043436050771350e+00
1.526815601995751503e+00 1.565916050249264835e+00
4.668127685557251993e+00 6.279201688489986388e+00
6.268007954062809084e+00 3.140192059658813317e+00
6.308347488065249031e+00 2.375093008761330199e-03
4.663812040986402785e+00 3.136589451069377699e+00
3.183478609215606880e+00 4.716610372707983778e+00
4.760499870680619416e+00 4.717249152298399473e+00
-4.165656336223998168e-02 6.278922363137486862e+00
1.618941055750435343e+00 6.287630604413695146e+00
4.758624096568810080e-02 3.146694075436544225e+00
3.189064065855817809e+00 3.146596884609193623e+00
3.190412726737849258e+00 4.717448075704618660e+00
3.100881413855553159e+00 4.708627916615847120e+00
3.186570678627457021e+00 3.145875625262235964e+00
3.103848232533706231e+00 3.137881256626370075e+00
1.527172267430440655e+00 1.566426504240874484e+00
1.578170356831668730e+00 1.571248764928251385e+00
3.106764899483618780e+00 4.708932570263455908e+00
3.100302861788691633e+00 1.566984164905549148e+00
6.263003883584425502e+00 4.710989924663622652e+00
3.182563890297585463e+00 1.575072077771961121e+00
4.708576641345650238e+00 3.141149893660605041e+00
4.758303724923057310e+00 6.287590551803194039e+00
6.239947411188228266e+00 3.136903513645879826e+00
4.022515742577909698e-02 4.715983508929228130e+00
4.665370740822579521e+00 3.137417225602352477e+00
-4.149446503373543232e-02 -3.745177384851808983e-03
1.526066981216485541e+00 1.566332147619405646e+00
4.747599725208985433e+00 6.287358825071438950e+00
4.662619513797084281e+00 3.137084740977650110e+00
6.238748996562103244e+00 4.708329106390035435e+00
3.098325367328769619e+00 1.566032838463879751e+00
1.617043233743969743e+00 4.539174871954972622e-03
4.755480343290881429e+00 1.574603168873569992e+00
4.252642820205285168e-02 3.145718629916798736e+00
1.610270218493522032e+00 6.286652260584472351e+00
4.690180432665684407e+00 1.568530314066722609e+00
1.612529758654621004e+00 4.318859818146579543e-03
4.474573702482635695e-02 4.177799238699307117e-03
4.674915991046571406e+00 4.708059334744586266e+00
6.237394189254592547e+00 3.136973955893515686e+00
4.748201226603471881e+00 4.715937447550254902e+00
4.680040261888690267e+00 4.709038680454764147e+00
4.758788810389291690e+00 1.575108238813289985e+00
3.098231732518065495e+00 1.566962087615399568e+00
4.664987054563971114e+00 6.278213468531577135e+00
4.343083599743136070e-02 4.716981505942314357e+00
4.666625504209218178e+00 1.566544394507200622e+00
3.198260837855456895e+00 6.288622349415822654e+00
4.690727077311927395e+00 1.568371975678894970e+00
1.526203176939331829e+00 4.708070645919707253e+00
3.103463258337581632e+00 -3.535860902363745836e-03
1.550522887275821660e+00 4.710189260474289874e+00
1.619275780879685156e+00 4.428063993532426780e-03
4.758467821524378749e+00 4.930996658493227817e-03
3.137949502907397825e+00 6.283411351395393751e+00
3.095057433843349859e+00 1.566259933701923401e+00
6.334438803513636529e+00 1.575682254888077560e+00
6.239888898435365761e+00 -4.278503434411555680e-03
4.765029200000265447e-02 6.288410496088980395e+00
3.177801068406926888e+00 3.145064262151393120e+00
1.612249196640212379e+00 4.071683610491177129e-03
4.668470016020660057e-02 3.146277454089290604e+00
4.749129747162241344e+00 1.574739802854769888e+00
4.129294019343594108e-02 4.716470727927447371e+00
4.662886822290663424e+00 -5.508171445898500489e-03
1.619810086288967499e+00 4.717639110611374420e+00
1.602419688320356750e+00 3.144429209786716584e+00
6.265554812940180796e+00 1.569095036856634984e+00
6.297600708661516222e+00 3.142978547712991677e+00
4.672767137457729980e+00 3.138291578011437100e+00
1.563583894272975172e+00 3.140559353745141724e+00
4.761382721878296920e+00 3.146087656744299910e+00
6.268876286006291210e+00 6.281705772082812445e+00
1.526130914231939917e+00 1.566456290404219631e+00
3.163422693572391253e+00 4.714711571976329729e+00
4.667334712975181432e+00 -4.030299788492360154e-03
1.620675938896310342e+00 1.575674076507115773e+00
4.661107294846267735e+00 1.566057409503063491e+00
4.668719827710324566e+00 -4.396745427199167180e-03
4.686966297465538389e+00 1.568422077581157259e+00
3.100934250320405816e+00 3.137276587399089767e+00
1.591387147964638205e+00 4.714652618685424734e+00
3.098556289535336461e+00 -4.015188282451075813e-03
3.101600735924065155e+00 3.137466204840224204e+00
3.182439558916818179e+00 1.574491068842229557e+00
3.113234657640590264e+00 1.567632073797980752e+00
1.529968128702702268e+00 3.137977132152677040e+00
3.100125578750547284e+00 3.137084395483328958e+00
3.446787792961906322e-02 4.716032324364940465e+00
6.328222751507854404e+00 1.575014002800100288e+00
3.796959199223558235e-02 1.574486583489908442e+00
1.578505073598261310e+00 4.713340230597924396e+00
6.323566172514437866e+00 3.809854377066981476e-03
4.758258942168627215e+00 3.146440845806783848e+00
1.619495140621769913e+00 4.672481816334655286e-03
3.091381715705394662e+00 1.565658417644237188e+00
-3.826813390199104020e-02 4.708924808108919002e+00
4.672612589355945367e+00 4.708640857693869641e+00
4.563003776090552438e-02 4.717015007074368604e+00
1.539424556511988174e+00 4.709277311617946715e+00
3.897091987873690239e-02 1.574839448070481707e+00
4.757692885662408777e+00 4.716908136462533818e+00
4.754001122829425441e+00 1.574730577643626006e+00
3.097811620692134227e+00 3.137779505759850096e+00
4.751846364078405216e+00 1.574287690978698917e+00
3.189129300298899405e+00 5.468212866439239005e-03
4.664270431133445527e+00 3.136524249649387919e+00
3.187564288028070347e+00 4.717173262456150873e+00
6.319315048033270266e+00 1.574708038752704597e+00
6.231442274995891317e+00 3.136740921468298193e+00
3.093254333283020241e+00 1.565930360402576715e+00
4.753765148768652082e+00 1.574766407424913472e+00
-8.716598299237538275e-03 3.140297824829369144e+00
1.608599031975095794e+00 1.574818429879005111e+00
4.282651719116274680e-02 3.146039677100285648e+00
4.756729124241240392e+00 3.146354466071067169e+00
1.527761204468290002e+00 3.137146960672618334e+00
3.181817662808623215e+00 4.716330533559288440e+00
6.327603913506133715e+00 6.287511765958806009e+00
4.755372166317094695e+00 4.716623900640521505e+00
4.690595908523660817e+00 -2.301483288646134339e-03
4.706485303895529881e+00 3.141512484862730936e+00
3.179569757151908149e+00 6.286293589828956030e+00
4.461959229122006848e-02 4.716130158797868788e+00
1.528095200876864901e+00 3.137773050437140387e+00
4.677854522669208315e+00 -3.472400039034550818e-03
4.754591620601464008e+00 1.574210260733275302e+00
3.098889188855503907e+00 1.566618831326946903e+00
3.181271338447754005e+00 3.145070820987707627e+00
3.095762275072374781e+00 3.137046176714828771e+00
4.664320760166497770e+00 3.136608564036648783e+00
1.520741138207567511e+00 3.136670301537264560e+00
4.661353525027542410e+00 3.136536118108284921e+00
3.103886035974234403e+00 3.137585374237038316e+00
4.669833785631809064e+00 3.137562912445694074e+00
4.674894973273083565e+00 4.708750999933845272e+00
1.550611850016011317e+00 6.281403499163494608e+00
3.099800255131639481e+00 1.566582416755145424e+00
4.741326341790190468e-02 4.213672659149430254e-03
2.238183162494814318e-02 4.715126505307892124e+00
4.666469005874098741e+00 4.708173563536689699e+00
4.678252179632969465e+00 6.280019898498547803e+00
3.096641134768465697e+00 1.566625617585841956e+00
6.318151453977095322e+00 6.286790768340038582e+00
4.675012865188520550e+00 3.138096343062526827e+00
1.619536833899601458e+00 4.716853680256172687e+00
4.751773076219572900e+00 3.145340330720729938e+00
3.105137467182240041e+00 -3.579242865515343264e-03
4.665706792523296009e+00 -4.319035780174902694e-03
3.133405683867747094e+00 4.711418353661225744e+00
1.528998708867971734e+00 1.566722175372994741e+00
4.671476351881976186e+00 3.137827551557833772e+00
3.100126649317918037e+00 1.566305731448205396e+00
3.184357998359057973e+00 4.113593100057593745e-03
4.740115726406290086e+00 4.714865995747881122e+00
6.235623822759900570e+00 3.136797788431199940e+00
4.737523875620460956e+00 4.714918245125608642e+00
4.755328988555292291e+00 4.128241224137837138e-03
1.617328452844950526e+00 3.145316872313477230e+00
3.183259334549399355e+00 1.574990033554295232e+00
4.156352121404094380e-02 3.146094092124540165e+00
1.522804001941973517e+00 4.707625082339736089e+00
4.758647882045041300e+00 4.612718743780193711e-03
3.097092097683700196e+00 3.137526972197021813e+00
3.186504151044904809e+00 4.427900132247519598e-03
1.611207548846768312e+00 3.907997458251831306e-03
4.757960470838117573e+00 3.145863463790422809e+00
4.670572112749954208e+00 4.707952871228882508e+00
4.763704726849013582e+00 4.717707378046559263e+00
3.095218135702519913e+00 3.137278782207343575e+00
4.749227000617044503e+00 3.145172831725697282e+00
6.243159478938961726e+00 1.567046084601394051e+00
6.323856874330376243e+00 1.574968439200388204e+00
4.759614281082370724e+00 6.288189887084879359e+00
1.529198594326893534e+00 -4.081294470013769292e-03
4.662966733035677436e+00 1.565727968282077054e+00
4.666014189648545418e+00 4.707320261482572654e+00
1.527290124364046431e+00 3.137274998018393823e+00
4.654239204599631918e+00 4.706772239885605558e+00
3.098386401413274260e+00 4.708268501472734791e+00
4.762366942912746204e+00 4.717473510591000618e+00
4.673357267306553986e+00 1.567135918705901076e+00
4.673066899985376388e+00 6.279053856296171077e+00
4.752804552051278719e+00 1.575155312532989349e+00
1.616139768863752657e+00 4.308079233566059971e-03
3.097792489410196026e+00 6.278730155367222565e+00
3.099916328195986281e+00 4.707790769345472803e+00
4.882863071716753850e-02 4.925080667342793088e-03
4.664861249537129773e+00 3.136609085234101091e+00
1.610093278689505247e+00 4.716269433873414130e+00
4.758647644000905785e+00 4.716623521377491635e+00
3.104694785711504146e+00 3.138000686167771835e+00
1.527712796104681026e+00 1.566535658759999894e+00
4.723172356105046710e+00 1.571409209912249860e+00
6.333860823950558050e+00 1.575884102053929814e+00
1.520229270009845424e+00 6.278098753117167696e+00
1.525496040276430154e+00 3.137319006497151896e+00
1.610699631538979437e+00 3.145371713048390028e+00
1.611155731870534735e+00 1.575032033217726557e+00
4.667361024467067132e+00 1.566780024024696960e+00
3.183873890066780010e+00 6.287490743875966182e+00
4.673923443897879615e+00 1.566934788199607187e+00
6.264260391959541430e+00 4.709859821472966779e+00
1.609266432277536296e+00 1.574723877072596867e+00
1.527728044872745494e+00 3.137177974063858343e+00
3.095341391197364622e+00 1.565945045727035634e+00
4.667376144518637027e+00 4.707625738497703161e+00
3.089486389615573536e+00 1.566281394704813534e+00
4.758038105001848983e+00 1.575211105931645594e+00
3.104694993517715051e+00 3.138343474715305170e+00
1.527523579959178868e+00 1.566151307714471086e+00
1.572011149610279990e+00 3.141797228464631608e+00
3.184717500935419388e+00 3.146473925225600876e+00
1.535047697782089937e+00 -3.260475372220277696e-03
3.174291595030995339e+00 4.715466618701830370e+00
3.131080034842767201e+00 1.569716710669007309e+00
3.104245032899749734e+00 4.709040915336371036e+00
3.098731532180558634e+00 3.137896883371201984e+00
3.099770120278025232e+00 1.566771315486554350e+00
4.757894829709417905e+00 4.717326197505766316e+00
3.153873121228185639e+00 1.571735288768683958e+00
3.849335821712162459e-02 3.922418281554370528e-03
1.614989866178967226e+00 3.145919214521461171e+00
-4.483376298010353922e-02 3.137016702230783327e+00
4.750544412609947642e+00 3.145181012239431251e+00
6.329741242894651343e+00 4.716933863202292798e+00
4.754001221659317267e+00 3.145564216401374846e+00
-4.328501853761393403e-02 1.566607229433411241e+00
4.753130690064810260e+00 3.145624781401868297e+00
4.746963050149315855e+00 6.286603724380488423e+00
1.528687276652016758e+00 6.278855017910332847e+00
6.238206151737621497e+00 1.566231421173730931e+00
1.611336974052984150e+00 1.575468927274600084e+00
1.607240339352896452e+00 4.716346543395975921e+00
6.323656768634892344e+00 6.286953562458127642e+00
3.181019710251003829e+00 3.145766980147510328e+00
4.738737347887407303e+00 4.715107851936204852e+00
3.921495205480261814e-02 1.574167300502502753e+00
4.748893782103310812e+00 3.385941626736486444e-03
4.664664692252299183e+00 6.278382711611492972e+00
1.623575330760718360e+00 4.717989916742509671e+00
4.676575234227856370e+00 1.567548589198240361e+00
1.518069990293075877e+00 3.136346604320193965e+00
4.757893962758226181e+00 1.575369674660345387e+00
1.527902826935671143e+00 6.278599009009960596e+00
6.241798796887160883e+00 3.137504356231866076e+00
1.537596259514951491e+00 4.709148257514458535e+00
6.329417982805854770e+00 4.716798279196729560e+00
1.522193081471048703e+00 1.566074986947382230e+00
3.179032406955220935e+00 3.464074396944831751e-03
3.100700817261127007e+00 3.138181845067227194e+00
3.179307630091091408e+00 6.287067632737035616e+00
4.761559079723238774e+00 1.575472929224413177e+00
6.326447458167509197e+00 6.287086991608060060e+00
3.097973983349906923e+00 -4.158111721666423594e-03
4.670835424453514406e+00 1.566955662295476559e+00
1.611240302086417664e+00 4.716201777416014984e+00
4.374786898745813835e-02 3.145752556521843601e+00
4.666982235847935812e+00 1.566787946612086202e+00
1.619152358981432283e+00 4.717618123668935404e+00
4.766028795459940071e+00 4.717164982878879975e+00
4.757997485531383575e+00 4.716711052206152388e+00
-3.875400405985587882e-02 4.708749228718844826e+00
3.097150707658127722e+00 1.566584505767711688e+00
3.180425583483847074e+00 4.715988291965524049e+00
4.660476779559601823e+00 3.136227126604897109e+00
1.536110998199594846e+00 3.138446656873647100e+00
1.623440324935371937e+00 3.145972412419552278e+00
3.092660722027546161e+00 4.707424277763315956e+00
4.749708880017174728e+00 4.716266911603704592e+00
3.090886618988708978e+00 3.136587001882741532e+00
-4.352947956509036626e-02 4.707731031472713212e+00
4.656861330860312620e+00 6.278129676784547364e+00
3.189815999044522954e+00 3.146479694040540398e+00
4.170092801420646061e-02 4.716947632482357378e+00
1.616158089811480902e+00 3.146281375868748675e+00
4.674483628840487626e+00 4.708758310392801683e+00
4.395764252138208150e-02 3.145994175257494252e+00
3.680394963407425390e-02 1.574471888868556935e+00
1.552587084521959593e+00 3.139632103297948618e+00
1.527387560849292614e+00 1.566144942041021837e+00
4.752618064686218169e+00 4.148799387674832230e-03
1.525722163709856360e+00 4.708212032787354673e+00
4.730227732434164167e+00 4.713682072591744543e+00
1.519970489099457644e+00 3.136630972005122864e+00
1.616866411193584430e+00 1.575778509675712646e+00
3.184057131195942247e+00 3.914754758911564124e-03
-3.295925098929446823e-02 6.279924678748786349e+00
4.669244770758506746e+00 1.566563625519118208e+00
4.756170304508084534e+00 3.146004331167355339e+00
3.104435365192681928e+00 3.138117893660644864e+00
4.751884278612818896e-02 6.287996401535768776e+00
4.755665525836111129e+00 1.574544637476296804e+00
1.531090583447070497e+00 6.279040240100776771e+00
6.238780715929083343e+00 1.566575891559624623e+00
3.095478378939941155e+00 3.136322809466702388e+00
1.522045887137932985e+00 1.565893230109311585e+00
6.210139290658055700e+00 1.563716325282588304e+00
1.615457605612586889e+00 6.287356261669518886e+00
4.755319597780037988e+00 4.716852656180838821e+00
4.661120544192917770e+00 6.278803279185252606e+00
3.094474211310368261e+00 1.565787471671073350e+00
3.095819062885860617e+00 3.136921158606298388e+00
1.613150816320885195e+00 1.574879294035927968e+00
1.521498457475418009e+00 1.566238838140581846e+00
3.184643065476529866e+00 3.146001365168418662e+00
4.771280410879427336e+00 3.147408240153827030e+00
4.669216829337184294e+00 1.566437005307815378e+00
3.099287099737463080e+00 4.708212566303057400e+00
6.236271089984427363e+00 3.136884800493133785e+00
4.665517885998844427e+00 4.708343314832867499e+00
3.188211011654944915e+00 4.716720012302405785e+00
6.245852271509615861e+00 -3.932861863709784418e-03
1.611513433354981206e+00 3.872047513924151054e-03
4.269835249999425625e-02 3.971195770959804958e-03
4.719105771434429109e+00 4.713314427955065611e+00
1.529276293722962476e+00 1.566721829942466337e+00
6.235616275876628478e+00 3.136994527276621980e+00
1.530809039598896693e+00 1.566876417352712769e+00
1.618767526492283837e+00 1.575293515042185843e+00
4.563992073443157160e-02 3.146071890624639877e+00
1.612501420392151275e+00 3.145721748909445115e+00
3.183545776292491247e+00 3.145529778838016544e+00
1.612316578225459818e+00 3.145709154995201651e+00
4.760549815455411782e+00 1.575567087193882276e+00
6.236188090162306352e+00 4.707479660914964725e+00
4.671692016508508516e+00 4.708776386506464462e+00
6.290431575398297781e+00 6.284148118203843225e+00
3.103944603582104111e+00 1.567416357305636332e+00
3.182010002131858695e+00 3.961402646901308715e-03
4.670011386129806041e+00 -4.449078962915921018e-03
5.309600985193535516e-02 5.322647860721707244e-03
1.613893444071163197e+00 1.574913852167721284e+00
4.757200518063632977e+00 4.716638423584535111e+00
1.613361866573436387e+00 1.574768623649882793e+00
3.183539743512174613e+00 1.575235858424073099e+00
4.668686734812094841e+00 1.566275972432832120e+00
1.565995335231930907e+00 6.282813859418312497e+00
3.095070197158956482e+00 3.137103085663316637e+00
4.667707561445953779e+00 1.566158868264713622e+00
1.529706839865729862e+00 4.708076440286158793e+00
6.239776686603636158e+00 1.566518854942601457e+00
4.753095782362122712e+00 1.574357627555040828e+00
6.239214210680783523e+00 4.708279516610873294e+00
4.669162884025372939e+00 6.279354670223971091e+00
4.676145016717394576e+00 6.279673552509666301e+00
3.181317539988156362e+00 6.287298025588897943e+00
1.524823270381300500e+00 3.137072643717737641e+00
3.123880849936047088e+00 -2.084026612188033013e-03
6.308868826870973834e+00 4.714689697020088666e+00
4.722869067186692860e+00 1.572211028090845453e+00
3.176366975619512090e+00 4.715778578468614590e+00
3.179281928723841411e+00 1.574721310354215698e+00
6.243537831728426468e+00 3.137731220406926091e+00
1.611901093035617683e+00 4.716412013402020875e+00
6.245473428115386305e+00 4.709007540782796042e+00
3.087579236373178215e+00 6.278102322480280328e+00
1.619344217150150866e+00 4.717668439873489383e+00
4.663937148956485146e+00 1.566349270430867913e+00
4.043065260839186909e-02 4.716841291072102038e+00
6.318987305918743580e+00 1.574379757372998068e+00
4.730919074166383353e+00 4.713948367666535688e+00
4.624522801358020574e-02 3.146356217790478471e+00
1.525722862961492732e+00 3.137089000876601474e+00
4.667482526853253155e+00 1.566362096014568550e+00
3.126986979774596165e+00 6.281997435609777192e+00
4.756802522028051428e+00 3.962020159961152088e-03
1.521172912791168619e+00 3.137983680667499886e+00
3.707522484996388090e-02 6.286597530211207818e+00
1.616666869129494533e+00 4.553569779894529532e-03
1.611167455153729167e+00 6.287196733627231637e+00
3.160642546682816079e+00 1.573016903134197841e+00
1.534751840463265404e+00 1.567190929321744086e+00
1.585409596917188413e+00 3.142993107253605256e+00
6.239046427321237154e+00 1.566497768204517804e+00
3.197776669288572293e+00 3.147258909016830586e+00
4.668426827115817801e+00 4.707849876840604075e+00
3.187481122980519110e+00 3.145812805605894713e+00
4.755221046730374823e+00 4.008343204803008035e-03
4.764445398011118549e+00 3.146613332430445276e+00
1.614588069347532739e+00 6.287218163007811889e+00
3.185422432237566603e+00 1.574945648533125908e+00
3.178874605380516360e+00 1.574768246511536018e+00
3.097760257002648565e+00 1.566869675967929920e+00
1.532442339687601018e+00 3.138153482105704217e+00
-3.928613084622056828e-03 3.141213081155677767e+00
1.533333934452566494e+00 6.279529590633435632e+00
4.756370548609544002e+00 6.287702881033484736e+00
6.236158075857540339e+00 4.707696015684368795e+00
3.097741272347699582e+00 3.137207668630505708e+00
1.613628587231398237e+00 6.287488915272438028e+00
1.606274042798286450e+00 4.716048655587226079e+00
3.190140443902651057e+00 4.717007128145005446e+00
3.189530053206142579e+00 4.800367746930595328e-03
3.097979173199825631e+00 3.137666687916741637e+00
4.021311941950088398e-02 4.716359188422898363e+00
1.607793907309875259e+00 4.716449547029272438e+00
4.752854679994740650e+00 6.287201430199240271e+00
3.092198350859173051e+00 1.566537847827940588e+00
3.101282873454980216e+00 -4.164666696620648347e-03
4.645311037724155628e-02 4.272935881164707447e-03
1.609781098030710123e+00 4.716407712103057648e+00
4.715287232016642349e+00 4.712201413838831954e+00
4.667952596287222811e+00 4.708468023517065504e+00
6.326625008143235362e+00 6.287157377904539324e+00
4.662117582660396664e+00 6.278082500826706713e+00
3.187427570440906965e+00 3.145827695144284508e+00
3.192956545696217674e+00 6.288504128008768568e+00
4.672079119213732312e+00 1.566526370197663498e+00
1.543903532887284102e+00 4.709535845486252370e+00
1.604590927141473999e+00 4.716224189221358998e+00
1.522914819738042436e+00 1.565981997273533155e+00
1.614217550578094240e+00 1.574970850132858979e+00
3.186661722234338079e+00 4.114357221072828356e-03
4.761263489363867230e+00 6.288071203606194537e+00
1.537511931181937408e+00 1.567604571089626475e+00
4.667108605617722894e+00 4.707540864969846695e+00
6.237195401295299924e+00 4.708174979426719808e+00
1.621619803620655720e+00 3.146613683720297150e+00
1.549503682794489912e+00 6.280735664410255659e+00
3.182060129510687396e+00 3.971363394270322443e-03
6.328380153608014425e+00 1.575688823705168717e+00
3.100387929779063079e+00 -3.698023514500618260e-03
6.275431816517619943e+00 1.570030846136793112e+00
4.077034721224041119e-02 4.074053466083828005e-03
4.677480591733368165e+00 4.708437229148749736e+00
3.183985509380569567e+00 4.071439061071474748e-03
4.669026561516302465e+00 4.708138925698523103e+00
1.642394627953378761e+00 3.148624981309256388e+00
4.104219949024707353e-02 1.574814249021192936e+00
4.668691277800139261e+00 6.279719737225679665e+00
3.097333543372180920e+00 1.566482038300849755e+00
-3.191237812382209660e-02 3.138655067872442306e+00
4.686201595472050840e+00 4.710197587519767914e+00
4.707934484088718285e+00 4.711894989582842364e+00
4.046586251151064462e-02 1.574154638310574228e+00
3.106104720184100110e+00 4.708828719095526694e+00
1.523631381352637648e+00 6.278594211898401944e+00
3.096334685440929491e+00 1.566430150493425266e+00
1.606379590383442579e+00 4.715912768504431973e+00
4.671462923374796183e+00 3.137517893506863054e+00
1.618199407722096916e+00 4.788717185692297970e-03
1.592389835695253719e+00 4.714452817128776729e+00
4.665392557705742682e+00 1.566035162661718605e+00
1.558331290112547451e+00 3.140657716097124741e+00
4.760277631465074322e+00 4.632336298634735783e-03
4.811502757715862416e-02 4.727258264851039345e-03
6.248541031116128686e+00 1.567440204702800433e+00
6.275776306325867360e+00 -6.633907142283819794e-04
6.240315469437240914e+00 3.137253813613953835e+00
4.752304278407202709e+00 6.287216406791316103e+00
4.749987082431935903e+00 6.286843691698320136e+00
4.761780843927867046e+00 1.575885372019950825e+00
3.840067975385180743e-02 1.574811772087063355e+00
1.528904300154812601e+00 3.137758157436171036e+00
4.668324513481327820e+00 -4.276425545934830694e-03
1.613831747682261897e+00 3.145804219512107203e+00
1.614035731175201382e+00 3.145423737660058450e+00
3.096781204317303082e+00 3.136856071374289900e+00
4.759281077928736892e+00 3.146313858525762619e+00
4.685613990742069745e+00 1.567503637615551559e+00
6.231785159189665357e+00 6.277892750285190893e+00
3.187688414433591966e+00 3.146385906178797764e+00
4.673433418467560330e+00 3.137634404962730716e+00
4.722012879098972604e+00 4.713575177340370459e+00
4.664321184504111706e+00 4.707539235101531716e+00
4.668784124535152458e+00 -4.496996771387999116e-03
4.671274196397122047e+00 3.137047150682499730e+00
4.740676273318658041e+00 3.144702763901647824e+00
1.625290965646686292e+00 5.435500595825819466e-03
4.669604231924774140e+00 1.566706217723788264e+00
-3.550963065743410058e-02 6.279772052998456644e+00
1.528159328983559995e+00 1.566930601730781802e+00
4.756737250704664355e+00 4.427806678211097802e-03
6.299719129024706099e+00 4.713825428857525424e+00
3.091566653674232779e+00 3.136309792038233901e+00
3.096582624635905834e+00 3.137088124009228096e+00
1.520278573231413244e+00 4.707102929732108088e+00
4.746230984672627606e+00 3.144888843530437406e+00
1.618601593748465239e+00 4.073955214760316065e-03
3.194024299364079944e+00 4.718115421021646938e+00
4.169061547637104015e-02 4.716762593425428918e+00
3.098329365649788780e+00 1.567151278086201582e+00
1.607650512911831697e+00 4.715946882192241674e+00
3.096604116816358054e+00 1.566511858014411729e+00
3.183468605203835899e+00 6.287077891781105876e+00
3.087579253141121693e+00 4.707363275627544752e+00
1.528829123240330379e+00 1.566540356198071748e+00
3.103360198618414056e+00 4.708129862353462869e+00
1.535193329529547235e+00 1.567444822095760637e+00
-1.529028480561009706e+00 4.014135403459847401e-03
1.526648034755810679e+00 4.708370044139447153e+00
1.607590356304104517e+00 4.716140504758402408e+00
4.794026695900695245e-02 1.575805459971248323e+00
4.750606741382246589e+00 3.926702049302953010e-03
1.583260165442066603e+00 4.713131731378366496e+00
-3.580045251582922305e-02 1.567090052839427594e+00
6.237945434050756965e+00 -4.837254129290014491e-03
3.191599280466484778e+00 3.146071183356994982e+00
1.533171827248475561e+00 4.709071914587376284e+00
1.608334236831056918e+00 3.145087097409359878e+00
4.750789393816305051e+00 4.715831295544634649e+00
4.667347453484341990e+00 6.278858041550591906e+00
4.750682854567922497e+00 1.574551889231300184e+00
1.614053484487945278e+00 4.507248584317417525e-03
3.161326786979632431e+00 4.713928154659121184e+00
4.759250535736512688e+00 4.717088142907568837e+00
4.659825732357496975e+00 1.564980524921396388e+00
4.034043239670904307e-02 3.145487449517383016e+00
1.520335435127116108e+00 4.706839356733623525e+00
6.238275564121493311e+00 4.708417793291125086e+00
3.185688024939125285e+00 3.146227509044704718e+00
1.615936968684490882e+00 3.145972592757052322e+00
4.664202468127473189e+00 3.136903223560085330e+00
1.532332028026913706e+00 4.708316976798698761e+00
4.756568597537500942e+00 3.145657904717125142e+00
4.158365757880520819e-02 3.145852996890620368e+00
1.526787753183105556e+00 4.707846330538909996e+00
1.609489137134692216e+00 3.145136946156140478e+00
5.002775469250544255e-02 4.717246345317178680e+00
6.319922615994198800e+00 3.145309258304569866e+00
1.616679498433993389e+00 1.574814414403885587e+00
4.749835355735331888e+00 3.145235625226479925e+00
4.756545346556523057e+00 4.271136140013992617e-03
4.672863908479460093e+00 3.137726821685840051e+00
4.755386248439191554e+00 3.145757381769067162e+00
1.524845556310457040e+00 1.566079583618143145e+00
1.614891902540492863e+00 1.574497092978228707e+00
4.661833690985499323e-02 6.287472506511156745e+00
3.097566150554763809e+00 4.708273975772868880e+00
3.101975239891606950e+00 3.137883807419834969e+00
6.239553280828983972e+00 4.707888406765674105e+00
3.174880151560507624e+00 3.290583649272299689e-03
-4.830074085562969383e-02 6.278189851018417755e+00
3.099619724864516979e+00 1.566620975422728712e+00
3.099700230717265637e+00 6.278830747394557044e+00
3.192077857189259404e+00 1.575381609974107366e+00
3.186112196588711143e+00 1.575382736226218272e+00
4.754921012102897748e+00 4.716480590430327524e+00
4.740306350381458422e+00 3.144318782123166844e+00
3.183734082691217271e+00 3.145386413753056498e+00
4.754718586949728376e+00 4.716864417299080792e+00
4.655366561879805687e+00 1.565098265121903420e+00
4.767311964896404214e-02 1.575314168904884182e+00
4.358631558133982398e-02 4.423628027953764065e-03
4.668620473430691753e+00 1.566368807810614383e+00
3.176923570674351271e+00 3.242924889048532169e-03
4.342662624872337118e-02 1.575197894034447543e+00
3.186412349196431126e+00 3.145965301950840232e+00
3.174439821079524826e+00 4.715476101133892151e+00
1.617107800264988127e+00 6.287857613387664024e+00
3.190866233659303663e+00 4.717478478596777158e+00
4.671938070970043988e+00 4.708311228660808645e+00
1.616618682657583461e+00 1.575314709378808242e+00
1.613151244529287487e+00 1.574766072382502546e+00
4.668719810836834405e+00 3.137437353625917247e+00
1.613139768927632778e+00 1.575081598737922528e+00
6.244625095543494098e+00 4.708327476487238705e+00
3.094885986212727591e+00 3.136480161128229138e+00
-4.262130249870785259e-02 4.708472920954092089e+00
3.099440987608380382e+00 3.138124192936703416e+00
6.329408896574195253e+00 6.288191487031912885e+00
-4.603895482106182269e-02 6.278674533648686662e+00
4.749484611473048901e+00 6.286672705322722265e+00
6.241504646290874980e+00 3.137727410898183855e+00
