3.242642542820997065e+00 4.738905822782908395e+00
4.010289877537712044e+00 4.435058334909645517e+00
4.275690595927688520e+00 2.909528251856949410e+00
4.830593435532475749e-02 3.982166911376035401e+00
7.324928797014373938e-01 2.514684236507851445e+00
1.323835037380248325e+00 9.833894670697596041e-01
5.807724330404889557e+00 2.737060904431126040e+00
2.016816172713730371e+00 6.259350344681329226e+00
1.007704755270938612e+00 1.801364929235174328e+00
2.375023681544232268e+00 4.362166693505733051e+00
2.319749361295853962e+00 5.686305461805087447e+00
2.435036346097950499e+00 3.986274658860084141e+00
1.268566020579098064e+00 3.282784831381814428e+00
4.545055587871831726e+00 2.825453054213774351e+00
5.425074040927516661e-01 7.142557410890243430e-01
1.395963646293486571e+00 5.655858683695535127e+00
1.334253511078302479e+00 1.693582757546526096e+00
3.646227096821684110e+00 3.343222225336891729e+00
2.583134906698647093e+00 1.521973471397245925e+00
3.611133181337691234e-01 4.706056350577325631e+00
3.112679189847018080e+00 3.546746002248318153e+00
6.100444191799437865e-01 3.241383058848837928e-01
5.692251161564607642e+00 1.538801805179515148e+00
8.264076891998303198e-01 1.711249143546247131e+00
3.287892183291107440e+00 2.209835393210132892e+00
3.383151218419437445e+00 4.209984078080628578e+00
3.305420644325569590e+00 5.542121108336604429e+00
1.099663351850274973e+00 8.983265335672862006e-01
3.956331016547919854e-01 4.701792472256680178e+00
4.432034051017852860e+00 5.635475404160580126e+00
1.723167975784414940e+00 2.055736383585117011e+00
8.013326288569505573e-01 1.541848843651559831e+00
1.831606119013130973e+00 5.306838383712954688e+00
3.752804448122602388e+00 3.125239234307827907e+00
3.196032595511768992e+00 2.731414807237549702e+00
3.089063157654453828e+00 6.273008512032396844e+00
2.126756396366099366e+00 2.980015495050817531e+00
2.522762126649717440e-01 2.524531018014688932e+00
3.839973899018044090e+00 5.865277194485224221e+00
2.822946122130538527e+00 8.862401881352366395e-01
2.504483574191545880e+00 5.487553865917132789e+00
5.884724879097246841e+00 5.683147909270241271e+00
4.449722313028361853e+00 2.921933566033509067e+00
2.481986923378953769e+00 2.571394175692345296e+00
5.741473930553873117e+00 5.398045879895479793e+00
2.930572602577842911e+00 3.563945045514293586e+00
1.173230355973826855e+00 1.623922420132863920e+00
3.010174779823185265e+00 6.137760885954680390e+00
1.681568278612449285e+00 6.102089372409627011e+00
1.395986250819623464e+00 4.069179430961210819e+00
4.670790968249701969e+00 2.067091533428335293e+00
3.420789336113757795e+00 3.931694535151001979e+00
5.520307600051548746e+00 8.876865104356127523e-01
4.719789353472972904e-01 3.366708827755525935e+00
4.007782273495818504e-01 5.061848697093308758e+00
3.458770400864386030e+00 3.833991756433569709e+00
5.499365657219811299e-01 2.435288832282334948e+00
5.231784174179010094e+00 3.217624393652424031e-01
2.649123372001971344e+00 2.507770823827867979e+00
5.129666519178218032e+00 2.754673365596242096e+00
5.197377236383503352e+00 4.610894559384054681e+00
3.666566980122544894e+00 5.116446661729121104e+00
1.754244760016062443e+00 8.190844960458066870e-01
2.655745468359772765e+00 9.613550123548876281e-01
6.795137261942495455e-01 1.198947212966783027e-01
1.301307609509331664e+00 1.836949279229026288e+00
5.288190518858294276e+00 5.166583063902649542e+00
4.765537033752702101e+00 3.388922064898501230e+00
1.590772994628367520e+00 3.186581961658121909e+00
1.385545982597027992e+00 1.534035503707098957e+00
4.043574041801371033e-01 5.818855216882948156e+00
9.713921521249309077e-01 5.223781850451115538e+00
4.010306290544702001e+00 4.552499932123597937e+00
5.326774651901956759e+00 8.939873517177532314e-02
4.296596827616077974e+00 6.181333543428904065e+00
1.092373331568587735e+00 4.752904095317892263e+00
1.704750708246545843e+00 5.608800976421501439e+00
6.136103403094012698e+00 1.787243672104590786e+00
2.592373226371079475e+00 5.599965220376383002e+00
1.007463287991252177e+00 3.267741503648957213e+00
2.060974848217769662e+00 3.853204900926480714e-01
8.824853015516825883e-01 7.162467198135460400e-01
6.264753812780429199e-01 1.158580540008734339e+00
4.315808061779577987e-01 2.739627208440528872e+00
3.852770706925249034e+00 2.994097888963569432e+00
8.687757443532260204e-01 7.490690923050694061e-02
3.837408678549474317e+00 5.906572762490243100e+00
1.578223860128145972e+00 5.567811617852387762e+00
2.584906343313912114e+00 1.216895044594170416e+00
8.309675578273025831e-01 1.112310066910372930e+00
1.165127321319575193e+00 4.745173890371861880e+00
2.411097738650859856e+00 5.536617365312726413e+00
4.877136548341046485e+00 6.270457636319841654e+00
5.999596734251156249e+00 9.700434510501835250e-01
1.960799433972212125e+00 1.136454995397812168e-01
3.230126033332379798e+00 1.260457960849509229e+00
5.043924087880083285e+00 7.715288990504896860e-02
2.779967463664680061e+00 4.227705451696917471e+00
2.721301574367210652e+00 3.160731724227441308e+00
4.764813718115033403e+00 1.987279649787625280e+00
3.861518461980580685e+00 1.326978966070988974e+00
1.782816845643066861e+00 2.753107907005302391e+00
6.174942582807338987e-01 5.996890990535985289e+00
6.936920435902000914e-01 5.006413711158373969e-01
6.114218230080251892e+00 2.299306469808078290e+00
4.230017370452813452e+00 1.113884116974056315e+00
4.178465201272006269e+00 5.376948362365145506e+00
5.185262111986037148e+00 2.868748139876711623e+00
2.643712038664876918e+00 2.989586711133056962e+00
4.022999026047128446e+00 5.820373770021806115e-01
4.877941157344852563e+00 4.834355909375124050e+00
3.134594811039687734e+00 2.672599141374682130e+00
2.874284328563676993e+00 4.562260525745601925e+00
8.000990569977477485e-01 5.936660050225254892e+00
6.976802141561134762e-01 3.423308443790918365e-01
4.064719381934796871e+00 2.890485064766892265e+00
5.130148022622819326e+00 3.944176224241531248e+00
2.464888917168664761e+00 4.954848698387729122e+00
2.637198791947767074e+00 8.160786240511900269e-01
4.096714634535477018e+00 3.445146769232176331e-01
2.181983435263366466e+00 2.637260929300325074e+00
1.295988760831807030e+00 5.080540746987289857e+00
1.165690905523059616e-02 3.627155928240809235e+00
5.992691303885724352e+00 2.411481090109872216e+00
5.373385597081359322e+00 4.927364626553826232e-01
1.144240959832945492e+00 1.312081741414030667e+00
3.490407282157124147e+00 8.357295340551833540e-01
1.296197022937294552e+00 6.115180524476484969e+00
2.946556206519901799e+00 5.828146736445924958e+00
4.376562804748377999e+00 4.787245089910946660e+00
1.773171307962698728e-01 1.405598469510680903e+00
6.094852444006714443e+00 1.901156676734515827e+00
2.522814015680899136e+00 3.311895506760010655e+00
2.519234480259748277e-01 5.499815712696841885e+00
1.481844687129496851e-01 5.080600297255238651e+00
3.065761639847549791e+00 2.342378653060563920e-01
1.984067007033442520e+00 3.895625639322678246e+00
5.529022257602840718e+00 4.346189414842774212e+00
2.991908600229073567e+00 8.301608588552477075e-01
2.009576395347297595e+00 6.156213397637255724e+00
4.198990124298798143e+00 2.063850985291369788e+00
3.785207206193925256e+00 2.334370667025203669e-02
3.270722675010595104e+00 2.513233537195569411e+00
4.734189500643275927e+00 2.982955028073486226e+00
5.594807757155312977e+00 8.569662570859205575e-01
2.408469458688683229e+00 5.435835741661506404e+00
4.587856257632629386e+00 2.197214239963448446e+00
3.887358007795161274e+00 5.726537867991788211e+00
4.074843347991469855e+00 6.167437590375530326e-02
6.920232465140130351e-01 6.082957631744846161e+00
2.575924738810357884e+00 6.002249357671899155e+00
1.259096047984461730e+00 5.270340306745640468e+00
4.203494418316569892e+00 2.233634454237051870e+00
4.502125727859712434e+00 4.162572026063159569e+00
4.594661465589903848e+00 1.519401648654739034e+00
5.057633478989440157e+00 3.987214365887388645e+00
1.780261192576353402e+00 7.729595883922587563e-01
4.664646525679800426e+00 1.953008088098067807e+00
3.695396712771091607e+00 5.301153829407974527e+00
4.320757275769041700e-02 2.896068335222813150e+00
1.019953605012915210e+00 3.288575974021483717e+00
1.747456663810595057e+00 1.249113316953172868e-02
3.018724283301451372e+00 2.705852504890325694e+00
3.582564514574721137e+00 4.191451940901615103e+00
1.906655919157210555e+00 2.804497464445102839e+00
1.055933326412416218e+00 4.278080271895738029e+00
4.628720567266715769e+00 2.532029069331028559e+00
1.735259709858235411e+00 2.359884161677775261e+00
1.065477720147553375e+00 1.916999128069331260e+00
2.700752703615342476e+00 4.088863343907275016e+00
6.245441151008764180e+00 9.396626496441309317e-01
6.178886751886618178e+00 3.612672101634744060e+00
1.383251496412610804e+00 4.120964896361272167e+00
1.785294241350595001e+00 4.002496574060870671e+00
6.163837416459970520e+00 4.915500533393329263e+00
5.767897091638996443e+00 4.907708371769166078e+00
1.519327085665374888e+00 2.712609171181627143e+00
2.862730584104303588e+00 1.660923658991029450e+00
2.466701663091388053e+00 1.721117571056673068e+00
3.414373394303081177e+00 4.479712757025410497e+00
5.059154005208577054e+00 4.469251235409685385e+00
3.755270424687926489e-01 6.073955649854683614e+00
1.348034647903709082e+00 4.333985171610212461e+00
3.533525755535564805e+00 4.476256489659987459e+00
3.935543872261672238e+00 3.113984972543876850e+00
4.564919555150168229e+00 5.870255487947368955e+00
2.079090388430148373e+00 2.151592559821779993e+00
3.759222439732269994e+00 4.872271716611760617e+00
2.256627041045999871e+00 6.026807721516758143e+00
4.154533268268746582e+00 5.424683465491993317e+00
2.898270948364340072e+00 2.620644235775339670e+00
3.883542870783112111e+00 6.125073625590822246e+00
6.462895522899636536e-01 1.661786654493791149e+00
8.733228375209312055e-01 5.147572380154588068e+00
6.002909158947097090e+00 3.824164157847377954e+00
2.961421041519755271e+00 2.177348571794660348e+00
2.935410719592106976e-01 1.810661350606758369e+00
1.106266842015563467e+00 4.083662325659695114e+00
1.112181044331010948e+00 3.529365220491102129e+00
5.752922992349474463e+00 2.550933206654563801e+00
9.452108172133864006e-01 2.963556467292259189e+00
3.481365553099807109e+00 2.877504189192118034e+00
2.036961242528952276e+00 5.246662992810525949e+00
1.075322082922856248e+00 8.344629108073907675e-01
1.127201806986903199e+00 4.975303941453405265e+00
4.052199242670697088e-01 2.736525027078106298e+00
2.153018044560992994e+00 4.010468712622021203e-01
4.745744122664540932e+00 2.582761405321130965e+00
2.599788705467428684e+00 2.671134196368486258e+00
1.378202002913346380e+00 4.288838174298036598e+00
2.701786572168054068e+00 3.587769535846311530e+00
2.446930956629984166e+00 3.175997218265110167e+00
4.611098546101082718e+00 5.895694655681066543e+00
1.391099564438992298e+00 4.516711089681828106e+00
5.664457912091939384e+00 4.115107744644579846e+00
2.380618266462884325e+00 2.730720144256580273e+00
2.943027217792464789e+00 1.367538771291274102e+00
5.170289003078514245e-01 1.809492121332706205e+00
5.879776213038828914e+00 1.972989172399329139e+00
1.638855526741555435e+00 5.666845993541317128e+00
6.802092061502238440e-01 5.691268829858850964e-01
1.259103292006915620e+00 1.232376256471372278e+00
3.639371850678614351e-01 6.320577306805445772e-02
3.310980799440768063e+00 2.492876942994801670e+00
3.899026677651950656e+00 3.935190422658412679e+00
2.808597550730356218e+00 2.660176963406959416e+00
4.332963464578432955e+00 6.234644276418674025e+00
1.023863543462226966e+00 1.227435679337565366e+00
5.933850240208014881e+00 2.499723676600415612e+00
2.781379032269645002e+00 2.367158992256287675e+00
7.261536461688220534e-01 1.543133329497336836e+00
3.937198702732577438e+00 3.612762694469296321e+00
6.256246661647567819e+00 9.690962150204335268e-01
5.245834941036055632e+00 1.784665090375382457e+00
8.364099068895904932e-01 1.746985341932722813e+00
5.118857366756826899e+00 6.268714721295410186e+00
5.731621048342231184e+00 3.117890191568211122e+00
5.909757082844785181e+00 4.300974187119716019e-01
4.552951577638453706e+00 3.883819615555041960e+00
3.537627285706723690e+00 4.256331660990023025e+00
3.960374274349815149e+00 4.402547923499078308e+00
6.366778633989207403e-01 6.190241920967537226e+00
1.984073299741881735e+00 5.558462004701995696e+00
3.262441123967497747e-01 3.287781562425694304e+00
3.855123933343088893e+00 3.141709737978075623e+00
3.086217490674342034e+00 5.010977817516594435e+00
3.546261788826811312e+00 4.454127394062491696e+00
3.538934958579669221e+00 3.776311988086950677e+00
2.529803839421778111e+00 3.199496794174191194e+00
1.469217708590145222e+00 1.952987942584954562e+00
2.301618263642572604e+00 1.273774499558356199e+00
3.685530906561037323e+00 5.450013163530606164e+00
3.806832340593291342e+00 1.856587450046038645e+00
6.124157087336860705e+00 4.282288129779559860e+00
3.375736662228385754e+00 2.319976651791091804e+00
5.088339999580614226e+00 3.379385472790838119e+00
4.755630940303568366e+00 5.584278432712634910e+00
6.154505477688948289e+00 2.901829594886581543e+00
8.941494568836451107e-01 4.110434151056156615e+00
4.582465238646295624e+00 2.708032476964154167e+00
1.917857426948442745e-01 5.754820718213025099e-01
9.538213863460566211e-01 1.686529791363146957e+00
4.741028770604919451e+00 6.143720808889063356e+00
4.167696570850356608e+00 3.886339394106188561e+00
5.731161238023943838e+00 5.223625513835497891e+00
2.750433158088282148e+00 1.449815181376201245e+00
2.170023051245407508e+00 1.941748471158039613e-01
4.325205196201690860e+00 1.425517066401535526e+00
1.087799420313826648e-01 3.496888803025739900e+00
1.506274904335539011e+00 5.801763789391981341e+00
4.546303757130961465e+00 1.234841797525241702e+00
1.710844165646982384e+00 6.570066159099913206e-01
5.286468753840410928e-01 1.524190783380066638e-01
4.491954627552300572e+00 4.463696176266030768e+00
5.985454023595335293e+00 2.573877019307666547e+00
4.748469301721732982e+00 4.777368557999202459e+00
4.582011321358768541e+00 4.484021381291847241e+00
5.005686692768163581e+00 2.100969471261682209e+00
3.739422396781946656e+00 1.529351860672807595e+00
4.603228006703932174e+00 5.555042981032118021e+00
5.382326010086787571e-01 4.089579672635408336e+00
3.898490920995827835e+00 2.186345474787407372e+00
3.865894276291175657e+00 5.604145864493077944e+00
4.546026280188330659e+00 1.461879521788840952e+00
2.343560559404703092e+00 4.868309925105382518e+00
3.255838793147693533e+00 6.675896598220281142e-01
2.044473937545319586e+00 4.623649952361881255e+00
2.208704625137708266e+00 3.379093044993484313e-02
5.042428315924912141e+00 1.119690441265454445e-01
3.026967151023361335e+00 5.918093419619427920e+00
2.888092984370665306e+00 1.945250319250145576e+00
5.874532568113091102e+00 1.317523966384541056e+00
6.178968227752563713e+00 2.841271554070055050e-01
7.104467670346946706e-01 5.657307922711845904e+00
3.492791734527589842e+00 2.932484434183247224e+00
2.270438869280374306e+00 2.150229577126969716e-01
7.071702069610705799e-01 3.668860717787053360e+00
4.938507768296131140e+00 1.743790917755924097e+00
1.809938321849465792e-01 3.986502027118245195e+00
4.387316161702842443e+00 7.566166346247962249e-01
1.718467627033914757e+00 5.294340514770627060e+00
1.890141184332543522e+00 3.454795387652937588e+00
6.272403295696798331e+00 1.367785428082098909e+00
6.187691902142020695e+00 2.602687766301730488e+00
4.814728762497804126e+00 3.086547771636257043e+00
1.328514623908686465e+00 2.527359908541578548e+00
5.081941249984705422e+00 2.550113850834259122e+00
6.164649744302676204e+00 5.986220899508039039e+00
1.112056969168449205e+00 8.212220893108012065e-01
2.970050901588524805e+00 4.989169290087833275e+00
4.493904318609873272e+00 6.363179657457885829e-01
1.695769596972671600e+00 1.831872790682331997e+00
4.544786106714777674e+00 1.569410808439696492e+00
4.312800989695153575e+00 5.442194998776835879e-01
3.998076096510461142e+00 1.387016067949524034e+00
2.593270621683619215e+00 2.360671736151130240e+00
1.810809458056264587e+00 5.171123777672936406e+00
2.832961326238223165e+00 5.267743338175800982e-01
2.375083231389580884e+00 2.392709860080812323e+00
3.905471957757104207e+00 1.601802996098014686e+00
3.057468991384509227e+00 1.370193176857979145e+00
8.970347659586103140e-01 2.745587688107448354e+00
2.861303075353974545e+00 2.842893369125124803e+00
5.467650328529524012e-03 5.026924534412972712e+00
5.527669025475003828e+00 2.311031590264534419e+00
6.778943357711002538e-01 1.983224195570586490e+00
1.848529922058557595e+00 4.138393105098256086e+00
6.260890708822151041e+00 4.537305766512329530e-01
4.935333860064549327e+00 2.760600706274749960e+00
2.065520553827965511e+00 5.760792699632626412e-01
2.527567416170200421e+00 1.431066665746716593e+00
6.122697066684217038e-02 4.859262783700434518e+00
4.166058932508207135e+00 4.124119757997895874e+00
2.586611828916227651e-01 4.001815875772507525e+00
1.153978555068837730e+00 5.325102568942149617e+00
5.502611724314619979e-01 1.811607263224970454e+00
5.074029275861839494e+00 5.074910467435151062e+00
4.985471992446446343e+00 1.167802778750602899e+00
3.751633954163379414e+00 3.040134404215050434e+00
4.517660841148702922e+00 1.812507442419694748e+00
3.675090425958170037e+00 4.800580778420309169e-01
4.440727435398079237e+00 3.639887551029416191e+00
3.977028009730247060e+00 4.000579645569812826e+00
6.219919860168432457e+00 2.289961891134394190e+00
5.833345972432669058e+00 3.879188465530361452e+00
3.177404773999300325e+00 1.344068789594683677e+00
5.040030632341986561e+00 1.181727838198679770e+00
1.577517878151821484e-01 2.727043667905703739e+00
1.976533809193974811e+00 9.822815533469496652e-01
4.909096954299104754e-01 2.565483121887802920e+00
5.166137945068264514e+00 3.929016008893610135e+00
1.434914077438357083e+00 3.608428134505302864e+00
3.164445719315359451e+00 5.456341158109389688e+00
5.696977268886645795e+00 6.246973607459720412e+00
4.771359986786738006e+00 5.255482462236280128e+00
3.990518834960505412e+00 4.767921500415417402e-01
4.466199810401695558e+00 3.092935683760499099e+00
2.436000093171790226e+00 5.924127984678207781e+00
4.826153143657830116e-03 4.356470042646136243e+00
6.343961276972447383e-01 3.870645168744077491e+00
5.147153786787396434e+00 7.245034723424480516e-01
5.538372275573211212e+00 1.763475065513320672e+00
2.421095572609812230e+00 1.456909537408167754e+00
2.642362516863832056e+00 3.341663067881186056e+00
2.644737582097885564e+00 2.522408421991617189e+00
5.425640933321949078e+00 3.593716587277966834e+00
1.282874374042536791e+00 3.322202793168944179e+00
4.175788226966685279e+00 3.912834348833737153e+00
2.757942767318007693e+00 2.981016338342612038e+00
4.403844306934512787e+00 3.719188148643110647e+00
4.215643798256026642e+00 4.706983779769783105e+00
1.525059505242565949e+00 6.282907785743447882e+00
2.532731816909800315e+00 1.655530289753838202e+00
1.284817291193937616e-01 3.795402610366307439e-01
7.083257405995219136e-01 4.736721973521613727e+00
4.051920285906850161e+00 4.700511319060542093e+00
4.705739964139203479e+00 5.541265849340104133e+00
3.027289584214049700e+00 1.454998122935112770e+00
6.207691979776681634e+00 5.916574781764025737e+00
4.587605843592407417e+00 2.856825350228729743e+00
1.811910633762922274e+00 4.412416964160893684e+00
4.958188243111230520e+00 2.831962287398156697e+00
3.877157390519973212e+00 1.863171002819694055e-02
4.680366437075969444e+00 5.715037155294330207e-01
2.880389321814685655e+00 5.073999237731690037e+00
1.229777137539983523e+00 1.452988294802652014e+00
4.672376602093812892e+00 2.476695462705073236e+00
3.002857055265220065e+00 9.816481607999107961e-01
3.230475837601575417e+00 4.304852914519234908e-01
5.433647006297394277e+00 4.728242420528627754e+00
5.714070695531735744e+00 2.507750264744344815e+00
4.619339118031817293e+00 4.800520979577798109e+00
4.081868064273057151e+00 2.651203537955072048e-02
1.850680278718708882e+00 2.714734606410091011e+00
3.674939771456310567e+00 2.354246745925078876e+00
9.010838535003266037e-01 3.817208308987718013e+00
2.333790970098061024e+00 4.641200329827568360e+00
5.085767422642477165e+00 5.002456567557216349e-01
2.721358443826217055e+00 3.449868422934270207e+00
3.638580294926821335e+00 6.946443511265202320e-01
2.317743477138439978e+00 9.446644169123308288e-02
4.840718763271951275e+00 2.454398676893780884e+00
4.432253131640808697e+00 5.269789985757231676e+00
3.962508673832593420e+00 5.434395668475278107e+00
2.740347350664884107e+00 3.743291715682550702e+00
5.179656869341357606e+00 2.446663238623732362e+00
5.440423628043772553e+00 1.254512659324534374e+00
5.459698042978318178e+00 2.268691655578448430e+00
3.921264927348237173e+00 5.818460942841952033e+00
1.877923106722571678e+00 6.042872343653539202e-01
5.023072088140859037e+00 1.385963196007189646e+00
4.485235003616776517e+00 5.031626501061244205e+00
2.330179861658387974e+00 3.569706980127199003e+00
5.215007299003508123e+00 3.977805069466408217e+00
3.189726612378885662e+00 4.441230476293656082e+00
4.929030450339372038e+00 5.326511156240737677e+00
5.192513300985155844e+00 1.709789464729512209e+00
4.402010572766810625e+00 6.114113971818713189e+00
4.546713719477733839e+00 1.614395758464483022e+00
2.351706318730894640e+00 1.765311496518461865e-01
2.901314595685595688e+00 5.692619731500375480e+00
2.993414383096120179e+00 4.132961134017588911e+00
2.442954314662396931e-01 5.446534419279241979e-01
5.293141869671539546e+00 3.504369482340579545e+00
8.572436075093569086e-01 4.420228389272103264e+00
3.792393639171379061e+00 4.083894636231786279e+00
2.475474163298617913e+00 2.466859569605291291e+00
9.369473076616796625e-01 8.454951983298359952e-01
4.331348893300616787e+00 1.825236280254716847e+00
5.538624757386686248e+00 1.062255441077742502e+00
1.571238686391539519e+00 5.540975009686728292e+00
1.448756489681941817e+00 3.029289998287715502e+00
1.398972974110935352e+00 2.520914112469979429e+00
1.990734320468675156e+00 1.253752943568572586e+00
4.365468757418491386e+00 1.209449083365739863e+00
3.358618384204812291e+00 5.797790800921717391e+00
4.529520485516915329e+00 8.677887601616616209e-01
5.519800200858395733e+00 4.714868884861872722e+00
1.604764155660372893e+00 1.232050076372379621e+00
1.553137254718470972e+00 3.714217834609208957e+00
2.363599620997736128e+00 1.711095500489302479e+00
4.491191608640050958e+00 4.347479892052786177e+00
4.048187539112293010e+00 9.529179423083443679e-01
4.482051489384715204e+00 8.387933104049531963e-01
2.921370075977544722e+00 3.657874747682094085e+00
1.439889963152922725e+00 1.050029130447270864e+00
1.659606090490733488e+00 3.857311666042892995e+00
3.626347383311010475e+00 3.796658944563850113e+00
1.939894166853464386e+00 5.489699319309796488e-01
2.637275240807321897e+00 5.386377228758459701e+00
2.713484498593484506e+00 1.349855259874928715e+00
3.204985703742271763e+00 5.046915247501901902e+00
3.024711247857827967e+00 3.886827649761349868e+00
2.574742710411465740e+00 8.113882329672704730e-01
5.186970827131895945e+00 4.927350282605667431e+00
3.201276033534155019e+00 1.745020026428747206e+00
5.002495823482080439e-01 7.290871867951680407e-01
1.899462698544747585e+00 3.296169671707069870e+00
3.892801268922148616e-01 2.375448207675850298e+00
4.767169768719337064e+00 2.681985925601702458e+00
5.654856297273032517e+00 5.128772008280144235e+00
4.198462279129484109e+00 3.210366256807851482e+00
7.759977322779908482e-01 1.255611399384834570e+00
4.915038717006826374e+00 3.786771686507796719e+00
4.754086218017256726e+00 6.233419387695772862e+00
1.735802075931482058e+00 6.246618763400209495e+00
6.091660426758155999e+00 2.010404474997685487e+00
1.815026879970122797e+00 1.263074205494454594e+00
1.771360130135676503e+00 4.172938710423562902e+00
6.171981173143102239e+00 6.073932556860214049e+00
3.133273386103698321e+00 2.778075060757376757e+00
4.791110143879651950e+00 4.289515409015979053e+00
1.596431440491742348e-01 2.165366142308815522e+00
4.415588048804493404e+00 6.086297224191765665e-01
5.134279907052239800e+00 5.525547096456882024e+00
1.790801615732961372e+00 5.072116289083194118e+00
4.868601199283484782e+00 1.531190839227669409e+00
8.445242160077327531e-01 2.819985669033239439e+00
4.770971998481177145e+00 2.063361298531567023e+00
1.423995476989711850e+00 6.265253900628924733e+00
5.790406527083947097e+00 2.593070020427918454e+00
1.677735672205638906e+00 4.107262173028756180e+00
5.621249055154643237e+00 4.305660596632388426e+00
1.130724735920345392e+00 9.367951294731814427e-01
3.366786830253988505e+00 4.887291573410846302e-01
5.607473474287369974e+00 2.597191537939254502e+00
2.782014124249847509e+00 6.173294080876604362e+00
5.053691338339482364e+00 2.207559071789729099e+00
6.134428916683628330e+00 5.782294665415184554e+00
2.919409009788435316e+00 2.396870431456996908e-01
4.174385259282823668e+00 1.120754508551746964e+00
6.823373342928240604e-01 4.003976305486410148e+00
5.408105189673896307e-01 2.704081428578819057e+00
4.384624306797018534e+00 1.950128800896109293e+00
9.810589606366306725e-01 4.275150130738751386e+00
5.031544417297712180e+00 5.094903465008845167e+00
4.942320066642407639e+00 4.798074030573419968e+00
6.262222145828940656e-01 4.518310786317393912e+00
3.096320797818923776e+00 1.163870071169865295e+00
2.658199630209946207e+00 5.390125621686745916e+00
5.340057052081221833e+00 3.830429477694012874e+00
1.559727479269759742e+00 2.599820566905865604e+00
2.352252344724457878e+00 3.017388921410037117e+00
6.521264542425490029e-01 4.093742705936155524e+00
5.339243873552820929e+00 4.917356459951001568e+00
2.994144134243315492e+00 2.529061339600127134e+00
7.829245944580237593e-01 4.739880381244866214e+00
4.523132425984469407e+00 5.891991380991081328e+00
2.653280655205877192e+00 2.959662647409714076e+00
1.121501878782246719e-01 4.458712273580140995e+00
1.921115705946614183e+00 3.307453796414007829e+00
4.632257206419311046e+00 5.000685809722857478e+00
2.286365749221070109e-01 2.867069980089947734e+00
6.254636222956662106e-01 1.381675318698956767e+00
1.518391521062985028e+00 3.535423152762889210e+00
1.267875813365904047e+00 1.489376089305325834e+00
4.320620018724181222e+00 3.059636906746046048e-01
1.312945870134198278e+00 5.041008556608281843e+00
5.245896577871751454e+00 4.581042530276794977e+00
1.285970557302750894e+00 2.912278435048630154e+00
2.110675166445813211e+00 9.464106945901425982e-01
3.119500330951312517e+00 2.776751825456778566e-01
1.053073822648806362e-01 6.041701916178131349e+00
5.330506260981203503e+00 1.094793249567884930e+00
5.212537819437478070e+00 2.375927205038935064e+00
3.067583170686154492e+00 2.929984220405587259e+00
3.284616636585707683e-02 5.861009568429859762e+00
4.226411119103995695e+00 1.422484686785248531e+00
1.308042231172943826e+00 5.693994748655919480e+00
5.834919680358178873e+00 8.920681797316504236e-01
3.648921032247575358e+00 2.694095811178939925e+00
9.284110472666591285e-01 1.468640027091229205e+00
6.126757919599890911e+00 2.109897716875957396e+00
1.225478031930123057e+00 6.105891264759102377e+00
5.233401741312648348e+00 5.328089108297041854e+00
4.412050251354959762e+00 5.633851146691045031e+00
2.720782621550604130e+00 2.047775310912704594e+00
2.932592388236212599e+00 2.806626334940150791e+00
2.144042754950750584e+00 1.417781148215711884e+00
1.026323138738951979e+00 2.234074720760068189e+00
3.249736101680531064e+00 2.483607656319973156e+00
4.129302363245237473e+00 2.884838403391352113e+00
4.436221597555390694e+00 1.256869783550502051e+00
3.497449463646367551e+00 4.147570626804669480e+00
6.189152518031276529e+00 3.323401135513402327e+00
4.162277534426582548e+00 5.315135397702301034e+00
3.737544804417162858e+00 4.104069822716180482e+00
6.131768603134596596e+00 3.551848648256284990e-01
2.061752097731567535e+00 6.417222676836300543e-01
1.044808029411760236e-01 2.159662268191429590e-01
5.184117198760759493e+00 4.639919515516218063e+00
1.682658741882510078e+00 2.327271091534711012e+00
5.954301014735357001e+00 3.125403124928993748e+00
1.313978057943141931e+00 1.727308586529329393e+00
7.608768863071735389e-01 2.109322533404725863e+00
3.343918270658498559e-01 2.665284173329659723e+00
1.905644198483701368e+00 3.209912101900372683e+00
3.938691406982928189e+00 2.572797410353832692e+00
1.795652827980422472e+00 3.209358131746701037e+00
5.019318999890667321e+00 1.230963694805658371e+00
3.872418507965045720e+00 5.246257488590170048e+00
4.560139287648727446e+00 4.477347125800810623e+00
6.179323581017917455e+00 5.732319368342922772e+00
2.733929665532766062e+00 1.428825856050538023e+00
2.462780185232350760e+00 4.068206883810388530e-01
4.596924975913251110e+00 5.138503058786250133e-01
2.169526184024772875e-01 3.308774155066874778e-01
2.103769690836611250e+00 8.667413879465650783e-01
4.837540041199241081e+00 4.179471129386590711e+00
2.187210441511301617e+00 1.708748304275662599e+00
3.724744386487288228e+00 1.060603284764000565e+00
4.430342763489524494e+00 2.030100863710532000e+00
7.324165520958285658e-01 5.961947869226244201e+00
2.902368454960156718e+00 3.575873768258100771e+00
4.203397144320907053e+00 2.275636547216188355e+00
1.652372891129047838e+00 4.925297421315764090e+00
6.258119879662383589e+00 1.838249534243987959e+00
4.905887911180130345e+00 2.085050871256822536e+00
6.161777985342621555e+00 3.972246932580530743e+00
4.496280189376847147e+00 6.098677953296591348e+00
4.525164545221177725e+00 6.143027548702966634e+00
3.209989588939941907e+00 6.195073541376209469e+00
2.188960874447400951e+00 3.409501989926242871e+00
3.576403831991264326e+00 4.886878723171796390e-01
6.138961499415138690e+00 5.159284402916079593e+00
5.157639194833033791e+00 1.820056331387561954e+00
3.287532551662899927e+00 4.185026579720913631e+00
3.221920611886244679e+00 1.256158074576476880e+00
6.038950378400662622e+00 3.664775299559034138e+00
8.359283649691674478e-01 4.227377713117772551e+00
6.269113085579376410e+00 4.508687415166121149e+00
2.851264286066783615e+00 5.965571057799540000e+00
1.785081396694808031e+00 4.787425876140607883e+00
4.243526948807098798e+00 9.509788516241974854e-01
1.040055974987469239e-01 5.200355011174937481e+00
5.724408596851379372e+00 1.470190999256952180e+00
4.579084116923439751e+00 4.987065843356548456e+00
1.362364910966234466e-01 3.669101416340467825e+00
1.542476072303240242e+00 3.877881463496180903e+00
4.653557965777737948e+00 9.869307076585946970e-01
2.403361676591448504e+00 5.937452923048685882e+00
4.297767008535036126e+00 2.077608839193335055e-01
2.278721577395877773e+00 2.619646119218830282e+00
8.640706115659382847e-02 5.848666900477236474e+00
2.293807990235260608e+00 7.757634360178146116e-01
1.501439711006262279e+00 5.833975932839541301e+00
3.344802651580178754e+00 2.292681237800751948e+00
1.324292781643931161e+00 2.211079754508095796e+00
1.703893228466533571e+00 3.842358053056626144e+00
5.713997794709849032e+00 1.614840569256740244e+00
3.735837204176985615e+00 3.869212541629866831e+00
4.468311363442207806e+00 5.125735687499844317e+00
3.251877697011130497e+00 3.607709942455735952e+00
4.375561391248544041e+00 6.869479213196992839e-01
5.389611318490420189e+00 3.442257347162497982e+00
2.044587808069154633e+00 5.743054970402867276e+00
3.608954665221629554e+00 2.251816437032949647e+00
3.011182467839916388e+00 1.963888622509896154e+00
3.607519999544195777e+00 1.606313490682864442e+00
1.456602922260657129e+00 2.619615723272973096e+00
5.744102846732320744e-01 2.840693466132478306e+00
2.159794481408681577e+00 5.517902803586581584e+00
5.539167375596587561e+00 5.677348429299873267e+00
6.229365315193317265e+00 5.230698825520383011e+00
3.854809419195305953e+00 3.025199561385641278e+00
7.950321323209251778e-01 5.820887649387127993e+00
1.773008824812313700e+00 4.872290054647904434e+00
3.427776006666273023e+00 5.287956696081958619e+00
3.412688469886739018e+00 1.979943790573058804e-01
2.825039143609731962e+00 2.783625834516371800e+00
8.454163215223799988e-01 3.968152633456054623e+00
1.203987509680394030e+00 4.126165845811389232e+00
5.376684510784619953e+00 6.016554286366422311e+00
3.610847364547745464e+00 1.678345007552570101e+00
3.704108142393663261e+00 2.393371420577138919e-01
4.305348739246641632e-01 6.386199353599730788e-01
1.859836343620343335e+00 4.853649524718987252e+00
4.948322650596190364e+00 4.034778347639209173e+00
4.106635725250476376e+00 4.612893247121295559e+00
5.917502059845298312e+00 6.063131658375597866e+00
4.617099527892002619e+00 5.554400774402945551e+00
3.260045925792843136e+00 3.637808730444414884e+00
2.752990947797415711e+00 5.495785827255705414e+00
4.949076313786651582e+00 8.273711442730110610e-01
1.118659676804743652e+00 4.704488128839575012e+00
9.813331985463280560e-01 4.657216907202834655e+00
1.053451408600268202e+00 8.817003414895336899e-01
2.165835156957283125e+00 1.729191465533963745e+00
3.704446229549973602e+00 6.373044167044714658e-01
5.168724067314119708e+00 5.604609840904561047e+00
1.252357253278188365e+00 2.212017687645965847e+00
4.617980299026536173e+00 5.362841913231878088e+00
5.819245491515403934e+00 4.183499018810549863e+00
1.925060653194579974e+00 2.463780991911074469e+00
2.198055492214582962e+00 6.207967681190201148e+00
2.663632896481789913e+00 1.143562651167124022e-01
5.799372291316971406e+00 2.271935191217872241e+00
3.265201808494996083e+00 1.591478457739135266e-01
6.101214070529763056e+00 1.122648608708757267e+00
2.386916957545390516e-01 6.306133166238083732e-01
4.680119387789202001e+00 5.225202251669113451e+00
3.294472844688120183e+00 4.459874031684070150e-01
4.327822011705761973e+00 4.269291241648351942e+00
1.437231620208765159e+00 2.368790069590606340e+00
9.469817955296540302e-02 1.443670104568559820e+00
3.934358090324122870e+00 5.856605808126589707e+00
2.883138504776355582e+00 2.197040520068013425e+00
4.713253444258471703e-01 3.660155938684764187e+00
5.250778913513173052e+00 4.343793539284656724e+00
4.684119552593561941e+00 4.468456649103094591e+00
1.003241467820553956e-01 1.121810963795660143e+00
3.493401637351027933e+00 4.644598557837959163e+00
1.934206608965682195e+00 6.202280854093621620e+00
2.753075689668602166e+00 1.070198347671845296e+00
1.088910092417820330e+00 4.474832206726435224e+00
5.068603962243087402e+00 2.890782889624182506e+00
2.114506351007263252e+00 1.455834169229021646e-01
2.189125390290919793e+00 4.834983694273045529e+00
4.547933058855840649e+00 1.086033011412912197e+00
1.182759182438424261e+00 2.746955193783596094e+00
4.491541563443102625e+00 2.546426062545141811e-01
6.586682738329885378e-01 3.533794149980522548e-01
6.278271685765406396e+00 1.546779707690333128e+00
6.279825145242478257e+00 3.271173191888370746e-01
6.086773147835374154e+00 2.434822735442463859e+00
4.885144347389163144e+00 5.694605791376676329e+00
4.852047291122540074e+00 5.959199718192010664e+00
5.088014096759533977e+00 2.265189202857674111e+00
6.945643413252327036e-01 1.632760695537185391e+00
1.551944696610469965e+00 2.408468888727373081e+00
4.368878427836241585e+00 3.923902107819001728e-01
1.807342075848984209e+00 3.134435574135253866e+00
2.323862698172330266e+00 3.212304675337612103e+00
3.015314119133511994e+00 2.803193012535772688e+00
5.333413212558570038e+00 2.649273934178332013e+00
5.359362313042141501e+00 1.409545215906901738e+00
3.891113970785089915e+00 5.521394143018945044e+00
3.400349400307367098e+00 3.555021750736719888e+00
3.873988217643080656e+00 3.815086650460295381e+00
5.294028117017750112e+00 4.990838516534221725e+00
5.260155230350637368e+00 5.060417593505748712e+00
4.367151439801753021e+00 7.121157322338542706e-01
4.218913140548887775e+00 3.718292923449868503e+00
4.660020545592959529e+00 2.941956541228114119e+00
2.017840219249268152e+00 4.066149369819667125e-01
5.305365694539972310e+00 1.973846457845632063e+00
4.462952776977780478e-01 6.136696878982709435e+00
1.517389327366461371e+00 1.936233924227311443e+00
5.068900800903882065e+00 5.210717795526559337e-01
5.757992856854982300e+00 4.558668898384553358e+00
2.704690775943893399e+00 2.636466351085093862e+00
3.229615266707893007e+00 3.020100938531753432e+00
1.385324285852869153e+00 4.389075780954629913e+00
4.766322226966031472e+00 3.020504938986927623e+00
2.173669398712423817e+00 2.346541974993709978e-01
3.477380888756665733e+00 5.227484041797928249e+00
2.335552432108638221e-01 4.912425390633417877e+00
4.048283636579941280e+00 9.446933262653935959e-01
2.084104599660699275e+00 4.608494897753185882e+00
2.508125181646069457e+00 1.239144414257634441e+00
3.234207084023597911e+00 6.119587613008758531e+00
3.794970288093440391e+00 4.550661752776329116e+00
1.471284703632496527e+00 1.786812070314921508e+00
3.694913226148295315e+00 4.992673429638228910e+00
1.052673574041470106e+00 1.466914412549680913e+00
7.796544833066706426e-01 4.188631097633240818e-01
1.085028285869781728e+00 5.266709382835918163e+00
2.492007245982269747e+00 4.151040906028435451e+00
2.772823763223485338e-01 1.295853036278926673e+00
4.438168620757384275e+00 1.277258357834112901e-01
1.873920363336458950e+00 4.732332224348541061e+00
1.856337883703639280e-01 9.492490325979933141e-01
5.809704671073758320e+00 6.224397215125397897e-01
3.446543070754155114e+00 3.355898332427552422e+00
2.072263158367302349e+00 5.448219412262242045e+00
1.529180949792646960e+00 2.996814581964095225e+00
4.643239651577268923e+00 4.578634648355230929e+00
4.764810234622905760e+00 5.648412333301227051e+00
4.694102239734034399e+00 1.165026091453222445e+00
2.279193170697423998e+00 3.057830865964317191e-01
2.567713066955100043e+00 4.457772065265987571e+00
5.158874525767653374e+00 4.217042569556584297e+00
4.262854220669483496e+00 1.959015720531959603e+00
5.301539284888094894e-01 2.729071493777520008e+00
1.015391331167577516e+00 5.352978511060813460e+00
5.734795095123063291e+00 5.142608362345719719e+00
2.815498962660524018e+00 2.373702923525200070e+00
2.232904831616695951e+00 3.047104301145343808e+00
4.423429598143341579e+00 2.955997225144849416e+00
1.232769206213556457e+00 3.934916382513774291e+00
4.064429550328222618e+00 3.549666462429049485e+00
5.362939086745523998e-01 2.649135196415908666e+00
1.357721289946025589e+00 4.291129844762574308e+00
1.491757005548866033e+00 3.678113127199154953e+00
4.227289886866215096e-01 4.237988082554420721e+00
5.721778972122057105e+00 2.799425506804185115e+00
7.857111929684726936e-01 2.284542877049703158e+00
5.015555628756966478e+00 2.431725373786632893e+00
3.838557943239232717e+00 7.315293498841478614e-01
4.794869870221306840e+00 2.924526290763650671e+00
5.282538119171066526e+00 2.941703758160070681e+00
2.374162350500574448e+00 2.159282568874186570e+00
1.872921396974607910e+00 2.042973497963204821e+00
1.634689218629274687e-01 5.924214020648681966e+00
2.220327240296180449e+00 3.942789192081712635e+00
2.914760047602064752e+00 3.607113246811381124e+00
5.725455007982970024e+00 4.497588779170623496e+00
3.448536973473503853e+00 5.609423355999876293e-01
3.552246642005262300e-01 5.972905739190720986e+00
5.570320342731575280e+00 8.950963816014335661e-01
2.399709105481143023e+00 6.057637362010747317e+00
3.678601339387088665e+00 2.038652993503685895e+00
3.345291725234945890e+00 1.241276045354526403e+00
4.814765083640498489e+00 5.225464940220113874e+00
5.254186828820055943e+00 3.384781221518712080e+00
5.595779043800093611e+00 2.528118056974662853e+00
4.853011657868063544e+00 4.969231814519493362e+00
5.309528789576421381e+00 9.167316569482694133e-01
3.534183646924722866e-01 1.343226958607119492e+00
2.759332139996278910e-01 3.491319366926048245e-02
4.344534460490184991e+00 2.012285864605019459e+00
3.940970409176565159e+00 4.735113484313145382e-01
2.429463484659024064e-01 1.660578204768380139e+00
3.984830009322660072e+00 2.534929333135250040e+00
3.442567441378245885e+00 4.727689609176843000e+00
7.677249317668892736e-01 5.859021037581963576e+00
7.209878667061501156e-01 5.376485166954725337e+00
4.739348874355959751e+00 4.162717188590363548e+00
1.886685359820914565e+00 2.030893829182534915e+00
1.934863932090756133e+00 1.475246024354629482e+00
4.511345186298453491e+00 3.088844410722952460e+00
2.151867439778193614e+00 1.502632229753669835e+00
5.728910919165359772e+00 4.291714571242738252e+00
2.436864919723259693e+00 2.667086356305609307e+00
6.147490977040938054e-01 4.467222665448006502e+00
2.847205570606789582e+00 3.435916510468509433e+00
5.889752363287791503e+00 6.213488651180767874e+00
9.401732277175864350e-02 6.252497237776176497e+00
4.455806024955802691e+00 6.088126689293270388e+00
5.823386323340986159e+00 3.704586232321088968e+00
