-1.650852015316486288e+01
-1.652060284316538841e+01
-1.652119390666484833e+01
-1.652247597873209983e+01
-1.651529369354247478e+01
-1.652127903401852294e+01
-1.651215261220932362e+01
-1.650634940564632203e+01
-1.109211419671773768e+01
-1.651596247255801586e+01
-1.652159580290318175e+01
-1.651915760338305006e+01
-1.651385330855845979e+01
-1.652176032960415597e+01
-1.652160790264605339e+01
-1.652179954349995228e+01
-1.651879487037659544e+01
-1.651179634332655866e+01
-6.488157401233911159e+00
-1.652103155553339775e+01
-1.651912071406841420e+01
-1.651758211255074471e+01
-1.144014559537172104e+01
-1.651565185487269360e+01
-1.651714538037776592e+01
-1.652029083669186349e+01
-1.650947740077972981e+01
-1.651408593058587115e+01
-1.652160383760928042e+01
-1.652351911962032105e+01
-1.652275208532810780e+01
-1.651292499601841612e+01
-1.651960775554180927e+01
-1.648000388741492728e+01
-1.652455385029317014e+01
-1.652060916423796399e+01
-1.651231118142604615e+01
-1.651949670016765381e+01
-1.652244098782538728e+01
-1.652393972575665515e+01
-1.652058898508547813e+01
-1.651354378163815895e+01
-1.652059314250946187e+01
-1.651804791092872904e+01
-1.116710872501134766e+01
-1.651348873376846882e+01
-1.651906786262988547e+01
-1.651185427606106160e+01
-1.652315604388715187e+01
-1.651747353374958394e+01
-1.651211274266242768e+01
-1.651268011629582233e+01
-8.294850799441334743e+00
-1.652187727391718752e+01
-1.651370606124401874e+01
-1.651770282089710662e+01
-1.652158132791518597e+01
-1.652100286185742206e+01
-1.650742563605309954e+01
-1.651375807523727346e+01
-1.651200239062308128e+01
-1.650419330894946768e+01
-1.651711261272431841e+01
-1.107478346750140297e+01
-1.651774798035622993e+01
-1.079652214422821999e+01
-1.652188858687877016e+01
-1.652310593426226504e+01
-1.652145685553551857e+01
-3.861851052939892615e+00
-1.652124357521534748e+01
-1.652159221470354922e+01
-1.652341895103454306e+01
-1.652332216203213022e+01
-1.208948354125022817e+01
-1.651276519000529319e+01
-1.652321946024895993e+01
-1.651810300946236509e+01
-1.081070918962359428e+01
-4.542027045786380057e+00
-1.651590761542320607e+01
-1.651458424925805701e+01
-1.651737419664858564e+01
-1.652338224351406026e+01
-1.652416910529136018e+01
-1.208916531056165944e+01
-1.652457487583160045e+01
-1.652313793301581413e+01
-1.651977573931216625e+01
-1.651964448094368976e+01
-1.652035817205905133e+01
-1.652129912972449688e+01
-1.169119972288608622e+01
-1.166894801855087493e+01
-1.652199957370757488e+01
-1.651275690495967652e+01
-1.651154209971429054e+01
-1.651939336359501453e+01
-1.651594490706919416e+01
-1.651054354310036132e+01
-1.000373343750834643e+00
-8.293196207284927013e+00
-1.652334282994271319e+01
-1.651340439915657754e+01
-1.651108066141606301e+01
-1.652158662974834158e+01
-1.651461394131184690e+01
-1.081015849635005033e+01
-1.651898480951785686e+01
-1.652056145966053791e+01
-6.926878460496662449e+00
-1.651517632603644614e+01
-1.651166871488094046e+01
-1.652018829882144502e+01
-1.651754369735717631e+01
-3.114856550283729764e+00
-1.651358471810817008e+01
-1.652330918610095623e+01
-1.166702786684036042e+01
-1.108133807554841255e+01
-1.647720742225646617e+01
-1.651970645487309142e+01
-1.082000101730227648e+01
-1.652079916596412090e+01
-1.652323457002640694e+01
-1.651471542418003580e+01
-1.651277150511742775e+01
-1.081060477122664487e+01
-1.650241145789621200e+01
-1.652079012989998574e+01
-1.651891748309135721e+01
-1.652031467556953004e+01
-1.651638996899127321e+01
-1.650527514219285408e+01
-1.652300802767277688e+01
-1.081220732107758131e+01
-1.651928785145282674e+01
-1.650664751827715193e+01
-1.651990054547785647e+01
-1.652096335291863483e+01
-1.652094458937643751e+01
-1.652053220272063427e+01
-3.226744173839688479e+00
-1.652112836837768839e+01
-1.652407560944557119e+01
-1.038638432323931937e+01
-1.652045951187609418e+01
-1.651249626278875837e+01
-1.107940805107355153e+01
-1.651941820979117637e+01
-1.652391564249991873e+01
-1.651906123459340137e+01
-1.651955200135708779e+01
-1.652188752591611021e+01
-1.651028426587582132e+01
-6.422164095938205364e+00
-1.652133801579473982e+01
-1.651388531029223827e+01
-1.651801051795483488e+01
-1.651648846864700459e+01
-1.651715455055235893e+01
-1.108178025633096908e+01
-1.651843020617962310e+01
-8.549847057461743560e+00
-1.651848446428774864e+01
-1.166856048703193593e+01
-1.651972213089468156e+01
-1.652074810862542265e+01
-1.652435594499110039e+01
-1.166750334501266551e+01
-1.652030584514140443e+01
-1.651549744904042072e+01
-6.409474310278892695e+00
-7.975215458869933549e+00
-1.082513377740978910e+01
-1.651843872666359658e+01
-1.649422483444213228e+01
-1.651656423211097646e+01
-1.652081200182437470e+01
-1.651365767419339292e+01
-1.652301446497439485e+01
-6.420458664000036286e+00
-1.651247199475764660e+01
-1.652218115925789732e+01
-1.648617205917834383e+01
-1.652363018989564125e+01
-1.652157048285008401e+01
-1.650874597132204613e+01
-1.651959672272205282e+01
-1.652137253582478493e+01
-1.651991943120956563e+01
-1.651114238202571372e+01
-2.933062227535993216e+00
-1.651544187664985941e+01
-1.652287855446338227e+01
-1.652224055528641955e+01
-1.651281259953974967e+01
-1.651872456669806866e+01
-1.652018961608408887e+01
-1.652177238464356535e+01
-1.651381570100784302e+01
-1.652034248709679787e+01
-1.652363856732845804e+01
-1.651622670888900757e+01
-4.905485283583402634e+00
-5.799187353253364208e+00
-1.651153201162814810e+01
-1.650876579880712924e+01
-7.093805749714373832e+00
-1.651920036375522827e+01
-1.652466473877431241e+01
-1.652095882296562834e+01
-1.652131434679031941e+01
-1.167735540270805217e+01
-1.651905089616774447e+01
-1.651222899556161039e+01
-1.652117659151554463e+01
-1.652329317927359753e+01
-1.652043336927891914e+01
-1.651835353076457125e+01
-1.652453858554362398e+01
-1.651761935949326698e+01
-1.166834165751934016e+01
-1.685341791063547312e+00
-1.652120974659920449e+01
-1.652071036994456321e+01
-1.650590988397597414e+01
-1.651375146806240224e+01
-1.652319007217884206e+01
-1.652441166043280063e+01
-5.924773072451352540e+00
-1.651389471888543170e+01
-1.650596639215947548e+01
-1.651644989848137612e+01
-1.651192445158957156e+01
-1.650824247896670371e+01
-1.652208673357965552e+01
-1.652165294885634950e+01
-1.651695769727228935e+01
-1.650403923094273395e+01
-1.649720812141896076e+01
-1.652108387351036711e+01
-1.652064721584321916e+01
-1.652002864181994113e+01
-1.652066302299499512e+01
-1.651874037384985883e+01
-1.652392120659350994e+01
-7.991723680868745294e-01
-1.651591913700103120e+01
-1.652224788963794211e+01
-1.651930661499500275e+01
-1.651853479444982042e+01
-1.652247837185858970e+01
-1.652248772382734998e+01
-1.652048312723637125e+01
-1.652200367748736909e+01
-1.651127549409866546e+01
-1.650609982013700616e+01
-1.652242336571216796e+01
-1.652150250673293996e+01
-1.652163350284098797e+01
-1.651251010894775462e+01
-1.651753055453299268e+01
-1.081814361810684311e+01
-1.652135377824307128e+01
-1.651526180505753416e+01
-1.652132085859774691e+01
-1.209173689484596537e+01
-1.165453045219182826e+01
-1.652105347514152101e+01
-1.651619375646114918e+01
-1.652264282405377926e+01
-1.652376267611979799e+01
-1.650079182684422463e+01
-1.651810477972032132e+01
-1.651170881390572731e+01
-1.652257119715213562e+01
-1.652166479825973511e+01
-5.307495517656207085e+00
-1.081050250530242707e+01
-1.650333288013934663e+01
-1.651546315252780417e+01
-1.652198454439639974e+01
-1.652439395189283644e+01
-1.652376284003257467e+01
-1.651406267881392509e+01
-1.167934979200363266e+01
-1.166976276338100149e+01
-1.650907387435437457e+01
-1.651070104837417674e+01
-1.650898288786412849e+01
-1.651568797826766044e+01
-1.650129958987237089e+01
-1.652334678769110710e+01
-1.652188100516795188e+01
-1.652454921603201399e+01
-1.651296005547045453e+01
-1.652068367600441690e+01
-1.652451910972596139e+01
-1.272154491487890171e+00
-1.651113442480565041e+01
-1.650284412801266498e+01
-1.651162799000740122e+01
-1.652198069989681883e+01
-1.652050702273845317e+01
-1.652283092439174439e+01
-1.651470366716384675e+01
-1.082219112738966693e+01
-1.209466868042945720e+01
-1.652080665230752032e+01
-1.651946232616902677e+01
-1.651468104124069214e+01
-8.294820912182323980e+00
-1.652236564457416179e+01
-1.649291684627533883e+01
-1.652349377870560332e+01
-1.651283230781555389e+01
-1.651721411645413085e+01
-1.652098100185394713e+01
-1.652227295339108792e+01
-1.651570241153241270e+01
-1.651403343379498523e+01
-1.651591855287551525e+01
-1.652405950725079364e+01
-1.652042008638382242e+01
-1.651378457248211973e+01
-1.651706098914146992e+01
-1.651881926357745911e+01
-1.651933603882789825e+01
-1.651850948333739311e+01
-1.651104925274847801e+01
-1.652326181828974683e+01
-1.651924346685411038e+01
-1.651737347245216370e+01
-1.651435522437096282e+01
-1.651725806295872445e+01
-1.650993054807185345e+01
-1.651826674342154888e+01
-4.949423243850470833e+00
-1.651928479969500785e+01
-1.652057234942913411e+01
-1.652046210467815612e+01
-1.651289093494414573e+01
-1.652333674132824370e+01
-1.651724723279475526e+01
-1.651516360640525960e+01
-1.167135491967201588e+01
-3.964407011121512170e+00
-1.652489003837109394e+01
-1.651059443354607481e+01
-1.651519800424575379e+01
-1.651675760149954186e+01
-1.652221963107586689e+01
-1.652322002053260874e+01
-3.113775213854387491e+00
-1.651469855308532431e+01
-6.838501466065644685e+00
-1.651959345638751131e+01
-1.652007707655430835e+01
-1.651773600578307821e+01
-1.166771067529917083e+01
-1.081362963095307173e+01
-1.166589662581682063e+01
-1.651750516593455842e+01
-1.650608270168304159e+01
-1.651816322803498238e+01
-1.652003141641615613e+01
-1.652148565351962262e+01
-1.650254235863686247e+01
-7.652878658473492024e+00
-1.652455650269986265e+01
-1.651448813080788014e+01
-1.652371629774569683e+01
-1.651977699697018309e+01
-1.652042299211025878e+01
-1.652043066620826295e+01
-1.652406387329102344e+01
-1.651139271557332222e+01
-1.651673060059547637e+01
-1.651768333315849091e+01
-1.081008788049221181e+01
-7.190278646536173435e-01
-1.651715827286243865e+01
-1.651919822394848580e+01
-1.081161249130964386e+01
-1.649983092844486521e+01
-1.107767882868647646e+01
-1.651481910943985199e+01
-1.652003991901873192e+01
-1.651086624860762697e+01
-1.652171875536441448e+01
-1.652160916328429607e+01
-1.651730689108372729e+01
-1.652250283658505481e+01
-1.651793295741079959e+01
-1.651601366400717552e+01
-1.652024308443069955e+01
-1.652001822590828439e+01
-1.651367888748644219e+01
-1.652155378162860799e+01
-1.651557371616364378e+01
-1.651618478298187398e+01
-1.650528108477593037e+01
-1.652070451378821403e+01
-1.652054977715013351e+01
-1.650483477115632169e+01
-1.652406933009624623e+01
-1.650847398936747723e+01
-1.651906998753548805e+01
-1.652308425307273154e+01
-1.651889666616915875e+01
-1.651659036874769981e+01
-1.652173472940922849e+01
-1.652140592336653668e+01
-1.652124378979207009e+01
-1.651991933584214323e+01
-1.651583109498023205e+01
-8.398356796056029694e+00
-1.652224311530591194e+01
-1.651863209605216909e+01
-1.508400792581960470e+00
-1.652290520370008053e+01
-1.651121236383913882e+01
-1.652430991530417970e+01
-1.651263537704945250e+01
-1.651762969195841535e+01
-1.081161719188094139e+01
-1.652186973690985994e+01
-1.652211723625659801e+01
-1.651119236052037209e+01
-1.652408546507358977e+01
-1.082578304782509981e+01
-1.649980698525904188e+01
-1.651803886890411377e+01
-1.047445829981006549e+00
-1.650971315503121417e+01
-1.652292481660841972e+01
-1.651391124129293786e+01
-1.651308724880217582e+01
-1.649419046342373463e+01
-1.038760970830917607e+01
-1.651483195722102337e+01
-1.651733144521714181e+01
-1.652259043157100038e+01
-6.685119092464444357e+00
-1.081031996682285801e+01
-1.652178166210650900e+01
-1.651801015734672617e+01
-1.651370241343975920e+01
-1.652086620032786612e+01
-1.652466075420378644e+01
-1.652096972763539640e+01
-1.652013272941111666e+01
-1.652142706513404136e+01
-1.652104486227035451e+01
-1.652164254188538450e+01
-1.652100469172001240e+01
-1.650709601640700441e+01
-1.652228368222712973e+01
-1.651538417935372394e+01
-1.652284972667695229e+01
-1.652026091217993553e+01
-1.651962572932244555e+01
-1.651562191545964353e+01
-1.652346541285514192e+01
-1.651982083320616468e+01
-1.650879437923432391e+01
-1.652247600555420348e+01
-1.652316327691079323e+01
-1.652255770862104001e+01
-1.651920894980431598e+01
-1.651376639008523028e+01
-1.652130169570445872e+01
-1.652200984656809624e+01
-1.652050266265869993e+01
-1.650821944475173808e+01
-1.651086044311524148e+01
-1.650047033429146026e+01
-1.651571313142778052e+01
-1.108494849801063786e+01
-1.652177675068377027e+01
-1.652017008960246258e+01
-1.652334612607956643e+01
-1.651719180941581655e+01
-1.652145329713821198e+01
-4.423313289880751675e+00
-1.652289685904979777e+01
-1.651004136204720396e+01
-1.082548282369971737e+01
-1.651190203726292438e+01
-1.651577807068823489e+01
-1.652239472568036405e+01
-1.651445219814778298e+01
-1.652144937217235920e+01
-1.081178822442889143e+01
-1.651337911486627519e+01
-1.651670446097851297e+01
-1.651882904767990112e+01
-1.651673761904240578e+01
-1.651031957566737063e+01
-1.652135409116743858e+01
-1.651997724175453897e+01
-1.652378652691842120e+01
-1.652448644340038086e+01
-1.081200145184993744e+01
-1.651690633296967547e+01
-1.109985479414462972e+01
-1.652240484654903341e+01
-1.651797910928727475e+01
-1.651835876405237968e+01
-1.652429802119732827e+01
-1.651816990971564891e+01
-1.650259219706058644e+01
-1.651619357168673830e+01
-1.651990375816821199e+01
-1.652233304381369550e+01
-1.652168269455433247e+01
-1.651516244709491943e+01
-1.652275593280793231e+01
-1.652037846148014566e+01
-1.651288877725601623e+01
-1.650629151165484743e+01
-1.019177279621362864e+01
-1.650263230800629799e+01
-1.651360543072224374e+01
-1.166856478899717509e+01
-1.651859929859638854e+01
-1.080949813947081672e+01
-1.651713463664055581e+01
-1.651718558371067402e+01
-1.651259675025940155e+01
-1.651733980476857511e+01
-1.652094267308713071e+01
-1.185414953082799983e+01
-1.652254397571088163e+01
-1.651603169441223429e+01
-1.652108670771121623e+01
-1.651680378615855815e+01
-1.652061745822431149e+01
-1.651065922081471271e+01
-1.651811178028583882e+01
-1.650547674000263143e+01
-1.651902421712874514e+01
-1.108163169696926964e+01
-1.651185371577739858e+01
-1.651935073733328707e+01
-1.648319320678711009e+01
-1.652157136201857668e+01
-1.652450471818447042e+01
-1.651658525466918093e+01
-1.652042999267576917e+01
-1.652309808135033364e+01
-7.845273841917514090e+00
-1.651850049197673798e+01
-1.652328889369964671e+01
-1.652231529355048778e+01
-1.650981086194516578e+01
-1.650966044068337979e+01
-7.715170167386532718e+00
-1.083808951750397398e+01
-1.652303860187531015e+01
-1.651781612634657392e+01
-1.652400472164154621e+01
-1.209244584441185033e+01
-1.651837711036205647e+01
-1.652292113602160484e+01
-1.651843050122259982e+01
-1.651614049971102816e+01
-1.652213795483113046e+01
-1.651178686022758768e+01
-1.651758644580840141e+01
-1.652258372008801857e+01
-1.651106950938700280e+01
-1.651878097355364972e+01
-1.652331117391585735e+01
-2.135772925242781728e+00
-8.549622063338761180e+00
-1.650959635972976614e+01
-1.652112667262555590e+01
-1.650568214058874972e+01
-1.651811448335648791e+01
-1.652278456091880088e+01
-1.652073267996312111e+01
-1.651314435899257305e+01
-1.651495560407638052e+01
-9.385236714780326395e+00
-1.652350259125233833e+01
-1.652215110957623523e+01
-1.652054820060731544e+01
-3.942791544646024882e+00
-1.652167746722698993e+01
-1.651444934010504184e+01
-1.651423561275005625e+01
-1.651885710358621040e+01
-1.649805234372615459e+01
-1.651612043380736594e+01
-1.648746838271618032e+01
-1.651663051247596670e+01
-1.651115700602532499e+01
-1.082674272134900306e+01
-1.652324820756912160e+01
-1.651523546874522452e+01
-1.651538382768631408e+01
-1.652398271858693235e+01
-1.651484556198121112e+01
-7.590374435484410931e+00
-1.652165429890154513e+01
-1.652392920851708169e+01
-1.652420623600482585e+01
-1.167498501986265147e+01
-1.652063160836697264e+01
-1.651872209906578703e+01
-1.081732992976904129e+01
-1.652236842215059909e+01
-1.652182443737984130e+01
-1.650511004626750733e+01
-1.648202970623969676e+01
-1.652296145558358020e+01
-1.651725997328757956e+01
-1.652134999930858328e+01
-1.651457343995570071e+01
-1.652083275318144473e+01
-1.651018137931823659e+01
-1.652095032334327129e+01
-1.651423943638800296e+01
-1.650892191529274555e+01
-1.652243436276913968e+01
-1.651268796920776083e+01
-1.652477188408376207e+01
-7.489734804257749623e+00
-1.109594228416681183e+01
-1.650126728713511071e+01
-5.921412611380219015e-01
-1.650576704740524292e+01
-1.652036772668362730e+01
-5.082185303233563545e+00
-8.055746929347515461e+00
-2.351927649229764494e+00
-1.652074472308158448e+01
-1.652214879989623242e+01
-1.651827372014522055e+01
-1.652299111783505836e+01
-1.652245332002640055e+01
-1.652131623029710283e+01
-1.651727063059807676e+01
-1.651451110243797160e+01
-1.019455059915780915e+01
-1.650874198973178508e+01
-1.652390708327294178e+01
-1.651248883008956625e+01
-1.651426366865634066e+01
-1.652129649519921628e+01
-1.651910655200481770e+01
-1.651283053159713177e+01
-1.652073147296906086e+01
-1.651755933463572745e+01
-1.652371659278868776e+01
-1.652225284278393502e+01
-1.651903965473175973e+01
-1.651402760446071483e+01
-4.835484441975132164e+00
-1.652132951319218179e+01
-1.650559971928595360e+01
-1.651567949950694825e+01
-1.651787856817245981e+01
-1.081656218990683449e+01
-1.651293078958987337e+01
-1.651553421020507173e+01
-1.651396773755550029e+01
-1.651922673285006482e+01
-1.651879540681838776e+01
-1.107464326918125153e+01
-1.651981877684594124e+01
-1.651992546916008564e+01
-1.652272853553295917e+01
-6.488450574129817738e+00
-1.652200051248072654e+01
-1.652294255495071340e+01
-6.586338124796749405e+00
-6.629340519066319048e-01
-1.652296699881552655e+01
-1.600552966892719553e+01
-1.652061279118061066e+01
-1.651240981817246833e+01
-1.650723087787628174e+01
-1.652338331639766622e+01
-1.144393865466117610e+01
-1.652230089008808633e+01
-1.652152931988239359e+01
-1.650742587447167153e+01
-1.651699600517750355e+01
-1.651776374280453652e+01
-1.652405754327773479e+01
-7.774391582608219942e+00
-3.197155041759834226e+00
-8.269227242469790795e+00
-1.652461470663549292e+01
-1.651705850064755410e+01
-1.650424319505692239e+01
-1.604038119912147664e+01
-1.651287499070167186e+01
-1.651681342124940244e+01
-1.650844801962376707e+01
-1.651623827219010110e+01
-1.652128580808639313e+01
-1.651960567235948218e+01
-1.081064143180847203e+01
-1.652012610435486550e+01
-1.144503900557756459e+01
-1.651256994307041381e+01
-1.652149980664253803e+01
-1.652410970330239337e+01
-1.651724365949630524e+01
-1.651926769614218671e+01
-1.651676352024078653e+01
-1.652157199382780561e+01
-1.652010376453400653e+01
-5.435905809700487978e+00
-1.651908503472805378e+01
-1.652128882706164248e+01
-5.231473992345854196e-01
-1.652171842157839521e+01
-1.081936538591980934e+01
-1.651612503826619260e+01
-1.652040535211563466e+01
-6.089259099960327326e+00
-1.652172280848026986e+01
-3.152431486267597283e+00
-1.651044276058673788e+01
-1.652363669276237346e+01
-1.652112785875798195e+01
-1.652396687567232902e+01
-1.652207938134670684e+01
-1.651509363651275919e+01
-1.652004207670687208e+01
-1.651718184351921792e+01
-1.651680607199669382e+01
-1.651361965835093315e+01
-1.651467396914958385e+01
-1.651985218524934140e+01
-1.652338966131209474e+01
-6.894308058172466502e+00
-1.652311170697213427e+01
-1.648340220749378915e+01
-1.652076014280318361e+01
-1.651941417455673644e+01
-1.651421383619309680e+01
-3.040128695219754817e+00
-1.650964283645153685e+01
-7.755607820302248712e+00
-1.652284377217292999e+01
-1.652148424983025876e+01
-1.652321298122406645e+01
-1.652454676032065350e+01
-1.652301428616046763e+01
-1.652407463192938408e+01
-1.651905740797520039e+01
-1.650879833996294721e+01
-1.651938459575175600e+01
-1.652286211848258546e+01
-1.086415255144238401e+01
-1.652093335688115516e+01
-3.280577163770793891e+00
-1.651876543164253519e+01
-1.650663342773913556e+01
-1.652050186693668010e+01
-3.391515362262726097e+00
-1.652276641726492201e+01
-1.652107052206993743e+01
-3.184513140935450792e+00
-1.651494765281678312e+01
-1.652343334257601626e+01
-1.651918127536774250e+01
-1.651460659205914183e+01
-1.652343141436575635e+01
-8.634556579589846237e+00
-1.651014530956744863e+01
-1.166793355941772425e+01
-1.652158114612101869e+01
-1.650873125493526672e+01
-7.202934037148951418e+00
-1.652060654163359388e+01
-7.419037657231091210e+00
-1.651993697285652019e+01
-1.650534734725951225e+01
-1.649547674655913454e+01
-1.652390946149826334e+01
-1.651353345811367035e+01
-3.644175962358712884e+00
-1.651674094498156364e+01
-1.166641076058149373e+01
-1.652319568395614269e+01
-1.651697006225585440e+01
-1.652171940207480461e+01
-1.652217408716679259e+01
-1.651588698625564078e+01
-1.651263076364994831e+01
-8.243925648927687533e+00
-1.081413434818387209e+01
-1.081233017295598664e+01
