3.282872791430690551e+00 3.199896371328379896e+00
1.429315622709065314e+00 1.512747857918477878e+00
4.570599662577730982e+00 3.083695485024449567e+00
3.000160405059153046e+00 4.654259998096264006e+00
4.853689109889305797e+00 4.770236280904696535e+00
-1.410732058921704279e-01 3.083970742703870282e+00
3.282860703029924387e+00 5.800555438694437321e-02
1.407892707056274395e-01 4.770786841367599784e+00
1.407331962260137403e-01 6.341054146378010792e+00
4.571082916669674923e+00 6.224678896172870068e+00
-1.412905070499741456e-01 1.512590240810790743e+00
3.000072828032398942e+00 1.512278510667008913e+00
2.999846194547049372e+00 4.653789013997065460e+00
1.712307639404523796e+00 6.341446440567596987e+00
3.282682775096251948e+00 4.770696875804074644e+00
6.423830866630602543e+00 1.628441299606949944e+00
4.571088581091561132e+00 4.654078105925741227e+00
1.712796517572312327e+00 1.629586793130742173e+00
4.571450113120669734e+00 4.654898905723633185e+00
4.571354523062827191e+00 1.512472299088001515e+00
3.000833345588937995e+00 4.654466795812837177e+00
3.283198761573619784e+00 5.815689914089599427e-02
6.141920817016021772e+00 3.083467194137515577e+00
4.571956977100630759e+00 4.654514600544424674e+00
1.712332079614217850e+00 1.629286820397331637e+00
6.142939056544415521e+00 -5.825345177372487360e-02
4.853395269584539484e+00 6.341524770430108759e+00
4.853621580528499457e+00 1.628859993047010457e+00
4.853558527228049257e+00 1.629159740375214271e+00
1.429277445389156798e+00 6.224658608784041647e+00
1.428907769117069959e+00 4.653736783412235845e+00
4.854170958804925995e+00 1.629027128339467279e+00
6.424079593936838251e+00 4.770195113463692849e+00
3.284718144035254639e+00 6.007995572096649223e-02
3.000638204659752173e+00 4.654398507099583249e+00
3.282804577801974322e+00 1.628878629443084813e+00
4.571277953716461617e+00 4.654206912227392579e+00
2.999475354806949490e+00 4.653526003819062673e+00
4.571473667547311770e+00 4.653961800056816145e+00
4.571423950195701025e+00 4.654751311015682624e+00
1.712437151833422710e+00 4.770543931861270792e+00
4.570987425401860094e+00 -5.816841720259292858e-02
1.709806331957839154e+00 1.628609831854468171e+00
3.000613294344379511e+00 4.654379013842039114e+00
1.712116767454156196e+00 3.200021447488712756e+00
1.711764122494786600e+00 1.628876355929924191e+00
3.000077177502346704e+00 3.083374848715475736e+00
-1.414389086200215639e-01 4.653871113058007936e+00
1.407867493349781174e-01 5.828704768411946402e-02
3.000146593330886180e+00 1.512175438883773593e+00
6.141789103699933250e+00 1.512565439692491021e+00
3.283103911867618407e+00 5.839381893555882497e-02
3.282377528130812294e+00 3.200124998536604704e+00
3.284259137032667031e+00 4.771259225903882850e+00
1.429763312850984125e+00 3.083452958533658972e+00
4.853745965947607210e+00 3.199739354643887701e+00
3.282287321815576586e+00 4.770364165969112058e+00
1.711558014073875089e+00 1.628939508788713963e+00
3.282608174152554792e+00 4.770619811889305950e+00
1.429544716082816969e+00 6.224832736292872148e+00
6.425526177230832303e+00 5.816734414208613035e-02
1.711771029449123072e+00 4.770660041268262042e+00
3.282925877089565070e+00 1.629097981743207857e+00
6.423430749724084343e+00 5.813664597380764631e-02
1.429685473436154819e+00 1.512857958401263359e+00
3.282830771733256103e+00 3.199900094712747389e+00
6.142256578541858580e+00 3.083340120879092261e+00
6.142409972317381950e+00 4.653559900745927180e+00
-1.408622266288830915e-01 6.224695877992840742e+00
1.430066588529908644e+00 4.654510099503694320e+00
1.712483108242931928e+00 4.770539734278564481e+00
-1.416450840900737307e-01 3.083247685412749295e+00
4.853272042873380876e+00 1.629177579083926464e+00
1.712303180383908385e+00 4.770564287516171120e+00
3.282708136743864635e+00 1.629073090200112706e+00
2.999939838836605421e+00 4.654212702478597308e+00
1.429173844034579588e+00 4.654214619089302118e+00
1.429253232560628195e+00 -5.841201285777212343e-02
3.282312342932130811e+00 4.770777390646260940e+00
6.141237876253411443e+00 6.224359562615083163e+00
3.282947764921540390e+00 4.770330402597090291e+00
4.853601042437999169e+00 5.806586094060155190e-02
1.411427070037727383e-01 4.771234346452848385e+00
4.570323471923074976e+00 4.654013883844847044e+00
1.411948080622042467e-01 5.808672558285295912e-02
6.142028382617602311e+00 -5.795688840517244228e-02
1.405337435039274996e-01 4.770468573126104950e+00
4.853912985276216396e+00 1.629082500414676504e+00
3.000320658722920975e+00 3.083369757434639258e+00
4.571354770385391397e+00 1.512636012240947903e+00
6.141894576674657991e+00 3.083131241719462068e+00
1.429258759234149911e+00 3.083764440041041777e+00
1.419159706272589139e-01 1.629475684616710662e+00
4.853621040126839148e+00 6.341357720406898935e+00
7.712814205396559153e+00 1.512439434125318227e+00
1.429204341799952926e+00 1.512659952387796380e+00
1.410790318508048369e-01 1.629493151952033259e+00
6.142053306665311574e+00 6.224868354979591345e+00
1.429347262186097423e+00 1.512237655412943971e+00
1.404699548838788670e-01 6.341538257375196608e+00
3.000394235630014173e+00 1.512195870761640082e+00
3.000610850067217061e+00 4.654018038862940188e+00
1.711695890379925977e+00 1.629089293161148033e+00
1.712188973636855849e+00 4.770805074499139486e+00
4.853658950951833084e+00 1.629127224950001729e+00
4.853764453966467052e+00 6.341411367126712939e+00
4.570153927714533104e+00 4.653584646132833846e+00
4.853453945050463680e+00 4.770293172318242014e+00
4.853150192510116590e+00 3.199204732047479904e+00
1.711785477958311485e+00 4.770699424921162723e+00
4.853467970484517835e+00 1.628760394102472198e+00
4.853059993691850593e+00 4.770387395627451177e+00
4.854563511069787118e+00 4.771117439507252200e+00
4.853842223600823402e+00 3.199838468084993170e+00
4.853824300220074051e+00 4.771058333100534732e+00
3.000894272242088157e+00 4.654088671240591779e+00
1.430531380703687239e+00 4.654843974269477158e+00
6.141659322051857828e+00 3.083061535004228748e+00
1.428578671474939332e+00 1.512618012795153177e+00
6.142249442812348192e+00 3.083600816674096912e+00
-1.414879052653234548e-01 4.654001094754955048e+00
1.711788548189625780e+00 4.770967794517125604e+00
1.413593356017685265e-01 6.341567382353009208e+00
4.853495636283192916e+00 1.629093409069195975e+00
1.428870132763849998e+00 6.224631570464224772e+00
4.854342542047778153e+00 3.199800128780204034e+00
3.281771941818607541e+00 4.770263959210620186e+00
4.853212522331210366e+00 4.770584667443311666e+00
4.571142177766457593e+00 -5.824349247915299593e-02
3.001378751075745033e+00 1.512628216270396342e+00
4.853133026943623030e+00 1.629256267206983022e+00
1.404000784016962988e-01 1.628946061586201255e+00
3.282942181250537050e+00 1.628734605522846879e+00
1.408737622088049590e-01 3.199471904407289458e+00
6.142070053531730522e+00 3.083684386461279292e+00
4.854399947548222016e+00 6.341730584966001061e+00
4.853722746350801920e+00 4.770818142108137039e+00
1.429835938258430694e+00 3.083429756844734637e+00
6.142841882058575287e+00 1.512768455665650658e+00
6.141809394936443844e+00 1.512677024628428013e+00
4.571743333108643448e+00 6.224776578400224913e+00
1.712062255856793502e+00 4.770846871476680739e+00
6.141815787747002098e+00 6.224901957495620586e+00
6.141993309986100158e+00 1.512605372834263218e+00
6.142280016722470037e+00 3.083917908835251520e+00
4.853502420568824860e+00 5.794763137461832192e-02
4.570789814360292524e+00 3.083344509899385244e+00
3.000048578882227091e+00 4.653942107171995524e+00
1.429441128807824812e+00 4.654334976504861388e+00
1.429099136278084270e+00 -5.853492364730482345e-02
1.430354160482351533e+00 6.225394492962421644e+00
1.711790080881570475e+00 3.199676856649479095e+00
1.429917091624143044e+00 1.512983910632494267e+00
4.570943949776307136e+00 3.083425995213773252e+00
6.141641211573930725e+00 3.082759595828899357e+00
4.570095122497660256e+00 4.653843907780970568e+00
4.571609563827544243e+00 4.654642560301895493e+00
1.416205632625996136e-01 4.770975006129529739e+00
1.429828700355261439e+00 3.083310165690936522e+00
6.142353859960362428e+00 6.225062207205246168e+00
6.141187158573009341e+00 4.654045232382827635e+00
6.141600118360710070e+00 1.513356140495520030e+00
1.711839405479616882e+00 3.199833237758495486e+00
1.413969653895921497e-01 6.341568545437644033e+00
4.853865472935872560e+00 3.199963664579542399e+00
1.405336434206236051e-01 5.828297046257668867e-02
1.411282927503898499e-01 3.199701365076919046e+00
4.854407242650334631e+00 3.200052675707968586e+00
3.283968060917512144e+00 3.200207572098767272e+00
4.853740234684947197e+00 1.629236233625140695e+00
4.570833860584365915e+00 3.083864040025714459e+00
4.854060215153856106e+00 1.629226470700564589e+00
1.413121090071648156e-01 4.770633702225937967e+00
1.711712134864168400e+00 1.629479513463813367e+00
2.999823613145611745e+00 3.083180607415037411e+00
1.419277600049213828e-01 5.849666143898588078e-02
1.429430528024008717e+00 1.512783429864256846e+00
3.000688659919350965e+00 1.512404070110469734e+00
6.141925528881928109e+00 3.083645917141331960e+00
6.424752664751996356e+00 1.629365225516224758e+00
3.000079914938947212e+00 6.224927864502542540e+00
6.142619348248406830e+00 1.513224935334297028e+00
1.429529163072019715e+00 6.224901954984388475e+00
1.431750780881881902e+00 1.513331328590348246e+00
1.712012572743689676e+00 4.770349075039968412e+00
1.711397026606670924e+00 1.628897058939529074e+00
3.000305055672788157e+00 3.083340098057855361e+00
1.409591147937640787e-01 1.628650862435734314e+00
1.406546184607475325e-01 6.341240950067315474e+00
2.999745721146919397e+00 4.653635958122370297e+00
3.000806368949788805e+00 6.224934661897711052e+00
3.282772713302454015e+00 1.629192802902144965e+00
4.571669019684128088e+00 4.654009558055634876e+00
4.852822663912434997e+00 6.341786177370600797e+00
4.853628192015464471e+00 5.824226209151960043e-02
2.999994788963083359e+00 -5.813455627224894257e-02
4.571377889014546447e+00 6.225219106903296051e+00
-1.406809657842695849e-01 6.225259533470592466e+00
3.283163149956296767e+00 3.199607887567740061e+00
2.999712402305243053e+00 1.512185547515041195e+00
4.571988732512014764e+00 1.512867194508439539e+00
3.282149449205966629e+00 1.628538643552414733e+00
1.429246139173753871e+00 3.083024477568490962e+00
-1.409854248049401682e-01 3.083491047052272727e+00
6.142004790141238679e+00 1.512269191860878603e+00
1.712008303232474660e+00 1.629174055438646684e+00
4.852992953278213228e+00 5.816542149793976768e-02
4.571286734076003277e+00 1.512670933624189917e+00
6.141219797299771521e+00 6.224370571025502841e+00
1.416480708634576535e-01 4.770927492248032920e+00
4.853805102505035052e+00 3.199754066522846330e+00
1.417232709848199879e-01 3.200049573229113875e+00
1.712582851885344537e+00 4.770675069834336313e+00
1.429395058014383046e+00 1.512600385099787115e+00
3.282894479848314173e+00 5.830772545029231507e-02
3.000488961682095113e+00 6.224983688412116578e+00
4.571176985888794064e+00 3.083523280620437568e+00
1.429924233104351572e+00 6.224857825090385433e+00
1.711614827195538924e+00 3.199461389546672141e+00
6.141850052938035986e+00 3.083428779889044069e+00
1.429029976452748985e+00 6.224712290584082375e+00
4.571774982965878031e+00 4.654284131460856955e+00
3.000784394004065270e+00 3.083695916006650162e+00
1.408694219019657190e-01 1.629103944776295165e+00
1.713050161057615650e+00 1.629588727085210964e+00
4.853316328640683075e+00 1.629181634649404797e+00
1.430041910583606635e+00 1.513073962277384776e+00
1.711594492478968998e+00 4.770282034592925768e+00
1.712414537392400904e+00 5.872213867183663505e-02
1.418485017230038669e-01 6.341369684988310773e+00
3.001090792595772161e+00 4.654372000417252409e+00
2.999955817238170841e+00 -3.199344788238662307e+00
3.283693076346644535e+00 6.341554683597395936e+00
1.419450759307412380e-01 4.770854035280089001e+00
4.853650021165480943e+00 3.199774359322620665e+00
4.570932541079758771e+00 6.225000335802484130e+00
1.712677514321982564e+00 4.770752882495043146e+00
4.570668789539346299e+00 4.654228379340536570e+00
1.411532782785569484e-01 5.861330876223642961e-02
6.425100891380619572e+00 1.629135301999583785e+00
4.570525972882896859e+00 6.224788523018206732e+00
1.428911151596349294e+00 6.224406752260891906e+00
4.571076683751251757e+00 3.083389179981797845e+00
3.282700476661394973e+00 4.770437111344936199e+00
4.852849992505779753e+00 5.785490336186860372e-02
1.712162036957750821e+00 3.199983304409465656e+00
1.429858804585704579e+00 1.512617531785953595e+00
1.429662081316285471e+00 3.083975481258109497e+00
1.430054653983497071e+00 1.512644580938084626e+00
4.570130603258232505e+00 6.224408050922586533e+00
3.001332589527511807e+00 1.512604660323507488e+00
1.712183160739032983e+00 4.770396946115602610e+00
3.000335482831679723e+00 1.512477308221281014e+00
4.570976041583716842e+00 6.225147363903089648e+00
3.282752409892677026e+00 6.341552515699908632e+00
6.142126627059901978e+00 6.224567060347164116e+00
4.853891296295807400e+00 4.770643366306797972e+00
4.571020351374998292e+00 4.654250819339553757e+00
3.283387871342775988e+00 4.770693338431692077e+00
2.998132730249988942e+00 3.082071141639021405e+00
3.000150519390019088e+00 -5.834762817106576432e-02
1.418973322613767962e-01 6.341621449783496622e+00
1.711926106468785846e+00 6.341781152722491655e+00
1.417030326716007260e-01 4.770783372057358029e+00
1.712605989024047481e+00 1.629072230382938136e+00
3.000361399010464503e+00 1.512266381743001764e+00
6.141816076102902144e+00 3.083350498472060774e+00
1.429456673005486733e+00 1.512336391035110861e+00
3.282655851696374860e+00 4.770520993668027288e+00
6.424250637373443595e+00 3.199833748788837973e+00
4.571285203575590650e+00 6.225056356138426672e+00
3.000160379218852036e+00 6.224689818604442593e+00
3.000078416809037751e+00 -5.845378057457508575e-02
6.141463458256965602e+00 1.512146118231630698e+00
4.853621233128889045e+00 5.811293390217917021e-02
4.853635328488789646e+00 5.863821319841863722e-02
1.414449220064384061e-01 1.629113577908610111e+00
-1.417418509189903031e-01 1.512309819672969846e+00
4.853809297740927065e+00 1.629651757589072991e+00
4.853596681029978654e+00 5.864911804789040006e-02
1.425609933888333514e-01 1.629451530100737511e+00
1.429534959970104602e+00 3.083352199006681005e+00
1.711794562542086728e+00 4.770342925339824625e+00
4.571467180404074071e+00 4.653948652703360445e+00
4.853823296532405074e+00 5.830468731097915303e-02
6.424922988964075543e+00 1.629570526142667619e+00
4.571126017409748776e+00 3.083127532553380235e+00
3.282626572079347493e+00 1.629002583141830440e+00
4.571315520198438342e+00 4.654048582775952347e+00
3.000572800972701959e+00 3.083719484090756691e+00
1.430024136490299913e+00 4.654480560816423029e+00
3.282248589877014400e+00 4.770208764377352750e+00
3.000620251069424427e+00 1.512970513874459577e+00
6.423958409990832230e+00 6.341380701166987599e+00
1.429650588387343602e+00 3.083287077323346725e+00
1.410371820593928904e-01 1.628968007822348074e+00
1.429253294004598995e+00 4.654256700559997739e+00
1.411874968329769608e-01 1.628963378826344899e+00
3.000336902660763361e+00 1.512241701145187633e+00
2.999800215215761234e+00 3.083173527221175547e+00
3.282436982851052232e+00 1.629012473472580602e+00
3.000444230133064050e+00 1.512625132630635694e+00
3.282930714133258654e+00 4.770650868007492384e+00
4.572130970721998366e+00 6.224961923491687088e+00
4.570842784287480143e+00 1.512912529486048152e+00
3.000203963116035322e+00 4.654246561953350181e+00
3.000910430961982289e+00 4.654122044151548288e+00
1.711931661783160363e+00 -1.512428658105239965e+00
3.000894758235347126e+00 3.083145905011871690e+00
4.571298294379089633e+00 1.512552174188276144e+00
1.428723625841786804e+00 -5.894296635851663246e-02
2.999534252407789037e+00 1.512522511435304695e+00
6.142971470733818329e+00 4.654375707233333159e+00
4.571566006455702436e+00 4.654252493588169948e+00
3.282293611988254423e+00 6.340839177280371608e+00
1.712736751883185971e+00 1.629349577026971252e+00
1.429822816554437992e+00 3.083299249997708991e+00
6.142267925542109097e+00 -5.813405934515678691e-02
-1.416097178374709220e-01 3.083414257533797276e+00
6.142639682429558157e+00 -5.756953966541846629e-02
1.711647702588160014e+00 5.810726437433916258e-02
2.998237573727241312e+00 4.653682432662872515e+00
6.141944394287608411e+00 6.224784368273338586e+00
1.711684047617844318e+00 3.199642494768891954e+00
6.142349028252197307e+00 -5.836899014859842777e-02
4.571335959047236663e+00 4.654497202560429869e+00
1.429945937385893151e+00 1.512269252539875763e+00
3.000572776347768755e+00 6.225471059251378669e+00
1.429975133997746672e+00 3.083564109579407742e+00
1.711566704251634041e+00 1.628929919082243716e+00
6.142607504022609355e+00 6.225224434874695234e+00
1.711620797223420531e+00 3.200080915165908646e+00
4.853241988745267577e+00 3.199756457329494985e+00
1.712862173827192747e+00 1.629359006569905510e+00
4.571259069521885543e+00 3.083519914380235427e+00
1.430894327940829047e+00 -5.807717099631435481e-02
1.409604119700379188e-01 3.199890538913036764e+00
1.411138992667950731e-01 3.199997248147985474e+00
4.570873793105008076e+00 1.512133832156952185e+00
1.712362392566290303e+00 1.629378834413417687e+00
1.429819791413441399e+00 1.512809734490352831e+00
-1.413234125173351841e-01 4.654315858571673736e+00
3.283036046655610107e+00 5.844027622228523816e-02
4.571235995808191177e+00 4.654095197998101341e+00
3.282435581751779630e+00 3.200238849986106970e+00
3.282567227687251510e+00 5.839552364890380348e-02
6.141725626359946233e+00 1.512259047126778277e+00
3.000300777303462674e+00 -5.841277877234076626e-02
6.143704397969610653e+00 4.654009667108942594e+00
3.000523652708703359e+00 3.083521872486290949e+00
1.405546099259873949e-01 3.199777148366189650e+00
3.000062925405067915e+00 -5.860766096437809713e-02
3.000873000413836866e+00 3.083467816500185865e+00
4.570512960915896095e+00 4.653431198737925989e+00
-1.408373154478446687e-01 4.654085654827067486e+00
1.415560536017611559e-01 1.629357295791035387e+00
1.409200623665284868e-01 4.770365220470177192e+00
3.001180617257708239e+00 3.083452800213876799e+00
1.417405661237415015e-01 5.828197165886545017e-02
4.853199824201666068e+00 4.770633864171069050e+00
3.000319445573933930e+00 6.224779593553625645e+00
1.712308862507689433e+00 5.836835623687767344e-02
-1.414521128428990748e-01 3.083348916870335632e+00
1.417043113292431600e-01 4.770748434579248354e+00
1.430044500419526798e+00 6.225150448519504387e+00
1.711882439710663562e+00 5.828302357597311273e-02
1.429204297217316455e+00 6.224522793236081597e+00
4.852806156428665751e+00 6.341068522023300069e+00
4.570067834984499200e+00 1.510377890719172056e+00
1.429360171163182702e+00 4.653910298237338594e+00
1.711911131847821732e+00 5.849549406066997109e-02
3.282723828904941410e+00 3.199525396814633105e+00
3.001118349923167283e+00 3.083880138912986624e+00
1.429527375492757768e+00 1.512464035347665270e+00
3.000707138401394136e+00 1.513361444548975143e+00
3.000708991702884187e+00 4.653973085098633611e+00
4.570698958754825014e+00 1.512307923116974262e+00
1.418991590531284153e-01 1.629233893917816145e+00
1.419421173962000793e-01 1.629669076636376168e+00
6.142090029667349071e+00 1.512797405286972596e+00
4.571031906581217719e+00 -5.845335819860989629e-02
4.571263269676802743e+00 4.654196880655976365e+00
1.429728587329066825e+00 1.512932361395825875e+00
1.712190586753903121e+00 6.341371243886887221e+00
6.142076764742128603e+00 3.083218517868191899e+00
1.712131094411552201e+00 3.199735310575534619e+00
4.570817581516222639e+00 1.512462949768795806e+00
1.417446153110490104e-01 4.770775424646641838e+00
3.000217025899198475e+00 3.083012646667505852e+00
6.142652682850858525e+00 3.084155699147827168e+00
3.000413543203891642e+00 6.224640927614061958e+00
3.001878597748947719e+00 1.512848623036322282e+00
1.711766794551959903e+00 1.629185513100953386e+00
1.417806474269520944e-01 6.341588360947540970e+00
1.711813068428465145e+00 5.842878315650539001e-02
6.423711586860721745e+00 1.628686942958075257e+00
2.999968967677884013e+00 1.512573165425281196e+00
1.711938755424559977e+00 4.770522570064549939e+00
4.854397966508924078e+00 6.341673849317909450e+00
6.142369627766395723e+00 4.653695294289280859e+00
3.283140358864827135e+00 6.341848667612887347e+00
1.405950598843687949e-01 6.341247642378931459e+00
4.571134917114807905e+00 3.083074169977614964e+00
3.000029378099865252e+00 1.512133950887418754e+00
3.000703129087688215e+00 -5.812539039502120919e-02
3.282701049619093592e+00 4.770563247156345277e+00
-1.399353996713980086e-01 3.083457046739141116e+00
4.852912755051133509e+00 3.200372842441951970e+00
4.853946358043973675e+00 3.199721788113305099e+00
3.000130393096855919e+00 6.225130400364335514e+00
4.853126017349981502e+00 4.770429771872883862e+00
1.430101313618905134e+00 6.225477145819822589e+00
1.711768155524078461e+00 1.629072038750331908e+00
1.712250155747367719e+00 3.199510631887874545e+00
4.570947001548542055e+00 4.653548829952296018e+00
3.282804534561750920e+00 4.770591947581674042e+00
6.141380043824873347e+00 3.083390377583256292e+00
1.429516054895990207e+00 4.654266716638124635e+00
3.282707617911788223e+00 4.770624817123061412e+00
1.413264257550425895e-01 5.850685655260554757e-02
4.571225537538701644e+00 -5.844436316335339249e-02
3.282149576687973802e+00 3.199675746960531253e+00
6.141757635456997377e+00 4.654149654691542182e+00
3.000568702252522257e+00 1.512776643138826982e+00
3.282675703991440486e+00 1.629508653876055257e+00
6.142167966680396773e+00 6.224898787078664064e+00
3.282423681325056908e+00 6.341267109810318381e+00
1.712224998314348268e+00 1.629006167005164984e+00
1.428592915193273027e+00 3.083375246294040029e+00
6.424604224138705355e+00 4.770604952477090599e+00
1.711480178646557215e+00 5.762048628659737631e-02
1.413421341062065517e-01 4.770286870052159678e+00
4.853467970065346471e+00 4.771231817271289088e+00
1.416539229299010050e-01 4.770460785485448163e+00
1.711389728984296532e+00 1.628961607092617836e+00
3.000668526895341692e+00 4.653893224537573481e+00
4.570109297162200157e+00 6.224435691905886081e+00
3.000597554599107486e+00 -5.802367500457757121e-02
6.425144511092138799e+00 6.341878886917807989e+00
1.413683858974690566e-01 6.341676552105446341e+00
1.711891417470924992e+00 3.200045200049192129e+00
1.712889408072192365e+00 4.770716502892734745e+00
1.420182115171304549e-01 5.835557451681200325e-02
1.409039008614418331e-01 1.628904298401886885e+00
6.141783596851644766e+00 3.083322774049919612e+00
3.001769556788313587e+00 4.654509843010662173e+00
4.570407048655636295e+00 3.083341972493677474e+00
4.853842626350793665e+00 1.629515754630912250e+00
4.854436584652869868e+00 6.341460766048240494e+00
2.999872525285816938e+00 6.224762152726488473e+00
3.000759427316965322e+00 4.654309460362162199e+00
4.571428619260316850e+00 1.512662808285559768e+00
6.142191236983507885e+00 1.512803763917083044e+00
1.711475561745416707e+00 1.629061450136211509e+00
3.000625085281561688e+00 3.083357914370507213e+00
1.429454400604874609e+00 3.083740870217453800e+00
3.283361871190909387e+00 4.771025283216955515e+00
1.412671274875073602e-01 1.629054198200764247e+00
3.000478771457621541e+00 1.511991971802696400e+00
3.000028080714324030e+00 4.653778094662844644e+00
3.000199679718558166e+00 3.083111565616936112e+00
4.571785248439875993e+00 1.512476272313189929e+00
4.853689035533848894e+00 6.341414003718716330e+00
3.282213501424731561e+00 4.770975101423266196e+00
1.711797242002663477e+00 1.628862945618987812e+00
3.001298580694296891e+00 -5.742753790698183758e-02
4.571644802699518451e+00 1.513078607791432884e+00
1.415124848950568004e-01 5.822138115647994272e-02
4.570897646063155406e+00 -5.828012150245659440e-02
1.711889748109671316e+00 4.770833840682814575e+00
4.853691880532441161e+00 1.629261409385830195e+00
1.429740021152714036e+00 1.512029034914215586e+00
2.999480939514516553e+00 3.082701795278281587e+00
3.282666109158955514e+00 5.797274675848225478e-02
6.141133906238250617e+00 1.513035276777072724e+00
3.001068944936419847e+00 -5.849568241454550926e-02
4.571489270111020353e+00 3.083364954238980715e+00
3.000018172219489188e+00 4.654028597871811002e+00
3.000631856897925775e+00 -5.823136082333466718e-02
6.142703626198869671e+00 1.512834492964309829e+00
2.999860878953283461e+00 4.654079983087002326e+00
3.000967322624502387e+00 -5.824776189191254588e-02
3.001107932510997944e+00 1.512203923286082219e+00
-1.411706745795033024e-01 4.654077412886993059e+00
6.424348009439019513e+00 4.770989036074936962e+00
4.571327151532717181e+00 6.224905890201704928e+00
6.142268148143885220e+00 6.225312169460331724e+00
6.141493654698744642e+00 -5.828894980381645052e-02
4.853381421597073420e+00 5.827280186430798536e-02
-1.408666001074327656e-01 1.512425147191269081e+00
4.570868585772023707e+00 4.653969892979566758e+00
1.712339181095927643e+00 1.628856919242322121e+00
1.711701447958835720e+00 4.770603041056505234e+00
4.854275859271946381e+00 5.824526344326999561e-02
4.571162242323172364e+00 6.225094326794555322e+00
4.853725423219108492e+00 5.805651789254107076e-02
-1.415877598268910076e-01 4.653860011077034287e+00
4.853782809717537283e+00 4.770989143316837655e+00
4.852915421816190289e+00 5.803087409445981115e-02
1.428842350813851469e+00 4.653812732635264737e+00
1.416033320084360836e-01 4.771214848862580737e+00
3.000656844959161074e+00 6.225102634648276734e+00
1.412718977062136505e-01 -1.512730115470608316e+00
1.413379163321885346e-01 4.770752095904569501e+00
1.409502229793060113e-01 6.341574646055756936e+00
4.853310147628549842e+00 1.628729376161083042e+00
3.000584390304035232e+00 1.512617796913765522e+00
4.854064625999289895e+00 4.770655022130071643e+00
1.711905888590455449e+00 5.802056210800527608e-02
4.570826893570275828e+00 4.654081142880610145e+00
3.282486498671874475e+00 5.809258617720328144e-02
1.429782022560946109e+00 4.654200005039725418e+00
3.283582419221882542e+00 5.876300804397029121e-02
1.430554869238119586e+00 6.225290611173207367e+00
4.571852072416889179e+00 4.654094998660935012e+00
3.000844861554180731e+00 -5.849349116955723793e-02
1.429261814522303053e+00 1.512317250835425453e+00
4.570713399856224157e+00 3.083309597268389712e+00
3.000397848576073834e+00 4.654056751087733979e+00
1.712178878440107521e+00 3.199549770893857836e+00
4.854275985600943422e+00 3.200265255814801701e+00
4.852781523949138531e+00 3.199777360998712350e+00
6.142365598500091117e+00 6.225035416433425617e+00
3.000083865451879550e+00 6.224773586239027878e+00
4.853551733629507758e+00 5.822373564890141739e-02
1.410905087111389844e-01 4.770536793383111096e+00
4.853894501319977017e+00 4.770379486263383484e+00
4.570511141483193818e+00 3.083058238442949239e+00
6.141036413970296870e+00 6.224498137330553682e+00
4.571168071570098412e+00 6.225449854424739193e+00
4.570202408905469582e+00 4.653594554107050030e+00
4.853318752225379562e+00 4.770877368426010179e+00
3.000459999945145562e+00 3.083545394192491074e+00
6.142934541509681878e+00 4.654157831534350365e+00
3.000242820667457622e+00 6.224531097809004265e+00
1.711494594149672643e+00 5.816425630641568201e-02
4.853913488823724087e+00 1.629009270631232020e+00
1.429543418584834136e+00 3.083842862135561358e+00
6.142416443674524551e+00 3.083366187943027192e+00
1.429480028694139815e+00 4.654139262806346267e+00
4.569755391495698760e+00 6.224327918081430155e+00
4.571551675021165551e+00 4.654495025617339188e+00
3.001938927144842229e+00 3.084158459921176210e+00
3.282245848655305664e+00 3.199890914467521164e+00
4.854057886510111608e+00 4.770721933146078619e+00
4.853708124103230936e+00 3.200496831499556549e+00
4.571068856918015122e+00 1.512926223047616814e+00
1.508419066488503324e+00 -1.591711522682724755e+00
3.282866914223904864e+00 3.199970671030077263e+00
4.571690864730126869e+00 1.512934359844558596e+00
3.000217043171037989e+00 -5.841606857114108042e-02
1.430195200176476389e+00 4.654466954451947025e+00
1.712321954978526239e+00 4.770955138563049758e+00
1.711791476878721685e+00 4.770508437606470586e+00
2.999374450929879199e+00 -5.864180306177535495e-02
6.424618606498165185e+00 1.629058715502174071e+00
4.853891325357267306e+00 1.629316164958521940e+00
1.409849941428898967e-01 3.199673992015269253e+00
2.999725527456186036e+00 4.653837585559275070e+00
3.000317649879886694e+00 1.512481915706329172e+00
4.852778879435960313e+00 3.199979983473856038e+00
1.430279865240775550e+00 6.224970302670286948e+00
3.000694748598793371e+00 6.224935512131606785e+00
1.400753627627134845e-01 3.199531070523319976e+00
1.710865879349311447e+00 4.770547937020674922e+00
3.282969580431345236e+00 3.199691991378511347e+00
6.141909724358408873e+00 3.083137992154087126e+00
3.282582236156013078e+00 1.629368160151124734e+00
1.712785548478540365e+00 1.628996565908303884e+00
4.854813085102351877e+00 4.771113650007856144e+00
3.000109041960788314e+00 3.083295187162140572e+00
1.712467650393601826e+00 4.771060815192181614e+00
6.142012023576868707e+00 6.225605382750572403e+00
6.141544206380293858e+00 1.512413607590824771e+00
3.283015745876704194e+00 1.629131616229308799e+00
1.406672554619922133e-01 5.837011419013971025e-02
1.712451427946117599e+00 3.200018564157535828e+00
3.000135936976163542e+00 1.512047453339045999e+00
4.852909943725896014e+00 3.199614162416822616e+00
4.854275987795351632e+00 1.629608108603147310e+00
1.711898779719489561e+00 1.629163282508607091e+00
1.712350612919518289e+00 4.770943389904487297e+00
4.570709269980607559e+00 1.512812679932103554e+00
3.000559612107286611e+00 -5.792804224407936686e-02
4.853160658679101402e+00 3.199431821692511502e+00
4.853696719983348729e+00 1.629045424808267084e+00
3.000342623947362508e+00 4.654348061951653293e+00
3.001122552781103181e+00 3.082816218463672708e+00
3.000603304920936409e+00 3.083700226707757341e+00
6.142076707714704042e+00 -5.860363294464599609e-02
4.570176161876570831e+00 4.653658411302521891e+00
1.430041387578940393e+00 6.225379451920660223e+00
4.571088426669086324e+00 4.654281702206407800e+00
2.999871803780719492e+00 3.082842871483940428e+00
1.429708261293846094e+00 3.083041592154448729e+00
1.404173696319314935e-01 5.767200234491198785e-02
4.854268730199630788e+00 1.628809644661881606e+00
4.853202818466550994e+00 5.820710423783650306e-02
1.410299026762097951e-01 5.838612787721875197e-02
4.570935256682536085e+00 4.654011670434787362e+00
6.141547727299326631e+00 1.512417964129240788e+00
6.424460574381853029e+00 1.629040088755784543e+00
1.711644906400866750e+00 5.815720379041123406e-02
3.000383040247573074e+00 -5.887069803984314870e-02
1.712927909448325625e+00 3.200002405691975582e+00
4.852641734164254927e+00 1.629559311626223472e+00
3.282483310041664826e+00 5.853706722945449525e-02
3.282833319901573343e+00 3.199681044327613133e+00
1.430557711146226207e+00 4.654552859731608372e+00
4.571144988368402551e+00 4.653724597102523397e+00
-1.415863876374197639e-01 4.654136512460515185e+00
6.424427356080396834e+00 1.629083426938436441e+00
4.853680871541738995e+00 1.629192748871016283e+00
1.403174635849661900e-01 4.770394595274985328e+00
4.854211384588366762e+00 5.895657694672720023e-02
4.853880440388023132e+00 1.628890765501307403e+00
1.711690034750612543e+00 4.770925524515226890e+00
1.711547768129457303e+00 4.770282846805665500e+00
6.141706899778232476e+00 3.083806965139966216e+00
1.711784098263863685e+00 5.829423079927936735e-02
1.429592553651054976e+00 -5.827875528214673112e-02
4.852710432037874888e+00 3.199396935441441769e+00
4.572116635969671883e+00 4.653556875844694574e+00
1.429395043212562388e+00 1.511950544531052376e+00
4.852796237778835398e+00 1.628752898132655558e+00
1.711704970758529010e+00 4.770418980725808389e+00
3.283297265980960944e+00 1.629208139871019645e+00
1.712100994996208270e+00 1.629017024735594399e+00
3.283054885550055424e+00 3.199937801153838191e+00
3.000090189402901064e+00 3.083211770190145362e+00
1.429779429787100264e+00 -5.813872269665699283e-02
1.711959281357765761e+00 4.770797425058677987e+00
3.283411912915639164e+00 3.199905316266483002e+00
1.413856945381019026e-01 1.629006255176859375e+00
6.142413331306697977e+00 1.512645532439455653e+00
1.710939975749057096e+00 6.341141881910520084e+00
1.401601211629844024e-01 5.857410738971744607e-02
1.430031570790815776e+00 -5.831671770737934662e-02
1.429928392305719997e+00 4.654154969593854219e+00
4.570526005447357321e+00 3.083544670952491629e+00
4.853909459246270153e+00 1.628919370837501157e+00
1.712743915325828592e+00 1.629054433270694879e+00
1.413568210798798741e-01 4.770612484097774164e+00
1.709915378091971139e+00 4.769757156531367670e+00
2.999985659484198930e+00 3.083340067162593900e+00
1.712012008885899439e+00 3.199936572713817373e+00
4.852180234358516309e+00 4.770158882147375934e+00
4.571416933457371989e+00 3.083751593849558770e+00
1.712437066692543697e+00 6.341064712885635224e+00
1.415243295065311269e-01 3.199973711315810654e+00
3.283348962721976516e+00 3.199868111677159455e+00
4.853291288268062331e+00 4.770370034054930208e+00
6.424228654682763384e+00 3.199399057707048577e+00
-1.416979797712864531e-01 6.224750628062610147e+00
3.282787879764148542e+00 4.770843364169575551e+00
6.141415931386376315e+00 3.083173468766808423e+00
4.853845190149433719e+00 3.200008626947313584e+00
4.854800530991722596e+00 5.870627667427697621e-02
4.853688977050735431e+00 4.771125690096171823e+00
4.570987427957111215e+00 1.512419614635460041e+00
1.712002925128465858e+00 1.629082555174033997e+00
4.571221468304972113e+00 3.083420360713774677e+00
6.423359756545941046e+00 4.770469062359779855e+00
3.283269904967592634e+00 4.770917808255627612e+00
3.000601648360007090e+00 -5.824022400289927126e-02
3.000862920702849213e+00 1.512764807699989555e+00
1.430419081656375102e+00 6.225511243428587527e+00
6.423969702210338362e+00 5.863106650111372942e-02
1.429763382821137352e+00 4.654353894985298723e+00
1.429976432044946177e+00 1.512656956605625158e+00
6.142889664979956699e+00 1.512818187835936579e+00
6.424808770382778533e+00 4.770520257641480022e+00
1.429505738472684584e+00 4.654001980751873546e+00
3.282550081395553487e+00 3.199805993261334525e+00
6.141906824460937386e+00 4.654158188829015330e+00
1.429012799404665968e+00 1.512379452811992264e+00
4.570834279793377419e+00 1.512713324957426497e+00
4.571354497059816779e+00 6.225211825154775447e+00
1.430182558866293530e+00 1.513121055284036620e+00
4.854129917870712241e+00 4.770745237256777571e+00
3.283230597610298673e+00 3.199938907411623124e+00
2.999056039944369978e+00 3.083305906949219910e+00
4.571164895433727615e+00 6.224776550929377095e+00
3.283724053645327601e+00 1.629531639107921981e+00
1.712225006689805040e+00 5.850256393881782258e-02
4.571163332601888563e+00 4.654123360126019016e+00
3.282591831759177570e+00 5.833597988470907297e-02
3.282671710093203021e+00 4.770526461263762563e+00
4.853683211127216346e+00 3.200248065824737420e+00
3.001076477568620060e+00 6.224955549940047739e+00
1.410359179839270893e-01 5.908944513166605045e-02
-1.424329666000216377e-01 4.653524212377410763e+00
1.414027494492988979e-01 6.341352933887029586e+00
-1.409747417750497056e-01 4.654458812281095703e+00
1.429721412769353384e+00 6.224661025303408479e+00
3.000854090874895963e+00 4.654085408100946175e+00
4.852623273409778726e+00 3.199685218122548580e+00
3.283048982203533139e+00 1.629617891476839775e+00
4.571277681288121286e+00 6.225523183086542289e+00
6.141739401208525351e+00 3.083068671197891408e+00
3.000974556210204369e+00 1.512750249747204290e+00
4.853094414778508003e+00 3.199413686110098354e+00
4.853484068390135242e+00 3.199545593483198669e+00
1.712267364338955655e+00 1.629226304446561358e+00
3.000537914648848670e+00 4.654485477310234209e+00
6.142507585028689654e+00 1.512631142608397372e+00
-1.418805898109534447e-01 1.512182485744046456e+00
4.853038932397133465e+00 5.831899393717387275e-02
1.430043039615649603e+00 4.654462059120088924e+00
1.711283623067854087e+00 4.771078808955110162e+00
1.406413838738694022e-01 4.770233516588102241e+00
3.282809645558360856e+00 4.770787839345963732e+00
4.854335281219539944e+00 1.628985078151217847e+00
-1.416233512431070984e-01 4.653366401729749136e+00
6.142323480820467196e+00 6.225535339832680926e+00
4.571315520161379986e+00 -5.847525915551575471e-02
6.141673788843037940e+00 -5.771119155561686004e-02
1.712131124087663103e+00 6.341667209871697075e+00
4.570731907095995084e+00 4.654413597472977671e+00
1.429755163371550397e+00 3.083344414716521875e+00
1.712012662585711720e+00 5.812205448949209208e-02
4.571812372983211858e+00 3.083547289929301272e+00
3.000380470620201301e+00 -5.839720607887942394e-02
1.412748595012432440e-01 5.822382504077622256e-02
1.712558279521123383e+00 3.200196221292202381e+00
1.711150336725855370e+00 1.628173563261307910e+00
6.142889813626775997e+00 6.225443545821204516e+00
4.853281319814620076e+00 3.200390248523837133e+00
3.000235676710520494e+00 4.654763750292779001e+00
1.414633462476938552e-01 4.770504771288307744e+00
6.424266213517920932e+00 1.629240763864032049e+00
1.403860380082188608e-01 3.199741995332675781e+00
4.854335039826437992e+00 3.200237915361229923e+00
1.414926926326554035e-01 3.199447077501412107e+00
3.000501917949614850e+00 4.654494909024545990e+00
2.998880117965558867e+00 6.224839591895838353e+00
3.283222378347653958e+00 5.895649788396480073e-02
3.000560922231306549e+00 3.083273548669248409e+00
6.424936996925471711e+00 5.860415454856353346e-02
4.572601821458532001e+00 3.084048031585953531e+00
4.571205277603588968e+00 4.653947011857283655e+00
2.999462165297003491e+00 -5.872837772920579819e-02
1.429117776322026412e+00 3.082918014483987612e+00
3.000225370361116806e+00 4.653769392821045514e+00
1.404193138974342281e-01 4.770396770741889725e+00
6.424192060307399643e+00 3.199892700158170733e+00
4.853642840420657301e+00 3.199840074101907739e+00
6.423960608387209170e+00 4.770434713404275939e+00
1.711902954545219124e+00 4.770328823774399041e+00
3.281713246291355190e+00 4.770500632733722490e+00
6.141179560958397232e+00 6.224719559698178806e+00
6.142195450811684942e+00 1.512051720208689609e+00
3.282915997735058156e+00 3.199799636825918725e+00
4.853144727979924689e+00 5.809138864748148584e-02
1.412960001633075946e-01 1.629346703249338502e+00
3.000487237147122510e+00 3.083172561134174039e+00
1.411876425503352794e-01 1.629349944801456118e+00
4.571243340626798712e+00 3.083505833972626675e+00
4.571998843334962537e+00 6.224619537036807593e+00
1.429288039148247424e+00 6.224463598117827345e+00
6.141950870878530644e+00 3.083334492192443488e+00
1.712401343269338572e+00 5.825861395533152298e-02
3.000566742362719364e+00 4.654544097231967825e+00
3.000091577343198423e+00 1.512993993188077813e+00
1.711632262284954020e+00 5.790204971712690357e-02
4.570775390612873856e+00 3.083352321562442988e+00
6.424685775355752249e+00 3.200167479020112449e+00
1.430111430107188442e+00 4.654322962405846198e+00
1.712762729882070900e+00 5.830059623598865537e-02
4.570886087705985368e+00 3.083316827083210754e+00
1.711768643840726467e+00 1.628952593160892359e+00
1.413523034545019486e-01 1.628943963829782682e+00
3.000580111089280244e+00 1.512852773366645920e+00
4.853950260367089875e+00 1.629501391536796628e+00
3.000726744417873348e+00 3.083148050599091583e+00
6.141562945051835420e+00 1.512783192989143100e+00
4.571051068624453428e+00 6.224879798224912442e+00
3.000351712846722307e+00 3.083132345490728010e+00
3.000126351463525687e+00 3.083522671862646281e+00
4.853650014921327305e+00 3.200348004772972210e+00
1.429764986207911592e+00 4.654049137364618893e+00
1.428991097336383520e+00 3.083286903687945113e+00
4.853943298410279716e+00 1.629251558217392315e+00
1.429546526283582919e+00 1.512318477525855132e+00
3.000305123837122334e+00 6.225050735918168598e+00
1.428755487775736688e+00 -5.878445357294172918e-02
1.429633245890727267e+00 3.083499211456915745e+00
4.570341731332242752e+00 -5.868795590336676332e-02
2.999934306001116546e+00 1.512015991787978741e+00
4.854235202953386619e+00 4.770312618453131925e+00
1.412469018623583317e-01 4.770922238076020783e+00
4.853093888704942849e+00 3.199924924794355086e+00
3.000707144942988513e+00 4.654098319669300210e+00
1.429856194127860247e+00 6.225114694346285837e+00
1.416223085500181444e-01 1.629235444045351144e+00
1.712683578843912313e+00 4.771097183487866822e+00
1.429587129496808773e+00 1.512632788636636638e+00
4.570878730367601506e+00 6.224713808029346040e+00
6.142526304129564352e+00 -5.809026611887362773e-02
1.414303565187926826e-01 4.770660815557840273e+00
