3.846331020406038359e+00 2.662595876523839333e+00
1.384600695541805315e+00 1.049126102558806783e+00
4.027657832538209526e+00 2.740540086804788888e+00
3.840723353094484427e+00 4.677529451906331737e+00
5.084310089145939848e+00 4.164727335008480580e+00
6.951746819056061621e-01 3.753437763638316049e+00
2.414346003024795628e+00 4.379082775076125755e-01
5.615357118122349389e-01 4.884688642044218376e+00
5.508594155936011871e-01 5.964387869181651425e+00
4.794142321457943723e+00 5.670610666556193280e+00
9.770665572314966851e-02 8.369187618897900860e-01
3.018393553586824041e+00 1.094261562855120440e+00
3.161587345683050110e+00 4.591228182980306549e+00
1.582117236009413119e+00 5.961671139351156334e+00
2.562495996171046286e+00 4.821241789185189752e+00
6.271936838217817112e+00 1.299380127380723948e+00
4.035875811694298321e+00 5.407180190074595494e+00
2.270657465462201596e+00 1.709856883558614093e+00
4.525299647286886717e+00 4.986574913993335301e+00
4.387365769729967724e+00 2.162633874595448091e+00
2.455304820041078528e+00 4.254681453913743638e+00
3.907382899151877087e+00 3.486732173463541473e-02
5.499814549804839636e+00 2.791057362271043285e+00
5.347617538022888084e+00 5.227134363339755119e+00
1.940940790197649868e+00 1.820771746485711828e+00
5.976873674692876115e+00 6.417334252861728316e-01
5.257628927861231816e+00 5.850350135863101819e+00
4.795561235827782376e+00 1.176437478264648284e+00
5.032071024617756017e+00 1.216606043229603751e+00
1.687433876231506868e+00 5.656045662470016389e+00
2.248064645556607122e+00 3.893757925011498866e+00
4.232861667263690286e+00 1.724941257115668591e+00
5.828110919497477838e+00 4.602618016008437785e+00
3.349900088796916364e+00 3.644682271260852868e-01
2.578350007154216250e+00 5.221402474335000932e+00
3.473273097246728280e+00 2.289495842422882177e+00
4.182344888122067061e+00 4.949906262648073429e+00
2.843353115226838312e+00 4.631450677499717727e+00
4.181254301650174199e+00 4.539656497638663524e+00
4.121014116195050647e+00 4.476313343059277194e+00
1.312698999839449820e+00 4.712754175009703950e+00
4.232339154463715225e+00 6.535554244832672000e-01
2.136287177107838442e+00 1.045518188694201323e+00
2.357581951673441978e+00 4.601867087040766080e+00
1.071427943621089174e+00 3.243574166497410260e+00
2.328757566450187166e+00 2.059509176832238886e+00
3.173211046767060228e+00 3.043143257968660365e+00
5.326528587619183686e-01 5.396918590656179404e+00
2.825084976866285708e-02 5.020743586655401769e-01
2.788143816152762966e+00 7.549848733004104195e-01
5.528360667155221897e+00 1.105903188054687236e+00
3.907212148251838713e+00 4.067592667174837473e-01
2.466801101573948607e+00 3.933188976676524007e+00
3.721698971300444914e+00 4.136000224127022840e+00
1.954735103830144594e+00 3.773198560896628972e+00
4.756350404999684756e+00 2.835044787374161768e+00
3.810825925025896233e+00 4.979629312473168312e+00
1.828275925105265154e+00 9.081159262394841170e-01
2.410067598378318632e+00 4.735786345565496269e+00
9.126706368500094868e-01 6.274062568396662876e+00
5.742005575384463434e+00 3.760091311051065865e-01
1.092732853537427884e+00 5.283029599766037698e+00
3.153219482064555823e+00 2.361892804343536323e+00
5.770456842585901747e+00 5.336674048788523500e-02
1.517426890868511347e+00 1.007679900834131503e+00
3.799032558636380674e+00 2.493495000747889545e+00
5.921129340242303307e+00 3.725090938367432436e+00
5.648113032679547452e+00 5.227730494278721274e+00
2.487736622831596967e-01 6.186878205757922800e+00
1.277017644131406948e+00 5.288513348224284982e+00
1.881461659724824820e+00 4.811791793532172790e+00
5.587423389672598883e-01 2.891207075340942012e+00
4.949735743511691766e+00 2.114775665097778923e+00
8.484339950296762023e-01 4.823021505774095274e+00
3.211693767920866804e+00 2.033098010713409121e+00
2.925740869593499216e+00 4.324378890130577524e+00
9.236943971770109618e-01 4.303908483238044091e+00
1.347376786545296135e+00 1.898549705558330580e-01
2.594954291996089513e+00 4.878505505017969313e+00
6.038748592080407818e+00 5.862994734895442761e+00
3.829897549848670923e+00 5.117196156842258148e+00
5.348641726145917374e+00 5.834339063801550207e-01
5.700262171640960718e-01 4.041236598966816196e+00
4.331597112954868933e+00 5.036671787444687354e+00
1.489566688152363649e-01 5.840285827909965644e-01
5.782686805490405924e+00 2.162038057381945248e-04
3.174430545404800796e-02 5.476749152780214125e+00
5.520451933138072143e+00 1.618928184947117765e+00
2.520659507512415853e+00 3.766047855740040973e+00
4.022185681573830607e+00 1.488346455906819799e+00
6.133418952515977907e+00 2.306993221596995713e+00
1.262326484801682858e+00 3.423349676669048325e+00
8.783049837338388066e-01 9.013008597450189452e-01
4.792210000431346373e+00 6.237679669844262698e+00
5.691322097625659104e+00 2.081256805217393424e+00
8.621819066615817873e-01 2.271925350861079718e+00
5.135434387112767229e-01 1.745720136090961105e+00
6.041333728737360076e+00 5.912053431032410877e+00
1.171226262724140765e+00 1.869710148673585870e+00
1.607061252755006275e-01 5.817160116543688808e+00
3.060684670364209659e+00 1.591467277239280609e+00
3.757084213314538790e+00 4.506836499834005139e+00
1.820280459426290687e+00 1.798860281758964286e+00
1.811641599374009148e+00 4.023269915638190142e+00
4.493215584273340113e+00 7.912196842648275830e-01
4.849425174619051759e+00 5.812297426891521290e+00
4.006454530645899403e+00 5.416399071789349762e+00
4.083006532308192327e+00 4.137262011898611647e+00
5.304917567315394322e+00 3.156100204175417812e+00
1.811779498931447741e+00 4.838825701388323353e+00
4.306520828592232064e+00 1.646028467604911061e+00
4.987778156994298051e+00 5.436045127495356510e+00
5.252527324034653944e+00 4.594970482593160099e+00
4.278718229121041716e+00 2.677407451708659014e+00
4.760577331109266730e+00 3.960731519342443274e+00
2.985472603740035424e+00 4.188371264015950501e+00
2.243119223162084452e+00 4.443038723308896820e+00
5.927044972281261259e+00 2.934313606690755361e+00
1.312055656079392119e+00 1.120975656827180922e+00
5.926613937524498610e+00 2.425233647883415777e+00
1.915750257696942072e-01 4.532596597587949638e+00
1.992524703433660394e+00 5.049098128737120383e+00
5.229362876310950092e-01 5.643396601967260118e+00
5.008681634837755858e+00 1.916059430391253260e+00
8.286304329969925719e-01 6.174884556857880291e+00
5.238450717727624273e+00 2.913109626762980575e+00
3.777916722071607669e+00 5.071802053017802514e+00
3.945519804856262969e+00 4.741294745934021115e+00
5.315379192147530851e+00 4.774741477865012129e-01
2.699375792284535613e+00 1.833121834679716233e+00
4.033074903323442761e+00 2.145130037340210016e+00
5.368720882943370798e-01 1.262938063590580917e+00
3.133856843384862145e+00 1.168813988795048608e+00
2.738432360069277260e-01 3.622886646493126417e+00
6.036252331164672746e+00 3.424097460484786470e+00
4.156026751827047505e+00 6.179050886536874287e+00
5.000511316166599052e+00 4.923276749560391075e+00
9.260932211638960299e-01 2.773620214339173273e+00
5.777267542871276973e+00 2.101751056755583047e+00
6.037859724368548342e+00 9.113666011292244074e-01
4.401147080239340426e+00 5.557961009283535425e+00
1.479725692790198055e+00 4.882600752875977612e+00
5.909300138391460067e+00 5.725506402559587649e+00
5.841342990488283426e+00 9.898487954654517917e-01
5.624270966757477730e+00 2.518324208949646259e+00
5.348102322575940981e+00 4.025410039959023134e-01
4.349082902806837403e+00 3.108400092941899118e+00
3.602890741790375273e+00 3.987080111094662538e+00
1.369824394115620736e+00 4.043316094805958549e+00
1.059985351179751234e+00 3.783971276865713551e-01
1.549553425423895847e+00 5.639728368597654473e+00
1.724841986829825036e+00 3.956997501367517156e+00
8.848093735298654394e-01 2.411772743787646167e+00
5.191317947522223086e+00 3.018150729298153756e+00
6.108023579736752140e+00 2.821785410131704364e+00
4.275756325725362572e+00 4.209652247471688646e+00
4.362765554525101841e+00 4.492035550854793335e+00
6.255913360280059843e-01 4.136937568788156661e+00
1.349362643353944291e+00 3.792227792397580899e+00
5.916118056129152869e+00 5.674344472315207000e+00
5.651709453449996090e+00 5.413929988487461209e+00
5.527458093435208220e+00 1.430541263859272494e+00
8.042811629289386977e-01 3.711996338875406032e+00
4.164408922055212181e-01 5.674840748604611740e+00
5.070114858084483700e+00 3.258265400735592898e+00
3.686155489908084504e-01 7.053186252534258127e-01
6.869730941831042603e-01 2.674806524622380000e+00
5.256084237780733304e+00 2.723114521722034720e+00
2.959438709365850961e+00 3.282592595655657863e+00
5.438982781914902809e+00 1.981301220283499642e+00
4.550149088578047341e+00 2.860735843930815037e+00
5.196260538594457579e+00 1.171480917377990538e+00
5.411290697050843423e-01 5.255085472154984672e+00
2.352915896123648043e+00 1.068680723093706098e+00
2.789160038956124854e+00 3.396516818241710034e+00
5.968138727760217976e-02 5.627831823053480731e-01
1.067394599553821655e+00 1.615243677263048738e+00
2.830495707700436459e+00 2.247457833718273346e+00
6.219294804188544745e+00 3.116824774355559047e+00
5.888902203143974390e+00 1.673852761407488288e+00
3.413677567786187250e+00 6.129434246652879281e+00
5.630180461725218244e+00 1.348277587232432628e+00
8.027592463893021835e-01 5.957229093436477996e+00
1.072275029509833333e+00 2.231495905863208229e+00
2.243810428969239101e+00 5.087700586087844812e+00
1.880148261049806591e+00 2.268632683861995236e+00
3.632215146818901452e+00 3.076115352649761547e+00
4.561478044711743673e-01 1.464122777923513752e+00
1.764633917562931018e-02 6.222846402748148265e+00
3.611918481461488195e+00 4.286191598718718687e+00
3.508652499408664305e+00 5.958953144194482299e+00
3.853896252643949083e+00 7.482610390674856449e-01
4.036438770496047823e+00 5.246696963644716050e+00
4.797004531337768718e+00 5.771114300967698618e+00
5.333098623006668149e+00 7.655547673141611664e-01
2.850850493937179930e+00 5.870565717143245710e-01
4.133208934206510143e+00 5.733337857882402133e+00
9.180468462163997399e-04 5.674983829056373885e+00
3.623399561154430515e+00 2.845667064464746598e+00
2.925902862880473077e+00 1.380183988769565939e+00
5.163288555213440212e+00 1.342390479097248290e+00
3.289229050304161461e+00 2.079961701076717073e+00
1.361859534885981438e+00 3.414445229621666300e+00
1.679404289588825594e-01 3.816001314703383773e+00
6.146016191420599739e+00 1.536935366955893167e+00
2.272970812862792567e+00 1.569046065205631058e+00
5.326258105261838516e+00 1.577651534916093001e-01
4.429609524395629272e+00 1.551990913103790115e+00
5.911073046927258545e+00 6.023529081359202841e+00
1.848268729121298470e-01 5.223404501861184102e+00
4.751376882120197820e+00 3.744289100343570986e+00
3.944055128798727439e-01 3.797329527692941742e+00
1.712019356844549201e+00 4.239684516307489659e+00
7.570033536345003311e-01 1.915131725850834910e+00
3.545782403993539500e+00 7.702018593904135235e-01
2.517471386197068561e+00 5.585247633353867869e+00
4.361111824921727553e+00 3.115358990661230010e+00
7.642928106822460821e-01 5.902458331872416863e+00
1.583451381045225093e+00 2.668736052058040542e+00
5.441235265162815082e+00 2.977032481238371719e+00
1.472199494543271481e+00 5.517707218547075243e+00
5.338608387199893279e+00 5.209253055844336622e+00
2.886676534576470665e+00 3.526738778414041597e+00
4.903784815819883791e-01 1.573435472446591321e+00
2.178928025635068710e+00 1.439892628705883970e+00
4.308775990560189229e+00 1.453525062509072985e+00
1.309471985197200539e+00 2.085505834517203727e+00
2.241526345109522644e+00 4.835304401688525822e+00
2.041600110490747522e+00 5.329147668779578018e-01
7.620492629905409876e-01 5.546904540232616476e+00
3.055629899724001675e+00 5.075290620952150888e+00
2.654858113002155129e+00 2.374895629243748196e+00
3.563143482791675698e+00 5.589451937313744345e+00
1.547550018202483542e-03 4.441906966607385598e+00
5.248764484902414651e+00 3.920250313169018952e+00
3.979719636224471113e+00 5.793034728542655110e+00
2.280833446413669030e+00 3.996377502967366713e+00
5.184838985314546456e+00 4.660796362796151726e+00
1.233971144797646330e-01 3.436216966399432970e-01
5.365001879845241461e+00 1.165662745169619985e+00
4.992666797289687430e+00 6.117187141102461645e+00
2.090571083396929097e+00 6.091066995846645682e+00
4.029657429752821152e+00 2.815773388734364779e+00
3.458199494433418231e+00 5.544485003419103997e+00
5.079842330434002129e+00 5.434617509262991142e-01
2.225534579897666454e+00 2.605747058389135784e+00
1.158946660155445230e+00 1.622956588113491083e+00
2.222960946871242349e+00 2.647982714465014986e+00
1.456053745061794746e+00 1.085802446499447793e+00
3.962638373030043848e+00 6.176859475608008410e+00
2.522583113286375411e+00 1.992292450304141038e+00
8.348378497596532499e-01 4.754041847956948175e+00
2.822596624615826499e+00 1.450806135705789313e+00
4.016675412838195847e+00 6.236473482904266064e+00
3.663038166234604542e+00 5.741063664281930379e+00
5.560728836504424955e+00 6.138075444237968803e+00
4.397170139889366780e+00 5.310193289790430704e+00
4.625681453055927150e+00 5.239850091526497167e+00
3.265387245405182437e+00 5.494620061431755964e+00
2.211160355744356210e+00 2.346120507199969563e+00
2.281240901706766078e+00 5.142449730297861121e-01
3.169055811769119213e-01 5.698361262299557417e+00
1.625302508508865262e+00 6.116888353394283939e+00
2.203148885789456279e-01 5.137505695129783057e+00
1.973073160917767854e+00 1.331633177304177629e+00
2.831921144447445471e+00 1.120657402621160648e+00
5.370171111649245432e+00 2.773914530737874973e+00
2.351808145800875494e+00 1.255835808245520768e+00
3.460557643887269830e+00 5.229334714055117850e+00
5.751619860096711889e+00 3.518462423968373720e+00
4.451945516131122993e+00 6.067255561189988100e+00
2.600631073193829579e+00 5.565498653512715777e+00
2.272636060643579370e+00 5.294417102127751962e-01
5.904918429303489980e+00 9.218048631010046234e-01
5.123065760226082510e+00 4.775962642322345575e-01
4.155731855878364023e+00 5.870180528659913605e-02
4.309387979270729585e-01 1.668596290339716015e+00
9.120569777735648698e-02 8.481270381105460165e-01
5.082946346456379771e+00 2.262169791543305220e+00
5.105716070262229067e+00 7.274072010689129897e-01
2.488927576204010561e-01 1.771830190952560669e+00
1.057709730188540309e+00 3.063780125267637988e+00
1.631594582800757864e+00 4.789543017987445417e+00
4.348992164088954837e+00 4.351196639182235870e+00
5.533633480509355884e+00 5.117346421732927864e-01
6.026486739391179626e+00 9.806214214764918946e-01
4.393593209976021541e+00 2.757492614318981072e+00
3.123867190150891204e+00 1.626332314123854372e+00
4.473347358545943564e+00 4.964344816612675793e+00
3.844409185195045708e+00 2.993345415727329595e+00
1.489494857313606202e+00 4.503297153955005072e+00
3.339184696237651018e+00 4.453823718655916863e+00
2.712444113786832034e+00 1.037340162099039231e+00
5.734293441165536187e+00 5.965289608658155274e+00
1.406907878408874879e+00 2.312992466362253641e+00
7.490794749408068443e-01 1.441341750446222481e+00
8.085265468405390399e-01 4.292459748544858122e+00
2.718234779368421394e-01 2.082747245453033802e+00
2.600232679258399848e+00 1.094419096748144860e+00
3.512722318265088628e+00 2.481201930799390887e+00
3.634819965592444468e+00 8.637562860539118592e-01
3.829083002649076750e+00 1.495282757702536491e+00
3.399447049165952528e+00 5.135822613487833088e+00
4.421771928412956854e+00 5.878036094261246625e+00
4.136540355942948111e+00 2.046372491408908978e+00
3.025482087026414302e+00 4.062095448795401076e+00
2.976675184008160002e+00 4.063770986090240456e+00
8.514778689385280597e-01 3.584923341153218312e-01
2.503846099163685945e+00 3.108132320483467215e+00
4.676299136133865275e+00 8.433287237559951022e-01
1.272125114058570539e+00 3.864012356497134593e-01
3.496198540968605162e+00 2.265997880359540417e+00
6.245929116544965076e+00 5.046347414271227017e+00
4.795013608521664139e+00 4.174459094136292236e+00
3.747560811388263247e+00 5.702450044665620332e+00
3.779648401601939156e+00 1.245126564391666246e+00
1.238733087973078906e+00 3.029571275515011042e+00
6.221559378063374446e+00 1.944843759055840948e-01
7.079745159623013206e-02 3.791573802122671921e+00
6.136577461428267100e+00 2.010176049586460262e-02
2.185460547666258968e+00 3.726214405471657276e-01
3.814875829448793443e+00 4.535116318064503993e+00
5.580014230953367793e+00 5.814052821519904768e+00
1.041838845922203660e+00 3.146589021879337977e+00
5.726359995395174707e+00 6.046775283606997675e-01
4.133936081119665928e+00 4.599168346895604387e+00
1.524512174892613814e+00 1.942730491347842481e+00
3.117009175911144236e+00 5.887243998050508687e+00
1.225651222100800908e+00 2.787276623095966244e+00
1.783828249525327259e+00 1.481468990561722210e+00
6.231856422258782224e+00 6.180821883802661176e+00
2.039583717586375577e+00 3.214716944832000767e+00
5.102520911613040333e+00 3.675814305248575664e+00
2.258470340142405330e+00 1.658957519702028538e+00
5.254267594983597078e+00 3.558649616088298107e+00
1.198844377409900908e+00 6.053982411664721175e-01
6.894422041097875153e-02 3.537667688589344106e+00
7.313879059909574876e-01 3.734226051899954157e+00
4.443122136039117542e+00 2.173599692135148587e+00
1.682821872567922705e+00 1.958390659402065914e+00
1.204100775877377183e+00 1.617786116570340438e+00
1.334594912546450685e-01 4.595616470572371881e+00
3.281516068713300260e+00 1.170114638954010688e-01
5.299586883667172010e+00 4.293428173265504633e+00
3.194984510166608338e+00 2.809390125738174593e+00
3.744810320911662327e+00 7.567132808424746615e-02
6.005632700435580951e+00 1.495324968520155950e+00
2.913577887805566480e+00 2.442076550748388253e-01
5.946227978610603593e+00 5.239762544479291684e+00
2.638233899378756409e+00 2.634153745049757855e+00
2.574056291049560685e-01 2.439175773807896075e+00
2.774403582418687453e+00 6.174404960174156853e-01
3.096831776433842442e+00 3.152982720190626864e+00
4.251763854636640971e+00 5.138369003075217378e+00
5.846079502736081235e-01 4.676687589518397026e+00
1.485141230183325833e-01 1.013714470853741334e+00
1.119939730156808144e-01 4.867532852721479841e+00
3.779038517983789536e+00 3.021819880457826901e+00
2.218057854917866445e-01 7.000287851679245499e-01
4.934547615736095239e+00 4.248170756319177954e+00
2.424671611976009444e+00 6.250127490411592213e+00
2.054218431817280255e+00 5.386007132754829646e-02
5.695532197360636539e-01 3.199564023611603858e+00
3.194240048697489787e-01 4.815569272113894961e+00
1.469572060109175515e+00 5.599600718185988590e+00
7.885185126545181111e-01 6.901438470262545311e-01
1.149440753668906412e+00 5.701984111621475115e+00
4.122184608650778515e+00 6.188421611048013027e+00
3.990067294057801028e+00 2.447994277766163851e+00
1.810742539354871505e+00 5.421337268706642121e+00
1.724503902976243896e+00 3.684522642617659716e-01
3.166182850371193958e+00 3.799379032880277673e+00
2.917655259309044347e+00 2.305334045479378702e+00
1.179450057252422246e+00 1.981988302339395602e+00
2.939285369226139810e+00 1.517842123964210144e+00
2.453343268301141133e+00 5.316646530649702385e+00
4.435261280058133693e+00 1.911289096660469422e+00
1.851406365792234165e-01 1.872857819970998872e+00
5.318730586279211137e-01 1.810518374424392674e+00
6.272240557551083562e+00 2.194166093675718354e+00
4.151994450275351412e+00 2.618528885256874925e-03
5.265842847367341761e+00 4.982341352965640624e+00
1.053939279580389021e+00 1.335581325556952637e+00
1.689067356817756549e+00 6.260751056450567731e+00
6.145810832802170331e+00 3.629079350089094547e+00
1.731146458590449022e+00 2.727343414084138384e+00
4.392897808866989884e+00 9.240149855905003262e-01
7.682579920074151802e-01 4.948367898655532393e+00
3.085037716048182332e+00 2.719105902255004370e+00
5.818819050364408163e+00 2.880604400720657043e+00
2.451051024146618573e+00 5.906489581150283996e+00
2.722271991973979066e+00 2.257842900139387599e+00
2.011265587103484798e+00 1.202902247240819067e+00
6.382765300647010864e-01 5.805594858790122714e+00
1.949182439908203834e+00 3.105609645311557809e-01
5.556872367749380537e+00 2.326068341109873927e+00
2.859600530257318862e+00 7.573490136211955548e-01
1.539902655937510190e+00 4.726737827276831005e+00
4.804215445155629816e+00 6.118979347390781420e+00
5.512188234499238781e+00 4.484436312829505944e+00
3.893925243070528008e+00 5.413952859873143453e+00
3.112578305909222132e-01 5.786928562318871982e+00
4.695040390910626193e+00 3.602174435816311693e+00
2.953226906036321431e+00 1.734062575074774681e+00
3.933265903609647118e+00 4.147988465040644890e+00
3.560114122702046746e+00 5.089615925217768400e+00
3.866468723480862013e-01 3.871048095771298936e+00
5.401719898038225942e+00 3.465948111863347503e+00
4.820794587050327706e+00 3.837549430310225329e+00
1.129349663604863663e+00 6.001447221744012239e+00
4.316726927356421939e+00 4.830053287611458579e+00
6.557387329646003904e-01 6.137370714427472507e+00
1.737025423045106320e+00 1.178031070680607417e+00
2.050219212577722327e+00 2.546085312530565137e+00
4.091255451349986139e+00 5.449639882477296915e+00
3.790801301384792765e+00 4.229277924167463176e+00
5.917487800947828447e+00 3.552893743067262022e+00
1.441976790498980643e+00 4.595548358190645999e+00
3.518928294152307679e+00 5.435073691432285692e+00
2.978918114635626391e-01 3.744448666770120449e-01
5.220662973042476729e+00 5.745982908165672698e-02
3.883720512679972536e+00 3.513759561497653561e+00
5.488961124008802095e+00 4.673538923943285184e+00
3.339433350983980642e+00 1.500571900517193358e+00
3.717070629170862173e+00 1.644322477077204692e+00
5.384468185645751248e+00 5.906430511265836181e+00
3.832577411280327695e+00 5.611771339406250725e+00
9.378254340669579525e-01 1.824399920316830404e+00
1.222911846994214624e+00 3.549430137361345494e+00
6.120569945722279748e+00 4.137363569041520250e+00
7.607379231572722889e-01 2.622310260623528788e-01
6.793140304398572749e-01 4.143498113548118589e+00
4.542057722179781543e+00 4.365634428461767413e+00
7.126186684643215363e-01 4.721309709887210992e+00
1.687706958671123747e+00 1.380983048509981437e+00
3.482422647462917187e+00 4.579006378385562570e+00
4.455985806629827017e+00 6.148137349375236482e+00
3.812029461716150536e+00 5.320982158297842268e-01
5.732274943473707474e+00 5.532094680546509657e+00
4.600183991456694987e-01 5.834669873648420158e+00
1.897366326028890882e+00 2.822349143702289620e+00
2.232453017690513075e+00 4.251345479777231873e+00
2.153787962127012567e-01 1.528830919972385682e-01
6.576589398793675212e-01 1.147190395701165544e+00
6.142981844342366493e+00 2.367122623887974342e+00
3.838513025962795755e+00 4.468092223838574739e+00
3.995425342197533869e+00 3.719774452292678113e+00
5.073219819507713169e+00 2.304330464571439308e+00
4.803031954833929973e+00 6.095869006006101820e+00
2.293660424677151255e+00 6.228125015142532028e+00
2.755033557576537895e+00 4.239065760068188027e+00
5.098122496145268912e+00 1.550438490400099179e+00
6.162612843817917962e+00 1.623637348144219672e+00
1.744937169280306621e+00 1.053381766727476521e+00
3.035392317858633948e+00 3.091795575402775054e+00
1.318333242020855112e+00 3.478102082652572147e+00
3.863672196768926259e+00 4.802510489764452828e+00
2.744446625122748395e-01 1.948484607923710588e+00
2.824008164575547486e+00 1.091552053435532299e+00
2.835819733923138131e+00 3.992493039359538809e+00
3.870297987023211927e+00 3.719362318488415031e+00
5.383693939793446681e+00 1.476082597225186310e+00
4.996182853690172010e+00 5.921655371998286732e+00
2.370966809097332373e+00 5.601211162127808230e+00
1.887965522232175841e+00 1.097739346068816291e+00
2.726333672118707696e+00 1.268262045078822620e-01
4.320793012259724009e+00 2.088565353945938785e+00
1.574774180285693215e-01 8.195950073054578677e-01
4.272269155070978819e+00 5.737181778390969544e-01
2.010521678689232150e+00 4.623064429736777114e+00
4.178849836656318040e+00 1.732863542346143815e+00
1.418824154519378933e+00 2.272387159497990083e+00
2.994654023954994582e+00 2.491306851332291572e+00
3.217148126095103144e+00 5.292545647977914269e-01
5.549397825448284749e+00 1.142599930707711042e+00
2.878105406003809819e+00 1.378837227002355781e-01
4.481076800500299662e+00 2.760212484055935445e+00
2.493624481071739840e+00 4.160597053028419978e+00
3.511013747500888460e+00 5.967631460639232222e-01
6.033415308405482236e+00 2.005997539850156386e+00
3.438534311242869901e+00 4.568438535890271268e+00
2.440765233071620965e+00 6.892742822886691600e-01
2.993631560905829936e+00 2.252467324593117493e+00
5.975184471358068183e-01 5.365845500488619635e+00
5.969080896321753649e+00 5.429312070652175137e+00
5.121151210803996712e+00 6.197369300278412041e+00
5.410279107724036862e+00 6.085123659300886168e+00
5.572266172611000989e+00 7.560895254771663465e-01
5.368117131611366943e+00 6.247874959719365018e-01
6.875659018246552123e-02 1.359983904496480100e+00
4.435120751417579221e+00 4.005245266282333461e+00
1.790007650493320224e+00 2.312144360229184237e+00
1.050987008045584759e+00 5.015467796899806707e+00
5.040639129904199045e+00 8.915455794136253886e-02
4.388038047756426252e+00 5.522063811193909544e+00
4.728605330657456918e+00 1.859982347767966809e-02
6.275670738105266697e-03 3.941015917155641368e+00
4.815108467701350037e+00 5.451928258665693861e+00
4.471074250125464111e+00 5.531185703618161226e-02
1.312644902534801261e+00 5.169213363309254738e+00
4.962355586020675280e-01 5.165292075468576272e+00
2.441676979178842632e+00 6.246275619732542417e+00
4.081590808884088539e-01 6.899543269968674286e-01
1.000438662597215034e-01 5.092139392249886320e+00
2.486501406115569981e-02 6.045616285006135904e+00
3.938491765267594591e+00 1.374526443375563733e+00
3.926067192150538343e+00 1.718382174105731020e+00
5.378866179572877826e+00 5.092163326183804628e+00
1.824642578989174702e+00 6.267891760798806333e-02
4.080576404740750895e+00 5.152335518232529665e+00
2.707137598309111493e+00 7.347042221108414373e-02
2.044573267761089053e+00 4.484597581571958536e+00
3.608087269155927146e+00 1.764711972940918028e-01
1.902528654867184699e+00 5.974661973823895522e+00
4.378020782693547552e+00 5.178077961911970561e+00
2.731004003667131919e+00 7.991013974352960680e-01
1.021921408525969355e+00 1.518086256364869158e+00
4.088316081999929352e+00 2.914627788334648084e+00
2.468489287380577046e+00 4.032882598652341777e+00
1.993888480566476051e+00 3.304749687226832489e+00
5.099225322572303654e+00 3.884018726723527770e+00
4.419370311644157390e+00 2.363186272036229774e+00
5.898143431775524803e+00 6.188922595941945382e+00
2.690343610531507057e+00 5.811974655265210288e+00
4.123625920737113759e+00 1.720852068903094834e-01
1.244681639255234146e-01 5.306643335918454163e+00
4.914725188663713773e+00 4.888815354167022065e+00
4.263823134098585044e+00 3.809835393662908132e+00
6.020399882433228100e+00 6.113229190256896928e+00
4.385677384840105830e+00 6.018654550693375072e+00
5.254602439885098342e+00 4.958343815246489150e+00
5.190860603499600323e+00 4.227736162591892111e+00
2.667238715473232435e+00 3.615881557236848121e+00
5.492437412802714469e+00 4.629289753369467242e+00
2.727735164592969497e+00 6.047056982550564008e+00
1.680965807083173891e+00 8.246393181889941776e-03
4.680627519805581116e+00 2.132494155751634590e+00
8.842812693623500753e-01 3.862442101808945427e+00
6.091288557742140952e+00 2.971089412128931073e+00
1.027329200586575952e+00 5.473466442203296367e+00
4.607438402848233139e+00 6.094502300337642176e+00
4.612328166429786158e+00 4.458088187977002015e+00
2.481531225016257558e+00 3.135715625251064509e+00
2.979179028367371362e+00 3.274073146441532245e+00
4.876431008665764288e+00 4.776354881947268538e+00
5.099477482587323252e+00 2.526584896749727971e+00
5.100302347297018812e+00 1.514376409973732907e+00
1.134845605524375189e+00 7.170730090302230852e-01
3.101263031334565490e+00 2.590360852277653780e+00
4.583651121797095662e+00 1.441650290581051541e+00
3.340794410671779069e+00 6.683491469701597909e-01
1.180445157561867298e+00 5.230085773307932229e+00
2.106353545984462894e+00 4.755251745280901332e+00
2.147402701572626693e+00 3.942999132047414257e+00
3.590280827426475252e+00 2.913426078549429254e-01
5.746406206491625035e+00 9.504929206803730546e-01
4.014610616760049489e+00 1.662711698674399274e+00
1.676367369717215450e-01 3.209498614648857995e+00
3.351556772306054199e+00 5.444040829528708159e+00
3.773685086123258259e+00 8.117114530111340098e-01
5.313754308846166730e+00 3.339205410638534044e+00
7.750621037099058031e-01 6.004954283621746214e+00
3.748588815605693458e+00 6.155232866556409554e+00
2.340589525696055995e-01 3.492691176799342045e+00
2.320350396440791219e+00 4.766446215141539433e+00
3.937310829415462621e+00 3.286084201664799309e+00
5.857991816085345249e+00 2.485311486720453544e+00
2.742465312054384263e+00 1.382265972519109321e+00
2.084156262508576329e+00 1.901572595645428132e+00
5.021065442931408107e+00 4.791394316505259710e+00
2.810695165363600090e+00 3.297242505772824739e+00
1.288386561642961503e+00 4.891636587221598553e+00
5.664615529488466805e+00 5.608864899146705163e+00
6.203604997472186078e+00 8.440959509967365104e-01
3.360545016879128877e+00 2.083960521753423389e+00
5.047853114430590482e-01 1.873720397923704095e-01
1.801391027579621662e+00 3.224968528026723735e+00
2.888372797020095639e+00 1.869567328998426259e+00
4.723470499927771016e+00 3.778296877070197013e+00
5.300607567187295643e+00 2.220607690801736034e+00
1.905603921394467104e+00 1.829699650287425428e+00
2.023301999064441414e+00 4.000091282938658566e+00
4.286663194149643807e+00 2.121850579719705365e+00
3.712073843755061997e+00 6.572672390222777938e-01
5.208210468814789884e+00 3.577730803630933210e+00
4.821548990302682469e+00 1.819868350370424714e+00
2.560876341610066387e+00 4.557569351216631759e+00
2.778231583897434298e+00 3.661653194826941515e+00
3.068360393698367883e+00 3.886943103437174418e+00
5.643214733058467658e+00 6.361835826541629713e-01
4.538751191058230106e+00 4.955302679446987213e+00
1.239425884160665348e+00 6.203966185236320818e+00
4.573360124519485481e+00 4.451906868202139655e+00
3.710571273616613208e+00 3.119543482643341026e+00
9.140465332475840032e-01 2.518864841105894037e+00
6.856685477200632484e-01 1.152711934302985131e-01
4.089242686334523924e+00 1.566146286589774839e+00
5.335906888920429303e+00 3.800216515271021001e-01
4.567055473881168060e-01 8.519844884097418913e-02
4.057589315046365996e+00 5.347087479648724440e+00
6.230270753635859471e+00 1.944738769994304839e+00
6.059954836225512231e+00 1.796218986384428451e+00
1.606156911082687211e+00 3.120325230402031802e-01
2.788414604099964667e+00 4.147201702457191663e-01
2.245690408908429525e+00 2.650002403423350472e+00
5.205242418563347684e+00 2.039623240023278772e+00
3.374679407009167686e+00 5.157018003680873264e-01
3.350233191212287576e+00 3.354072868166737109e+00
1.815527777621116501e+00 4.586375559049360895e+00
3.955281268421800611e+00 4.367868966905387396e+00
6.465154863087240189e-01 4.675357231145828685e+00
5.419733360101505859e+00 1.130845251561349185e+00
5.452834216831449865e+00 1.707639158226709641e+00
1.323514047360751789e-01 4.386219029098786137e+00
5.273060109668999296e+00 7.699514851531631399e-01
4.989736541253054547e+00 2.380657910269865063e+00
9.847831737157998200e-01 5.082457220632685235e+00
2.141396347549090251e+00 4.411116223775603196e+00
5.438669723199824446e+00 3.029664978697799160e+00
2.017285535548579034e+00 8.826589555698685641e-02
1.112017675875096367e+00 3.607811463989395451e-01
4.919020730700198740e+00 2.709165515400993929e+00
4.935768771481646056e+00 4.634383010798775793e+00
1.264471284091840841e+00 1.348127185693648311e+00
4.237112514971894228e+00 1.057871953743686921e+00
1.118653829785908549e+00 4.537504846749999210e+00
2.537786345713917147e+00 1.789804839742337172e+00
1.615906244585982865e+00 1.661624008715551604e+00
3.367995773364289125e+00 3.370858236597432445e+00
2.814237311342690617e+00 3.153068669945266578e+00
9.052737759463248546e-01 2.779087358675047525e-01
2.019487496277141414e+00 4.392600912474778241e+00
2.475029398406916936e+00 2.596834461772987268e+00
3.021330330852802781e-01 1.103054509145274142e+00
6.051863590424281014e+00 1.226647171132639436e+00
1.002023745708714886e+00 5.683409883912381666e+00
3.101981898507180646e-01 8.476787841587819783e-03
5.350864315494294754e-01 5.585211403622936110e-01
1.144056322729205766e+00 4.279146160262286003e+00
4.411060602100889128e+00 3.752375892430495519e+00
5.073565797767952468e+00 1.736725977007288702e+00
1.961287450962508672e+00 8.118381139684412995e-01
2.365156459213947626e-01 5.169275424120871598e+00
2.322883054503302791e+00 5.134319956975073929e+00
3.749422391957691669e+00 2.725300482548262071e+00
1.062808677408092706e+00 3.554433433505153950e+00
4.998124058366982148e+00 4.752817122085112977e+00
4.068532068615854591e+00 2.736744655047926411e+00
1.880124488290338070e+00 5.914772421319989704e+00
6.634073201554733235e-01 3.103223140823853310e+00
2.686092089772534219e+00 3.353044358091641364e+00
5.106340768517421580e+00 4.978237197444970619e+00
6.179965219476517113e+00 2.601287856179702818e+00
2.204032402726032458e-01 6.091898375974175828e+00
3.138919324182315229e+00 4.575284347771102489e+00
5.829904745231591967e+00 3.795700544525779652e+00
3.952886536770395143e+00 3.170946072747768962e+00
4.155891043307804011e+00 4.435064463116081268e-01
4.282618805253489924e+00 5.015761668844024079e+00
4.895677961238102505e+00 9.959577142487507917e-01
1.858814307721885273e+00 2.024252127473956886e+00
4.663505664148948959e+00 3.843413249785680552e+00
6.077669651886739466e+00 4.902857394364011689e+00
2.557859048115723066e+00 4.781741927585502872e+00
3.554110972101855115e+00 2.358979515657526893e-01
2.679062618501814264e+00 1.180367638666207419e+00
1.457067437279375488e+00 6.216420825964296348e+00
5.901269046315646527e+00 3.057961566278445953e-01
1.147209670342884236e+00 4.163540565827903883e+00
1.558088678368698687e+00 1.476665158104493170e+00
6.105386317699335486e+00 8.824092166225305789e-01
5.747180077626240724e+00 4.712605829080684927e+00
1.894592032828277262e+00 4.689062619434195334e+00
3.768103421237052775e+00 3.641464472986290168e+00
6.198205143864458755e+00 4.329606312507962684e+00
1.218372464371319630e+00 2.135234692458867656e+00
5.441353205090747380e+00 1.008054161833895401e+00
3.792655373047636225e+00 5.961485841627160553e+00
1.521217263617834270e+00 1.721120866638685021e+00
4.824578866055656334e+00 4.017016204270006163e+00
3.504808443241153260e+00 2.520218343146221063e+00
2.971413986643681504e+00 3.654607406273926884e+00
4.684392669178189195e+00 5.951899513381963658e+00
3.056749928296361496e+00 9.885115595051447990e-01
1.058734309201899704e+00 1.513874172119543393e-01
5.134201911080174874e+00 4.912058455801884271e+00
3.777776508708623471e+00 5.841944618003926948e-01
3.283740092639881869e+00 5.322082562493119617e+00
4.458454627212759647e+00 3.220154663844702281e+00
3.101246666189538814e+00 5.981626549870536991e+00
2.993666725299690690e-01 4.955372906809559219e-01
2.067863054595189820e-02 5.152318708302344952e+00
6.892535741328980059e-01 5.663133691315989537e+00
6.191176044125724642e-01 4.681507363201125926e+00
8.512905623879671868e-01 5.913100126500806297e+00
2.701943109681446575e+00 4.369475995842548421e+00
4.132559633229300644e+00 3.511013947310683392e+00
3.514819699301672262e+00 2.325211973313698000e+00
4.517396704063391333e+00 5.530371693107243303e+00
6.149164817491080903e+00 2.853080181183049291e+00
4.069693018316322686e+00 2.348913072236368915e+00
4.238398974971840261e+00 2.702457755521039839e+00
5.390501353361689674e+00 3.291092720215090139e+00
9.165985100229432359e-01 1.434012021662780967e+00
3.603106373012916475e+00 5.016385547306517090e+00
6.135664883168535866e+00 1.301862532639354253e+00
4.095040514346278554e-02 1.346749802253899064e+00
4.576277276784680659e+00 1.598392107180039157e-01
1.438383127417080187e+00 5.207435125970110157e+00
1.977584864282831534e+00 5.102183302169843948e+00
5.928622225869320528e-02 4.779941164788104047e+00
3.693554144119480132e+00 5.047826392986393351e+00
4.678653979155605214e+00 1.479401792771629642e+00
3.756248016641493548e-01 4.660714007090376754e+00
5.818956205528875714e+00 5.684195559203858217e+00
5.308593772718128712e+00 1.662791416917773768e-01
6.033647211575675406e+00 5.265616057611122169e-01
2.142958737835456429e+00 5.781829724981575325e+00
4.746803578712378346e+00 5.224095942637060119e+00
1.387678935674299563e+00 3.435590069498192456e+00
1.063118805235129916e+00 1.325110917521690468e-01
4.604233796430650116e+00 3.863409267350678356e+00
3.571967490280762547e+00 2.073611591183735781e-01
4.759084629468127159e-01 5.157055838460248287e-01
1.473868491921825230e+00 3.289475949647273634e+00
2.122727797507677039e+00 1.679699076142759928e+00
5.623460672820606021e+00 5.655092431873440795e+00
4.141658795833450313e+00 3.565804096205776652e+00
3.651188266798967241e+00 4.677542137633870389e+00
3.215999550261346429e-01 5.450615403748554577e+00
6.022439058293690195e+00 2.194556347736627444e+00
4.137471996010036457e-01 3.124801100280936161e+00
5.516927651985185754e+00 3.467400772052526836e+00
6.967026965398289695e-01 2.608077088286177236e+00
2.791024755381939837e+00 4.024044036655780587e+00
3.908495697267331703e+00 3.763259863280933093e+00
3.370704302967198807e+00 1.104856330105444262e-01
3.921076169188124627e+00 3.324637760069379944e+00
4.033443802821822466e+00 3.345101872439867341e-01
4.381902069917590126e+00 2.416630181008472711e+00
4.206209795568878640e+00 4.749924340740149020e+00
2.471123211969366906e+00 3.739787037518085833e-01
1.376769893036694059e+00 2.890399490733568388e+00
3.073143621877514331e+00 3.925159525418609352e+00
6.910502272868135343e-01 5.259664349446127929e+00
6.006554213342197635e+00 3.848376064808979535e+00
5.402251097540573532e+00 3.369040653438645894e+00
6.237958737704908607e+00 4.341819189908764365e+00
1.100388028348490588e+00 4.313518133033801050e+00
3.369768877985270361e+00 5.146358960609462407e+00
5.907284229613011028e+00 5.933878621621608396e+00
6.234653781447696552e+00 1.737278157729585049e+00
2.728513738966987123e+00 3.384253958641747495e+00
4.756346832750725895e+00 3.132771274369180320e-02
3.790191362228001459e-02 1.053751359656752928e+00
2.211822933622152210e+00 2.337648659403141593e+00
2.476165905704705295e-01 1.330944432040970904e+00
4.320512560005704827e+00 3.642416121914717753e+00
5.242635467405242444e+00 5.567990317423397784e+00
1.238581643383860786e+00 5.962952670044002978e+00
5.765342225457841252e+00 3.577789011179184797e+00
1.518280593147350865e+00 3.478007087655398122e-01
2.695410963543824145e+00 4.967314972264557760e+00
2.872280636932203368e+00 9.377799366728244435e-01
2.303023286561500349e+00 2.016597826977095387e-01
5.013884308489408248e+00 2.541410143907456121e+00
5.506961777404713487e+00 4.048648714942673088e+00
1.044810967896737219e+00 4.442073773144576521e+00
2.018681546544014438e+00 3.564459855824519408e-01
4.454441831582282241e+00 2.499544643401031774e+00
1.590526126023645181e+00 2.283575271656110406e+00
4.983174846151147142e-01 2.376068203392367906e+00
2.625544063596514821e+00 1.990749418874349752e+00
5.075322707981345438e+00 2.352691867551364169e+00
2.823764000436621124e+00 3.234027793997837019e+00
5.594512058653445585e+00 1.301019357285825295e+00
3.882316742928535014e+00 5.801536572285552751e+00
2.970142105551937473e+00 2.638996436214606334e+00
2.897055556054133785e+00 3.013775626731838297e+00
4.793158532853041720e+00 2.639240727374767559e+00
1.497516911983512555e+00 4.123344544592394634e+00
1.451391662203672661e+00 3.579383925226561569e+00
4.259827691051526699e+00 1.346384532478656526e+00
1.619644193176678737e+00 1.274548160382698025e+00
3.298959003731681161e+00 5.607951081000043025e+00
1.353250906927542907e+00 6.967787976794936888e-02
1.970795921392932692e+00 3.451080089639083859e+00
5.125682449834946475e+00 5.240859751518516657e-02
2.898706850440212257e+00 1.321893072732028829e+00
4.816855066814079933e+00 5.469130876584440415e+00
4.978644395400221301e-01 5.389925164810038360e+00
5.114994981806640695e+00 3.910235471913491967e+00
3.760645689834253957e+00 5.179190098886569338e+00
2.147909289244728015e+00 6.193840392221310331e+00
6.434832965818184647e-01 1.099997202308505173e+00
1.112230094636572852e+00 4.667166209923729880e+00
1.252904631326299700e+00 2.298231052064949598e+00
4.545622761887233132e+00 5.546498178353258979e+00
6.257058710143896363e+00 4.038805418248662682e-01
7.218885502262103460e-01 5.126273839615227423e+00
