6.326003591321093467e+00 4.739182201414219975e+00 3.170803719736101645e+00 4.688275782623404275e+00
4.677823116428536654e-01 3.612056165573226174e+00 1.572545333277796109e+00 1.587549696239304753e+00
4.769978655748056795e+00 4.717224867910382535e+00 4.730864180226525662e+00 4.697188844451050116e+00
6.284049987751349597e+00 8.784417056439069657e-03 3.912523536699556104e+00 7.996408963274936887e-01
6.290281394743330701e+00 -1.590734480060772116e+00 4.904127012650965511e+00 2.947086770172421932e+00
4.716351089157726051e+00 4.681621629681051111e+00 6.511065002340645780e-01 9.119958418467239980e-01
1.563444125938193707e+00 3.095617191857574113e+00 1.396048712497115041e+00 1.742315761172446686e+00
4.725844961825965029e+00 4.671354299780716701e+00 3.229916674289099010e+00 6.188506905722961804e+00
3.184860168084735932e+00 3.144550014665870918e+00 3.166637420038890482e+00 4.689546918728998648e+00
-1.436125408417720031e-02 4.698841960392186046e+00 1.472411520111939431e+00 6.380396027172924533e+00
3.140557538736501897e+00 4.763574896927558200e+00 8.049775875749000109e-01 3.913601724310339147e+00
3.123201868028524508e+00 3.188315635949078075e+00 3.126756877875321639e+00 6.301493171900845347e+00
3.110508717963623493e+00 3.115869030218392677e+00 -3.535503140166667418e-02 3.172543791136027469e+00
3.140075722871159325e+00 4.776818292638679075e+00 3.962837202733044073e+00 3.898995751572069679e+00
4.710718624085060036e+00 3.180751095508135506e+00 2.393796760411664337e+00 3.896007282686647866e+00
2.305639267324436845e-02 6.434182170053538187e-03 5.483823487963766785e-02 3.090002423442503421e+00
4.712479560372281107e+00 3.092476785216487389e+00 5.481891080301554808e+00 3.938472084030367526e+00
3.150525868981849609e+00 3.450438749096709778e-02 4.843322013992367836e+00 3.014182204570468482e+00
2.890107910663815977e-02 4.676600482997713470e+00 6.304444582164823174e+00 3.117860769681930488e+00
3.138428653994845607e+00 1.514106585680965678e+00 9.038617171935482419e-01 6.670947258288383308e-01
-4.849346054818248070e-03 1.574147604683689305e+00 1.240454178200818269e+00 5.046109989835161791e+00
-2.402702292171579254e-02 1.523632241904885998e+00 1.546104913834355665e+00 1.588737356898251019e+00
4.681053611605382470e-01 3.611693648347119812e+00 3.142680314701016275e+00 1.587713900123980837e+00
6.236197015055289228e+00 6.262585593060483902e+00 1.544270969123402226e+00 3.163699369853091525e+00
-1.391899351887173307e-03 4.713604129020795064e+00 8.100704150855863039e-01 2.333194851297537120e+00
4.755617475223982815e+00 4.740342682572237898e+00 3.164788439375740392e+00 1.551922659254235670e+00
3.610507250239674448e+00 3.612420408869079225e+00 1.571854740615516555e+00 4.728524909265952481e+00
6.311342814392018497e+00 6.299487431255060166e+00 1.610717489101557431e+00 -3.677171657606380373e-02
6.288140316425548271e+00 1.601030403309575023e+00 2.154052382842948088e+00 9.855470945381487047e-01
3.146096433040068252e+00 1.567817150457404107e+00 3.530722548848531428e+00 5.890971020437465455e+00
1.131593453558369343e-02 3.144783771015193796e+00 3.254111823304853601e+00 4.599583675779025604e+00
1.581095014340188731e+00 4.744509781631246703e+00 1.687891580015224990e+00 3.027404081241352074e+00
4.675571576066781532e+00 2.154802405215150776e-02 3.110716856074164482e+00 4.744370517828200740e+00
4.353996825032890698e-03 1.530685019691383708e+00 5.017972029438883652e+00 4.401448720234392376e+00
1.574916909491939521e+00 4.742197426281038020e+00 3.576190836336333945e+00 1.136292641553935612e+00
1.567961644321985926e+00 3.854951584108583934e-02 2.427899846779276061e+00 5.433572344080669581e+00
3.608753957880109997e+00 2.040312132167326098e+00 3.143302155388880692e+00 3.158638336517791245e+00
6.282309367864183258e+00 -3.405924575690643524e-02 2.361253195455309761e+00 5.490512019516737396e+00
4.069217814375499648e-02 1.526396019821542493e+00 1.802906052659200217e-02 4.690303351294499379e+00
3.135898498103589560e+00 4.684159755691546856e+00 -3.816302339765890918e-03 4.712408948095635708e+00
6.312943265146967242e+00 1.596812326015126793e+00 3.180564628546461492e+00 1.536234469484260012e+00
4.752102179442333707e+00 4.722939496747461163e+00 1.599724515740180264e+00 3.115453765218512583e+00
3.156444828047197948e+00 1.531514752252848721e+00 4.718117884843630705e+00 1.562673587635857508e+00
4.708374533713622689e+00 4.697132956022460171e+00 9.578008195949503367e-01 5.328527611886638482e+00
3.150814971170953438e+00 1.563149802523530196e+00 4.850169120467169748e+00 1.430936150166255860e+00
4.680367807654450374e+00 1.556694027573932493e+00 1.533688376696893840e+00 4.747188057760432400e+00
4.665412938586634084e+00 4.800728888679303523e-03 1.541842106485406205e+00 6.310439137789113140e+00
3.145854501256872826e+00 1.523167904179006271e+00 3.499114816832896047e+00 1.206451224275756351e+00
1.550304677583826063e+00 -2.363655766123923252e-02 1.512887898863275682e+00 6.338128434628385044e+00
4.661219340791335486e-01 3.610200272888134165e+00 6.285660994546692137e+00 1.588874527819663429e+00
3.159617477468218194e+00 3.118021674801379373e+00 1.628553844632549374e+00 -5.921147569534657845e-02
1.566003684420895770e+00 1.542008812879178681e+00 4.252054872396631602e+00 5.174679174814512450e+00
6.287732490984121902e+00 6.251402302645754361e+00 1.934961495658253261e+00 1.201014960855478320e+00
4.452057703289926879e-03 4.670141759858502439e+00 2.125274064957696663e+00 5.720365342810621812e+00
3.079313416418887783e+00 1.534887906320641093e+00 3.126626422559618312e+00 4.722551558342411582e+00
6.285485023443107444e+00 3.178717057155040937e+00 2.298499007839228891e+00 2.414570038451736789e+00
1.589338777074973175e+00 4.748811690852114964e+00 3.150541316898466171e+00 4.708745017153369794e+00
2.038602961985109818e+00 5.182537348551258916e+00 4.714954243650117505e+00 3.157672196130578701e+00
1.576421432657801880e+00 1.546554897051862110e+00 2.597665917041546702e-01 2.877574905082583179e+00
1.605878270725725532e+00 2.078894084276085991e-02 4.717471901002157963e+00 4.709778449671151890e+00
3.137949712835081950e+00 3.190244555733629639e+00 9.338290090781001807e-01 2.216121053819458009e+00
1.590456532307609194e+00 3.181035074244645156e+00 4.749656107660186422e+00 -3.274355306968913804e-02
-3.767483230162690239e-02 1.582847615117682905e+00 -2.560688901544493426e-02 4.737023717104287712e+00
3.155031405173371883e+00 3.183409000038087910e+00 4.793759689633604104e+00 -7.860152294516896399e-02
6.280229012757732043e+00 1.612019129316610844e+00 4.045699666393825389e+00 5.384833490512062504e+00
1.593504127093162248e+00 1.572953656224191255e+00 3.195603536428540892e+00 3.088923089335756877e+00
6.273208207050672947e+00 3.178833176258939908e+00 4.571632887123130651e+00 1.716211589980956242e+00
3.150265602561451939e+00 3.112129450911687023e+00 1.606263070155626860e-01 2.977204148118199001e+00
4.685044148788756746e-01 2.041659741031494057e+00 1.571208950144880712e+00 6.300203564565348913e+00
6.265745624660856272e+00 4.750337563689970288e+00 3.069381114521632092e+00 3.217477150842955158e+00
3.139524018648720105e+00 1.536863096486413172e+00 5.545662307055977180e+00 7.358778839804781535e-01
1.559729425983096496e+00 2.316752831233600401e-02 1.453707207530469336e+00 1.690397300846724571e+00
1.575678919115922172e+00 3.114886942090962396e+00 3.179071725636850587e-01 2.818829855242460436e+00
6.284988130511004023e+00 3.108726211750779456e+00 2.329980072205702246e+00 8.057495194940197392e-01
1.574766887110261138e+00 3.182493610012976148e+00 3.779902431803149110e+00 9.324724235124858263e-01
1.572560188283077309e+00 6.237451886757480857e+00 5.455261079019485315e+00 8.224308183261930250e-01
3.126177841589826922e+00 1.569591217091399704e+00 4.692379726922340843e+00 1.801072696732675116e-02
1.585643640304007507e+00 4.759046861421889929e+00 5.599515394845492461e-02 1.518377403106938583e+00
3.166812243188414921e+00 1.583223609895828110e+00 4.750044035633206541e+00 6.247248516066535196e+00
1.572606220083960116e+00 3.093254291709647941e+00 5.480935167771106009e+00 2.365725507349040413e+00
1.568900529397967203e+00 4.676322585374562912e+00 3.966124712740267011e+00 7.443116348210458977e-01
3.167872733791956552e+00 3.107666317709426806e+00 4.754389780295848134e+00 6.238353948073165789e+00
1.568028971202980903e+00 1.565787948042814071e+00 2.430789233209979638e+00 5.425851653034547972e+00
3.169340731063596817e+00 1.553479384218153569e+00 4.595986858509380074e-02 1.525989670791356945e+00
4.683292356076080409e+00 3.102095156121550179e+00 6.268453394711544391e+00 6.292523164140856551e+00
-2.796140385288922031e-02 4.682957976999245098e+00 4.691857808346003189e+00 3.158032628476436177e+00
4.727535337414707328e+00 1.577359318463579463e+00 4.788684977454974678e+00 3.067254349949398495e+00
3.189535124394005106e+00 1.967478600256716142e-02 3.173953769063510677e+00 1.542085194571492623e+00
4.749165081318786008e+00 6.259020333498314770e+00 4.741381046668668553e+00 4.683130996920936262e+00
5.218382697772061193e-03 3.166182728776342881e+00 3.393730952931749645e+00 2.891072857536388874e+00
-4.247110187268653830e-03 -4.228288763144735091e-02 1.103967410867207732e+00 4.650636166655063297e-01
3.143149501596949502e+00 3.092459983307324300e+00 5.470781412122993181e+00 2.376661670009981187e+00
1.552561865227272131e+00 3.140051423272716580e+00 4.646346257784704115e+00 3.206808453584225393e+00
4.691233588416030109e+00 6.256306294590130435e+00 3.088761170629297670e+00 4.918353339396827617e-02
1.532235956016530398e+00 4.734001900420348186e+00 1.535611446020350712e+00 3.178281276726561355e+00
4.452940246547693569e-03 6.248053938206203917e+00 6.753017926124480930e+00 4.235467794986983670e+00
6.298742635240185628e+00 4.759072439631660600e+00 1.646621652219645071e+00 3.070334251574299067e+00
-5.047637541353110907e-02 4.711579141118702907e+00 6.265504784436664920e+00 4.727805864095834920e+00
4.717173295244946551e+00 1.549397036776426706e+00 1.926060196755226883e+00 1.211049493599600124e+00
1.592616439436897569e+00 1.542880307758072833e+00 1.625771300514264439e+00 3.085719621941125368e+00
6.308174141161770443e+00 4.733595738033645084e+00 6.321434656061902579e+00 6.247940987199532614e+00
4.717187359949007508e+00 6.276816664044007510e+00 3.792194809519576104e+00 2.485061358790015884e+00
3.106551078606740290e+00 4.686783391757729511e+00 -1.855327075616532498e-02 3.156866543003268966e+00
3.115273390860169744e+00 3.115318989294815655e+00 1.570610098081400174e+00 4.709991461554388081e+00
3.145669023891029425e+00 3.138912221261136004e+00 5.393189854834443686e+00 5.597383665378280249e+00
4.691502002493615819e+00 3.145853013081522764e+00 6.221207352269053636e+00 1.631945252089311182e+00
-8.381236100795714031e-03 4.680770982227514310e+00 1.425136551534295526e+00 4.855000980319459813e+00
3.178385213045528346e+00 1.569402737459974828e+00 1.605001250048712746e+00 4.680417862344693702e+00
1.597786491763708794e+00 4.281694617744262465e-02 1.619132643915016656e+00 6.240337479589261882e+00
6.305510803851433366e+00 6.271170847053495478e+00 1.626645474206087183e+00 6.227439451087735556e+00
4.689492330294794620e+00 4.680569845866528134e+00 3.101517271733880587e+00 6.320348057997093427e+00
4.681181477408791203e+00 1.547734003936021452e+00 1.531755583635991957e+00 3.176874623931666974e+00
1.598521619888767509e+00 1.614753810002433676e+00 1.916884566902760795e-02 4.699408077507526649e+00
4.716664240075134629e+00 4.676395902631553803e+00 1.933767281455666565e+00 4.342868622157735281e+00
4.707716330606651844e+00 4.746957500619568115e+00 5.944049292049045086e+00 3.451061622599373435e-01
3.146356532987723664e+00 1.536340444436726349e+00 3.816468039188734895e+00 8.867878861351665698e-01
6.279080490018870364e+00 3.191321778418671151e+00 1.017017727462973475e+00 3.705268217596286995e+00
4.740626963862001553e+00 1.595940859979802617e+00 4.747442809491054128e+00 4.679794455773991224e+00
1.541500129475689818e+00 3.284781050533779057e-02 -3.803782026162235569e-02 4.753130144693569648e+00
2.674821886846260544e+00 5.813880496107564966e+00 1.569319551818596503e+00 3.124241906472980723e+00
4.716747009548456049e+00 6.227206041291253769e+00 5.061310958029430207e-01 1.054102917076314538e+00
-2.990455867239247148e-04 3.170015559918144099e+00 2.361991057947067318e+00 2.352631729005938421e+00
4.706484896485106262e+00 2.517892954416561802e-02 5.989384252255283592e+00 3.441119954142574322e+00
1.575153164830944474e+00 1.604861122110630589e+00 3.667168401196655658e+00 1.044661556401712543e+00
3.127131415224143840e+00 3.171069744527100998e+00 6.207726543878354875e+00 3.218861079410652248e+00
6.269609392459147834e+00 3.111614435708267568e+00 1.476111709167329922e+00 6.374885199074974196e+00
4.682863099406043617e+00 6.332390771728725554e+00 -1.968333147701322242e-02 3.165807531049991130e+00
3.174957237964084467e+00 1.578856782690479355e+00 4.745865870684460752e+00 1.539889863636659806e+00
1.566462375351998171e+00 5.025971324723837313e-02 1.166469536385384309e+00 3.553491423248979153e+00
1.585411956854331006e+00 5.668233554781861028e-02 4.742115997804322802e+00 3.118175841109083635e+00
1.102387954858514485e+00 5.811900816001728032e+00 1.569362227352172789e+00 4.696093821553751546e+00
6.287183269652227402e+00 4.643737436433098331e+00 5.309691484068637557e+00 4.103802145023515813e+00
4.712923995051706783e+00 1.511383325574813696e+00 7.591898157048211360e-01 2.376887540404511334e+00
1.101756662998558012e+00 1.099849213282598548e+00 6.282315297872666626e+00 -1.622274631534391734e-02
1.568521345625947028e+00 4.656455517545379230e+00 3.995438553795139125e+00 2.284738560164564891e+00
4.716416652869371617e+00 1.550564789548988243e+00 2.099815928007170207e+00 4.177948233775703457e+00
1.537528602301714953e+00 3.138059281393083211e+00 1.525327442909383491e+00 4.353786874050293715e-02
1.566328843055779574e+00 -4.040024272122764992e-02 2.743628186286649839e+00 3.977834461716250325e-01
1.547988866605142233e+00 -3.783040164150470314e-02 -5.626683960092653675e-02 4.763860402671061145e+00
3.153015051017666881e+00 6.244466225995094710e+00 1.668033995371786649e+00 4.611520077274265716e+00
3.165596959348132788e+00 3.123382813572408878e+00 3.191683049830536856e+00 -5.102543629931553804e-02
2.890442356390997888e-03 3.159165596864030867e+00 5.446347761752916128e+00 5.544603290965121722e+00
2.038164976625478353e+00 4.699332649674993756e-01 6.285109685764424192e+00 3.158537182128213328e+00
1.545554656995643539e+00 1.001386437136187867e-03 3.089905915996379537e+00 3.192391521211733973e+00
-1.768816957656330763e-02 4.191150013532336793e-02 6.220564057535132640e+00 1.638181045560873184e+00
-8.902738013459686808e-03 3.189007427677452267e+00 3.139319044238589651e+00 1.577110259194490549e+00
1.566831792766065767e+00 3.178874126964791103e+00 2.441839731287140491e+00 2.279508951858928878e+00
3.170652261750218415e+00 6.289402853093630341e+00 4.754204833148943266e+00 1.531867082136405989e+00
6.325703422822924082e+00 4.731054029358828572e+00 1.595459848496618704e+00 4.691994544431385528e+00
-1.566938191917674361e+00 3.165186231108922943e+00 3.139283446397195476e+00 1.576122757867935320e+00
1.549088942087872178e+00 3.107431174659327944e+00 1.517333501987270461e+00 3.190630538687982742e+00
3.176073134461487868e+00 4.714156488725850913e+00 1.591047901966503808e+00 4.694402139673764296e+00
5.180253284678293824e+00 4.696937736094807803e-01 4.713972120877585326e+00 3.158263472586283260e+00
1.575237896363356871e+00 3.176166838467420650e+00 3.736611705432746344e+00 9.745441748720501396e-01
4.685947513800944542e+00 4.717670028529736825e+00 1.523420003252931698e+00 4.759042195377168660e+00
-3.035902326221636988e-03 3.139827340388873456e+00 2.399338182324505908e+00 3.887801710813385547e+00
-1.200767957893361356e-03 4.757538865492598745e+00 5.519494967362910565e+00 7.694943996752018345e-01
3.150651890427232704e+00 3.262913980971549749e-02 1.415058016122773266e-01 4.574222975110434852e+00
6.287821974976104400e+00 3.106440601295804793e+00 3.616395488765059341e+00 1.089122727648095257e+00
1.556195750715289261e+00 3.192988973265753927e+00 3.064069086904252170e+00 4.795095802120003192e+00
1.575382621508365277e+00 6.317853642506602974e+00 6.656598575538435369e+00 1.198362928499442370e+00
6.279050246897148746e+00 4.669188413847954244e+00 2.627494054916688970e+00 5.226132638706333822e+00
5.179847280849337210e+00 2.040282316935478679e+00 6.283762083974909984e+00 1.587344506769786445e+00
4.675084514609117115e+00 4.708524016703191428e+00 1.544334268216156048e+00 4.736568987210691972e+00
4.720272097166450465e+00 1.618073355472707808e+00 1.692630800435719063e-01 6.118094990706787861e+00
6.278644321408445528e+00 4.675596090126797222e+00 4.119031243287890831e+00 5.306618870110753505e+00
3.928329737110117237e-02 3.107923926524734703e+00 7.880217118648752184e+00 1.543314093956568156e+00
1.578006854298295680e+00 1.530571318304362993e+00 4.873555449061572453e+00 4.546866278896218638e+00
4.730689754907935196e+00 1.621482232080924346e+00 6.306186871880275824e+00 6.265047046750275683e+00
4.708074924038536224e+00 6.243856109239019681e+00 4.158522650071172500e+00 5.547988011212663384e-01
1.558714866521023534e+00 4.679171226872393952e+00 6.172309711449115888e+00 4.819861543685489913e+00
1.624505159438633495e+00 6.289389214232064873e+00 4.728410032822556452e+00 3.129690877924980796e+00
3.033915812869280443e-03 4.219987998650781558e-02 3.854963426199617960e+00 2.427865383142170597e+00
4.689476972496086304e+00 6.293585153380789166e+00 1.523933193137765540e+00 6.330698117674240954e+00
2.673470918406924746e+00 2.671044403101815234e+00 6.282454689037203721e+00 4.695745930178588878e+00
6.314552589253466408e+00 1.520651884976940149e+00 3.164775126066647903e+00 1.543258718103306171e+00
4.715220050105777716e+00 3.186656884895418429e+00 5.423238352094190695e+00 8.607380764430999642e-01
4.717056799748719165e+00 4.767678244216245531e+00 3.632693271011255387e+00 5.792529735030445437e+00
3.130012986457119339e+00 4.780392441329334829e+00 4.647481768554374781e+00 6.354931135726901381e+00
4.717747049004826110e+00 1.542322904787718274e+00 4.966065860141956279e+00 4.454149869884656887e+00
4.726247769875256743e+00 4.748479350488183037e+00 1.568372734125242474e+00 1.577295832032512113e+00
3.991558346920544287e-02 3.119821004693639654e+00 4.709473853260432996e+00 3.141798448516956554e+00
3.106516041967150255e+00 1.620344971914061905e+00 4.695789814440781917e+00 2.058790182580721301e-02
4.708627797330891873e+00 4.658415518006491673e+00 2.695779115338444942e+00 2.013383378270434232e+00
3.145904910982111335e+00 3.181866566836007770e+00 5.296666382668144379e+00 2.556974140291554676e+00
1.653931296398688773e-03 1.546730677745135063e+00 3.874550593833740564e+00 2.404572667811234687e+00
1.535077261618059241e+00 4.706810978051648497e+00 4.685830819208645970e+00 1.595116007448479367e+00
3.146649146681719245e+00 4.684038411956731984e+00 3.430068480180523682e+00 4.419042760443208095e+00
5.177859667587290105e+00 3.609577642916793394e+00 1.572353394626623269e+00 1.855484580449933557e-02
4.687158882014403893e+00 3.228569487697648122e-02 1.518493774987383249e+00 4.767263842388270056e+00
4.720343976890882587e+00 1.599835484118369733e+00 3.140750112689271845e+00 4.715576296952330715e+00
3.146100622046314133e+00 1.546688058337210014e+00 5.094412743503857754e+00 2.754743452959775407e+00
4.760254931798934663e+00 3.112939703008888781e+00 1.602701150886593817e+00 3.111751032571909992e+00
4.668062178106910487e+00 6.306987713134954099e+00 4.681573010030755988e+00 3.173035559741139711e+00
5.180204334564876945e+00 3.611178487512288093e+00 3.142160564754206575e+00 3.158578308232848020e+00
3.136866717472051480e+00 6.240641696397488225e+00 4.398656697917535219e+00 5.024291664068924135e+00
6.278731826354753132e+00 4.679251858954327936e+00 2.555716665211812177e+00 3.729369387082327680e+00
4.687599074473230765e+00 1.601836085533995702e+00 4.658590142496177755e+00 1.624887475168991902e+00
6.256618263423659343e+00 3.124443323721740384e+00 4.668285928982262689e+00 6.324371881599862633e+00
4.711849060582554038e+00 6.330026088675065665e+00 5.498590963229887940e+00 3.932706045443002729e+00
3.137143820002269212e+00 -3.949296372831066770e-02 4.168287136150494732e+00 2.115965849932367693e+00
1.575331679629356829e+00 1.137294844799297162e-02 6.086474466022246954e-01 2.528299889201808703e+00
6.278835920495884793e+00 6.252398161345198879e+00 2.587724168257623081e+00 5.549149816369871591e-01
5.814301964462045724e+00 5.812171001131823722e+00 4.710646321376050771e+00 1.554741795489198219e+00
1.566781321789853854e+00 1.587207644991854849e+00 9.438771987405405461e-01 6.326902240111040854e-01
1.562964811132986354e+00 2.074897750665441118e-02 2.974324116858775735e+00 3.312439070606534308e+00
7.255676119394822553e-04 3.170390450103498736e+00 7.602537832014606423e-01 8.127144592417109292e-01
3.132247685389665470e+00 1.508345774060574129e+00 4.622686762057719001e+00 4.795836045973061346e+00
1.572882045661558426e+00 3.109668650624441089e+00 5.443176234543520842e+00 2.404491457165836454e+00
-4.016432002439326854e-03 6.238867767487578320e+00 9.242503031490867382e-01 6.458487098443369545e-01
3.106411950942096656e+00 3.161240899147321315e+00 4.680669054192347467e+00 3.173861697059243259e+00
6.247773200200636090e+00 4.663182200966634383e+00 4.696165068339166027e+00 3.150158210890239285e+00
1.532079383172108455e+00 3.132783241140197017e+00 3.121808839065407071e+00 1.588734569160963783e+00
6.319958305399551612e+00 3.114504067180868141e+00 1.490315174304622167e-02 4.697310246094421160e+00
4.677026947549300040e+00 4.735370841926302532e+00 3.108052511088407854e+00 6.316827440122912307e+00
4.741799047794062361e+00 6.289767378517216123e+00 1.611891673724050955e+00 6.245263205455747091e+00
1.609489057187553973e+00 -3.686951179874130291e-02 3.167028343898118159e+00 4.684982099624398266e+00
1.566213925848948252e+00 6.258373252829463773e+00 5.683586243577114061e+00 6.023645570578084474e-01
6.239465602266875521e+00 3.149237038150532797e+00 3.120048994041533241e+00 3.162081496787758628e+00
6.293869698011635982e+00 1.574656806327445535e+00 3.267310102721820986e+00 3.015524812418392209e+00
4.718694201416859357e+00 3.096276757755012987e+00 1.785734559368560292e+00 2.921247335297660452e+00
4.651566315271330465e-01 3.608425983927828096e+00 1.573828699516811591e+00 1.818446663149991468e-02
6.283212822038954926e+00 6.335238928448455376e+00 5.500605010311258702e+00 3.928278905812414568e+00
6.339296663843881241e+00 1.566826041463548203e+00 4.732428261446583129e+00 1.552058340180902718e+00
5.179937044218557496e+00 4.698226895728253583e-01 4.713600835430512781e+00 6.300328004497973922e+00
1.588090990023054427e+00 3.115151604098187921e+00 6.362159852117687642e+00 1.490756766585763726e+00
3.801251709186943828e-03 4.657975961886284821e+00 3.645191623689921556e+00 1.059242099379016810e+00
3.138613125802417247e+00 2.687734420886800715e-02 3.996216801420193310e+00 7.230241973160534963e-01
3.126420340064294034e+00 1.576669447628229470e+00 1.492891178175309808e+00 6.361664756298383239e+00
3.145400236436767472e+00 3.181061553818533838e+00 6.945388047876203785e+00 9.080748867962409321e-01
4.708684931594802947e+00 4.684031153099836864e+00 2.443819039186743147e+00 2.270719695524094472e+00
4.717358380709034904e+00 3.172345548354639000e+00 3.797411442575839402e+00 5.623320791598198198e+00
1.535744320378783057e+00 3.168492105435917416e+00 -3.329103257142588396e-02 6.318246796359514583e+00
4.030949221731371795e-03 1.538649602562909058e+00 5.375386105744061283e+00 2.469262360129483636e+00
3.145241877888393933e+00 1.609137835664234961e+00 2.272544778665744669e+00 8.680160251576289898e-01
3.475097784950131278e-03 3.102450912086549106e+00 5.281655327911818354e+00 5.706450652493578524e+00
3.137198400611774574e+00 4.732052169268144759e+00 5.671439437988069265e+00 3.760223736867377209e+00
4.742398899299042903e+00 3.165843908679661034e+00 1.611201106053152365e+00 1.533662099219431418e+00
6.265280139453206942e+00 4.733766368021236737e+00 6.219436012187501639e+00 6.408073235702285708e-02
3.121351439891630442e+00 1.028357466196073121e-02 1.509481649213540999e+00 3.203307952662602709e+00
4.716893873413511074e+00 2.757344066120444304e-02 4.196608385688281873e-01 2.720969743453047318e+00
4.701376980960032093e+00 1.599490265290281377e+00 3.096115281863053070e+00 4.897482422650957512e-02
1.587552515065542735e+00 3.103281336133832724e+00 7.681676824674589510e-02 -7.916145016391397393e-02
3.182654543693854698e+00 4.719042958227174900e+00 4.734857937296061969e+00 6.264109253047060122e+00
4.629473847001178838e-02 6.270021205572054335e+00 1.590214552368709663e-02 1.555065172741991963e+00
1.971220678509360072e-02 4.704901251061102130e+00 4.764965207216167009e+00 -5.445716026439514218e-02
6.286954821966075357e+00 4.674665355774642705e+00 6.815740300281389885e-01 4.021654802806444273e+00
4.716654375344699446e+00 3.201696189174303875e+00 3.603769184917831492e+00 2.679207976148478831e+00
4.675772594549911787e+00 6.320727839059392394e+00 3.113312476821947339e+00 4.741010870884158734e+00
3.167529270281059350e+00 3.097474125934129852e+00 4.770826151372122403e+00 1.508305607397398385e+00
2.037585302519891339e+00 5.181065172053428647e+00 3.143224955170897505e+00 1.743684315259313999e-02
6.259677451159729067e+00 1.562366425159067207e+00 6.236566713516540794e+00 4.757174073049569962e+00
4.705380825126811217e+00 6.261777981256075876e+00 2.965107187640429132e+00 1.756732310695062471e-01
4.716338623706486821e+00 4.758357887107574236e+00 5.263446514518999031e+00 5.731631945640275561e+00
4.708729289053755984e+00 -9.606519278322815311e-03 4.032176327842940111e+00 6.838652400723991276e-01
3.154397140833028246e+00 4.716144375746456952e+00 1.664734082048288100e+00 1.477822910755984820e+00
6.269342383487229498e+00 3.177812034827572685e+00 6.294256360047113752e+00 6.274352167152759563e+00
-1.338309943282464144e-02 3.492063975512588875e-02 1.471593314547673836e+00 6.383991073472595978e+00
3.105780149242255650e+00 3.171644592724646827e+00 6.253700439110487785e+00 1.601013744368455560e+00
4.700666980770925818e+00 3.090096981237912210e+00 -7.045855224286692864e-02 4.779131574701064977e+00
3.137240725836282440e+00 1.585200012373225054e+00 2.634356739334888342e+00 2.081972621717999683e+00
6.238798508255751329e+00 3.161834958446527732e+00 -1.697548866670649942e-02 4.730565137283178956e+00
1.103830428432918787e+00 2.672160946704056794e+00 4.709623279495144033e+00 6.265462778748324801e+00
4.697553755408713450e+00 3.119281924762830727e+00 3.060532338435629551e+00 4.790166550523243139e+00
3.146511960728798130e+00 4.719171787580312555e-02 3.783606010372467576e+00 9.271157579611881694e-01
3.182403625870326991e+00 3.083658916963349039e+00 3.159387622527694894e+00 4.690381888498754925e+00
6.274399632625578427e+00 4.714461671917506536e+00 4.703640156741765388e+00 1.580245996632965833e+00
1.571732535416107621e-02 1.607827711416289773e+00 3.223544107683787185e+00 1.492526160907164279e+00
4.682161080658932661e+00 1.603256872366839225e+00 4.687229944689848438e+00 4.739854616262658915e+00
6.251430872555240548e+00 6.244901680420636758e+00 3.109286489404290865e+00 1.597742093423054399e+00
3.147063592375347607e+00 1.523999319698444266e+00 2.539232802926881805e-01 6.023835580367885356e+00
1.548746154377585782e+00 3.086732156277294692e+00 4.693671531055020552e+00 6.295754460201407277e+00
4.720347723996529687e+00 3.217135352911087293e-02 1.751297666213141424e+00 1.393161677281455235e+00
4.684772858252133076e+00 4.699909499023774195e+00 6.243230658079254702e+00 3.179533497785795415e+00
1.571277665620884667e+00 1.575757688086672825e+00 7.746597699063533238e-01 3.938655578093927634e+00
3.155413753358188966e+00 3.114622395126771526e+00 3.227281940957083872e+00 1.483172435536161959e+00
6.302110561593742055e+00 4.676753770268692989e+00 6.351262393304983433e+00 4.641657411800184541e+00
1.566126047840127100e+00 1.540837438965678929e+00 5.678238127701604299e+00 5.319439375200564868e+00
5.179888962622264614e+00 3.611855072436131131e+00 3.144012303404031261e+00 1.587656180806697126e+00
1.562543778003525841e+00 5.262886419000606386e-02 6.149728158921142551e+00 1.389856166357028577e-01
4.702269116325771492e+00 3.176266130445968727e+00 6.147754109114785592e+00 1.709787080742514176e+00
4.714762584087753616e+00 4.666287595418654455e+00 2.307950850526947040e+00 8.242006462194059191e-01
1.611438726154467371e+00 4.718759561439560990e+00 4.734936174306939805e+00 1.550449442236009334e+00
6.257868511458124061e+00 1.610465989990043978e+00 4.679980060736934178e+00 4.748708726837800320e+00
1.590871057182548176e+00 4.679908115619464404e+00 5.552370340637920870e-02 4.654370093825787258e+00
4.683292559620983120e+00 6.313058992528817193e+00 3.112222444853702807e+00 4.742795156214317132e+00
4.717271463424077993e+00 4.735264339377871501e+00 3.142560428018522645e-01 2.827778011885317966e+00
4.664841605219897325e+00 1.588406716741031399e+00 3.119130330363723225e+00 1.593780797381261216e+00
1.546969856992902015e+00 6.224723913223241034e+00 -2.467397565612241758e-02 4.729818189916962012e+00
1.575168428484244654e+00 3.572067150782802514e-02 1.853053044066090171e+00 2.861449956442757347e+00
3.144353070322192245e+00 1.546485990770311458e+00 7.331535968547493454e-01 8.322657050182309391e-01
4.758959511309311274e+00 3.104261206489151714e+00 3.070123587498804416e-02 1.537513762260449779e+00
-5.131411140903328720e-03 6.316743980684298876e+00 1.008009396918034373e+00 5.712108438824583523e-01
4.063019370588632009e-03 4.901573052143348708e-02 3.723210477649710359e+00 5.702193712294572059e+00
3.137008951334561146e+00 4.765164857086356953e+00 -2.967371351081660724e-01 6.586901033302390296e+00
3.137672137176992226e+00 4.757444957767884119e+00 5.599740512612604526e+00 2.263970368986671922e+00
1.540562255898270116e+00 3.136407986483854327e+00 1.541332092929721176e+00 1.597998992392860584e+00
4.737415735936295391e+00 6.301262998842704910e+00 4.068371240117934357e-02 6.245133842332909246e+00
3.129395677417806443e+00 3.190345376809278211e+00 3.072741055901762941e+00 4.785364684234459709e+00
4.690448679042866331e+00 4.680939263233128145e+00 1.532627851167445598e+00 4.746763784799306052e+00
3.108876250219827941e+00 1.613771709381976560e+00 3.107005985404046378e+00 1.609843314445513096e+00
4.754277996150166885e+00 3.160662652208064749e+00 4.738388034471025634e+00 1.548424998654898577e+00
1.814030275666185910e+00 3.020717611879842668e+00 1.984696581524249437e+00 4.109071074557344994e-01
1.575137117466663961e+00 4.755091704324178714e+00 6.496203501276007763e-01 4.060623949039158909e+00
3.137195998899063643e+00 4.751195632514234823e+00 5.688571811528768229e+00 3.744482159421845591e+00
1.567443568219049732e+00 4.755366999522433247e+00 4.057714961499838680e+00 3.803554727031754457e+00
6.325783639353543819e+00 4.693468039767635602e+00 1.598472041323215409e+00 -2.813843407740734479e-02
5.179685476807603273e+00 4.699688322532396545e-01 6.284714342220493855e+00 6.300682841858086469e+00
6.278292660788980406e+00 -4.607029662257753483e-02 3.117408520235360303e+00 2.089381018224416992e-02
3.166793972853654271e+00 6.299220331301487619e+00 3.192393707837844374e+00 6.234827011000575681e+00
6.279110172658387334e+00 2.402998764675478433e-02 5.794880304697097806e+00 5.207352048194445970e+00
3.176803667928164820e+00 6.278875206076773630e+00 1.605631385912632547e+00 3.107038607670289387e+00
3.164000679559657581e+00 4.689852961413663479e+00 1.624133217824435427e+00 4.657178960979562632e+00
1.595800464615657832e+00 6.263775048021005709e+00 1.578090909875968562e+00 4.703560879691898400e+00
4.688879082058709180e+00 1.551689717437189753e+00 1.518954619779506521e+00 1.619131735900846802e+00
4.710651817390950846e+00 3.190069799941628315e+00 5.522265579504686883e+00 3.910165311293203327e+00
3.169222133427680443e+00 6.237797356767229573e+00 1.596858005725787955e+00 4.683519010636456592e+00
6.287823109546095246e+00 3.096362462874729271e+00 5.112977255754227457e+00 1.162654337671075844e+00
4.718822478702477952e+00 3.099224932825372925e+00 6.481282598385098126e+00 1.367170123261251868e+00
6.283716708531688511e+00 3.181235204641562397e+00 5.474776982574338646e+00 8.127086140048982443e-01
6.276723631267283388e+00 3.144781387150193730e+00 1.350350337994794314e+00 1.792736044842785814e+00
6.269313669590691696e+00 3.120744549074558005e+00 3.051459048168001953e+00 4.800444815711720992e+00
6.280279714468019137e+00 3.194344641099502002e+00 2.452486626899115674e+00 6.975460309695250549e-01
1.618518920769137281e+00 6.261236111728422316e+00 1.593979799796638952e+00 6.260336327824182590e+00
3.146007049388221510e+00 4.751267358800940421e+00 5.263559793136457721e+00 4.159729073967112001e+00
6.288191409033938584e+00 6.278775151962356915e+00 5.194459186124844585e+00 5.796627408508816082e+00
1.530168655317408088e+00 3.168415549120695562e+00 1.534861925956092055e+00 1.606692628172412318e+00
4.749137752042896565e+00 -2.549232500586318811e-02 4.739566563852876335e+00 1.542770490431894181e+00
3.136344657976625871e+00 4.665222793592163519e+00 6.026725469008101577e+00 1.823462466804654625e+00
3.136906163387090718e+00 4.708779062389331749e+00 9.686744394183992579e-01 6.079761631723550330e-01
-4.359293779932541489e-03 3.144488653876791773e+00 4.273480102958107985e+00 4.423062770321408710e-01
2.038974037944977447e+00 3.610849843377923030e+00 3.142985000658815142e+00 3.158613641814764339e+00
-4.113604687215427665e-03 1.570169687700602168e+00 2.512625072727665110e+00 3.775976890303231581e+00
-7.046163368008966435e-03 2.973882118324835261e-02 4.504541801823766178e+00 4.926376002311140923e+00
-4.220485424291150339e-03 5.697959214549128126e-02 4.186966123727253297e+00 3.676809569675797196e+00
3.506005134332442624e-02 4.719140885245732164e+00 4.743986089959932428e+00 4.683376133952983800e+00
1.593125957439615048e+00 4.703699030655787539e+00 4.743493800548058914e+00 1.539013169650915280e+00
6.285704422245922629e+00 1.582576521904413225e+00 5.437791414218597019e+00 3.984671187064219744e+00
4.713447002290122256e+00 4.759390710914645162e+00 5.447371346736551878e+00 3.981499850499985449e+00
1.583427659012435651e+00 4.726658514471122174e+00 3.235951353110162465e+00 1.478031757392764378e+00
2.968837245413966791e-02 3.103679293815854390e+00 3.169878235929735055e+00 6.252849285518093048e+00
3.146394212136020219e+00 4.677896653042831865e+00 5.053636776886527571e+00 4.364628715176908536e+00
3.611157096368344116e-03 5.333618873013998285e-02 -1.086254386785084902e-03 5.672757127783109241e-03
4.718257650873691311e+00 6.249754314533065624e+00 4.930554826512863364e+00 4.490224982210460958e+00
-1.030154888629117912e-03 4.684855189422330923e+00 2.378142145434187782e+00 3.902740409662644794e+00
4.749747419820037564e+00 4.690125387543330859e+00 4.755954781721589697e+00 3.097468342485035109e+00
4.672962776173085128e-03 4.732417855828035869e+00 1.886574461217951360e+00 5.967688796165059095e+00
3.137422932052007063e+00 -1.920867592236508159e-02 4.220502238268466932e+00 4.946321310544021799e-01
4.708744738477100178e+00 3.186630006756720146e+00 5.694933826904463814e+00 3.738170090957149583e+00
1.615002508322653130e+00 1.595271791721158294e+00 4.739138828847986318e+00 4.689970308970915269e+00
3.164653185806904467e+00 4.747139978297641782e+00 5.651989089325660381e-02 6.229829821408821466e+00
3.159058960260784588e+00 1.606110093154407892e+00 3.212420495507108953e+00 6.216899051553065547e+00
6.254294453634558160e+00 -4.659283535757192257e-02 3.119648966306600268e+00 1.587348924860267685e+00
6.337208848796987759e+00 6.256790484003218467e+00 3.169173830733107877e+00 6.256332354989122990e+00
3.186106794442479462e+00 4.703625303576137284e+00 1.594736407149256019e+00 4.688968546250838365e+00
4.716633772918016554e+00 1.538762606445981618e+00 3.595352017980558923e+00 5.821317492205417388e+00
6.291512700150108550e+00 4.736126569633481331e+00 1.509579934164829718e-01 4.563479006043878350e+00
4.679740827958797311e+00 1.602465410730674167e+00 -2.915073241282201133e-02 1.601877305429907805e+00
3.817435352037502980e-03 4.752758200286603341e+00 5.846848110797955300e-01 5.698253577065000464e+00
1.562101049519932783e+00 4.749790319769358504e+00 4.554983757668493283e+00 1.625923196924174141e-01
4.731430333765394458e+00 4.701431589012234902e+00 3.220441939321836866e+00 -7.907954450247024758e-02
6.278133469711089987e+00 6.238684617602398674e+00 5.686798145416486427e+00 3.739474597561420310e+00
-4.715763225173525558e-02 -2.111860573224452406e-02 6.264945661656736497e+00 6.299533035121770652e+00
1.574911771862627985e+00 3.178120167121146089e+00 2.211038311127897504e+00 8.783039493334856118e+00
-1.579032402255653667e+00 2.968444269740792840e-02 4.564188452510184568e+00 1.723042454565730353e+00
-1.588308858482748165e-02 1.529640704418890884e+00 6.214174163325167477e+00 1.635528687885694277e+00
1.560853999555461114e+00 3.190323743380095944e+00 -1.278341421218912588e-01 3.274284533241957895e+00
4.708030891399948459e+00 3.223548246775647524e-02 9.865503033325611071e-01 3.732244545454139306e+00
4.768154708178249379e+00 1.566441948473589418e+00 3.167934346960899816e+00 -2.401851948462117858e-02
1.561382635187483547e+00 1.603669670092942479e+00 3.024681827362626141e+00 3.262052563111830672e+00
1.547670052184351386e+00 6.251594780836288834e+00 3.090346499277119463e+00 4.759546189845027087e+00
2.678245664556504479e+00 4.245276853499384551e+00 4.708112509905316934e+00 1.550583189111608862e+00
4.683489849028548591e+00 3.325387198245938897e-02 3.127485279458294354e+00 3.157858193915980216e+00
3.169916100659110558e+00 1.592826678232645010e+00 3.474685209351670995e-02 3.109609447448385744e+00
4.701697642901939922e+00 1.526814994784612134e+00 9.323076674508309902e-03 4.697565022945943802e+00
1.604853419053970942e+00 1.568720522842371290e+00 1.604458264446773308e+00 4.678434232416782024e+00
4.679429676918148706e-01 5.182738684159136078e+00 4.713667867676089251e+00 3.158666870637264701e+00
1.528470933192465964e+00 1.571437203111196945e+00 3.114565033457623144e+00 6.308732376847141055e+00
1.605171475728727648e+00 1.577618161293334875e+00 6.314379271777193381e+00 1.541203128095615549e+00
4.739853939999704835e+00 2.519073599302064283e-03 6.319156886063216128e+00 4.678480103700207060e+00
3.141618221723960769e+00 3.406151907519652799e-02 7.812572120268345133e-01 7.921878155177508596e-01
4.716897006539542581e+00 4.672174368362194130e+00 5.256253994581871147e+00 2.587158532265062760e+00
3.113836668803653840e+00 3.119021674248734222e+00 1.549324228551858917e+00 4.730256692103242067e+00
4.692784653697261721e-01 3.612649960634096935e+00 4.714713908972514744e+00 3.157361339079362228e+00
4.737504775320933170e+00 2.921194478915196263e-02 1.617507791420789154e+00 3.097062449537428819e+00
3.129595610225553326e+00 3.106777134227358683e+00 3.127032797350076887e+00 4.723444669696345244e+00
1.610923007025610421e+00 4.694980213270191882e+00 3.166889132727890743e+00 4.686744281375069043e+00
4.717361816395635898e+00 1.584483288379772592e+00 6.658339455320775313e-01 4.041904454554913428e+00
1.574274587535356318e+00 3.070171049549032194e+00 5.134940528218180367e-01 5.759934027294882242e+00
-1.484039100932409497e-02 1.610858077538097177e+00 3.066997074108633647e+00 4.790468168803255544e+00
4.722261379218366528e+00 1.552340847167704929e+00 1.702881638295145272e+00 4.578353334695173693e+00
2.674501213275884304e+00 4.243420629756725404e+00 4.710400493189640159e+00 3.124245545056705708e+00
4.708421747854638184e+00 3.133459921625323830e+00 4.066406967433509045e+00 6.486603602307902117e-01
1.574332442970831636e+00 4.693832978341378137e+00 3.834170366274606057e+00 5.584311318702368077e+00
3.135719054815951701e+00 1.603823363376314148e+00 4.509622246863519202e+00 1.777577047233785290e+00
4.743275247766389313e+00 6.261522745423834024e+00 1.605412706775309006e+00 4.676313748182373331e+00
4.707884315065343550e+00 3.183311883178687740e+00 2.674215971981763307e+00 2.046664737662744038e+00
1.572134811757678108e+00 4.760996716548012486e+00 2.332588902880206927e+00 3.954132248239296654e+00
1.186920145525660044e-03 4.669688068133372560e+00 2.335173813033981194e+00 5.513346141872910167e+00
-9.779790017120985196e-03 6.242776704231889795e+00 4.610239830400725936e+00 9.929505053712403551e-02
4.715297015017125837e+00 -4.656659566072195167e-02 6.935800504356947060e-01 5.581915150372568135e+00
1.574167379088777130e+00 4.673079779773440023e+00 5.408124074728650754e+00 8.673798135619463778e-01
6.291329694806434780e+00 1.540360525464794517e+00 1.708624648513109356e+00 6.141243775538065108e+00
1.604621485493576527e+00 4.685002456093245726e+00 3.173593055466223056e+00 1.538972623358716652e+00
4.678599726536849523e+00 1.594061282714293926e+00 3.107705292061473834e+00 3.175453285599926012e+00
3.137235997024031775e+00 3.163226692115284067e+00 2.587021904183388621e+00 5.274715325160806323e+00
3.180052216448794322e+00 1.574871279505692501e+00 1.601291424322719870e+00 3.113574459888754919e+00
1.599039262802980144e+00 4.679907537686706753e+00 1.731884584688352102e-02 3.122033033983132810e+00
-5.667808685751554720e-02 1.568532625008229653e+00 3.126318268457191074e+00 6.294686851817876239e+00
4.714900003608380352e+00 6.254634711333122432e+00 3.864433512032030560e+00 2.413316777257767942e+00
4.710499624300789279e+00 1.515276320204856031e+00 8.366259947606718983e-01 -8.412316452892049101e-01
2.673753416925130466e+00 1.100381338768293693e+00 1.568445032301227116e+00 1.554138228567672364e+00
4.756371239760114555e+00 4.687385651050506752e+00 4.730500779721440452e+00 4.692887729475388348e+00
1.575884734825674593e+00 1.611862386764814525e+00 1.843071008160406254e+00 1.299915752060456064e+00
3.118302629260910841e+00 4.745093780436492104e+00 1.525076779191002707e+00 4.907076820835035852e-02
1.561778282129869577e+00 3.106580530245651950e+00 3.025969993245758882e+00 1.684279130371414857e+00
1.557598568617036383e+00 3.002345497882626113e-02 4.608309658252128571e+00 1.065734151113214290e-01
5.178254786010869637e+00 4.684610901578538655e-01 3.144588877891650647e+00 1.809819586546059650e-02
6.279542393922818100e+00 1.525817358590222161e+00 5.593979525911898953e+00 2.259547018533029750e+00
4.746462111229936554e+00 4.739866419408141240e+00 1.592962030473151325e+00 3.122821444730999652e+00
3.106209416271981549e+00 4.704879651728672840e+00 4.690883683636382528e+00 1.590203200467313671e+00
4.710871737732073683e+00 -4.416035619366335402e-02 2.392824614197299304e+00 5.458449854716633354e+00
4.245438154289384869e+00 2.672516587602596694e+00 4.710182921112302523e+00 4.694737050275659129e+00
3.136312869312187779e+00 1.597030971498272445e+00 2.810141429371338706e+00 6.620131749249049236e+00
1.575804947652358790e+00 4.671272742283599122e+00 4.980828103829582076e+00 1.295954725072614000e+00
1.573627042433833889e+00 3.186361628929258227e+00 4.700495662971282407e+00 3.157805257718756309e+00
3.162323016013318000e+00 6.258356332272919431e+00 3.195262484519882928e+00 4.656240185034197232e+00
1.102476629493463367e+00 1.099923708348472751e+00 -1.518384977965909544e-04 -1.639204900335842346e-02
3.160569023551084822e+00 3.179744633209443894e+00 1.608956516366646383e+00 4.681171406850304528e+00
6.246012713104243552e+00 4.707502444177900536e+00 3.113718883586928055e+00 4.739020017610709345e+00
6.444088402725151564e-03 3.109042356398610263e+00 1.778226098471341388e+00 2.929805713840528458e+00
4.745929749652313845e+00 1.544070343241768617e+00 3.176377583058093812e+00 4.675795031743826158e+00
1.603120909241561476e+00 1.591151127819117050e+00 6.318686726782596352e+00 3.109165279226368650e+00
4.737400013782006702e+00 1.552362931264286816e+00 4.758134248335006866e+00 1.525334554671626597e+00
1.002020120196731034e-02 6.235098513038534129e+00 4.811707944803187864e+00 6.179914681892521244e+00
1.574150579006200257e+00 6.285689944372060189e+00 5.405463142797283460e+00 5.586031691346208028e+00
1.591476668255590532e+00 -2.293850471901242791e-02 3.172928756109951731e+00 4.679343041394435687e+00
3.147152113283539165e+00 6.245678264784731759e+00 4.899479631801471058e+00 2.951334424831757008e+00
2.270978388608237055e-03 4.761849647541404273e+00 7.108803447812088727e-01 5.573727765995197814e+00
6.310289538321957714e+00 4.729192471608993920e+00 4.265905848619573615e-02 3.102085427360569359e+00
1.575554973172484274e+00 4.745675151237965572e+00 5.814288244058479771e-01 5.698730882212733384e+00
6.308226480298710470e+00 1.557247558344194704e+00 3.181766799048079797e+00 3.101157676370797311e+00
3.162389907074180773e+00 4.762723664576528293e+00 4.771172613239615501e+00 1.517628711270958330e+00
3.146370134086312831e+00 2.958186616534986060e-02 2.146983576462431209e+00 4.134018098173322997e+00
3.139316777918052193e+00 4.688792337618488126e+00 8.186524209170331634e-01 7.542879900923732395e-01
4.716646998752298536e+00 4.678757077628402428e+00 5.614149063924724903e-01 4.142865871811828526e+00
3.609820644927882238e+00 3.612129509818767570e+00 1.569692476016774085e+00 4.728355782363798276e+00
-4.118207334457578417e-03 1.597043596864179849e+00 4.047019971750651202e+00 5.385479944085561854e+00
1.575209876528345099e+00 6.246709346967903365e+00 4.884324550325742642e-01 2.645641333289015407e+00
4.461934172825316423e-03 4.664438994365291968e+00 1.964067917003555763e+00 1.170744161601875000e+00
4.684582307815306733e-03 4.723725787793107145e+00 3.666790985109350309e+00 2.613177674869489486e+00
4.708912757026893381e+00 6.251491892741123380e+00 2.462913499811104412e+00 6.784248763445395181e-01
6.283966443489434006e+00 4.768199038808304202e+00 7.556839656660964133e-01 8.212110393540799080e-01
5.565433826038262283e-02 4.718302424562985209e+00 4.734170916785958028e+00 3.122035570294966700e+00
1.560438404980718730e+00 6.297049590181229561e+00 1.449157502789603091e+00 3.265104162135573418e+00
1.610845400612730183e+00 -2.156595173329566711e-02 4.731748812082911648e+00 4.692458029035456946e+00
4.744357697573023280e+00 1.544640876719754807e+00 2.280364761953956876e-02 4.688619883867175098e+00
3.145819334426854130e+00 1.605896620568036282e+00 2.093414696112730233e+00 4.188329987730201154e+00
6.287859244972556994e+00 4.751478109773667136e+00 3.446190452954632555e+00 1.268580385785342823e+00
1.596519338219090089e+00 3.186379709542770389e+00 1.765096886329232603e-02 3.129337217389439374e+00
3.146529768222920520e+00 1.532345928113230782e+00 3.805983887986488678e+00 8.967942084971020078e-01
1.574912156719637801e+00 3.168867561923535803e+00 5.372504288343958656e+00 5.621124830095835634e+00
2.038498790046110898e+00 4.702280055583233920e-01 1.572329848888527115e+00 4.729730333777852458e+00
1.566790897036765440e+00 4.757407508411433561e+00 4.267321343264105060e+00 2.023688865167805329e+00
1.575014043602260383e+00 1.535259177412159115e+00 6.595592661829682291e-01 9.035072690858987343e-01
1.606323130388975118e+00 3.103906954460273759e+00 1.600969181204465297e+00 4.679633628586426397e+00
1.544711715693477094e+00 3.109583975221489105e+00 4.670233496612404167e+00 3.759197512266772290e-02
3.138006880920764630e+00 3.113391395403340312e+00 5.597183150878676017e+00 2.258754983535905758e+00
4.709033869567162078e+00 1.613347313957993912e+00 3.989341065195138203e+00 2.302969355748380131e+00
3.128019810885238172e+00 1.542095716264093586e+00 4.692266619998547661e+00 1.587886991633552070e+00
6.258069073691724604e+00 6.249888541516309459e+00 6.242552108413709000e+00 3.178010604396821037e+00
1.575898980952035622e+00 3.177193944894102451e+00 3.766740908059607484e+00 -6.260258301502060752e-01
1.566157780484412232e+00 -6.811698755522911652e-02 7.513992181223344780e+00 5.048260437494114683e+00
3.165606753749210078e+00 4.669149294224142821e+00 4.756489455827711765e+00 3.093293006878802487e+00
4.748268481316119782e+00 6.284541545612716718e+00 1.601583163423333067e+00 3.113707133950955885e+00
3.146162712394471317e+00 6.232680680796867989e+00 3.693688258004658387e+00 1.008473034078004593e+00
3.963902394071689393e-03 3.089205191485053348e+00 3.561381250469040083e+00 4.284345954616515684e+00
6.281633639396683400e+00 3.181277306374031166e+00 5.552106625598908884e+00 2.307553406415190356e+00
6.286996622025798231e+00 1.526950118151482849e+00 3.648208257572851831e+00 5.770173444721486966e+00
6.277112380139932668e+00 1.547349959689195753e+00 6.038501185261090143e+00 1.813615436149821347e+00
4.708140855368363020e+00 1.607066405993048175e+00 1.279495296192029397e+00 5.009660727217318588e+00
-2.886971293817233025e-02 1.540818949570847973e+00 -3.798397688837828329e-02 3.372239693017325957e-02
1.596008298993580876e+00 4.679542570174991312e+00 1.617614591526882473e+00 1.523154435250320793e+00
6.288203200583078356e+00 4.686746439187832181e+00 3.248765560848999034e-01 2.810562210690115137e+00
3.139478560216389269e+00 4.671523599611566269e+00 3.974793534336394263e+00 7.361746281677822301e-01
3.139820732373681977e+00 6.319930375434581471e+00 5.540639090340054196e+00 2.318970929561371186e+00
5.179583296402689996e+00 3.611575547253930818e+00 4.715090332377747551e+00 1.681923132142299285e-02
3.608155228258969061e+00 4.689752162104174338e-01 1.571515380038575049e+00 4.730417497438480723e+00
2.037709210368013224e+00 4.687526336414382100e-01 1.573629838455678387e+00 4.729892427325346205e+00
1.596757455231574419e+00 3.135280530531876053e+00 3.162095704225894366e+00 -1.972261793668814850e-02
4.247150140735988719e-03 1.545834939528208718e+00 5.113037065306742512e+00 4.306232255386624352e+00
3.123548871108120295e+00 6.258275856568826789e+00 4.654451082271243045e+00 1.625794228747847292e+00
4.727907415201634045e+00 1.553336152472148513e+00 1.648367415703326788e+00 3.062129905806922014e+00
1.573313880428612643e+00 1.547713338262387328e+00 5.453202382113429891e+00 5.537157988536005604e+00
4.578026734059333080e-03 4.686460090649974930e+00 3.605649687646682366e+00 4.241735862698002180e+00
4.764273633434498723e-03 1.585478794558017768e+00 4.996413346820339108e+00 5.998378642667150373e+00
6.282324848202936352e+00 1.577475850979223271e+00 4.703813559250622944e+00 4.722528725041038378e+00
1.575386483950252048e+00 2.597041987722997769e-02 5.137877288330058079e+00 5.856556058655736585e+00
2.674688374860116902e+00 4.242637819970182633e+00 1.569121146210912032e+00 3.124211012970696366e+00
3.608540824299026895e+00 2.039331742915102552e+00 1.572879915183011956e+00 1.588152930912126060e+00
6.246062274041626949e+00 3.152280952447380269e+00 4.681511026337840775e+00 1.601328343294811996e+00
4.750025339493134879e+00 3.151090795981789316e+00 3.387364853640364298e-02 3.112739503370856475e+00
1.599223169333708672e+00 3.125607349151722669e+00 1.607700280591601860e+00 3.104421768713649055e+00
6.235004211110017458e+00 3.122626809990026064e+00 3.115016462669166319e+00 2.151842125894836907e-02
2.676233823648457744e+00 1.102658335972997561e+00 -7.316827990606334080e-04 1.552100658257943300e+00
4.735065741410447338e+00 6.324181627869022826e+00 3.901684366669964932e-02 6.248211524746502654e+00
4.675259582560320482e+00 1.565777946866028447e+00 1.547877441057603054e+00 3.161519662942517517e+00
-7.178060147954912207e-03 5.283703489818964566e-02 6.113206799822631154e+00 1.744825893129708705e+00
3.162341176025273093e+00 4.738832220947510443e+00 1.633822228360852113e+00 4.653207303039248899e+00
3.525676753165886412e-02 3.154605297808858122e+00 3.158141252915071195e+00 1.557836593511859435e+00
3.145759370706365132e+00 6.252689357412486437e+00 5.225242482866577554e+00 2.622038898330907308e+00
1.127960074510467835e-02 6.321834391785381868e+00 4.790295762305126992e+00 1.495231359753612876e+00
3.136790412795896543e+00 1.615374259896052100e+00 4.203261818720189780e+00 5.229973662182601402e+00
6.255152774598454535e+00 4.685669811823190756e+00 3.100288106205125516e+00 6.321658991674377504e+00
3.091354564247559722e+00 3.170236326557549056e+00 1.551764393735282299e+00 4.731425258582075521e+00
1.587330641153468003e+00 1.537323025986850666e+00 1.636931687411160352e+00 4.642471729350673648e+00
3.112977499305627394e+00 3.184272642185759228e+00 3.102818329666027442e+00 4.753988210357269040e+00
1.565408169033834840e+00 4.680960088878579839e+00 6.040894719211962638e+00 4.953006248294470559e+00
4.715475205749980248e+00 1.742274206319133212e-02 3.869226885889248901e+00 3.983129351890129399e+00
-4.210562414856489598e-03 -3.133222913835004286e-02 4.179042167479694925e+00 5.246385139146209298e+00
3.136995018215678055e+00 3.167544550918975688e+00 5.757053157103900531e+00 -1.038897605150028269e+00
4.706581325837325913e+00 3.165599355781559154e+00 1.327491231057451593e+00 4.958798183527611592e+00
3.132533413566558345e+00 1.527166832829678356e+00 -9.414936473104515424e-02 8.992462612901604146e-02
6.256308247871768202e+00 6.269677803882764522e+00 1.524476028207941258e+00 1.614376845598172627e+00
6.244762709382603916e+00 1.573902358447429872e+00 4.678126651929936486e+00 4.745983368450038320e+00
3.137902112057966875e+00 3.094707638087931478e+00 2.468570371675002928e+00 6.723848355432356927e-01
3.178365784765243784e+00 3.170596711509496402e+00 4.740775334428002807e+00 1.547308972437524632e+00
1.560738578227257367e+00 4.746423314154301742e+00 2.992288211019969779e+00 4.865010050308418599e+00
3.137327813412020827e+00 4.758912584359208608e+00 2.504138177140486476e+00 3.787532364433117582e+00
3.140695220748567440e+00 3.088394494554360215e+00 2.369038746465611300e+00 5.481011695055971522e+00
1.566793641504456325e+00 4.754897186468251213e+00 9.129439096530018727e-01 3.809480448040603928e+00
4.708167560284301167e+00 1.534972333744417883e+00 1.055180514686553384e+00 5.228515850769818840e+00
1.104035254415127509e+00 1.101276480854314066e+00 1.568997688503052546e+00 3.124256958480458479e+00
2.040385191126110609e+00 4.719160982538675997e-01 4.714711722638159408e+00 1.586639266285933658e+00
4.717442632383739287e+00 4.763562169158182869e+00 3.379736649115220093e+00 4.476975791940220439e+00
4.716685809784514127e+00 4.749855733045078132e+00 2.099531614029811699e+00 1.040782898795779676e+00
4.682398801052664261e+00 -1.331562076836568728e-02 3.111303277973567205e+00 1.597924091715670070e+00
4.739394415194992938e+00 1.587482074600878645e+00 4.715899967287459305e+00 5.175600361288125320e-04
1.573174465332555005e+00 6.235197786814965504e+00 5.439111002514105841e+00 8.360255885170527757e-01
1.567681871121770820e+00 1.609017674629784178e+00 4.043287675947389914e+00 3.817875840715236446e+00
1.566917018845040088e+00 6.240390610970084850e+00 1.095637122433774646e+00 4.738754864370820497e-01
4.737497329904536869e+00 2.536895154663253854e-02 4.749954934634980752e+00 -3.358391957015272739e-02
6.294661445934137234e+00 4.683937072340882857e+00 4.816743439348046607e+00 1.463985162068718315e+00
4.713742655271127902e+00 3.108074217068955480e+00 7.512915813327566417e-01 5.527713578818199913e+00
1.573481502556339562e+00 4.692208573036832142e+00 5.443458068324446231e+00 5.547534992764572515e+00
4.463878102049714282e-03 1.595062715103582551e+00 1.936411946199291467e+00 2.775724079189334059e+00
3.608696294553142891e+00 5.182092645173985268e+00 1.572077890079395024e+00 1.588162371634647352e+00
-4.690372873643147700e-01 4.241383597667465644e+00 -1.217428940079055182e-03 4.696212310587895011e+00
-5.266055673617055927e-02 3.147465230609796549e+00 1.542329345268929730e+00 6.307960714381508183e+00
4.718257499199479454e+00 4.674839946126922996e+00 3.150023221550384278e+00 -1.244605835626618612e-02
3.179739089091872195e+00 -1.846638722738945873e-02 1.595133633802132467e+00 3.115765922070210525e+00
7.043346473357383480e-03 1.574972268545314691e+00 3.322466256682960584e+00 4.530912631842992866e+00
6.278187130692270301e+00 6.292750028014973296e+00 4.101039525661267504e+00 2.188661440898030719e+00
5.815073959670588266e+00 2.671278532156519336e+00 4.709539656405865138e+00 4.695656829535206356e+00
1.574870701003025841e+00 3.171114386111155259e+00 2.211960260160447334e+00 4.069646687710741340e+00
3.110679964602938607e+00 1.598624190102000631e+00 1.537888539312124880e+00 4.745930192658654789e+00
1.562363638323035708e+00 1.571990161721547041e+00 4.554953656851147947e+00 1.728726381302542414e+00
3.104053987043448704e+00 -7.070002416497861084e-03 1.544450237548425475e+00 3.165890484160429175e+00
4.682183173999052705e+00 3.186206952809243376e+00 1.549133303967831443e+00 4.738069706710880347e+00
1.594623955881187216e+00 4.737724515177277773e+00 1.622049655219039987e+00 4.665140354662686839e+00
4.731492514070342104e+00 4.690708452672919471e+00 4.773363080296016747e+00 1.508716574273469613e+00
1.582554553146517051e+00 6.241097397923321743e+00 6.397799981501332667e+00 4.593127500909434779e+00
6.267404194902310266e+00 6.240325219340982166e+00 3.074284790349060437e+00 6.247801899981850898e-02
4.702643800911046945e+00 4.662906453280117880e+00 1.446111715837761436e+00 3.261600349463491089e+00
1.550746368983197288e+00 1.610124423870665344e+00 6.253509743130298837e+00 1.604596934367920946e+00
1.541182458474784411e+00 1.527718377508874514e+00 -3.831121512116206912e-02 3.174654369652540886e+00
1.561585309558391588e+00 4.760294993464568414e+00 4.595049259319928581e+00 1.225659310985340172e-01
1.542493063551985566e+00 4.690099384732926424e+00 4.668551437985455799e+00 1.608972456152100383e+00
-2.276287008377874885e-02 4.360814148989703570e-02 6.241711453332414727e+00 4.381872826652956354e-02
6.239610569767872761e+00 1.555158791357261538e+00 3.115710287555363944e+00 1.592331740755348557e+00
4.708220492974062310e+00 4.738342215961388604e+00 4.095264957645297521e+00 3.766192208721253376e+00
1.552572436767944986e+00 6.322144958974759810e+00 3.103813554787916651e+00 3.182611605272986477e+00
3.141040888898914751e+00 4.671354946585204004e+00 3.945462839287834811e+00 5.476277453211443103e+00
2.037493487838984763e+00 2.040054974851669645e+00 4.713510942501115686e+00 4.729742036801123817e+00
1.568998818342233870e+00 1.501164973311725603e+00 4.008386391302535046e+00 2.269586297679091036e+00
4.670991601592189291e-01 2.040225866502440422e+00 3.142985213082503559e+00 1.588222128480260009e+00
4.711508877412619256e+00 4.755716628661099676e+00 3.999729591048861277e+00 3.859333008485526850e+00
4.684465382211425499e+00 4.698721635949643094e+00 6.243283551641163776e+00 4.751136956715447113e+00
1.564332306418223961e+00 1.576358047854313549e+00 6.070725229244922971e+00 3.355533884460197847e+00
-1.398183011546772110e-03 3.184850082445035202e+00 3.957330286782468676e+00 3.904460701426042402e+00
-3.369715808154809256e-02 4.681098639138828510e+00 6.272000585508402892e+00 3.148778726309038323e+00
3.170987676722216708e+00 1.596783945729594922e+00 3.174498245252602047e+00 4.683630157829234086e+00
3.186517422995851501e+00 1.573060188858753650e+00 4.742996657675349503e+00 4.682585717999692143e+00
4.731670415095583948e+00 4.656188805429432864e-02 1.583268297989923079e+00 4.706046629142719873e+00
3.145619798457998328e+00 1.525233533606886960e+00 5.392441293854350448e+00 5.594187047970542004e+00
1.603219733960482118e+00 1.599135819811300818e+00 1.587683609906555660e+00 4.701020090530425577e+00
3.165800110909442022e+00 3.140985397732821482e+00 3.149338801135045163e+00 4.705708334972773521e+00
3.116803771136017254e+00 3.537611856861540283e-02 1.519422980366974318e+00 4.768243469481590502e+00
4.733263755707450393e+00 -3.079376316268826047e-02 1.620704464836395520e+00 1.519128236334394311e+00
1.576850644242620225e+00 3.182587945232432158e+00 3.342249626583349897e+00 6.084798171601141448e+00
4.708916289191082960e+00 1.608431473976866366e+00 4.030251311542141224e+00 5.402767197005927002e+00
4.713888574139374121e+00 4.677767150708146637e+00 7.487633589444251392e-01 2.387218143802467996e+00
3.132549080603409308e+00 4.685901065096611973e+00 3.009534314785418552e+00 4.842463196592285968e+00
4.707896073344594257e+00 3.177517601294609140e+00 5.708397766045210986e+00 3.725064557323957359e+00
4.716031254502635051e+00 1.547898810889801968e+00 6.861572353477267683e-01 8.772981100854017056e-01
6.267754855908592937e+00 3.102591091995770878e+00 6.213410721295961281e+00 6.594179442300711347e-02
4.711325861028011097e+00 6.264241626340985469e+00 5.511981534737520505e+00 2.340351753762777154e+00
4.712101337576664051e+00 3.106999715769621417e+00 5.498280423925562488e+00 3.923051003894909794e+00
-4.230349319314478940e-03 3.182708562810556696e+00 9.604934974362174804e-01 2.189921299647440200e+00
4.722223270767742065e+00 4.738176975842996796e+00 3.268880868206089030e+00 1.445176256802220838e+00
1.553302121768287636e+00 4.675582028558186387e+00 3.077912796338377888e+00 4.773248234980451699e+00
1.622455394703386622e+00 3.115853187348224473e+00 3.159694649233051766e+00 3.123007956621655090e+00
4.705412771649759129e+00 1.590363981525665604e+00 1.375372886639403935e+00 1.768693853484657463e+00
3.143248556353340550e+00 6.243169733964381685e+00 3.883409319314784280e+00 3.964090290236284453e+00
4.754274747934175593e+00 4.739042540743692911e+00 4.727589495850000212e+00 -1.147879912187413885e-02
1.566441488301269613e+00 4.758050643245835154e+00 5.635482314726359299e+00 5.370227488939330662e+00
3.148396492539872416e+00 1.550522888913549613e+00 1.790181594063575243e+00 1.348534527631790159e+00
4.716567023919577828e+00 4.740597524909515137e+00 5.537290384114683661e-01 4.157382879587062874e+00
4.709511655998101176e+00 3.183170357394895511e+00 5.568828005212020926e+00 2.292460616798706052e+00
1.602606102933148868e+00 4.714911182825858305e+00 3.177834896949641941e+00 3.107141254765042326e+00
3.190192566580059896e+00 2.604490618171431682e-03 3.153542288600363008e+00 4.702001337640422385e+00
6.287263093264225944e+00 6.236306557983160914e+00 5.080231380119610840e+00 2.766003480989018826e+00
4.683543832729596623e+00 1.619227383461739000e+00 1.534499183342793005e+00 1.611201949197329952e+00
1.564464750632380108e+00 3.159025634455458587e+00 -2.225318829438444057e-01 2.255000452335486349e-01
1.566045276513917228e+00 1.584865239965170591e+00 2.475017723372133105e+00 3.814497480570780308e+00
3.135623188657248317e+00 3.163159190900854068e+00 1.340616695631489108e+00 6.516157026813388597e+00
4.709073363668884404e+00 1.611746876508515003e+00 5.627806211922406376e+00 2.233020707186026410e+00
3.170626447220541849e-02 3.108341141036952582e+00 1.577394052249015299e+00 3.132554889750159610e+00
-1.293325623362982617e-02 1.533258048066762136e+00 6.190633424480092906e+00 3.232713358986966323e+00
1.570422386065404741e+00 4.735112551296416505e+00 2.365595557837711027e+00 7.793282068985450950e-01
4.683894537980109796e+00 6.239922255680776964e+00 4.691696773104739648e+00 6.298247722613257160e+00
-1.356435291741244983e-02 3.330582395317861072e-02 1.493357773760650709e+00 1.651788047522637193e+00
4.716896364078814408e+00 3.183096101196732253e+00 3.473911888088729860e+00 2.811665188810206661e+00
3.099297788018968269e+00 4.727695469526626226e+00 4.681719212928568297e+00 3.170416347133009349e+00
3.878403120765933163e-03 4.680014398822679667e+00 2.006760308238614954e+00 1.129611445904288747e+00
3.110760608918305081e+00 1.597727839315121967e+00 1.536080493623476428e+00 6.318173809948989472e+00
4.724472754543057818e+00 3.114056609829331634e+00 4.820912169650651613e+00 -1.123050111625628622e-01
-1.218942764508790765e-02 1.616007855982649843e+00 6.195450134976364431e+00 3.233029572539947605e+00
6.280420886331504526e+00 4.687159539573196199e+00 2.438348064124772119e+00 5.417736108890943925e+00
4.716519423556388091e+00 3.445806139941088447e-02 5.511936997647289838e-01 2.589338101352264054e+00
4.716935771119525000e+00 1.569535269425708979e+00 5.220573168311401169e+00 2.628766467376550953e+00
6.246140880575390852e+00 1.581678865574609683e+00 6.257044670847838219e+00 3.166908995429484452e+00
4.235553129608262031e-03 2.942253359024438186e-02 5.298913819863519947e+00 5.694714794051084716e+00
3.188211011607193779e+00 3.143864168379363555e+00 4.736738534022851610e+00 3.118414169439329253e+00
1.566679517751595752e+00 1.611911284457999693e+00 4.052716092423089833e+00 3.810254592792496453e+00
6.287153515568486561e+00 3.176437484586855042e+00 3.478950186841670789e+00 1.237084299250154507e+00
2.896747401287615542e+00 1.692931006581986697e+00 2.734479591292795053e+00 5.878405871961204454e+00
-7.241878176615390052e-03 1.596272840785278202e+00 4.546517294754098160e+00 3.310372803713096168e+00
5.180628412477943812e+00 3.612403840821039491e+00 2.134935322051714855e-03 1.587809422623247979e+00
4.711946872877954995e+00 -3.480425718938128660e-02 5.499399955358422076e+00 7.816382212461796541e-01
6.236011674041724184e+00 6.316394710526702205e+00 4.702738237079152839e+00 3.153619487941076382e+00
1.567211032131784698e+00 3.117875315735268327e+00 8.814923745892632168e-01 2.262796872381718671e+00
3.145608877478339060e+00 4.679894706097348589e+00 2.103719534387882284e+00 2.603378716191218967e+00
4.703068485906081619e+00 1.541857830119707229e+00 -1.396493464845317833e-01 1.378243969717063422e-01
4.705342786061868843e+00 3.112978074265416506e+00 1.372900600986291630e+00 4.909006042638353051e+00
4.732113147424258592e+00 1.519571852401366163e+00 3.198679586033512212e+00 1.509357278354402920e+00
4.708370147277660678e+00 4.728948052049527284e+00 2.574747517154725607e+00 2.143364147426345401e+00
3.102508948108505304e+00 4.704926385766267316e+00 1.544210932551690174e+00 3.166462923749523206e+00
1.616745572148511556e+00 -7.989239534032450182e-04 3.164417594933166988e+00 3.121052010115452635e+00
3.143102150044540188e+00 6.233640411888615063e+00 5.475175980875434334e+00 3.941625700320554593e+00
1.576770626101808626e+00 4.683035938992313518e+00 3.393631359710278073e+00 4.455740929731168976e+00
4.441377297512452867e-03 4.745507353847390419e+00 2.195230985717085748e+00 2.515241523933556600e+00
1.572688320372843451e+00 3.176842318379643260e+00 2.320620746626736786e+00 2.393195693608981323e+00
4.742450584059451302e+00 3.161533183059171748e+00 4.755454816632338044e+00 3.101719902560868825e+00
1.578006706734398579e+00 3.108675920312987895e+00 1.786991725403787590e-01 2.958758278907466455e+00
5.816627174100678310e+00 4.243020250239841751e+00 1.567546086789330939e+00 3.124169526706387146e+00
4.680882981727329195e+00 6.300656363126595494e+00 4.668023242016642982e+00 4.757289935393599123e+00
1.532773911163857417e+00 9.416595737960583093e-03 3.116985339620739648e+00 4.734687142246578162e+00
3.117267833161963875e+00 1.582897417547200369e+00 3.088574806587570443e+00 3.196155060954337213e+00
4.674312452648585747e+00 1.584142788652924239e+00 -2.665720775919039678e-02 3.167015451788902425e+00
1.552913483751076296e+00 1.557476114185494698e+00 1.494279814767173198e+00 3.216543452866593267e+00
3.066186878519188211e-02 3.145411214376645059e+00 3.176969218139801043e+00 3.107163698876425961e+00
1.566765981125899376e+00 6.234940252782028125e+00 4.109165081547050846e+00 5.315852711332446745e+00
4.684962933239626537e+00 6.305503482225822687e+00 4.675323308690555457e+00 3.179193126124705060e+00
4.707924308727224449e+00 4.749688197357845532e+00 1.107302047026456959e+00 5.184292442798965617e+00
4.663128919375072456e+00 4.702618622949557903e+00 3.109417811720581071e+00 6.312661738790272814e+00
-4.585586946705676528e-03 1.564580772086207716e+00 2.669395693802618208e+00 3.618340785333250764e+00
4.705789385294290028e+00 4.743475616009962259e+00 2.933525282150700075e+00 3.352521131974898871e+00
3.144650824107961373e+00 4.770934443936133640e+00 5.361582884339593846e+00 4.065114731097965617e+00
3.161867523414677361e+00 4.692529048974742878e+00 3.204044935840288932e+00 -6.488985924618322076e-02
3.109743229235292006e+00 4.732084226247823544e+00 3.111920779206484688e+00 4.743229552609277810e+00
6.240508004503358741e+00 4.742400459823024050e+00 6.257836207311316734e+00 3.169327645648397418e+00
3.521644832197313307e-02 3.114843598582485829e+00 3.175206332049866020e+00 4.677516219930085484e+00
3.137582451694771901e+00 6.309027680917229652e+00 5.633013353601056039e+00 3.800222873815198188e+00
2.038678419371207085e+00 2.041225322054638358e+00 4.714586945815385732e+00 4.729153602097935227e+00
2.105171973675866361e-03 -1.824529582436903649e-02 7.398297080870078757e-01 5.539900263079663212e+00
4.697894919830631011e+00 1.598648663124248470e+00 6.193865151229680066e+00 1.663722131505044333e+00
5.898224172210967363e-03 4.741244000776151601e+00 3.380839337810618961e+00 4.474535988726944247e+00
4.756904187760075509e+00 -2.602448650849329900e-02 4.726099454179705006e+00 1.555566459487620401e+00
-1.397307749722143068e-03 -4.112498662953569667e-02 3.957788987235934197e+00 3.894267056036189167e+00
6.316836144750309856e+00 4.687998224057864149e+00 4.748575713526667741e+00 3.103803982708905007e+00
8.403838374292741395e-04 3.136880447509699188e+00 5.474040608542190434e+00 2.378183888725104556e+00
1.575468984356302116e+00 3.096735806703688532e+00 3.009977553468914935e-01 5.978002366724416206e+00
3.193875082477662719e+00 -2.514482900495269672e-03 6.298958664792274398e+00 3.127599798633583728e+00
3.770056769127411861e-03 1.532577795600978510e+00 3.850505805557986161e+00 8.534729048208360425e-01
1.575304040285507856e+00 6.280413881985898783e+00 4.719954430390791988e-01 4.234650414918575301e+00
1.555701480843812101e+00 4.670641903822005503e+00 -7.661972930263907799e-02 3.212357894522233526e+00
-8.669511378880272179e-03 2.490493696712029262e-02 6.131998364192497775e+00 3.296357843765804763e+00
4.720624728197022613e+00 1.610077287204160656e+00 4.865952760589485671e+00 2.990490106464203546e+00
4.506340545907499065e-03 3.092784914004277574e+00 3.743483193222725713e+00 4.100060538038928115e+00
1.567089410136859096e+00 3.176963199713328301e+00 2.452049129090680069e+00 2.269154915658207372e+00
2.674533689323977725e+00 5.813331131382830641e+00 -1.775948892364403141e-03 1.553704264517029143e+00
6.273902265242272236e+00 3.185079648880575043e+00 3.008928003656154093e+00 4.850048097138969005e+00
6.243015211540654974e+00 1.572465289139287181e+00 4.681205065980777569e+00 3.169662176730222214e+00
4.691241072316600480e+00 1.556731929446558249e+00 4.661951689208344796e+00 4.760935809080030445e+00
1.568330832033083988e+00 6.216983319113320583e+00 8.618682475531704856e-01 3.845294888119926924e+00
3.155273660057851259e+00 6.228359101040929602e+00 9.209542151116843767e-02 3.045497400774372920e+00
1.575646196147811429e+00 6.245559496721491577e+00 3.461893575268574885e+00 1.242885466168045072e+00
1.617531863925451896e+00 1.554545797666460505e+00 6.300894679714207136e+00 3.125420262637281343e+00
1.614488506657247635e+00 3.140529288568334465e+00 4.736248684050055502e+00 -2.276241986401150719e-02
4.751789359622454079e+00 -4.941114346449647365e-02 1.585417036062766405e+00 -1.700626489523698881e-02
1.542873417053195251e+00 2.185856107255551139e-03 1.522545053485328648e+00 4.760337348060842189e+00
1.609896425211439608e+00 1.583976784662672221e+00 1.602122442789721379e+00 1.543262021798684547e+00
3.113011037114910451e+00 4.698815669885708424e+00 -4.594067366006936159e-02 1.614284749581537115e+00
2.673405570763559780e+00 2.670856864889811444e+00 6.282021633789399928e+00 4.695382807428760685e+00
6.287714407010445150e+00 5.670408451029479435e-02 5.248739028758121705e+00 2.604858275686530611e+00
3.050383476937806176e-02 -1.546430812741605640e-02 1.602391737575489916e+00 4.679849213901257521e+00
3.145658305704766455e+00 1.536748723659757010e+00 5.283986684974936843e+00 9.920500278634282187e-01
6.253900754203165491e+00 3.145867731786771149e+00 -4.431698912737303681e-02 3.185210687827118026e+00
6.255510075188579044e+00 4.665413016313937788e+00 4.686620335690233397e+00 6.303324643520695325e+00
4.708570023294291751e+00 4.750863351495463682e+00 5.706194377624479230e+00 3.725720844161877210e+00
5.181856215104764019e+00 4.703727082725797093e-01 1.572147621907638460e+00 3.156977523276577102e+00
1.576850181360254899e+00 4.760486429356992844e+00 4.926269054036362505e+00 4.501801804160983522e+00
6.278770666643403331e+00 1.538623079725058185e+00 5.672855217610724310e+00 3.753890290994985612e+00
-2.622613851796100348e-02 3.170050760748963636e+00 6.235068250270857426e+00 1.619728444202676032e+00
1.575095439052033974e+00 3.105037256085229735e+00 3.705450591003471406e+00 5.711964170237393112e+00
1.607903244259461628e+00 1.527926460078939730e+00 1.591426875367339955e+00 1.547294800258972147e+00
-1.901002348884921200e-02 4.677353194995175656e+00 4.655741441918581636e+00 6.336065879883427954e+00
3.142472686376775126e+00 1.606665839008254881e+00 7.686113494361432874e-01 5.517507077741983679e+00
1.570327035890549450e+00 3.180572455620944261e+00 2.359816302249900577e+00 2.356681403011537501e+00
1.566354426219537244e+00 4.754031120819236733e+00 4.335748508047656991e+00 3.524481495507370887e+00
6.236652407708555224e+00 4.718525606940166206e+00 1.548971924779310338e+00 4.733089273970283450e+00
1.621086838745367631e+00 1.577204145679558911e+00 3.166965779662661351e+00 1.548703403088253161e+00
3.125889343785834829e+00 3.115645214812348573e+00 1.497887654668581314e+00 4.782470535101390752e+00
4.732018857067382456e+00 4.744775634953606769e+00 4.776535217205839956e+00 1.511807239255137159e+00
3.136781602691659732e+00 1.538309806967602444e+00 5.754019417097897104e+00 5.318876379730473891e-01
4.685776832211741016e+00 3.109018023092940730e+00 4.698477976054290295e+00 1.579252776863704577e+00
4.718914076419087777e+00 3.090354228048381113e+00 3.322349163682605688e+00 4.525290900807084959e+00
4.836351155910745270e-02 3.144273690551222078e+00 1.590855668290594993e+00 1.551093704098885695e+00
3.110067380098091139e+00 1.551501537580539880e+00 1.535262163139246239e+00 4.744629457076988466e+00
1.579180781442938830e+00 4.755116105350004396e+00 3.283855221874392605e+00 6.145296790322698044e+00
3.145948778903741694e+00 3.169728931061998267e+00 1.922480270120808576e+00 5.932716664246145299e+00
6.260260828908977615e+00 3.160570692909371981e+00 -4.627824297592418590e-02 4.871243819959093085e-02
4.716927880051021482e+00 6.244141205306340758e+00 2.179074386838230293e+00 2.525260376612898483e+00
4.244285847406438883e+00 1.100540435687825447e+00 3.140177956820283445e+00 4.695596889486832737e+00
3.117851368987524019e+00 1.533925741458837422e+00 4.662632118375672263e+00 4.756382976974892429e+00
1.576279714811512189e+00 1.611434170175384928e+00 1.821906341418901176e+00 1.321205261115731888e+00
4.729997287428386876e+00 3.104998209095169326e+00 4.778531578078144548e+00 4.643445750274636907e+00
4.716610577481382016e+00 6.244278777494893795e+00 3.473346449751031795e+00 2.803222733508359266e+00
3.169018536661615038e+00 1.546786613606013105e+00 3.169020465472445647e+00 3.111973786077948834e+00
6.299813341781182352e+00 1.541695932855646323e+00 1.645902116553977557e+00 1.492779596248664520e+00
4.113189613425936864e-02 4.740158398014320262e+00 3.164028224181989923e+00 4.696613194315956363e+00
4.673546090891946392e+00 3.069014078079021143e-02 6.251224091181587283e+00 4.746143226111711577e+00
-3.814791981401731685e-03 4.753696462792398769e+00 4.215742448455329416e+00 5.217012250947927754e+00
1.582258697437685102e+00 6.322191202839766433e+00 1.674037241356793437e+00 3.041822734640624581e+00
6.277033506897836013e+00 4.738547947841605712e+00 6.062978474931363770e+00 3.366055954784942905e+00
4.719365597791424172e+00 3.172643026346169126e+00 1.756640251357249438e+00 6.099970909279234021e+00
4.464387418377897820e-02 1.542611860019650116e+00 1.592098562199801171e+00 4.690619909291096512e+00
1.581292354157655344e+00 1.595904246568828011e+00 1.696519088513485540e+00 1.447452417509746514e+00
4.707590107705442506e+00 4.687266064931661980e+00 5.802383883248911189e+00 2.053126462923034801e+00
4.702385019321059900e+00 -4.467477392639481598e-02 1.464065491404733521e+00 1.672617078427959258e+00
4.017863427743464770e-03 6.336965071350840084e+00 5.296251088056111556e+00 4.129636360685886132e+00
6.322016914178520963e+00 3.126825302313561039e+00 4.730272739281398131e+00 -1.757601137934028737e-02
4.709227543415290818e+00 1.634489272300568397e+00 2.502884618278797824e+00 3.790850195017100521e+00
2.438276645723551003e-02 3.172699157415598492e+00 4.764239120707314257e+00 -4.761203021906691008e-02
6.251905112061518111e+00 6.301159937353321361e+00 1.542610239995925836e+00 3.170833477925345534e+00
4.709151444706868972e+00 4.762254342928023298e+00 8.785460972053247275e-01 5.413737627163643040e+00
1.561760624719562562e+00 4.666557450670071994e+00 4.623144671596858934e+00 8.619427069521914953e-02
3.515303963900159867e-02 3.145807065482539411e+00 3.169956899114967808e+00 4.687068438948708504e+00
1.620969255397090247e+00 -1.978674664081291404e-02 3.160668195177975814e+00 -1.785219519853566486e-02
3.146046429908410325e+00 4.718844736520196648e+00 5.315265841621717335e+00 5.675526388182378312e+00
1.575393972095863626e+00 -1.350333676702602809e-03 5.139751801766949235e+00 2.711203371423462016e+00
2.038903256431245925e+00 3.612307050076847048e+00 3.143975534489513723e+00 1.587133412282506484e+00
3.144276100450268618e+00 1.608567507339747626e+00 2.296947374437495526e+00 8.455462792865793276e-01
-1.559927870162125529e-02 4.679496711618671867e+00 6.223223798022472053e+00 1.626871191183355769e+00
4.715367001873996600e+00 3.107405596526135572e+00 3.840589380335945879e+00 8.656841614735838464e-01
6.275664926244528985e+00 4.729992011160917720e+00 1.384028280950862388e+00 1.760526197036882401e+00
4.450029031683403608e-03 3.140539479380875409e+00 1.990373847265344498e+00 5.860859131565815616e+00
1.568500482027374909e+00 6.324920198641369673e+00 1.591879076743574206e+00 1.553495536502177643e+00
5.179811894956250384e+00 4.704440736224579367e-01 1.570252537963780615e+00 3.158000337531290835e+00
1.585659594374979608e+00 1.534831300485689054e+00 4.784763471552856196e+00 3.066338172010159902e+00
6.288276179708213398e+00 3.123713798515459494e+00 1.872798532524777793e+00 5.977800541714585414e+00
4.678766513051657583e-01 4.703552021605923450e-01 3.142435813563997371e+00 4.729523932919252438e+00
3.150081099089780068e+00 4.689148757088904773e+00 3.307684018501299672e+00 2.972029361045965601e+00
3.145813652759025025e+00 4.673743474166476730e+00 5.191032163064797089e-01 4.186086499138891526e+00
3.610627424775664451e+00 4.703239699243120242e-01 6.284713507426082479e+00 3.157657517966371508e+00
4.718440399561303344e+00 1.545790250116884978e+00 1.884280358018516899e-01 2.950459822583369363e+00
4.715220003213152822e+00 4.746130651465692907e+00 7.085486557000848507e-01 2.433447143901238618e+00
1.578009795621633460e+00 6.317995854726654592e+00 1.755784685414144120e+00 1.388502589405165022e+00
2.846039873886803753e-02 3.173658030196246482e+00 1.582173198427831995e+00 -6.313720184986619001e-03
3.639717686619795521e-03 1.614067616203537670e+00 6.280645309035599588e-01 4.083838230231751076e+00
2.673745279492860671e+00 2.672226290221509704e+00 1.570076444946867822e+00 1.553814718584856314e+00
-2.330904323806085310e-01 1.446649273940982194e+00 1.121015637692633904e+00 4.250249186304353444e+00
3.173713353657391600e+00 3.161105784439584288e-02 4.742133360867446079e+00 6.258466805826849999e+00
-7.028549987244630051e-03 3.172962859682822767e+00 -1.993132079382970989e-01 1.774087543453169324e+00
1.570308154081936580e+00 3.180179015555025135e+00 3.926651995662033823e+00 -7.795389817223117301e-01
-2.835645349747782738e-03 1.533143547934744610e+00 4.012347713980007669e+00 6.999689975106767603e-01
-2.442053434565607910e-03 1.536290266954736472e+00 5.554787653064114039e+00 7.281108122654634807e-01
6.286275451567377992e+00 3.104091937381030064e+00 2.260869222706767268e+00 2.444204206144779956e+00
1.601895264324282309e+00 -1.173726722611028025e-03 4.747494879224461783e+00 4.678993318552231884e+00
1.102319485161247670e+00 4.241506045179076700e+00 1.567960118850983520e+00 1.553751103769520414e+00
1.521793370491882014e+00 4.717747960345926472e+00 3.109206148505105904e+00 2.939964533467816915e-02
3.141069233668214444e+00 1.523355325862179033e+00 3.941584407365946507e+00 3.908513332042280464e+00
4.244870732819865822e+00 4.242606459307181943e+00 -1.545477874621555047e-03 4.695518602195686952e+00
1.536292331475267003e+00 3.147224931921253521e+00 6.248544992704634815e+00 3.176003303472066275e+00
1.558365217293840477e+00 1.615616606822573242e+00 6.181867729783009580e+00 1.058512838127038252e-01
5.814757419523895798e+00 5.812942620277904204e+00 3.141128746838640406e+00 4.696318655892057770e+00
6.258968785291506798e+00 1.527355326335793073e+00 1.529511977412313817e+00 1.605567901021199173e+00
4.716045929075580290e+00 1.614055323878811121e+00 5.201043024477168153e+00 1.082413969350747962e+00
3.129115710779572179e+00 6.224792360281190540e+00 -6.391216126676201037e-02 4.770902285973487977e+00
