6.132992879348384108e+00 5.938732900618298949e+00 4.812215198001097427e+00 4.272571918399537871e+00
3.665855647145856988e+00 2.395105511884632055e+00 4.600110018259602640e+00 6.142964474273242104e+00
1.697595370226043232e-01 5.366269760752154783e-01 3.355053925148706595e-01 2.128399635552544744e+00
5.775198619557070145e+00 3.855497397267610982e+00 1.205413231258815498e+00 8.425907893305483176e-01
4.157744548098759374e+00 5.644625946029845132e+00 2.660988476200853992e+00 4.060466710558447545e+00
8.771976339650304766e-01 6.096004682438031175e+00 5.042257682794905271e+00 2.149586230637055451e+00
2.823433116768970574e+00 5.059622783478484820e+00 7.544695309407765116e-01 1.891860881729994226e+00
2.214909533153440524e+00 1.385498345310993695e+00 3.838848317014458722e+00 1.952786502360748910e+00
2.445474022278176118e+00 4.614411075055728340e+00 6.129543774573637194e+00 1.842553207925437642e+00
6.097445421618626682e+00 5.081248132298531672e+00 2.077391864416384237e+00 4.350008787244703967e+00
4.294398774439785349e+00 4.545217483609082620e+00 4.178546864579756992e+00 5.611498004143916640e-01
4.126050193694286605e+00 2.883534926505523899e+00 4.629972784469828184e+00 9.160792208101257161e-01
1.955961347459032273e+00 4.483935435317443208e+00 5.735151334265278678e+00 3.544462128175019378e-01
3.850737239180387572e+00 4.665673689820950543e+00 1.743700071570952304e+00 5.211507237113930380e+00
5.854799267113151018e+00 2.214744181919424126e-01 5.207074512032060731e+00 4.365565243580833976e-01
5.313339917305311744e+00 4.983056752846793280e+00 4.839772652482642989e+00 4.184679659707993160e+00
3.606733854584417642e+00 2.382724196279498496e+00 5.678918837000010988e+00 3.090508974110221629e+00
6.105222417766857035e+00 4.496978229089330981e+00 9.610482175454424514e-01 4.620427312685017718e+00
2.173367873234715475e+00 5.748478002737374304e+00 2.580346599878715175e+00 2.513082059186484862e+00
2.898526996785708576e+00 3.475896185958550433e+00 1.351817385773711244e+00 4.718705179188721566e+00
3.672832908793858042e+00 2.279290970027914032e+00 4.723072395403190349e+00 3.013158313571639102e+00
6.166149725670890369e+00 3.901629602196585722e+00 4.554753359175988336e+00 6.176162997127893739e+00
6.138358838850735744e+00 1.775389742938802584e+00 4.802008879602844615e+00 5.118690954280257444e+00
1.418095945673373937e+00 1.234606754470337409e+00 1.405174847347598677e+00 6.063837124269848111e+00
5.336463103090967941e+00 4.611138454387293528e+00 2.606234243636238013e+00 3.955815398126701687e+00
6.120945086617279429e+00 2.332292312335172646e+00 1.218287712065632133e+00 3.029269335970554700e+00
2.152248519546164029e+00 3.957373096631510156e-01 4.336996945351160315e-01 1.559094692492022372e+00
6.184140624244180984e+00 2.044381571264811459e+00 2.508562783845545763e+00 2.343966624085619177e+00
2.761971985505558891e+00 5.088053279908256066e+00 5.303697479806692705e+00 6.898372927865593640e-01
8.715313249106245719e-01 5.725480444030782046e+00 4.333264140349839977e+00 2.015164222571476371e-01
4.521179961006864367e+00 4.103969474512181748e+00 4.691686510106070962e+00 3.520195031705301680e+00
4.514908015833524857e+00 5.022198508859180954e+00 5.965093252315003980e+00 7.860048488679056700e-01
4.725757594648850812e+00 2.800035451238246154e+00 6.243703768337428572e-01 5.079643352299534342e+00
2.797758354546474036e-01 3.652980258985130568e+00 4.318975387410636912e+00 4.220260884873407115e+00
1.445754846499179624e+00 3.725218338784670014e+00 2.742810458349207003e+00 4.809969254627249668e+00
5.032383696742977364e+00 2.175608738382861507e-01 1.737974652436649059e+00 1.889987334203550029e+00
1.222142994456788756e+00 3.803834557427719254e+00 9.839975326403048728e-01 3.314466269616236804e+00
1.308239600449281559e+00 1.665688010787085838e-01 4.447170775954717215e+00 5.929755736071810723e+00
5.648118704451522198e+00 4.708248744168282762e+00 2.327181136647330728e+00 2.223029389171271131e+00
3.548035658376475610e+00 5.394250264184814014e+00 6.174781479844763332e+00 1.034473071170960878e+00
1.522076661516609697e+00 1.165799998794043724e+00 5.539613587814794293e+00 8.453501331967161470e-01
3.624693502483237850e+00 3.189544686516649463e+00 5.351785092733856608e+00 2.725291962595605799e+00
1.591517096827735012e+00 1.409196520404029318e+00 4.920971604400750543e+00 2.911548930742556607e+00
8.121141219370304754e-01 3.631055809295969716e+00 3.590840172921772738e-02 4.103478834511811724e-01
9.899508568635079220e-01 2.249823644626143260e+00 5.150379005542633060e+00 4.515859281066137321e+00
6.752334889257720629e-01 2.207130362872967488e+00 1.601825437632359295e+00 6.204565774578093551e-01
5.027370191323639048e+00 4.328046110432350879e+00 1.211848263265234316e+00 3.745679668265247564e+00
1.655105581173814233e+00 1.668247975060157762e+00 5.926792802807174354e+00 8.903790711224421894e-01
2.081265741867362351e+00 2.396390296065632697e+00 2.088076158237063940e+00 3.307433851347528098e+00
6.253917429312046750e+00 3.028178135178938302e+00 1.322402317516581993e+00 1.631713763260368655e+00
4.684287366611023629e+00 5.107536095422205769e+00 4.618648041238222923e+00 1.796546746646587200e+00
8.384575452231890491e-01 5.808058867771655365e+00 1.729881760940669366e+00 3.203325436023031880e+00
1.651553640457879446e+00 5.269400953862878545e+00 6.433320830510788069e-01 4.216269737304255472e+00
1.268217300669838732e+00 3.947199877246206245e+00 1.042902381042585480e+00 1.315365894767587251e+00
4.543431894738754195e+00 2.524422460574793803e+00 5.934922418842411673e+00 1.581881525812388611e+00
3.604048416945413891e+00 5.544087045633838695e-01 5.674662394846321511e+00 1.025711942399144982e+00
2.583436239509974808e+00 3.886303037398671112e+00 2.514395239032275686e+00 4.455663270673455578e+00
4.304794745995180527e+00 4.653567860056916916e-01 5.718677061461000299e+00 7.285404735405131005e-01
5.994249635992761505e+00 5.159834171996146246e+00 2.909714222877150647e+00 1.471283565118243875e+00
3.732708153753060198e+00 2.718863972105548754e+00 3.093348382929912432e+00 3.147505276927523798e+00
5.333353678999397829e+00 4.582351406317047626e+00 3.575471375926377426e+00 1.904320814244971682e+00
3.126594340146799933e+00 4.658329749827442079e+00 2.668893478803087693e-01 3.239203550342378168e+00
1.163692015833674542e+00 1.494460422224924256e+00 1.955155106042705704e+00 2.432994876007029461e+00
3.682580182018823090e-01 6.216398579179443828e+00 6.257578595063550964e+00 5.500616131670187592e+00
3.311363028424137767e+00 8.859778012162090599e-01 4.830270747103487139e+00 2.987685641854562757e+00
6.011119551595048627e+00 1.956097169619832876e-01 1.799746745135385018e+00 4.195270893227432296e+00
4.280172977977331428e+00 1.326075587526341082e-01 1.478210289534038768e-01 5.188125389662949338e+00
5.663860491416371268e+00 3.455652454939637241e+00 4.042838908577498280e+00 3.759474088254705304e+00
4.980471816645829719e+00 5.974525519225799997e+00 3.335555405732985701e+00 3.886503001262271439e+00
9.829907684122025646e-01 2.626818520449252237e+00 1.900251417759069694e+00 3.776336924299762976e-01
5.405684313814417941e+00 6.277390187600781601e+00 7.031571719364769768e-01 2.835984545125039613e+00
6.415172157922965912e-01 4.142469815714694192e+00 4.062918604777584264e+00 3.423947517796715356e+00
2.562574688112444488e+00 1.934176043467583206e+00 5.170000478913151731e+00 1.747134998502849756e-01
6.398266593450772088e-01 5.391737315235318739e+00 1.366791044160017954e+00 4.433098650559860410e+00
1.055469884766104816e+00 3.759464295985260218e+00 5.831214100967188507e+00 4.918735730038740428e+00
3.782104902108046618e-01 3.339795786758024132e+00 5.688660451421354125e+00 1.494386854761511785e+00
5.625915188098233877e+00 4.821090179731326586e+00 1.195965998672186892e+00 4.542851837744958488e+00
4.426854034394606785e+00 4.487679053687665842e+00 2.345886722390003509e+00 2.079137579361267640e+00
5.110225064163175901e+00 3.040751018265179351e+00 3.875539954090189365e+00 2.061108025281075395e+00
5.284665530027521818e+00 2.030588921088774423e+00 5.428537949428284826e+00 4.334509711957474920e+00
4.993441471129878018e+00 4.553203436965925555e+00 1.005384217771079003e+00 5.066801427590023721e+00
5.154491882688591042e-01 2.237560020953405449e+00 2.809636448224204219e+00 2.708886846296611139e+00
4.415583519323718953e+00 4.955253030098125677e+00 5.920120279450465262e+00 1.299411300888418053e+00
9.642571271094297902e-01 1.005426079167213382e+00 5.691948127909063793e+00 5.853522030815199173e+00
5.314236754874975155e+00 4.553681640396334274e+00 6.083998231663461986e+00 5.769451150576996312e+00
5.263800739088017266e+00 5.810567579845414166e+00 3.332333013531299404e+00 2.509335052533031796e+00
3.798376326384495183e+00 2.917179268031915740e+00 4.767973737752738472e+00 2.790077004591601240e-01
3.913191862470273286e+00 4.623182140044487909e+00 4.278361066402737833e+00 4.984076132540226745e+00
2.347137434579846249e-01 5.706436224292073867e+00 4.226179252031718292e+00 2.194864929511200824e+00
1.977223890326706313e+00 5.529637013328609907e-01 1.791524096339113692e+00 3.038733926167044519e+00
9.857614261561907787e-01 2.952023853300618672e+00 4.122897918848089205e+00 3.110919106518573063e+00
6.005460634539658393e+00 3.909873381788907754e+00 1.013825091182988913e+00 4.300771303997398265e-01
2.953810280901343344e+00 3.420950496040717326e+00 4.765913132239361083e+00 2.668603620814006483e+00
5.221501787019142249e+00 2.235822745179537829e+00 2.451368186448907860e+00 1.166695874072350980e+00
3.713180385787477000e+00 5.931512517085323566e+00 4.521681881570675188e+00 1.263712874633274863e+00
5.832144668759102757e+00 3.402290585346982699e+00 3.514920048461569912e+00 2.387353843173366297e+00
2.505637428089188656e+00 2.616186836143547634e+00 4.583726872536831642e+00 5.960304506503971700e-01
3.771759708190379090e+00 5.762481166174649339e+00 4.818211594531609521e+00 3.196736330827032457e-02
3.754190036289075660e+00 9.331993433760876755e-01 2.122144824295292054e+00 1.046477045442066878e+00
5.489849272282172343e+00 5.223561039051983101e+00 4.752824472998432803e+00 6.048628651293202374e+00
6.023145098264040875e+00 2.315145543338045453e+00 1.074441454846290389e+00 4.808359615891681926e+00
4.111826451386603409e+00 5.228045467928277290e+00 3.328285599889187818e+00 9.573337861139136207e-01
2.935765195648312731e-01 7.255290169899563102e-01 4.935216259097201963e+00 4.675476870189612555e+00
5.601728009520304141e+00 5.465652126269587185e+00 4.336237634254569429e+00 3.336854748553996775e+00
5.167201293332345458e+00 7.652070564172207545e-01 1.822187764087271900e+00 2.557957043408315201e+00
1.765119577999686218e+00 6.190493774689481477e+00 1.584880252302689252e+00 1.553225493843409133e+00
3.460305371205420588e+00 7.365373922624889047e-02 2.439506363393291632e+00 1.301384038322437320e+00
1.463299787913404093e-01 3.514714216132769575e+00 1.551322487866987787e+00 5.760530573981569979e+00
1.259021850856546054e+00 3.744320054068465353e+00 6.211061534402604778e+00 1.290468840665425498e-01
6.270873261680827149e-01 5.997793140800425249e+00 3.386869037737597399e+00 2.589498123515927563e+00
1.506213651478682580e+00 5.898433671448167104e+00 6.209888776978651492e+00 3.478856329360537458e+00
2.664430025471588692e+00 5.341175758225531478e-01 6.204944729173730522e+00 2.427288563167744329e+00
2.524850262889705821e+00 3.805390236151915850e+00 2.642152898828025176e+00 3.705660729363119632e+00
1.672095350379919854e+00 2.834776024394738858e+00 5.506844992995763910e+00 3.054105130448882655e+00
4.883034959638981043e+00 1.061744558936764227e+00 4.643193988212841461e+00 2.552881823903925262e+00
3.698450103081978746e+00 5.217079935105691568e+00 1.935783056701404714e+00 3.400652078688633839e+00
2.015798453237594767e+00 5.292395452684734991e-01 3.892314872145823390e+00 3.492298240664230669e+00
4.807906874010168252e-01 2.879757734963311666e+00 1.470063015041839005e+00 4.457037334626731351e+00
5.887794960460889016e+00 5.242745627994842561e-01 4.297450603861526552e+00 1.514663520133319174e+00
1.101608660750160507e+00 1.416401671568056297e+00 5.224589579582608501e+00 4.863390433607671426e+00
1.428466131455956578e+00 6.278604184970853375e+00 2.586000418701958736e+00 4.558855645265103895e+00
1.057997541498152172e+00 6.035172250871443822e+00 6.077930370275853811e+00 1.394902153100482066e-02
4.922326134274419118e+00 2.627491003654583768e+00 1.829441999276677500e+00 5.177468009871219579e+00
1.672169686693479651e+00 3.912589386199539554e+00 1.508991263740392386e+00 1.264434629006534250e+00
2.227199742636199256e-02 5.022374192129488435e+00 5.242118752845722263e+00 4.609013842508040248e+00
2.380007662968630644e+00 2.959900145068767863e+00 2.159919454263853345e-02 6.251048216430713289e+00
5.765062948648171037e+00 5.766163439744037333e+00 3.522698261414502596e+00 5.500087314187335430e+00
4.327438139354872759e-01 1.874434989309099686e+00 2.493345264661612770e+00 1.681191474597191204e+00
2.331820307076662324e+00 5.721061262910084544e+00 8.416358342397141090e-01 6.188738616693586714e+00
1.521385723712565863e+00 1.307622539645085125e+00 5.626018391901998150e+00 2.156149443568351920e+00
1.813223885776411581e+00 4.748162100623834370e+00 1.367006484250282927e+00 2.710756779371984226e+00
2.748046785684805648e+00 4.544095018713916190e-01 9.901526961075353128e-01 5.678483569322371194e-01
5.375583664322465260e+00 1.876705396719411389e+00 4.995492330768326106e+00 2.805583786523338397e+00
2.695035985147522073e+00 6.256668993333328821e+00 6.047893008342842158e+00 9.115398607147292553e-01
2.908507557825064094e+00 1.781167632654913291e+00 6.657137724722320682e-01 5.942413339589133869e+00
1.918252765797223702e+00 9.281761117564577557e-01 4.081086459276093592e+00 4.616412272259104554e+00
1.350288766048289180e+00 2.528929072458806715e+00 3.570261370028767978e+00 4.928912740520514646e+00
5.991270230138037611e+00 5.553173741053771373e+00 4.964008172162140298e+00 6.046678839699766606e+00
6.002847779044050647e+00 1.648898322354885204e+00 1.973910516305199980e+00 2.551059406339548197e+00
5.335971240728214937e+00 7.740022487347162361e-01 1.912214618580335701e+00 3.399421418288313124e+00
5.358962143630352060e+00 2.844528112373546858e+00 9.365041639284003849e-02 6.104331632899579141e+00
2.596347177006199658e+00 1.541475547411535807e+00 6.038576718738379867e+00 2.111324831168992944e+00
3.228558894117047551e+00 1.376088636030317336e-01 2.135740749152270912e-01 1.537862314630064287e+00
3.879340469276618908e+00 4.909885431951941825e+00 2.874793685048862457e+00 2.722501545357420394e+00
4.293281129759948023e+00 1.756577161693993805e+00 5.683930449673825436e+00 1.935019258677024512e+00
6.104706297157446171e-01 4.963109110998209950e+00 2.485019790854930744e+00 2.796008620945317880e+00
3.194380671590794307e+00 4.203828936193459320e+00 4.382896466243438316e-01 5.379298461829362665e+00
3.075300824708850467e+00 5.736697560025780795e-01 2.472631871926075364e-01 1.557243011524476417e+00
3.514468796008704543e-01 5.665069629547601515e+00 4.407208929624333749e+00 4.281109816682930891e+00
2.085244626132285006e+00 3.955418809273912206e+00 9.759207487528931413e-02 5.738376536830248398e+00
5.679632502432788721e-01 4.786500352625666643e+00 6.088332895363012254e-01 6.556464951464585633e-02
4.882560618905678496e+00 4.982819125161531915e+00 2.892669070825012678e+00 4.047936946390178758e-01
5.547055443747260561e+00 1.104483710491291237e+00 1.614705447512710279e+00 1.268423641688770198e+00
2.698138444159272620e+00 2.650751526655779067e+00 2.500772183414598615e+00 5.377416504801511898e+00
4.079340943859975255e+00 1.835711449534697559e+00 6.273091042832881215e+00 2.378589326412872129e+00
2.783222168166578747e+00 1.084546571897178735e+00 7.383179985510913979e-02 9.237121405681876507e-02
9.128337389899083831e-01 5.547505606024223823e+00 4.619803900872691216e+00 2.188907743206412349e+00
2.296717097713013356e+00 3.111058987247082186e+00 3.281585975638046104e-01 4.893620671457049376e+00
5.614959296753637474e+00 5.838469696521194408e+00 9.528824398922083327e-01 5.729087866820885555e-01
4.543655499859329261e+00 4.060087577560614669e+00 5.890330644143245920e+00 1.956072798729725948e+00
4.104931652361965555e-01 2.812792285750116861e+00 5.713178534058488189e+00 1.228799125252538094e+00
2.392501433583254719e-02 5.697705315926001601e-01 5.992320083042660395e-01 2.648532594207964941e+00
4.890133814000156676e+00 1.842289043533886339e+00 8.386662877356414469e-01 5.433399926304215199e+00
3.737517624023217966e+00 1.283876585361119815e+00 2.325757769951710685e+00 1.082417825545656020e+00
2.375502144070813504e+00 9.909160140226208613e-01 4.034294141265796441e+00 4.702493316308048676e+00
5.687229072877302727e+00 2.851655551981211456e+00 2.320499366715819356e+00 4.199387395393565092e-01
5.125125023342929076e+00 3.276435666286422688e+00 1.031382870095332693e+00 6.032062462949745019e+00
3.817007290573748435e-01 3.513066276152633893e+00 2.327855989126538239e-01 6.271565530559461088e+00
1.596775628469676356e+00 1.067201398669459733e+00 2.342535866169567438e+00 4.519234060003749498e+00
3.558689204043130161e+00 5.471923492377316123e+00 5.075687691854231964e+00 3.126369872290762242e+00
6.934334535953823320e-02 5.760226924587120934e+00 2.680332514718901660e+00 2.081041694082326199e+00
5.721735036858991208e+00 2.215479887972618689e-01 6.024383096434732465e+00 3.495319124880442274e+00
1.276345052489214815e+00 1.147227288026476888e+00 2.349070548863226637e+00 3.970411405404830618e-02
2.584545158685469524e+00 1.389347825795771207e+00 2.762005956385127359e+00 5.307423463607544356e+00
1.476761964923700043e+00 4.325031218668667243e+00 4.005882806755486136e+00 3.397312839606612567e+00
9.035658393541634581e-01 5.844390880934331456e+00 3.865605408777803009e-01 1.932291607210616657e+00
5.200797533703748199e-01 5.600733088276011351e+00 5.577184440472733762e+00 5.756649682796019185e+00
5.824589808109224442e+00 6.235653185758967432e+00 4.982176141582013607e+00 5.440903753116723252e+00
5.329560097957263487e+00 6.509344870726876953e-02 4.061679508472646916e+00 2.686167628108909522e+00
2.785469304551364475e-02 1.420220490872869945e+00 2.736371875521547148e-01 4.596249092958383464e+00
5.492505364946195456e+00 4.754541268041966973e+00 2.832795333491384238e+00 4.366153282428149041e+00
3.843105321560947196e+00 9.176557137051365443e-01 1.421836421919608018e+00 6.131800386373464029e+00
1.213901207947116617e-01 4.979109081876818443e+00 8.097370519689005564e-01 4.643911459371969030e+00
4.275493073783600551e+00 4.306054591073500859e+00 1.717397244814363066e+00 2.478555777153917283e+00
2.378041373684601556e+00 2.170930735476131801e+00 2.303773450098008713e+00 3.894160875256008403e+00
3.567415392022371901e+00 6.187876730904211975e+00 5.692047790130328799e+00 1.591761430833322777e+00
1.014506560622848053e+00 1.258688092423930309e-02 5.916641293396446066e+00 6.883976347660993034e-02
1.503999990005513654e+00 1.708589419009493904e+00 1.308333117653858180e+00 5.511724355668329522e+00
2.723427982716811524e+00 5.790823766567818609e+00 2.269749192101345459e-01 3.933096447192326650e+00
6.170909752367924384e+00 2.972028492448280712e+00 3.824680265775699528e+00 5.532786461040324788e+00
4.571899109096701497e-01 3.274368645612734330e+00 1.736325602812325064e+00 8.260016664083683624e-01
7.516181977982836493e-01 3.202748874960762659e+00 3.943365120685087710e+00 8.571846221928386411e-01
1.864205970729688966e+00 4.320592932302978362e+00 6.146134942516484401e+00 3.143067332339827491e+00
4.951007135720585595e+00 5.007035051091479616e+00 3.229887065264767099e+00 3.107335571220104065e+00
1.082404199580180859e-01 4.252095536781319574e+00 2.207876599306654697e+00 2.650781371084605098e+00
2.886281943907768266e+00 8.195726218755929882e-01 3.948373737112728765e+00 2.042697699680238177e+00
6.728868694946418261e-01 4.760864040150901033e+00 2.083467343631777435e-01 5.081403666774818362e+00
1.848505955002393897e+00 2.884524815900095351e+00 2.335322982959927351e+00 3.224112001046478770e+00
2.220902539551591115e+00 3.777002352637724325e+00 2.643519722314511267e+00 3.444617655293322200e-01
2.152580613423848988e+00 2.267119812943859891e+00 2.379374418425866278e+00 2.271839393728525280e+00
5.329170170921931238e+00 1.474473493453020811e+00 3.728696219063044381e+00 5.589545894332473175e+00
3.116184090920347760e+00 6.281884353899084061e+00 5.001362708639744525e+00 5.736896267826369744e+00
6.061757010374670962e-01 4.972841155070698349e+00 1.238388355206154895e-01 3.028288133751904976e+00
2.130584021850627341e+00 5.593803672116115511e-01 1.963371497686161149e+00 6.093345977733378938e+00
2.558514082095432407e+00 6.308392861730358625e-01 7.126451003301794707e-01 4.919196984985394927e+00
4.120592041461674349e+00 1.602334367107853597e+00 1.193497607050087783e+00 3.537855778964398290e-01
4.577785724686831870e+00 3.095106933337278488e+00 2.202213777864523436e+00 3.757325118989524038e-01
5.044061786557312299e-01 4.408592323907427057e-01 5.484656636331514790e+00 1.709231968109759192e+00
4.641329662084815233e+00 6.225064946788835485e+00 2.852510206064298726e-01 5.125901243261938411e+00
2.041200925011640965e+00 2.970106913755210076e+00 4.005073107933600163e+00 2.070372590939006940e+00
9.813893251659681072e-01 3.844828758198989060e+00 3.305175451789760022e+00 2.590060620325950694e-03
5.116884270790470701e+00 2.099459633957990512e+00 6.774670642443799684e-01 2.050330610570020085e+00
5.951982333068546183e+00 5.906845527571767285e+00 5.734841586357421583e+00 5.911450060047867439e+00
7.311586159073952818e-01 3.721139094937313541e-01 4.392380423567298742e+00 4.203179872235065062e+00
2.349066171827590033e+00 2.892884913466140517e+00 4.990686422220256269e+00 5.567144001321339131e-01
4.257742645394516856e+00 4.197527962867670048e+00 3.647213366885710517e+00 1.916262835544246534e-01
3.297175796370825029e+00 1.454028883952186435e+00 6.241693673615682947e+00 3.393250248216355125e+00
1.548083564161231163e-01 5.129283681656969129e+00 3.678780258972388584e+00 4.796203299528716713e+00
4.997167523284996804e+00 2.914326415331002895e+00 6.273821959454724428e+00 1.586705203933229447e+00
1.270212664785853596e+00 3.123956766527110407e+00 2.617869303726225172e-02 6.029471361090675607e+00
1.706458095919516582e+00 4.542309985125478455e+00 4.935497474200318813e+00 4.668570775069716738e+00
6.156015334205465095e+00 6.248948371459428053e+00 2.519564465298681277e+00 6.024654282757473389e+00
4.012656019690069797e+00 3.690096700631842364e+00 2.522933202893038462e+00 4.711517912149870035e+00
9.659583519676656627e-01 5.601984939148167975e+00 5.681220543685991053e+00 4.523102836859645315e+00
6.187255140459211766e+00 3.967857327553317770e+00 3.235029472304200571e+00 1.604066309906464705e+00
3.087798046920560147e+00 1.922477689197983119e+00 2.932720514082154395e+00 2.957951310777811482e+00
3.685861641754505147e+00 2.230292126524697771e+00 8.238908612596981262e-01 3.444558467214086317e+00
4.719055152174772338e+00 2.239249531417344841e+00 2.158982151557553575e+00 6.877587856401460309e-01
5.325702048498563990e+00 2.796275678526671360e+00 4.959091942140917197e+00 5.695443147173251397e+00
4.496088253173202709e+00 2.451502585917638477e+00 2.335413116572630621e+00 2.009978413193758140e+00
5.414250929494958342e+00 1.952691279075736475e+00 1.663667238705410556e+00 2.861804587435533787e+00
2.283747202662252729e+00 3.013342801267237192e+00 4.152737697059810107e-01 5.665863947249334842e+00
3.226310820489529441e+00 1.402988905517088547e+00 2.457892931905758083e+00 3.818630550796932699e+00
9.960075662499616733e-01 1.925499362389812008e+00 1.846418004675323132e-01 1.103855556323973808e+00
3.586916471018045005e+00 4.660250827481594804e+00 1.263761044653862298e+00 1.034701572245979806e+00
5.177048521221662369e+00 1.466176397908274920e+00 2.419369968365571388e+00 5.098386724768880107e+00
6.240209307262156280e+00 1.269726545747711377e+00 5.882945652825689820e+00 1.238248785913831806e+00
1.284753722298462630e+00 2.822792526674291480e+00 3.947789113051873411e+00 5.834197936973328780e+00
4.476959444989907055e+00 5.428950057103134164e+00 4.909970144035025186e+00 6.275629696751693132e+00
5.025473902327525444e+00 1.062628653665977252e+00 3.747438068751936857e+00 2.073729039936250462e+00
4.433375105024714102e+00 1.694541293909404889e+00 5.981223100161700224e+00 5.709433707799673741e+00
8.560875293792381546e-01 4.160500596893625946e+00 1.528565239471035175e+00 3.203163258642155675e+00
2.675381758863873305e+00 5.409247957682512542e-01 6.165793438136592641e+00 2.567002202492670193e+00
5.771872279492718860e+00 5.523744509101261357e+00 5.939504517670236794e+00 1.752846466019745586e+00
5.838122743484288613e+00 6.076580093576172681e-01 6.133313392083435289e+00 2.188446199489546551e+00
5.439980945178751526e+00 5.360624467908842838e+00 5.394623539792769762e+00 2.535610816726875938e-01
5.745489158179046818e+00 2.610205804518497263e+00 1.903181003033883600e+00 2.506682321010595071e+00
1.881260954757533188e+00 4.012917640007708897e+00 3.652942092280314412e+00 1.612085113908023060e-01
6.282377346894485903e+00 5.635087709795449928e-01 2.711258150111941934e+00 5.812010267290911081e+00
7.427044391516089972e-01 3.424528907920412202e-01 2.739323894305264240e+00 2.827043302184105711e-01
1.913325176676106132e+00 2.497212940753198218e+00 1.634913667363771639e+00 4.820017143217260269e+00
1.209634291666338957e+00 1.712892475530808367e+00 5.299115329415228892e+00 1.550674001302231098e+00
3.744988913380453255e+00 4.950451871225053924e-01 6.091528953698565729e+00 3.991229953173412781e+00
3.874217314247973221e+00 5.659607737601954902e-01 5.767370093630692196e+00 1.712947431014184563e+00
1.398138524138991867e+00 3.858429782653387541e+00 1.637493701481414377e+00 2.138646278061679062e+00
3.023830099669997828e+00 3.733082499762520268e+00 5.069656479260785886e+00 4.222485063100196889e+00
2.860178571883916998e+00 5.201382102130783558e+00 2.755585796803480481e+00 7.172234538025569484e-02
2.763873351318160143e+00 2.212161825744373367e+00 4.713708210058072723e+00 1.080248973341615848e+00
3.473242346245224432e+00 3.896198744250955581e+00 2.914262683111128460e+00 2.634359010699031778e+00
3.566759769746140396e+00 2.021679121823503067e+00 7.005261008139697099e-01 1.251274645909980610e+00
1.344691583377540800e+00 6.144191822706567940e+00 2.648044402191710667e+00 1.351458380442249085e+00
4.789618596837136089e+00 3.783399139850985637e+00 5.361558693184524493e+00 3.554684874738715639e+00
5.394291473532899062e+00 5.154484836217111621e+00 3.519610572416981942e+00 2.414833460696263145e+00
3.504028715876271072e+00 5.254722778477414202e+00 3.330920769733823894e-01 2.718218656176352166e+00
2.306370733687546082e+00 2.446800004201463707e+00 5.875315761977450535e+00 3.853573567451220594e+00
5.084516302048000647e+00 1.242971074355786243e+00 4.859908467783205843e+00 2.595223234613945440e+00
2.251903998703968401e+00 2.238759697241888003e-01 3.286916428963029824e-01 1.023433038187192778e+00
4.766136518250779552e+00 4.237433577168629562e+00 5.950736101709596326e+00 3.261716424931786484e+00
4.212002014442973064e+00 5.609424136759538548e+00 3.048463322722342328e-01 3.639525835800912379e+00
3.850584230265792218e+00 5.581045119337536775e+00 7.900873942938763106e-01 2.491538563182454258e+00
3.092737593769847138e+00 2.048709329207324181e+00 1.548040791421748441e+00 5.373751308557747741e+00
5.116318485268227967e+00 4.251227088161689593e+00 1.901922158130755713e+00 1.084466093365143324e+00
1.744412868831426711e-01 2.840018403142879233e+00 2.337017313452346201e+00 1.835782624209563396e+00
1.532413180693226851e+00 1.004131326513832301e+00 3.992727184574584864e+00 5.005217559668249550e+00
2.847249473147438703e+00 5.242141993240220899e+00 2.208474413472939268e+00 8.941978885388032205e-01
6.017922094009676037e+00 5.120569823324055969e-01 2.922653615477400102e+00 2.591279386022657061e+00
3.452497455924485870e-01 5.178572871948383671e+00 4.179952947317547185e+00 2.862872298747479505e+00
5.349892652354424349e+00 4.763878051683030357e+00 5.291234839042388005e-01 4.648204725825350603e-01
2.152553534659919166e+00 5.358012308428951265e+00 2.724725239531353704e-01 4.786265647180447225e+00
3.914664976924179807e-01 4.226829161750918218e-02 5.069757024165934212e+00 1.700924693950731648e-01
4.661808148064808144e+00 4.472747271338753272e+00 6.503749569872825376e-01 6.270205258122572900e+00
4.677088343896623535e+00 2.973693401284401183e+00 2.436180422777691756e+00 4.795276225501741985e-02
7.394947125735709670e-02 3.828868306771034291e+00 2.329666425519779649e-01 7.452136968247203841e-01
3.378509955036100632e+00 4.609227149940196888e+00 1.309169923804813784e+00 5.743785288341264561e+00
5.380641999523116947e-01 2.532848186250347133e+00 6.259916045234393600e+00 2.737892296448095397e+00
5.498800653737950128e+00 5.755543277244145273e+00 2.990660826074693079e-01 2.436571483446866360e+00
1.646049008654462409e-01 6.146269889436467793e+00 4.397842309614700684e-01 4.231947206173417797e+00
4.256675215398500356e+00 2.901756093228941569e-01 4.446398831648458838e+00 4.344840738106294786e+00
2.482606086038452453e+00 4.722131137803799561e+00 3.657729322078514755e+00 2.631689128459395288e+00
2.006953355436307707e+00 6.503554670046053365e-01 2.355603986570821817e+00 5.026005892083964532e+00
2.186758717680403752e+00 2.581718059849780200e+00 3.808073278126691719e+00 4.755174740018752289e+00
3.464054771204278627e+00 8.150878044341679507e-01 5.525323740680534002e+00 1.945988074671858303e+00
3.456070448407302820e+00 1.569207642746223597e+00 1.524591283871243874e+00 1.319408031759756517e+00
2.749084367119992045e+00 5.688458248900268188e+00 3.368292757585698460e+00 1.412838436541258069e+00
4.885666791672957032e+00 4.559656187670464433e+00 5.958967687083360332e+00 1.454961523144878699e+00
3.154355663521407616e-01 5.565159219104872435e+00 4.620941927098115798e+00 2.822422258334736256e+00
3.789269726184246068e+00 5.072267710605181001e+00 4.224245668979410562e-01 3.333801989335920535e+00
1.991817998657191113e+00 3.394170806110756278e+00 5.367096091382471457e+00 2.141799741188196382e+00
9.474938361718844293e-01 1.976056876486894431e+00 1.652077644143398416e+00 3.646826342053865133e+00
5.885123408815754686e+00 1.373709653225852811e+00 4.587621950681697314e+00 3.396307704909939940e+00
5.647161942103934074e+00 1.770127759266969081e+00 3.431631080173968673e+00 5.294498633162504575e+00
3.745050431828821136e+00 1.391458430556787307e-01 5.901425148486994843e+00 2.995080814729452090e+00
4.677815422702813031e+00 5.575638063862840887e+00 6.044471285475048639e+00 3.403339859905849085e+00
1.960010525589646280e+00 5.607112361967629077e+00 4.947735890444094231e+00 3.857267446004520872e-01
4.112673729687908342e+00 1.217702299975499836e+00 3.410730041854083683e-01 5.102713602379543190e+00
1.149275299229945091e+00 4.775860261680029417e+00 6.133702926187114102e+00 1.672906557779002101e+00
1.339505324272308950e+00 6.080003251364764161e+00 5.191687268496757213e+00 2.832521343837218208e-01
3.703622980141442422e+00 4.669101227733497339e+00 2.605411186632632603e+00 2.040782623904705328e+00
1.725822923339820347e+00 2.246933135162136441e+00 3.310544250580393477e+00 5.697654064285386788e+00
5.560764012706607140e+00 8.789806630460670345e-01 4.333632835564499075e+00 4.542017056545335940e+00
2.744860324107035510e+00 3.235554293745930288e+00 1.292483813488433109e+00 4.337687499451353901e+00
1.251056018502301470e-01 5.044300011934145900e+00 5.795350825080259893e-01 3.922058170529260313e+00
2.347108421057888972e+00 4.193506254835346780e+00 1.559158735408364471e+00 1.077316805982907244e+00
3.891049202512944394e+00 3.927946497407274862e+00 7.537383052261199534e-01 5.193702165844364949e+00
3.026047142873280915e+00 3.221672636032676174e+00 1.565604441262961943e+00 4.021741093472811501e-01
4.856563045003996493e+00 2.358316852087487980e+00 2.287030499485907808e-01 1.156703941691458182e+00
6.146004663915805466e+00 4.081710693617143448e+00 1.227608300198367086e+00 3.096909309471393534e+00
3.223535902888687854e+00 6.193433654711010261e-01 4.996628786527237409e+00 4.354421928430134869e+00
1.162939001966576180e+00 5.471271428971050454e+00 1.938408027672872125e+00 9.553193469868496157e-01
3.941822481945333134e+00 1.498842514044548713e+00 3.749647310106049014e-01 5.781394059495724713e-01
3.006185686835357362e+00 1.922920627703776253e+00 2.817041213173881342e+00 3.598821817595965200e+00
3.979468745309784783e+00 2.360427984242969845e+00 1.241937291795064624e+00 8.055532152668959389e-01
1.222935113792591011e+00 2.517680257728438509e+00 2.777612350412009601e+00 6.073926061469961724e+00
2.266670062636677141e+00 2.352841155295607223e+00 3.451707483448161806e+00 5.095691628978832988e+00
6.639965120186259728e-01 5.826773813428968829e+00 2.895065327279760847e+00 5.524591366949720417e+00
5.377329458060907896e+00 4.486273426127322494e+00 6.217250504419811641e+00 8.022610929441634786e-01
3.624865984334666003e+00 9.132556754223351003e-01 3.890471544163082718e-01 2.869472088837561330e+00
3.959116769529876123e+00 2.117007328765646346e+00 5.999277532866450713e+00 3.672217936371380276e+00
1.321836477720330416e+00 8.113477871996401802e-01 4.769702395440675424e+00 5.397356997897987618e+00
2.453059580865283529e+00 5.786939852515606830e+00 4.353847600146061758e+00 1.803812517607647381e+00
5.714148626170664436e+00 2.829838552973855115e-01 4.682892826357913485e+00 5.044593152043438167e+00
6.166190353315769146e-01 3.461358537194062279e+00 4.510146039757218617e+00 4.349854055192102997e+00
9.781901735650546659e-01 1.056282325438501424e+00 2.261319893276408699e+00 4.805208975458990395e+00
5.651069781795443170e+00 5.029899336120101871e+00 3.749930878314071125e-01 1.692017567439061398e-01
3.953762555557247094e+00 2.119304920077456078e+00 7.388044733528411623e-01 1.071440791205547249e+00
7.841886383146572104e-02 1.326922579934216362e+00 6.035188543797975314e+00 6.162965470813268176e+00
7.481936467530666546e-01 2.672440422497958767e+00 4.392226879514512738e+00 2.176700533434645646e+00
5.676183634952555401e+00 1.706815307199807397e-01 2.626551166418327199e-01 9.256994906667188605e-01
2.123761150445337975e+00 4.003310763115895732e+00 2.463062935757863947e+00 1.723461762593490931e+00
3.908874378440319486e+00 5.223719031142966429e+00 4.324237434981044181e+00 4.311486453931200558e+00
4.934183518961970383e-01 5.312871797558728737e+00 4.494205655251540144e+00 1.260296230347933255e+00
1.204359477608217821e+00 5.103099920307894166e+00 4.580202972215601243e+00 4.047330558860511296e+00
5.558189200974934963e+00 5.413771535894224662e+00 3.871861267913283000e-01 4.522424191207993438e+00
3.209369606980455369e+00 5.610133551644179484e+00 1.826196367901237183e+00 6.278257115269096467e+00
4.925762270272557863e+00 1.322197439885120174e+00 1.520847582292868871e+00 1.289332497374632736e+00
2.416956088063194397e+00 3.272829299527143299e+00 2.202744379547377562e+00 4.148656848071902381e+00
4.103086311810740128e+00 5.811935137092126169e+00 1.944139392751404793e+00 2.191492975594524939e+00
5.569272755325760382e-01 2.343472192806533183e+00 1.562318727628261739e+00 3.224120270227052831e+00
3.086446387974669747e+00 2.982041565530055394e+00 2.707767684686583465e+00 1.507642605539662339e+00
4.056473454550685531e+00 1.855178301458034529e+00 3.591263407148505005e-01 1.041119097502752888e+00
1.653052865106037439e+00 4.447677594896780384e+00 5.040759443095442549e+00 4.639449119154593681e+00
3.009312278416983233e+00 5.841374147169544173e+00 5.072034792939792425e+00 3.395684182799723949e+00
5.305202342767859847e+00 5.169390831612653336e+00 1.466861248846953014e+00 3.185945684238699727e+00
3.283458340518286001e+00 4.128597042629764680e+00 2.353826289924845216e+00 2.450750108109312375e+00
4.920981007969071896e-01 4.567457464188199312e-01 1.333387944232955702e+00 7.883719664656710336e-05
6.056808265893283583e+00 2.786877472319473914e-01 5.028918050968059772e-01 3.716136524493691251e+00
5.286314637905970670e+00 4.947255223722968331e+00 5.734345075386271695e+00 2.910328326502150009e+00
4.655347681314428776e+00 3.288777061268319812e+00 4.732428057882351879e+00 9.182480082797833676e-01
4.066092405609526672e+00 2.788534254066813212e+00 4.078236228108941042e+00 7.555898386057052774e-01
5.832385097979161159e+00 2.035840406381067780e+00 2.081458349396549057e+00 1.336595971878941524e+00
5.966953500387030651e+00 4.850644957626644604e+00 3.660577769294939721e+00 2.596622361172785887e+00
2.936330930598237465e+00 3.594028713119582719e+00 2.966497805381915320e+00 8.934530270803135998e-01
5.888542012071164677e+00 1.866228294430400947e+00 3.340077697727489525e+00 3.867017885939065813e+00
5.000754213382882618e+00 5.857329171201111073e+00 6.009495625814707864e+00 3.892509613777029642e+00
2.324762339438233738e+00 5.846551863162362750e+00 5.726591342506014648e+00 1.718516834492746392e+00
5.419319406820460872e-01 4.398780950117395783e+00 3.099614415925867394e+00 4.757546585226516633e+00
1.993912789150836806e+00 3.502922205795684807e+00 3.130598511694172359e+00 2.762572229617978437e+00
4.169448030897794588e+00 4.839938991204241758e-01 5.683164827482421799e+00 5.571369472915463916e-01
1.568399983049856505e+00 1.049375600483053450e+00 3.004974132654623986e+00 3.779050992551535426e+00
3.661054763338417173e-01 2.830200344343620333e+00 3.899935816746969319e+00 8.015778602644877404e-01
4.924816051326194710e+00 4.548916591958737321e+00 6.066295507352620575e+00 4.044942901550983905e+00
2.171325819312723393e+00 5.574296069648392304e+00 1.226929077400172652e+00 1.944957025269013484e-01
2.430448010253195346e+00 4.072920960900474618e+00 4.038828902989303415e+00 1.743952051137191761e+00
2.491173381153601873e+00 4.469979037921636866e+00 4.924806636163517659e+00 1.367753182286599367e+00
3.450508440950324829e+00 2.654326163420527962e+00 3.995839303132632470e+00 1.451904503438917526e+00
4.917758231879991726e+00 3.366340923446152544e+00 4.391184550296081568e+00 4.104110120075837642e+00
7.918617329503221391e-01 3.984794901257520117e+00 1.994723973069783218e+00 5.005732353384402700e+00
2.746780478505335132e+00 4.846641559859542481e-01 4.113883525205426217e+00 5.442418827886420729e+00
3.995702362575721978e+00 9.412704959713769082e-01 2.437310539964089862e-01 3.036814657372395310e+00
5.104701074753612566e+00 3.555638684629423008e+00 4.414179112311306774e+00 5.326367397320558084e+00
4.076708142704394078e+00 4.916583050509341746e+00 6.559154819059839214e-01 3.811806191422850265e+00
5.929428642022273266e+00 6.235276989740046183e+00 1.046091045723362090e+00 1.405087901481842261e+00
6.009261370288233373e+00 3.369503325089184820e+00 3.613813169822054583e+00 8.064942366443222932e-01
3.582037844731786880e+00 2.171840546153534390e+00 5.256762346933028240e+00 1.310895516197285060e+00
1.986683206495381881e+00 2.098569593339176365e+00 4.959028507489426474e+00 2.532965730271721227e+00
2.669335153241942482e+00 1.079004300999413912e+00 2.375548761341681914e+00 5.849974336619090387e-01
2.461338515952086858e+00 1.618956715923316025e+00 5.294946406124764415e+00 5.741388985716175952e+00
8.844351184174095160e-01 5.257971124662534912e+00 1.633584846947232494e+00 4.563270827999013513e+00
5.881151837691336759e+00 2.827523353707271370e-01 3.553731612422300845e+00 3.741164333790574670e+00
2.977011422740540869e+00 5.481420651302973290e+00 7.727754491077880594e-01 3.348618249588002804e+00
2.855083890766021426e+00 5.843865858716088546e+00 5.703219095231053082e+00 2.141943289358110292e+00
5.512973819965797162e+00 5.265134245117561562e+00 2.724039797429652854e+00 4.914286245201313186e+00
4.394481156046744275e+00 4.708045594156051727e+00 2.207925969018793122e+00 6.634870027311712097e-03
6.965383949522702123e-01 2.745899767246613443e+00 5.622043348139164287e+00 2.135572048646598109e+00
2.470329622051641305e+00 7.698338807530225036e-01 1.235258578636772908e+00 2.256750814804291405e-01
5.232783207622506261e+00 4.962269358226786942e+00 5.198672457518133783e+00 1.234859475422794839e+00
5.639864658014679399e+00 5.799632950477029425e+00 6.387551542545639727e-01 3.552364156642200399e+00
5.108049079252071856e+00 1.139973705438773299e+00 2.391746629626052556e+00 5.139931213245377606e+00
6.208127994983160036e+00 5.727814787406680708e+00 5.241851675314687320e+00 1.424296877757385893e+00
4.777010181587715287e+00 5.180589220102489456e+00 4.218581424999790386e+00 1.276411502295321077e+00
2.564673771387095957e+00 3.841115539654895716e+00 3.951131823182910452e+00 5.361985923272755139e-01
5.150727641345021368e+00 2.931610404383881097e+00 1.490036853824790564e+00 4.609840683248861204e+00
6.171891893676150431e+00 3.917994958683571838e+00 2.915833984376278831e+00 5.720403919763795919e+00
1.412607596964880197e-01 4.288022663738518148e+00 6.174874768452159657e+00 3.258332555054225033e+00
2.273342152755426948e+00 5.521337699063344928e+00 6.433678340984111399e-01 5.288286810949091254e+00
4.564623396996803528e+00 1.489345766549230454e+00 1.923341854692110164e+00 4.300471766459641465e+00
6.165952117522209841e-01 1.599742319439364957e+00 3.084328184938005091e+00 1.376281256878423953e+00
1.500543880072933434e-01 1.734396702621433750e+00 2.605915506144854010e+00 1.717007808045640127e+00
4.629873942490302596e+00 2.207427460051847312e+00 3.133700207151565831e+00 4.215879102298706549e+00
4.953540706160223017e+00 1.565160460090978756e+00 1.888940908197944912e+00 2.457373649773002544e+00
4.732691028105278086e+00 1.525293381659615033e+00 1.820222440444187795e+00 2.388041494189940384e+00
5.871787623379795207e+00 2.192256263324858512e-01 6.256539945609818076e+00 2.576434186498554713e+00
4.698315403254210487e+00 5.010476011109799011e+00 6.145900010187275164e+00 4.740625799857658862e+00
4.882822684501259225e+00 2.818740796732732257e+00 3.945840058367141800e+00 5.398566615672919511e+00
2.699804702482606178e+00 2.856209287667895946e+00 9.849696836523526011e-01 4.765933196668405536e+00
3.525493678009491649e+00 7.830559833882968501e-01 5.144259214603939867e+00 4.711741856672619910e+00
7.470959252261830663e-01 5.384834784426415943e+00 1.927189985024911234e+00 6.004601777745939728e+00
1.076062932862073662e+00 1.645335879245161781e+00 5.984770304817810249e+00 4.185349653035866702e+00
6.004339054817426025e+00 5.851940259646958076e+00 5.772398370006385449e+00 3.290173231203957993e+00
2.255078602888531680e+00 2.163182278562679195e-01 1.468722234065399590e+00 4.703030020488166763e+00
9.941536788126523749e-01 4.515240982975134543e+00 3.429450551483684606e+00 1.048741715770781679e+00
4.222134741185164408e+00 7.037422640856255684e-01 4.211524225312873959e+00 8.397842951010251467e-01
5.048301270635797700e-01 5.262609757163780877e+00 1.863558373702358217e+00 3.801222255308822184e+00
4.631422503798601653e+00 3.765349929515731109e+00 1.918630110649436338e+00 5.565919437806146064e+00
3.663344564145142535e+00 4.576811904832160494e+00 3.351847383882903042e+00 2.588300359132774453e+00
5.438268941022842640e+00 3.212513263526342921e+00 3.761640862547134923e+00 5.004649781800086572e+00
1.914509813283657325e+00 3.702246494119312725e+00 1.424444364205426528e+00 1.365646696313263631e+00
5.037305185239060457e+00 9.712619126672840109e-01 4.269101284234252169e+00 4.256061354711674127e+00
2.643292862021815015e+00 5.428177734112273889e+00 5.887315225005717245e+00 9.821135926896887858e-01
4.706559862852457421e+00 3.693928949352129898e+00 2.210730343313248997e-02 3.363922932418729417e+00
4.337549596068573265e+00 3.440126889409421906e+00 2.848869779832469806e+00 5.985405938063490083e+00
3.067246135162155163e+00 1.825307020052223672e+00 8.754001659966075266e-01 2.668354341704018751e+00
3.628164119445449920e+00 6.142266155067240163e+00 2.400052293041967100e-01 5.091938269564404429e+00
5.953746206351853587e+00 4.121582719953794438e+00 6.250811574963819339e+00 5.747493161451848742e+00
1.868594107472508759e+00 1.362224337475506086e+00 1.210212734048728977e+00 2.380803770008375508e+00
5.807144591364488129e+00 1.129982724586888310e+00 5.608388442743884816e+00 4.567708244721428557e+00
3.838643661298677845e+00 1.122121896874221258e+00 3.563241049825497164e+00 4.316588154566145974e+00
4.723213360245431147e+00 5.330498636849186234e+00 2.699778572066096061e+00 5.331721300041389888e+00
5.210928304958785340e+00 1.035978765959204351e+00 6.102292350394582954e+00 2.940668890108620648e+00
1.990544669684586543e+00 5.030341628375185614e+00 4.565106485812298942e+00 4.301215221950183576e+00
3.197232768575202666e+00 3.487505406319094114e-01 4.311860493957405005e+00 1.945658801839326157e+00
5.206361950892720358e+00 3.447860041197409409e+00 3.901736291097592235e-01 3.150643079616790132e+00
2.619719990119605768e+00 2.025245386600983188e+00 2.984631945516047491e-01 1.544456184058029091e+00
2.775478797322707525e+00 3.244611886117950039e+00 5.559628859315369986e+00 1.051654050057787781e+00
5.926880460459575062e+00 2.515036396499258919e-01 3.372619156125905349e+00 1.507143155141315916e+00
2.574314712862820098e+00 3.224693632010979361e+00 1.566401817349692527e+00 4.925387358824092843e+00
1.898552394792494269e+00 4.807457520795401784e+00 1.738292786658413691e+00 2.247763460607450359e+00
9.911281352733419814e-01 1.966739649238095744e+00 1.102476722423112232e+00 3.403054639006613424e+00
2.953413470695406495e+00 3.491093769353975862e+00 1.409810899479701840e+00 2.320098655295081080e+00
2.468517924432234167e+00 5.797988466116704487e+00 6.430646754953629474e-01 4.170125539378751967e+00
4.226618206361542285e+00 5.569573644056020179e+00 1.103593112407019072e+00 3.146779073167803809e+00
3.550693678592786728e+00 1.284107159001484533e+00 3.803288183459489158e+00 3.575438108028035966e+00
3.713230228282020651e+00 3.832038479400077247e+00 3.346383564893007811e+00 5.582365183853370105e+00
4.265526116408214108e+00 4.710525917459733591e+00 2.730399611215854172e+00 4.253556522122092787e+00
3.269253404244646943e-01 5.735935348691804769e+00 4.893565576067973488e+00 2.123295404803496211e+00
3.999486424333164258e+00 5.371864287319614739e+00 5.515784470748607227e+00 1.314180932441929128e+00
4.857152675334531544e+00 6.884413887804028409e-01 5.091668721259306807e+00 5.949987375094675235e-01
1.401387331635215228e+00 3.707634772760647124e+00 6.079834043051635994e+00 1.085650806472079122e+00
5.928133956000022131e+00 1.259000362577720855e+00 3.969423646023120256e+00 9.072245704496513241e-01
1.650844767178964556e+00 9.287988705035543635e-01 5.166678848690485104e+00 5.334836963737839888e+00
5.257388221781381432e+00 3.011308881267146020e+00 2.047052494912568466e-01 4.413025505780745483e+00
2.824030807279585886e+00 1.417110941469743590e+00 4.178827018343290511e+00 1.006625084605590859e+00
6.140870398589182599e+00 4.111499254275283732e+00 9.061518564295535372e-01 5.239541213629644867e-01
4.723311584909552607e+00 1.741191840952244219e-01 5.339071289575868740e+00 1.621610840302424528e+00
1.666692251763549848e+00 2.895233344173158141e+00 4.932891684346851213e-01 1.218109139160284959e+00
5.504267516084843770e+00 7.088805229800211327e-01 8.393364955328218580e-01 4.019660306993082521e+00
6.043083539182082298e+00 3.944787457914701090e+00 2.252706032967818128e+00 4.927342130336435311e+00
6.019897342558738984e+00 2.602784862048314718e+00 2.058807290803623236e+00 1.992811869980962269e+00
4.591867014858546092e+00 1.070690034157587567e+00 3.059170987851014711e+00 1.224292139222116216e+00
3.180014752395647459e+00 9.819020777123401711e-01 3.689866763160877250e-01 1.271770445726084997e+00
2.310021817760897100e+00 2.333583446342707646e+00 3.424083298722581659e-01 2.651945475920579831e+00
4.022804410543498577e+00 2.121469265732857323e+00 5.226708738546327560e+00 4.380953649809002926e+00
2.476227547588827793e+00 2.201509836490966876e+00 1.623722581882873772e+00 5.160021058450455556e+00
2.667675423734073625e+00 5.671990955042794269e+00 5.180133542732272972e-02 1.476745921936580830e-01
2.531535070343757798e+00 1.046934658459762302e+00 4.975051932569225066e+00 2.375874110621549296e+00
1.248532817351736934e+00 3.594311022548128953e+00 6.137414006282882362e+00 2.759192592283915779e+00
6.052756008756054129e+00 9.114901077493177128e-01 1.146327493662893326e+00 2.713820310762868337e-02
4.084194015100125696e+00 4.151108565481610668e+00 1.084206336671570181e+00 3.144789038899795663e+00
1.451693067274098414e+00 1.598114014761410129e+00 4.925671941325291847e+00 3.906172746376499028e+00
1.189991964404191416e+00 1.658491287918831825e+00 3.081819134610990663e+00 3.159547065956206158e+00
2.594604339338542065e+00 1.425800853327995776e+00 8.617614208728251457e-01 4.683001386880209616e+00
1.398257789976578680e+00 4.349408541191580824e+00 3.197585569534814987e+00 1.401722363724351217e+00
3.168964427340270618e+00 5.496028437672496381e+00 2.194965331690476695e+00 1.038072110252185931e+00
1.229488176175913994e+00 5.157337691905552468e+00 2.386803088741817458e+00 3.235858593469723488e+00
1.019093367524148031e+00 3.553520326424028042e+00 5.884361381399948243e+00 4.363572695743497931e+00
5.680505968942587636e+00 2.286484023661146558e+00 5.319815197857234779e+00 2.341542039364969963e+00
8.357312144180782942e-01 5.257054033987877517e+00 9.490402543813110103e-01 5.386597647180017212e+00
1.996681257471034865e+00 4.396036520435022688e+00 3.041298107961710073e+00 8.379017610390585569e-01
2.881956269063495224e+00 4.869435885200219971e+00 3.598589693756919949e+00 3.525507243253844236e-01
2.478136828138243875e+00 1.099864667488105852e+00 1.065878518933070618e+00 2.490527445896974168e+00
6.208604339974867159e+00 3.511674290057288594e+00 4.454633405859700801e+00 1.037009491826692997e+00
1.074839741773893964e+00 1.333445875958243765e-01 5.446120041950832658e+00 4.525567132202750642e+00
5.913150757202038754e+00 2.175997532840361792e+00 3.980567328252624382e+00 3.671735069125599438e+00
2.316424016927994600e+00 2.503362627114344985e+00 2.371623736635710245e+00 6.279908222098610437e+00
8.946332681299784539e-01 6.060917055674207354e+00 1.200707455479670616e+00 3.812701242352357855e+00
2.297887067965340258e+00 6.158775248552737835e+00 4.337212820849369876e+00 6.360943961571031702e-01
4.789544635053784916e+00 3.323171778922620057e+00 2.886074311144354310e-01 5.857673213659052358e+00
2.965388799475265902e+00 4.730102655494891728e+00 4.989956056861574396e+00 4.334324347944064293e+00
1.828894094223818545e+00 6.118345502594331187e+00 6.734732999996819736e-01 4.221686348457285298e+00
2.180225944165304686e+00 4.296710930042391574e+00 3.457683662455185436e-02 1.983521770973194043e+00
5.301760403892331830e+00 1.749330730656193378e+00 3.565429353057663620e-01 6.586782028754263330e-01
2.591734793963650141e+00 1.713797648600813739e+00 3.828331984437249313e-01 8.213663584225332492e-01
6.061193174876958523e+00 5.390306657190167883e+00 9.427115545601888469e-01 4.024367595569135148e+00
1.796874134215336705e+00 1.146438702694243084e+00 6.194973107960806580e+00 3.454087875405604802e+00
1.941250693224965351e+00 3.770631355226308656e+00 6.205892471910350316e+00 4.407325146078716394e+00
5.213589217463241887e+00 4.970835337970667567e+00 1.107238545505877747e+00 1.190023057806427476e+00
2.780047926320725171e+00 3.395148783963770622e+00 5.500089215096813255e+00 5.755609466098804639e+00
1.329417455989275298e+00 4.081762158528038920e-01 1.310382580183705459e+00 4.187786136591928887e+00
2.728075625346446653e+00 3.296543964525653486e-02 8.649594382311140972e-01 1.943221891894656217e+00
1.449161712769901911e-01 2.195482358894113584e-01 1.537798074146794258e+00 3.625658770542921072e+00
5.270826661454930395e+00 4.484236367443124927e+00 3.886857758929721740e+00 3.705236222988320005e+00
1.201281610930867050e+00 2.031240138163010744e-01 5.599211545584761751e+00 1.152719576427051695e+00
1.607152298589032136e-01 4.466566572510277666e+00 4.904247843238867866e+00 7.399280490267653443e-01
6.075731626124708740e+00 3.749359655132410207e+00 8.957433137224703190e-02 3.562751298111529241e+00
4.881146962085504803e+00 4.047690567391692085e+00 3.116598447513983405e+00 2.917977584890430798e+00
4.266689521386576978e+00 5.789917926090483391e+00 4.371077175581113750e+00 6.196845249032564062e+00
5.743668087137459466e+00 8.947332865342101649e-02 4.956894918845136111e+00 6.106705500789973762e+00
7.502645085191594898e-01 3.466917097196265729e+00 4.985854346202724940e+00 5.373917469143682624e+00
2.718297311102503944e+00 4.714143889914830687e+00 5.626042635210579235e+00 3.990100140740537427e+00
5.108011799774166306e+00 5.925416124314494937e+00 2.677494925482917676e+00 2.626144234449865777e+00
3.508789529202701374e+00 5.027419399825450164e+00 3.161692120955871932e+00 7.961267643799696536e-01
2.160613215611927096e+00 5.184864522432532929e-01 6.028246105075221628e+00 5.427312760799900104e+00
5.838850184124903642e+00 2.679845502359803344e+00 4.688581553413592395e+00 5.721115943811724946e+00
8.202775297353208650e-01 4.680210151895090043e+00 1.233409721853566232e+00 2.836542545851099995e+00
1.487172641640319259e+00 3.181322943197385733e+00 3.494759633917521313e+00 5.400868681529294335e+00
4.961161035586548529e+00 4.292942672441927066e+00 3.140836712610433068e+00 5.191825074439750942e+00
2.181379950824418490e+00 5.662672894563225867e+00 2.689769389662863275e-01 4.462040182112223086e+00
2.833009772040793184e-01 5.550847304968179463e-01 1.277580542770741845e+00 5.789688196242969376e+00
3.218141343439778979e+00 1.082967450936300535e+00 7.918916916850937682e-01 2.721060922569067841e+00
1.490882028670593717e+00 5.935027514903105761e+00 3.753388853051162766e+00 5.037143359333466464e+00
2.305741761753282049e+00 5.636784944911712891e+00 7.097907684381903337e-01 2.521771403981395210e+00
5.627002825190920099e+00 2.886372050881524487e+00 4.023966552513086548e+00 6.736181319555263336e-01
4.243776503644556719e+00 2.662116750816949096e-01 1.462506461186413365e+00 5.709061160715123151e+00
5.079336920549279988e+00 3.206508425559511544e+00 2.327253872190405415e-01 1.215831995990523495e+00
2.322054722143639616e+00 1.006963585377866455e+00 9.883600277711429571e-01 5.675629851904584466e-01
6.138065839187563100e+00 5.760651344541102503e+00 2.568816444092153706e+00 5.016480357719863115e+00
2.202547714236017473e+00 1.294902642616414079e+00 5.188121915545439444e-01 6.084196536910018160e+00
1.463090071551964799e+00 4.301809471711301569e+00 2.085552495382978044e+00 6.065143680415604699e+00
4.280353184294430235e+00 6.221241127610863231e+00 2.024252079391577475e+00 6.059119520047249630e+00
6.003172789901468853e+00 1.719964393612436027e+00 4.417368021981914694e+00 5.334590218564993158e+00
4.078976027720126574e+00 9.054000517304229279e-01 4.115964977141199910e+00 4.042938784327544610e+00
5.641284796220075393e+00 4.152360119612714229e+00 2.646053115569578562e+00 4.744774473118610558e+00
5.888872420257002638e+00 5.733331450726192102e+00 1.018338613785202407e+00 1.548814294384257995e+00
3.599330316146510000e+00 4.800150429009031328e+00 2.403597752481725802e+00 2.179538136453654573e+00
6.169768835919531985e-02 5.047701300269316071e+00 9.272655016015322049e-01 1.732127946188425804e+00
1.415804660198404452e+00 2.502759964331789710e+00 5.178854152106817210e+00 9.984535801794065524e-01
9.018775500441298387e-01 4.031888340950758653e+00 3.500080345502233570e+00 3.943811044953922984e+00
2.021491414817485399e+00 1.138673020565897254e+00 2.169368657329238559e+00 4.615638760747430958e+00
3.285388429856770376e-01 2.943642161198673612e+00 5.278878703681995965e+00 5.405295749848520792e+00
4.345783852656301960e+00 4.099566926545660017e+00 3.676814228051640487e+00 6.163117908178048943e+00
1.978901592410093668e+00 5.854149152384930943e+00 2.542055133402879363e+00 6.022144452888103849e+00
4.649739362477009585e+00 3.468317537038307474e+00 5.101005176814133790e+00 2.157290707923373407e+00
6.133572827079360579e+00 3.332470006397597828e+00 7.062699109509364970e-01 4.792133159134311704e+00
2.992466226796570705e+00 6.941082940921257036e-03 3.243421572833852018e+00 5.988781812216270595e+00
1.610950202520966101e+00 5.900808445832248061e+00 2.665928131704510040e+00 4.669707225893201752e+00
1.340233372772668741e+00 2.718859684717556124e+00 6.213771881523012519e-01 4.902457293741737665e+00
5.287362959211147073e-01 4.671844189961307237e+00 4.748369195170828228e+00 1.144898658521222634e+00
9.991821684894891531e-01 5.455191443444609156e+00 5.525037669620215253e-01 2.945550721137558892e+00
8.735708277896770957e-01 2.191046600471360684e+00 3.480570145426793993e-01 4.757425824879631726e+00
5.143357335042262335e-01 6.926544126891608089e-02 5.204805106951646998e+00 6.045466159182305788e+00
7.940000743784191295e-01 4.687128917046495813e-02 2.159858408641982308e+00 2.083586996092225974e+00
3.236769879560132068e+00 3.648520615254478905e+00 6.117699141472884961e+00 5.310607673019329233e+00
2.062390607429648526e+00 3.875188655670566362e+00 3.133351005433463232e+00 3.185050589414618383e+00
2.807880610391831677e+00 5.910957814925995812e+00 5.794873819088841138e+00 5.597773487282222682e+00
2.327372798425990208e+00 1.865254978539835629e-01 5.033603106937661664e+00 6.249444983843957524e-02
3.707618996598502359e-01 4.817616437653224004e+00 2.517805507224995409e+00 1.262072864450638932e+00
3.290488789106603917e+00 3.086504331895397524e+00 2.953719565764643118e+00 2.785482573404151285e+00
2.855613188271703518e+00 1.659150175499855884e+00 3.432156654549873398e+00 4.673589568317335186e+00
4.693287616525589456e+00 3.020167172920524390e+00 1.628056916733477744e+00 5.117680235286806933e+00
4.852731278675304516e+00 2.564742185231957183e+00 1.851478397960619304e+00 8.081643720154587651e-01
4.104861832965584156e+00 1.830158201770913040e+00 2.022531612341141316e-01 3.928774425328890874e-01
2.775185993772136150e+00 2.314959892335334946e+00 4.439568153958899782e-02 3.805729157451529510e+00
6.011948012850557355e+00 3.173292700725224069e+00 1.288536639014176144e+00 3.186031466135618384e+00
5.688902848606820939e+00 3.516984989762686364e+00 5.909847543402358738e+00 1.106981181905230205e+00
5.869706123829060651e+00 5.768596972610964713e+00 5.787377964748528392e+00 8.672270710895270129e-01
4.901759328448292763e+00 2.045697940139580062e+00 1.465855480843507364e+00 3.556361429672758590e+00
3.862808451597036008e+00 4.298925615906560971e+00 1.494543249477862101e+00 5.354894141719150014e+00
6.138314357098534124e+00 8.832731041349808354e-01 3.238418344799372850e+00 2.931309963313030398e+00
4.878524536564901481e+00 8.322996503442400273e-01 1.852604032082137420e-01 5.222440271330245132e+00
2.418983836731397385e+00 3.630923176109351669e+00 1.030488321410836461e+00 5.293797507130276969e+00
1.934360195011209094e-01 1.079315105251254181e+00 7.202238268468917903e-01 5.210533010993472658e+00
1.562166222252626913e+00 1.410731094249971340e+00 1.819768761426226789e+00 5.274992909095576721e+00
2.407610722191538266e-01 2.670277635177503939e+00 5.606581857028402283e+00 3.783683051634508798e-01
6.228753552826055362e+00 6.030936777505428559e+00 2.472400872630846624e+00 3.676363635197923418e-01
3.039078671387172914e+00 1.779543671848905273e+00 8.361012429882568320e-01 1.071711562200005075e+00
3.163308715122286063e+00 5.519381415294827953e+00 4.278624177001684181e+00 4.437433348539796540e+00
2.294035275638276694e+00 4.248933942488080540e+00 7.546811989630212991e-02 4.844229003324016958e+00
4.393354898385607221e+00 5.836675712279077111e+00 5.774567984998173920e+00 2.883259202184385028e+00
3.915002193391929008e+00 5.349681660226674573e+00 7.384983322875710021e-01 1.611898071985547132e+00
6.141379248860045159e+00 3.689499270081836535e+00 5.918808718185617046e+00 6.110685067925339276e+00
3.356097633898065258e-01 4.114589922533812505e+00 3.083258279253204837e+00 5.493282128991455515e+00
1.059288285792311823e+00 1.469319461755780765e+00 5.704516453229085293e+00 6.057981922017134480e+00
1.023790173508220214e+00 3.542577239506683906e+00 3.680957867932153516e+00 4.501279259594880955e+00
5.723171665716396461e+00 4.693679244582680710e+00 1.624883930963726186e+00 3.217536966583705027e+00
3.974693361692738236e+00 2.803867521227415782e+00 1.383701179933886527e+00 3.317621899043723843e+00
5.690519470361322441e+00 5.118586643950606252e+00 1.904499136972950479e+00 3.314067266403608603e-01
3.006408696985694462e+00 6.155799256862918512e+00 2.547515877381937077e+00 3.736934213039628805e+00
3.068903847590150225e+00 5.556349058910049488e-01 4.098846996741601245e+00 2.301386184610168417e+00
1.194942874966171242e+00 3.423817752850026430e+00 5.145576715067387674e+00 2.521208869824483223e+00
2.537607095326966267e+00 7.416897863454249284e-01 9.450060284594506976e-01 5.666665573221188801e+00
4.207328163903124363e+00 4.557678412932755663e+00 8.663635446662533157e-01 5.070281017870928331e+00
3.394896611821332399e+00 2.102575142218105597e+00 2.784722703353306739e-02 2.282682010038131981e+00
1.284018315715981462e+00 3.980662415369526475e+00 2.872330548013088070e+00 5.485396639520244477e+00
5.533794925690497024e+00 3.690402222713167202e+00 3.566932695671962250e+00 1.633776753498749734e+00
2.908549613276509849e+00 5.057070678577963996e+00 5.835058190018862945e+00 1.845427342796684300e+00
4.090101975123564770e+00 4.072796291055481577e-01 6.204800661689271024e+00 9.087558682735960014e-01
2.049540250125236440e+00 3.218797284558234661e+00 2.973815841951521044e+00 2.620264072563626367e+00
1.828594707921987972e+00 2.570056761278561197e+00 2.807483646325902304e-01 1.398145912729291895e+00
3.872377988410064642e+00 3.342806738575597514e+00 3.775516958323381189e+00 4.369925502131865258e+00
2.610034287900309669e-01 2.227459243099001451e+00 3.500283011124153631e+00 7.804100981775299317e-01
5.096035877158626271e+00 8.953122117105245525e-01 4.064379748630864597e+00 8.654362032065431309e-01
4.421561412893981746e+00 6.139285763503104398e+00 5.705396137014838942e+00 4.785265706359281168e+00
1.582480583196046675e+00 1.967577323700453018e+00 1.070665075528653087e+00 5.598273847701252137e+00
1.433030784494800258e+00 1.909854839711434549e+00 2.158336031099932217e+00 1.401062649725909770e+00
5.801126934756600795e-01 1.257081169175022599e-02 6.252424540001493725e+00 1.969737550724750985e+00
5.071196171726181312e+00 1.253184904361831720e+00 5.810185030124890737e+00 6.270211163214121086e+00
5.188461990473296481e+00 5.371135883785833620e+00 1.486844543713004452e+00 5.519900180721477589e+00
1.294630720412602409e+00 3.186578542408649906e+00 4.815997206864420122e+00 1.136806860287700838e+00
5.906306226933729420e+00 2.866867257857253382e+00 9.129032980578696277e-01 5.787072108645739732e+00
5.916154748296150956e+00 9.802802711067892805e-01 4.337089981729684851e+00 4.839007886486151655e+00
4.979896520859345088e+00 5.855766642548332790e+00 1.839782631367762766e+00 2.495429879846624122e+00
5.926246470142767286e+00 3.366391997187161422e+00 1.864424221354567868e+00 4.112970037572708293e+00
1.884481597847960932e-01 3.809157326135527377e+00 1.767299082897377138e+00 3.911431080282904205e+00
4.712239815499110307e+00 4.449807072067156533e+00 2.445843708820131912e+00 3.389415694358778985e+00
5.267961698997611464e+00 3.238880094925465358e-01 1.702516405486531603e+00 1.676155254454488652e+00
5.540261677851410660e+00 2.061193022275856490e-01 3.343771411188359299e-02 3.810530367459023626e+00
3.742812623566348140e+00 4.842002660231653266e+00 2.982540028799139709e+00 1.329907624483935624e+00
5.299401191028394464e+00 4.854382800955375776e-01 1.990286184974692230e-01 2.247383504997937820e+00
5.171077428864454539e+00 1.457056462053222701e+00 3.640415088205390060e+00 1.064757201685601617e-01
2.737734938677496288e+00 1.864884247688455288e+00 2.176134870318120917e+00 4.167870638573400122e+00
4.522402928341819894e+00 5.029024398862078193e+00 3.428937382189970684e+00 5.756097452009529825e+00
3.121196714389115279e+00 4.550194531022242472e+00 4.207826534026647636e+00 1.704297349454014121e+00
5.923649115771969953e+00 3.596959985539001647e-01 3.831720334680869922e+00 5.089222521512734687e+00
3.429521016527215860e+00 1.241586549148077090e+00 3.445362975919543658e+00 2.105703999362086520e+00
2.939175432273289257e+00 6.038530713081592616e+00 2.873875053667954038e+00 8.878096937339083894e-01
5.848007215898111788e+00 1.144229756237645085e-01 6.123411293016754797e+00 4.704942070797780929e+00
3.693578331776568024e+00 2.601672936137816805e+00 5.411972340245274626e-01 3.720580377275256811e+00
4.701276553139332570e+00 5.942524422256429961e-01 4.418716361902878198e+00 3.248457309746589416e+00
3.119767748661891993e+00 4.827163663721641740e+00 3.800657987219107081e+00 5.864150402637609005e+00
5.657145850482997451e-01 4.266548966236246798e+00 3.690382845207127449e+00 1.911933960344564865e+00
4.095551495939583120e+00 4.648764451045074964e+00 4.836034820000388201e+00 2.492137030522618257e+00
5.388551191323720069e+00 1.058780636600594294e+00 3.979116498491241938e+00 2.915930759512478598e+00
3.006080053008223896e+00 3.942020895680591774e+00 5.130149634966302052e+00 4.919225616391930678e-01
4.403905484967858719e+00 2.648341653382832561e+00 1.170964981337117239e+00 1.260503223037430232e+00
3.378133909716410699e+00 3.170524208914139441e-01 5.473834089763460753e+00 5.960325834376323684e+00
3.924484615367005880e+00 5.609930632427494679e+00 3.632222769340138324e+00 5.063061378793963563e+00
2.190542706919810012e+00 3.433751504026994361e+00 1.752117703558977668e+00 5.963491750416909376e+00
2.670006676892061392e+00 2.855470999149491540e+00 5.859826525719758372e+00 4.298238263616258159e+00
1.713515983978035617e+00 3.383122716623073067e+00 2.831527714601137280e+00 4.923315839799997207e+00
3.191188967984715852e+00 7.202468663169255825e-01 3.394530331093065012e+00 6.165073509208980340e-01
5.096253450665933826e+00 4.764859806837461242e+00 5.088568758753954313e+00 4.582354435723664743e+00
5.205812151408345523e-01 1.932901630784263469e+00 1.845620536743795892e+00 5.691019589117068733e+00
1.683097580825271500e+00 5.582181610620586820e-01 2.528520385982236718e+00 4.440728040451320524e+00
2.256671171181621194e+00 5.433024380792222274e+00 7.704217562671830111e-01 5.042367002778766150e+00
5.620178123731727204e+00 9.978730165058249391e-01 1.729162145985222443e-01 1.920850323574779805e+00
5.032823232513197631e+00 4.867827271177132431e+00 4.733360300881016336e+00 5.508615343996392966e+00
5.746889611296968070e+00 2.126406810103426359e+00 4.064915604300674445e+00 4.713680103221390638e+00
8.624933673515801091e-01 1.640130683994616367e+00 2.944751990146526888e-02 4.325085460473493626e+00
4.420371521017187000e+00 5.751582732284457045e+00 1.698364645030674636e+00 2.311353670941854510e+00
4.403961479544342694e+00 2.320809887491418699e+00 3.277698995787354797e+00 3.166621952669387063e+00
6.073198623610209346e+00 3.166865152634938063e+00 3.900099494407378131e+00 1.597057022206390009e+00
4.153006323377816500e+00 7.364251590994712604e-01 3.385129382851093105e+00 6.068726253663663250e+00
4.523793295642621004e+00 4.569814242872626053e+00 3.194058877025580223e+00 4.774008733683155370e+00
3.014497299315675782e+00 2.015046593246813789e+00 5.759387588614595543e+00 5.417631959940937492e+00
6.032968364887556056e+00 5.965157309180300071e-01 9.435813647859112585e-01 4.615495063421999333e+00
3.149430579211049075e+00 6.595117508780273807e-01 4.574926862694165486e+00 3.756194610773360587e+00
5.063194297079727235e-01 3.659822072212098876e-01 6.007200773053446241e+00 4.248043606861373611e+00
1.236665967788458609e+00 5.554613090734378034e+00 3.370686274130343829e+00 6.197589561075795395e+00
5.457275318921543494e+00 4.152053009110414195e+00 4.771913489311129020e+00 2.819229215256461085e+00
1.693494405838390948e+00 4.316838366720000764e+00 3.942251782967006513e+00 5.471154653835156090e+00
5.576351815362076358e+00 3.805500160904979445e+00 4.995709956621826819e+00 4.258160986780294976e+00
2.043015569443819290e-01 5.352005528646949228e-01 1.196578766703964902e+00 6.082951089461504424e+00
6.235412985618287607e+00 5.310872399493737461e+00 5.563602664776967632e-01 3.901535881625289193e+00
4.889822651252667463e+00 4.443483328105632069e+00 8.979054470087833861e-01 4.952194714326338953e+00
4.155329707170790421e+00 3.013273309941681521e+00 5.299876623588448687e+00 3.057382734218113907e+00
1.561702300210152661e+00 4.942508097680117451e+00 2.078206342823332609e+00 3.939402331683289127e+00
3.763302937938285186e+00 3.110687845122469319e+00 1.362542519452140943e-01 5.029544965553168545e+00
5.755091873800215474e+00 1.552828979901788586e-01 5.621355906640078892e+00 2.423706349418421002e+00
5.373948280758785501e+00 4.941146659766185500e+00 3.866038720102872084e+00 9.262177429069645695e-02
3.567549729654798440e+00 5.235514865447474797e+00 4.300933711624047362e+00 5.630829168410149244e+00
3.486938951297240408e+00 5.138204426526259638e+00 3.347783089176347371e+00 1.930222148709920704e+00
5.726640944384230325e-01 4.270831535736451023e+00 5.285024497205710325e+00 4.542980037661961568e+00
2.917293263616144383e+00 3.776150853715426692e+00 7.980310505398776622e-01 6.228034196597804772e+00
1.044545252914791389e+00 4.084674163298691596e+00 2.236789306821576950e+00 4.334638428964494028e-01
2.527689982980407812e-01 2.885651759262676030e+00 3.985341515949676783e+00 6.133003376219056335e+00
5.159829058928771417e+00 5.967090251945652568e+00 3.265438090578915986e+00 4.299573011491554908e+00
2.495107409489938088e-01 4.233968778447027681e+00 5.603862715141860740e+00 3.257176430915632803e+00
5.240163146803083372e+00 5.814345970901175775e+00 4.110131607266478859e+00 4.463059232415529931e-01
6.097900605647889050e-01 1.627583856551304331e+00 3.618655111838243954e+00 4.698409708210940394e+00
2.413094871080057047e+00 4.326806974910020642e+00 3.190702797683216740e+00 8.542964744105889796e-01
4.997168079575117439e+00 6.559010479425939066e-02 6.117569646409908302e+00 1.043591878857032418e+00
1.045400460301475265e+00 4.803902699884779359e+00 3.399797761961841136e+00 5.702233221024653353e+00
4.057536846581567325e+00 4.335901328123568099e+00 6.546165843204204693e-01 5.109899070598309834e+00
2.995621733018360100e+00 3.759474349761207090e+00 4.169330220542800447e+00 4.196743336361506982e-01
1.127729407659400884e+00 4.997744940909255362e+00 2.192920443082614135e+00 3.013966625394030707e+00
9.588402219156447193e-02 3.423671860391189092e+00 3.638172105474215545e+00 2.020838972797831978e+00
2.731613741100972437e+00 2.928969716862711792e+00 1.217558985134331806e+00 3.319181674589687603e+00
1.375049536382093152e+00 4.529150247661903883e+00 2.484663291255869044e+00 2.182311131304626617e+00
5.551188538910801995e+00 5.308667851743273047e+00 7.962950082533064577e-01 3.404380827972421031e+00
2.160957081017943204e-01 4.210416785498289016e+00 2.221827172061348943e+00 2.816429136701547709e+00
3.321064295581883652e+00 4.458437728477263384e+00 2.551058544829412078e-01 6.792145448626031312e-01
1.464531188335683964e+00 2.754157150797976961e+00 2.287776723635782383e-01 3.758305780283541342e+00
2.996820387381070816e+00 6.017144370673961795e+00 4.681493574096530885e+00 5.366723119707524248e+00
4.951775370069395166e+00 6.124600904185085071e+00 5.753366769339008924e-01 3.802206743370339037e+00
3.050660369195437038e+00 2.219478625834352403e+00 5.841863937698888343e+00 1.719915041383675014e+00
2.072111250522798098e+00 1.060216843501555095e+00 2.546212992914155926e+00 5.237915334867909500e+00
6.007612969430588201e+00 6.653022971714169786e-01 5.701184293512135959e-01 3.113287128673181137e+00
1.328736571678146072e+00 8.368880567683327776e-01 3.398020319648758392e+00 3.411952524788436580e+00
8.257912356663450471e-01 2.131301589348316039e+00 6.014954837145317867e+00 1.297168097491338656e+00
2.831659661483246104e+00 6.108712624202548902e+00 5.066703203771093733e+00 4.659796149384393793e+00
2.729099237464632566e+00 1.638948947621364338e+00 4.783690749166816580e+00 3.018306781749788392e+00
2.474767655377546394e+00 1.574367567159201453e+00 6.608196743791791006e-01 2.789426399269836487e+00
5.070694624851841859e+00 1.991111697707988182e-02 3.589921197567031985e+00 5.886180698046947768e+00
7.201352642084716260e-01 3.056805013130464488e+00 2.560713345521665740e+00 5.087788775431866917e+00
5.221979258108963684e+00 2.959816529248887385e+00 4.055328599893540442e+00 1.471163617644931421e+00
5.896493815665142968e+00 5.727415981465521888e+00 1.895976399030156356e+00 6.279981733588718029e+00
2.444744652623396797e-01 2.211636973551688090e+00 1.033429105367584255e-01 2.922857760488689394e+00
3.949608562095839215e+00 3.174380132683205513e+00 5.598838250279182027e+00 5.993223903139144326e+00
5.161255429740565503e+00 3.423319735311098455e+00 5.337561706470748568e+00 3.646097191718117969e+00
2.580880189243432987e+00 5.422938353289453950e+00 5.973633128249810298e+00 2.496359445863828519e+00
5.326466232991776906e+00 4.941340923167613752e+00 3.945565958163264053e+00 4.725195502927136637e+00
5.368491756430330497e+00 7.570861279496567953e-01 1.355137089071962730e+00 3.123514810570819034e+00
4.048211301185912880e+00 5.485208456878584826e+00 3.344220530758231114e+00 1.630626416716987048e+00
4.892156008818022705e+00 6.016538444012088149e+00 1.482978526929175978e+00 5.868840982426034358e+00
5.410612039110211491e+00 5.167166146212092137e+00 4.741255534634900570e+00 3.356177523794261486e+00
1.665415385088249600e+00 3.551349832376695659e+00 4.917762975183316065e+00 3.429402988364381955e+00
5.085047743857643354e+00 5.102864141301872714e-01 1.360751839296774346e+00 2.506213270513619196e-01
2.831135656202566686e+00 2.412711053845915554e+00 5.103525456386721615e+00 3.522371963812670259e+00
4.064083882730559871e+00 5.632360222499284141e+00 4.459812265226114292e+00 6.136842320059510136e+00
3.748931269300507907e+00 5.963029283335187003e+00 5.583106155080962196e+00 3.248976872898926338e+00
3.386019526819633585e-01 1.140505203275997470e+00 4.359575663481368935e+00 5.678818697710512176e+00
5.795121313782846784e+00 5.934267079838687842e+00 4.628893561990166106e+00 1.221320321299369516e+00
5.202884039111954628e+00 2.262135791237311899e+00 6.146028816246527526e+00 2.947613374620439153e+00
4.711653444272268842e+00 1.224787398774865588e-01 5.022390414852046625e+00 9.191540366643536908e-01
5.780685960769988974e+00 1.551946087484555648e+00 4.869232423563842893e+00 1.643378259615410286e+00
6.098653752984062315e+00 1.111901327521102489e+00 4.507496996919358345e+00 1.535569956546002812e+00
2.793839840633208560e+00 4.345887249686849252e+00 3.731726092255584604e+00 2.516839710015532638e+00
2.177205841792755781e+00 4.557243356387798094e+00 4.118687569403750359e+00 4.611251275609711264e-01
4.569186540595212342e+00 3.365212895700554707e+00 2.286428581910367797e+00 5.219433268245270874e+00
1.208367341825648422e+00 5.857631954986080913e+00 5.548605039744145095e+00 3.852780423346708338e-01
5.105036623117039651e-01 1.883694260069563642e+00 5.850245496827684022e+00 5.976004264344943806e+00
4.474998730680090020e+00 2.420463645560768651e+00 2.953771197051642705e+00 3.063110004594831626e+00
3.853326989601922659e+00 3.293992973275367664e+00 5.163671396014589909e+00 6.117782080819202051e+00
9.365524489223092663e-02 4.997355102871731347e+00 1.090640005904982113e+00 1.031447498945712304e+00
1.199418583825231810e+00 2.545804241987178251e+00 5.724349116876001453e+00 3.261734414991876108e+00
5.841757717533567096e+00 5.461849649845075261e-01 4.165065182443899339e+00 4.003640564924915601e+00
3.568090684054022965e+00 1.278926180693103154e+00 3.770159157624187074e+00 4.386628617015273512e+00
2.176804888434670016e+00 6.224127967766918346e+00 2.104981490177910253e+00 1.294677449018759585e+00
2.939965193247303099e-01 5.747911250762031798e+00 1.879469872267165664e+00 2.828460315208414677e+00
2.120386595072347724e+00 5.941435827864088637e+00 3.971814717736937284e-01 3.370454267284218819e+00
1.745985498618045861e+00 1.113588374301771822e+00 4.717366365476382661e+00 5.487760063557323598e+00
1.874969903328403964e+00 1.911710075122300179e+00 1.740749767477737242e+00 1.276841696239086499e+00
1.242309967741637378e+00 3.835655283791223891e+00 4.844289177416449377e+00 1.847638405494813396e+00
3.017723265947763078e+00 2.936105146224852636e+00 3.328185365272854579e+00 5.320615324578901628e+00
2.311895430534920859e+00 4.270271670825052546e+00 1.278635370866965770e+00 2.315415240498734040e+00
1.882229137688607334e+00 1.511575099328502203e+00 1.543307076668832600e+00 3.707510049655490025e+00
5.999649204218583165e+00 2.094066780441038667e+00 5.665957557256884769e+00 5.161181296046415845e+00
1.290219681533335550e+00 2.465527587985875790e+00 2.865744850513479158e-01 2.610495094987911990e+00
2.972378225360821968e+00 1.244768852193492842e-01 2.822825522305605350e+00 3.454994624572709228e+00
3.964418401831014127e-01 4.288966662831437127e-01 1.693440331795519338e+00 5.958849661144309806e+00
1.942397072926082657e+00 4.635624171237130220e+00 6.253797176670308211e+00 1.914143635396531984e+00
2.907852843058825187e-01 2.011705439456209277e+00 1.618818942783824655e+00 7.126013125829802064e-01
1.862440118995254412e+00 2.925892899475270870e+00 1.038299212412165495e+00 6.604261031359744127e-02
1.244850051875154184e+00 4.263925327500771800e+00 5.813073143823050515e+00 3.845490097520237960e+00
4.158019061164297536e-01 3.201593085838752462e+00 4.867352821518417194e+00 4.268146905202113039e+00
4.788910922424500782e+00 4.123542495039864697e+00 3.823994352554436205e+00 3.196249775945175564e+00
2.487778667220553963e+00 5.144643481600835067e+00 2.520822904326224467e+00 5.892182966522281795e+00
2.564836339415222266e+00 2.283993427615278904e+00 2.157976617708799782e+00 5.034808244870052185e+00
4.809506567006902600e-01 1.603130664595701749e+00 2.470895284912540735e+00 2.050986559196700920e+00
3.731186385313758347e+00 1.714586375163553722e+00 2.912601039013275717e+00 4.186501686071635753e+00
5.133055207653115737e+00 4.286859570535030528e+00 3.386251411678099732e+00 1.507088140977612900e+00
1.220333898919405025e+00 6.200749845509747615e+00 1.659388134439970575e+00 5.013456724292786326e+00
3.104287421484076770e+00 4.666344539734689434e+00 3.178858553283947064e+00 1.899866705186951998e+00
2.710146972064480853e+00 6.176219743820829500e+00 4.297413599339185986e+00 1.628884099734219548e+00
3.040821237264422550e+00 1.913646584166486919e+00 3.407471449143804065e-01 1.208687017030388278e+00
6.180675892612675248e+00 1.524465692705851971e+00 4.907430587296167879e+00 3.226805675831776909e+00
3.634810238345615563e+00 5.635372362669708757e+00 9.163388517359830621e-01 2.670209101171940880e+00
4.979297835093808189e+00 4.189635358715840141e+00 3.347347866682433559e-01 4.858526706685784902e+00
2.940062082393783416e-01 2.226684100249621157e+00 1.731488575370283556e+00 3.705333954455854784e+00
2.901922102112039159e+00 3.145983153187711601e+00 2.848601776309305222e+00 3.310269774709031942e+00
5.664590479737682038e+00 6.121605305590413160e+00 5.572998832952371639e-01 2.614693570945350487e+00
2.205451715056798268e+00 4.036299082877967237e+00 2.422393806840671182e+00 4.806935727119937551e-01
6.209223298084076248e+00 1.461857445378997866e+00 3.662348085679479670e+00 2.062267121008714010e+00
9.748049249932344562e-01 2.038622911770743507e+00 5.280475954157347829e+00 4.954014745905809036e+00
1.427503287731566095e+00 5.051877823710218429e+00 3.941323522039259064e+00 5.640874639546262365e-02
2.535848332369373903e+00 2.914661610976872375e+00 5.045381945327533479e+00 4.580713555900460143e+00
1.283298477589412290e+00 5.433863247035102262e+00 1.711920943375287552e+00 3.133193798103191874e+00
2.676535522330103500e+00 5.221743284797168705e-02 3.983811811331296138e+00 1.097357140602303494e+00
6.282850164698507989e+00 3.892512110355982546e+00 4.747534809209589035e+00 3.836929955489680300e+00
1.663008077200207380e+00 5.317587624539525937e-01 2.932229256038460630e+00 2.696574387392836059e+00
2.987866834810295025e+00 6.179217816954345466e+00 5.020202947357979895e+00 5.483649806253177772e+00
1.775808204823662972e+00 5.878266684816230381e+00 9.386159269199234600e-02 3.472222112685063866e+00
2.461507173851940955e+00 3.145455218904275263e+00 2.553594613064416485e+00 4.819629843471606279e+00
1.080471370386020702e+00 3.181099650996090933e+00 9.274585221054606476e-01 5.088509760159275253e+00
4.452458138434192136e+00 1.437299852242360343e+00 3.907585915396061260e+00 5.691368060071047452e+00
1.448160644730552393e+00 5.762362639638187289e+00 3.670010691094147237e+00 6.224915972495039362e+00
4.789330771687198229e+00 2.751499249517593171e+00 3.088900112941498133e+00 2.877642027075358877e-01
1.479516527129928649e+00 3.293662664109859861e+00 4.662911112970972383e+00 6.615402423106202523e-01
5.991847711917750452e+00 3.234081263331570977e+00 3.274591228462263803e+00 5.743563891529400500e+00
3.184736807361970179e+00 1.494185484080085002e+00 1.624312756003393643e+00 1.368311235572806428e+00
