-1.777947870790958618e+01
-1.778830658495425965e+01
-1.778947861194611946e+01
-1.780266029834748309e+01
-1.779928995072841857e+01
-1.779776241481305377e+01
-1.780196158289908936e+01
-1.779083613157272836e+01
-1.779508100152014904e+01
-1.779771635532379292e+01
-1.221289348155259802e+01
-1.221765908896923314e+01
-1.779774748980999277e+01
-1.779596140980719099e+01
-1.780207900404928978e+01
-1.779992157816887044e+01
-1.779614368677140135e+01
-1.780092270672320254e+01
-1.779117726981641212e+01
-1.779858635067939332e+01
-1.778919477760791068e+01
-1.322551747858524074e+01
-1.780270435512066030e+01
-1.780300383865833425e+01
-1.780244928300382057e+01
-1.778679192364216277e+01
-1.779842427074909139e+01
-1.780074045956134299e+01
-1.780148996710776288e+01
-1.323069052845239568e+01
-1.780061043798923848e+01
-1.780197171270848600e+01
-1.780148477256296857e+01
-1.629985636174679087e+01
-1.779499033093453164e+01
-1.780057768523694151e+01
-1.779835329949856870e+01
-1.777612407803534467e+01
-1.779435499608515769e+01
-1.779484397172927856e+01
-1.780261069834232401e+01
-1.780020804703234205e+01
-1.779637596905230978e+01
-1.779695219695568653e+01
-1.780232969224452333e+01
-1.780053557455540059e+01
-1.780107756555079490e+01
-1.780183726847172920e+01
-1.779875999391078523e+01
-1.780007083714008687e+01
-1.744427419006823854e+01
-1.779848061501980894e+01
-5.314494818449021274e+00
-1.779463493824004772e+01
-1.779704405665397005e+01
-1.779350297451019003e+01
-1.779716969132423543e+01
-1.780037203729153106e+01
-1.779403252899647114e+01
-1.780020798444748920e+01
-1.780022175610066171e+01
-1.780003052651881745e+01
-1.778892614841460684e+01
-1.780084040760993602e+01
-1.778567831516265585e+01
-1.779583046436310667e+01
-1.779783084690570050e+01
-1.779367955327034423e+01
-1.779486965537070375e+01
-1.779901130795478181e+01
-1.780149385333061929e+01
-1.779434320628642396e+01
-1.779662907123564963e+01
-1.779841621816157726e+01
-1.779674674570561521e+01
-1.780091868638992381e+01
-1.779819251894951648e+01
-1.779663015305995444e+01
-1.779769115746021768e+01
-1.780319775640963442e+01
-1.779939112663269540e+01
-1.780316590964794088e+01
-1.779996133148670623e+01
-1.779366221427917338e+01
-8.586779328936245959e-01
-1.218615537732839904e+01
-1.780354702472688189e+01
-1.780178947746752982e+01
-1.779453631937504809e+01
-1.780350681245327493e+01
-1.779977405071258190e+01
-1.779684990942476830e+01
-1.779556292295455933e+01
-5.315322425588965061e+00
-1.780009666979313820e+01
-1.779293455481528596e+01
-1.780268661379815143e+01
-1.779230279624461986e+01
-1.779397608339786530e+01
-1.780089856088160261e+01
-1.779494345784188880e+01
-1.218470376878976680e+01
-1.322356037795543493e+01
-1.780223965048790902e+01
-1.780150653421879881e+01
-1.779811778962612223e+01
-1.779885085225105712e+01
-1.780180477499961711e+01
-1.779454181194306628e+01
-1.779331082105638018e+01
-1.780262627601623748e+01
-1.219417190104723225e+01
-1.779528969824314899e+01
-1.780359221994877217e+01
-1.779743665158747845e+01
-1.780043457746505453e+01
-1.779953509867191386e+01
-1.780157197415828563e+01
-1.779752047061919384e+01
-1.780054352283478636e+01
-1.779944467842579314e+01
-1.355540114343166458e+01
-1.779992865920066691e+01
-1.780002910494804169e+01
-1.652756268978119891e+01
-1.779717877507210844e+01
-1.774809551835060617e+01
-1.780429054498673480e+01
-1.780145893692969850e+01
-1.779787459373473268e+01
-1.779734023511409546e+01
-1.779368356764316061e+01
-1.779204038083554096e+01
-1.779508512914179974e+01
-1.779985993504524444e+01
-1.779322744011880175e+01
-1.780094293951988149e+01
-1.779173091650007876e+01
-1.780308019518852447e+01
-1.780226235687733549e+01
-1.221459337323904037e+01
-1.779540366530419604e+01
-1.780191428065300130e+01
-1.779593694210052490e+01
-1.779504505693913430e+01
-1.779985829591752378e+01
-1.779713416695594930e+01
-1.780157764554024169e+01
-1.323803782463073553e+01
-1.779601209461689137e+01
-1.780189337134361338e+01
-1.780334342718125029e+01
-1.780087205469607525e+01
-1.779522376656532145e+01
-1.779646035134791759e+01
-1.779454899728299111e+01
-1.779474679231644174e+01
-1.779061641693114382e+01
-1.780269111394881421e+01
-1.318758235573768722e+01
-1.779461850821971325e+01
-1.780151535570621846e+01
-1.779627241194247844e+01
-1.775098889470101327e+01
-1.779829238653183410e+01
-1.780282430946825656e+01
-1.321997994035482193e+01
-1.779309094548224479e+01
-1.780169870257376985e+01
-1.779141350388525922e+01
-1.779327650070191069e+01
-1.780290594995021181e+01
-1.780120761394499596e+01
-1.779063560068606975e+01
-1.270305374711751867e+01
-1.770824821889400980e+01
-1.780309644341469522e+01
-1.780234762430190898e+01
-1.779733440577982861e+01
-1.780024007856846779e+01
-1.779934763312339641e+01
-1.779549572169781158e+01
-1.321955768615007187e+01
-1.779237053394315993e+01
-1.779449380040169615e+01
-1.780232682526110821e+01
-1.779930883646011353e+01
-1.778578269481658936e+01
-1.779685114324093931e+01
-1.779877472221851775e+01
-1.779740364253521179e+01
-8.340015900554132999e-01
-1.780111549198626975e+01
-1.779554883241653229e+01
-1.779082900881767415e+01
-1.779926886260510344e+01
-1.779647121727467152e+01
-1.778905185461044880e+01
-1.780177855789661479e+01
-1.372211162149906194e+01
-1.779303279519080405e+01
-1.778488014340399559e+01
-1.779934903979302163e+01
-1.779393209517001040e+01
-1.778185796737670898e+01
-1.779094791114331287e+01
-1.779843925833702301e+01
-1.779778833389281090e+01
-1.218616758882999740e+01
-1.780134723186491996e+01
-1.780321286022662264e+01
-1.780106294751166018e+01
-1.779951577782631489e+01
-1.779714102149009136e+01
-1.780008894503116679e+01
-1.779643601477147286e+01
-1.220249251276254476e+01
-1.779028912782668215e+01
-1.778848641216754345e+01
-1.779191909134387473e+01
-1.269180904626846740e+01
-1.780107921063899568e+01
-1.780257859230042072e+01
-1.780400219559669139e+01
-1.779155455529689434e+01
-1.778520643115043498e+01
-1.780270706117152812e+01
-1.779781691133976551e+01
-1.780284449756145193e+01
-1.780146661102772043e+01
-1.779847651422023702e+01
-1.779051437079906961e+01
-1.780312380790709526e+01
-1.779851157963276265e+01
-1.780237325131892590e+01
-1.779916711151598818e+01
-1.780222212076186139e+01
-1.779999494254589720e+01
-1.305228353440761246e+01
-1.779999851584434367e+01
-1.779695003628730987e+01
-4.333272837847470527e+00
-1.779347824752331775e+01
-1.779391756951809711e+01
-1.778622846007346325e+01
-1.780315021872520376e+01
-1.780069019198417379e+01
-1.780154807865617883e+01
-1.779339872300623782e+01
-1.778219766914845934e+01
-1.779443462193013303e+01
-1.780244023203849935e+01
-1.779789323508739329e+01
-6.467780891060828985e+00
-1.779753724634647227e+01
-1.780173157751560709e+01
-1.779974873065948771e+01
-1.780145219862459527e+01
-1.780027031600474885e+01
-1.779454275369643312e+01
-1.780143623948096376e+01
-1.779295378625391777e+01
-1.269816883355378678e+01
-1.778348407745360760e+01
-1.780311782360077189e+01
-1.780348744094373004e+01
-1.779014148116111826e+01
-1.779362018704416215e+01
-1.272803512066602671e+01
-1.780380742847919251e+01
-1.779870011508465311e+01
-1.778593555986882180e+01
-1.780224927067756013e+01
-1.779950352013111470e+01
-1.778213495612145323e+01
-1.778784416615964048e+01
-1.778787915408611298e+01
-1.780115346610547178e+01
-1.778393040001391512e+01
-1.780183847248555296e+01
-1.780188655853271484e+01
-1.779697141647338299e+01
-1.780193713307381742e+01
-1.779149314463139575e+01
-1.779286656677722434e+01
-1.779972654581069946e+01
-1.779917591214179851e+01
-1.780244468152522330e+01
-1.780068363845347434e+01
-1.218533587306738220e+01
-1.780049635469912417e+01
-1.780189912021161192e+01
-1.779704490303993936e+01
-1.780015231072903248e+01
-1.779294677972792726e+01
-1.219438446462153891e+01
-1.779140855967997226e+01
-1.779777397215367074e+01
-1.779672467112540346e+01
-1.779378356039523368e+01
-1.780414694249628837e+01
-1.779473007917403748e+01
-1.779998196363448315e+01
-1.779740485250950499e+01
-1.779219302833081073e+01
-1.779897168278695929e+01
-1.220555808693171151e+01
-1.778499105274677206e+01
-1.220711827725172149e+01
-1.780035985112189678e+01
-1.779412063956261036e+01
-1.372752781808376277e+01
-1.779777130484579928e+01
-1.218590166270732844e+01
-1.779590109884739135e+01
-1.218557751625776397e+01
-1.779579533040524097e+01
-1.777780303657054617e+01
-1.780328502058983275e+01
-1.779155897200108427e+01
-1.779878413379192637e+01
-1.780156067907809714e+01
-1.780098632574081563e+01
-1.779732719957828380e+01
-1.780304152965546649e+01
-5.315458866208791378e+00
-1.218562477827072144e+01
-1.779161278903485410e+01
-1.779683391451835917e+01
-1.780201813578605297e+01
-1.780041397809982229e+01
-1.779456181526185787e+01
-1.780195705592631583e+01
-1.780071785151958608e+01
-1.780099143385886507e+01
-1.780260779857636066e+01
-1.778564523458480551e+01
-1.779792237877846262e+01
-1.780158986449242420e+01
-1.779476563632488606e+01
-1.780154694616793876e+01
-1.779432956874371641e+01
-1.780227000713349383e+01
-1.779379489421845051e+01
-1.779546779692174141e+01
-1.779806502163410542e+01
-1.271025446206331289e+01
-1.779355631470679455e+01
-1.779998257160186270e+01
-1.779960872828960916e+01
-1.776282421350479979e+01
-1.269077946394682144e+01
-1.779104689061642119e+01
-1.779683410525321463e+01
-1.779916155338287354e+01
-1.780145318508149188e+01
-1.779661493599414612e+01
-1.779726175367832752e+01
-1.779295504391192750e+01
-1.779920335412025878e+01
-1.778615465760230308e+01
-7.005246837390585180e-01
-1.779994992911816709e+01
-1.780097576677798443e+01
-1.780332050621508699e+01
-1.779390521943568260e+01
-1.780138209164142538e+01
-1.779493580460549396e+01
-1.779431912004947236e+01
-1.779011017680166873e+01
-1.780156777501106902e+01
-1.268955657184123709e+01
-1.779380216300488371e+01
-1.779170803725720518e+01
-1.780219785273075317e+01
-1.779573701024055055e+01
-1.328286292850970973e+01
-1.780318503379820783e+01
-1.778755796849726778e+01
-1.780337259173392184e+01
-1.780109875798224905e+01
-1.780379759967325981e+01
-1.779809242486954091e+01
-1.780175426900386526e+01
-1.323485385924577962e+01
-1.779182577133178356e+01
-1.780271867215633108e+01
-1.779613575339315901e+01
-1.779739252328872112e+01
-1.779747624695301411e+01
-1.776831776499748727e+01
-1.779892112612724731e+01
-1.779745509326458475e+01
-1.779847339093684155e+01
-1.779378746151924062e+01
-1.780205706954002665e+01
-1.779853948950766096e+01
-1.269140366762876582e+01
-1.780427669286727621e+01
-1.779012823998928994e+01
-1.356053651720285380e+01
-1.780273364484310150e+01
-1.780286265313626615e+01
-1.778960642516613433e+01
-1.780296367406843672e+01
-1.779311369061469250e+01
-1.780115972757339904e+01
-1.779796701371669698e+01
-1.778906012475489362e+01
-1.779285298883914734e+01
-1.779746037721634622e+01
-1.778686394095420198e+01
-1.779668838977814360e+01
-1.778707171976567025e+01
-1.780243814885617937e+01
-1.780113241076468356e+01
-1.779828700423240306e+01
-1.780060174763201530e+01
-1.779864459633827067e+01
-1.779789953827856408e+01
-1.779979179799557087e+01
-1.322679631710052561e+01
-1.779088951051236478e+01
-1.779639780521391756e+01
-1.324911467432975698e+01
-1.779545274674891786e+01
-1.780217843651771759e+01
-1.780144370496272188e+01
-1.779423591792584247e+01
-1.779397891759872508e+01
-1.778223429322241955e+01
-1.779504177868367165e+01
-1.779692014455795857e+01
-5.529988877475260800e+00
-1.780071797370909792e+01
-1.778855795562267517e+01
-1.322449784576892462e+01
-1.780074039995669111e+01
-1.778198950588704363e+01
-1.773854502439498049e+01
-1.779701480269431357e+01
-1.779922873079777901e+01
-1.780102535784245177e+01
-1.779038802087305982e+01
-1.778762692809105062e+01
-1.778996737301350706e+01
-1.779863682389260049e+01
-1.780312904417515085e+01
-1.779723442196845795e+01
-1.780040358901024078e+01
-1.779224845468997174e+01
-1.777956794500350668e+01
-1.223097087889910206e+01
-1.778924531340598492e+01
-1.780005289316177297e+01
-1.779858451485632997e+01
-1.777688475847244476e+01
-1.780361183881759146e+01
-1.221481133401393926e+01
-1.779721440672874877e+01
-1.780249240696429425e+01
-5.321647641435265363e+00
-1.779578570127487680e+01
-1.778908953368663148e+01
-5.342541555315257540e+00
-1.779685236215590649e+01
-1.779696257710455853e+01
-1.218486996293068003e+01
-1.779908162355424039e+01
-1.779370124340056591e+01
-1.779822665750981514e+01
-1.780298592448234984e+01
-1.779487689137458162e+01
-1.780183994472027109e+01
-1.779868376553059406e+01
-1.779777580201625753e+01
-1.780100568532942873e+01
-1.780040448904037476e+01
-1.780267982184886577e+01
-1.779496460855007101e+01
-1.780045115947723389e+01
-7.130393514409660849e-01
-1.779609391987323619e+01
-1.779721893966197399e+01
-1.779340954422949395e+01
-1.780317256152630634e+01
-1.780333215296268534e+01
-1.780202449560164624e+01
-1.779340465664864013e+01
-1.779270682930946634e+01
-1.780100729465485188e+01
-1.779696557223795494e+01
-1.779683373570441418e+01
-1.779365031123161245e+01
-1.779990170300006724e+01
-5.314974329993127355e+00
-1.780294318199159065e+01
-1.779683701097965454e+01
-6.765814581420268592e-01
-1.780205785632133697e+01
-1.266575327068567169e+01
-1.780368136167525961e+01
-1.780302993059157757e+01
-1.779283326268195964e+01
-1.779994399547576123e+01
-1.779882719516754008e+01
-1.778655719757080078e+01
-1.780257217884063436e+01
-1.274146716147661174e+01
-1.780099413096905536e+01
-1.779415612220765297e+01
-1.780241750478745288e+01
-1.779508870840074053e+01
-1.780112994909285362e+01
-1.779336787164211486e+01
-1.779723725914954713e+01
-1.779124412536621591e+01
-1.269763111472129324e+01
-1.779926966130733490e+01
-1.779330345392226320e+01
-1.779747366905211337e+01
-1.779754280149936108e+01
-1.780314180552959868e+01
-1.779920037388800935e+01
-1.780165271759034340e+01
-1.779672107994557351e+01
-1.779416868984700173e+01
-1.780084598362445547e+01
-1.780213120877743194e+01
-5.322735342755913202e+00
-1.779336472749710651e+01
-1.775976988077164620e+01
-1.780022902786732431e+01
-1.779820959270000102e+01
-1.780062514245511451e+01
-1.780083293020724966e+01
-1.780042842626571087e+01
-1.779766736626624635e+01
-1.322862846106290746e+01
-1.780222427845001931e+01
-1.780083681643008120e+01
-1.779746735394000012e+01
-1.778965337276458314e+01
-7.349254434462636487e-01
-1.780141720175742037e+01
-1.780211111903191323e+01
-1.779863444268703887e+01
-1.780274746418000476e+01
-1.780189472734928913e+01
-1.779925824999807915e+01
-1.780259972810746305e+01
-1.779534201323985343e+01
-1.779530513882636100e+01
-1.779228493869304017e+01
-1.776282168328760847e+01
-1.780024360120296123e+01
-1.779732929468154978e+01
-1.778732486963273018e+01
-1.780059765875339650e+01
-1.780103797912597230e+01
-1.780371624529361796e+01
-1.780223660469055957e+01
-1.779303380846977944e+01
-1.779870390892028098e+01
-1.780101096630096080e+01
-1.779852889776230995e+01
-1.778563361167908141e+01
-1.779745258986949707e+01
-1.779407426416874571e+01
-1.779534194469452757e+01
-1.780291669368744678e+01
-5.321862562000751140e+00
-1.219309043586253694e+01
-1.779044180214405557e+01
-1.651805126965046711e+01
-1.778809023797511557e+01
-1.779366702139377310e+01
-1.778309818506239992e+01
-1.779686441421509357e+01
-1.780224426984787911e+01
-1.780219104290010179e+01
-1.779435669183731505e+01
-1.780205548405645999e+01
-5.315034336596727194e+00
-1.779870800375938700e+01
-1.779636869728565784e+01
-1.220396880656480398e+01
-1.779177229702473895e+01
-1.780147578716276868e+01
-1.779401853382588428e+01
-1.780034836828707867e+01
-1.780074791014195412e+01
-1.779223480522633594e+01
-1.217685744315385854e+01
-1.780041342973707685e+01
-1.779871551096438864e+01
-5.322638604789972305e+00
-1.780322839617729258e+01
-1.779952548742295093e+01
-1.779820247292519042e+01
-1.780030151903629942e+01
-1.780376673042774627e+01
-1.780127830803395028e+01
-1.356757624596357203e+01
-1.779738122820853974e+01
-1.779491893649100831e+01
-1.779533688127995461e+01
-1.779492260217668331e+01
-1.779967665672301536e+01
-1.218404612392187758e+01
-1.779897391498088766e+01
-1.780343151092529652e+01
-1.779728202521799929e+01
-1.779253070652484681e+01
-1.322113616317510854e+01
-1.779958256483078571e+01
-1.780157660543919818e+01
-1.780149841904639629e+01
-1.780118827521801705e+01
-1.779252979457379169e+01
-1.780339867472649118e+01
-1.779987466335295210e+01
-1.780220360755920694e+01
-8.739099206402898279e-01
-1.780095265805721994e+01
-1.775947037041186860e+01
-1.220804629176855016e+01
-1.779251058101655047e+01
-1.780214536786078483e+01
-1.780237176120280651e+01
-1.779920421540736797e+01
-1.780154525041580627e+01
-1.780166685581207275e+01
-1.779553829133510234e+01
-1.780272987186907940e+01
-1.779750757217406942e+01
-1.779731262028216321e+01
-1.779161647260189838e+01
-1.779915730357169323e+01
-1.780289071500301645e+01
-1.780190078020095257e+01
-1.779579294621943575e+01
-1.779310221374035805e+01
-1.780290199220181080e+01
-1.779517245590686869e+01
-1.779304702281950767e+01
-1.779939500093459515e+01
-1.780270231366158029e+01
-1.779659183025359326e+01
-1.779237865507602478e+01
-1.652128309905529946e+01
-1.779948997199535299e+01
-1.780148344039918129e+01
-1.779867892563342835e+01
-1.779762319326401254e+01
-1.779643305838107281e+01
-1.778769823610781842e+01
-1.780064803659915995e+01
-1.221033888310193838e+01
-1.778869765996931918e+01
-1.780328752100468037e+01
-1.780245164334773378e+01
-1.779377077221868930e+01
-1.780181074440480060e+01
-1.780302462875842551e+01
-6.617973742634059242e+00
-1.779196846485137939e+01
-1.779948201179503542e+01
-1.779898388385771923e+01
-1.780173439085485043e+01
-1.269635974466800477e+01
-1.269079142212867772e+01
-1.780202434659004496e+01
-1.777689294815062837e+01
-1.779749140143395181e+01
-1.780249240994454496e+01
-1.779656468331813812e+01
-1.780080090761184763e+01
-1.780041613578796600e+01
-1.779651291072369190e+01
-1.779925054013730445e+01
-1.270517134070396814e+01
-1.780038903653621318e+01
-1.780098451077939359e+01
-1.779811879098414451e+01
-1.780241355001927062e+01
-1.218630150556563940e+01
-1.780386493504047962e+01
-1.778999952077866453e+01
-1.780254918634891226e+01
-1.780155943036078980e+01
-1.779937549531460306e+01
-1.779047761559486318e+01
-1.779690560698509927e+01
-1.778858866989613219e+01
-1.779875839352606803e+01
-1.355962672531605051e+01
-1.779732992649077872e+01
-1.780232172906399413e+01
-1.779333536624908163e+01
-1.779781723320483167e+01
-1.780005837678909231e+01
-1.779520453512669320e+01
-1.779593869745731283e+01
-1.780009437799452954e+01
-1.779288254380226775e+01
-1.780060178041458130e+01
-1.779458714425564025e+01
-1.780353947579861185e+01
-1.779719696342944246e+01
-1.779437401592732471e+01
-1.780060234367847727e+01
-1.778891247510910034e+01
-1.779732668399810791e+01
-1.779837783575059262e+01
-1.780029805898666240e+01
-1.780068909823895851e+01
-1.779940249323845336e+01
-1.780140255987644338e+01
-1.779632665514945344e+01
-1.778762267827988808e+01
-1.779091885983945076e+01
-1.779956547915935516e+01
-1.779848140478134866e+01
-1.779582672119141051e+01
-1.780192128121851525e+01
-1.779275162220000439e+01
-1.272587193697690999e+01
-1.779992848932742433e+01
-1.326499013304710672e+01
-1.779510943591593275e+01
-1.373377688974142607e+01
-1.779297547638415722e+01
-5.315037684142591701e+00
-1.780384928882121542e+01
-1.780205696821214190e+01
-1.780359233021735577e+01
-1.779780149459839222e+01
-1.778774443268776295e+01
-1.779257369339466166e+01
-1.779306467473506714e+01
-1.272020124644040706e+01
-1.779961029291153807e+01
-1.779904238283634044e+01
-1.359328757673502253e+01
-1.779987742006779783e+01
-1.780133303105830578e+01
-1.780330096483231372e+01
-1.779804444909094840e+01
-1.780078634023666950e+01
-1.780300573706627887e+01
-1.779990695416928048e+01
-1.779829927682876090e+01
-1.780156360566616414e+01
-1.779568066298961071e+01
-1.779354607164860269e+01
-1.779669372439385100e+01
-1.269348684400319982e+01
-1.779516211152076366e+01
-1.780116879343986369e+01
-1.779677059352398061e+01
-1.779086889922619363e+01
-1.779224089980125711e+01
-1.779253196716308594e+01
-1.780164770185947631e+01
-1.779438902437686210e+01
-1.779145196378229699e+01
-1.779135217070580310e+01
-1.779940811693667513e+01
-1.778407469093800231e+01
-1.780076668262481121e+01
-1.779289827048777184e+01
-1.779643985331058786e+01
-1.780105627477169961e+01
-1.779515707194805074e+01
-1.780196985900402851e+01
-1.222002646774053680e+01
-1.780023101568220767e+01
-1.780163506865500622e+01
-1.373443514257669662e+01
-1.779967952370642692e+01
-1.778490709662437297e+01
-1.779067274630070727e+01
-1.780418798625470345e+01
-1.780241883993148022e+01
-1.779916483759880208e+01
-1.780182652473450489e+01
-1.779910653233529061e+01
-1.780264532566069136e+01
-1.779739428162574910e+01
-1.779534691274166036e+01
-1.778995812833309387e+01
-1.780027973055840107e+01
-1.779742448031901958e+01
-1.779156755506993548e+01
-1.780159744620323536e+01
-1.780115746557711276e+01
-1.370926297456026610e+01
-1.780332660377026954e+01
-1.779941663146018627e+01
