-2.491070448160171225e+01
-2.586480377316473778e+01
-2.600268499255180643e+01
-3.185816279053687250e+00
-2.587872452735900808e+01
-2.598996055722235354e+01
-2.753092964738607318e+00
-2.613237270116805533e+01
-2.606367108821869039e+01
-3.253403135389089762e+00
-2.612051161527634591e+01
-2.594629079699516438e+01
-2.615892418622971149e+01
-2.616309797167777873e+01
-2.615995851755142709e+01
-2.593772466182707603e+01
-2.605403716564180172e+01
-2.588812438845634389e+01
-2.605132871866225130e+01
-2.611281473040581957e+01
-2.609592709541319877e+01
-2.568346301317215463e+01
-2.588009184598921308e+01
-2.600690255761148251e+01
-2.614024053215979748e+01
-2.550222309231757478e+01
-2.602049106359482877e+01
-3.197337204217911122e+00
-2.625983162522316050e+01
-2.610387215614319700e+01
-2.601919559240340973e+01
-2.623508821725844342e+01
-2.558484963774681376e+01
-2.607292358279228495e+01
-2.621327644586563110e+01
-2.598273625969887490e+01
-2.615384129285812875e+01
-2.611127429008483958e+01
-2.616561740040779327e+01
-3.079037260264159137e+00
-2.254367960095405721e+01
-2.607555543780325635e+01
-3.047728388011456513e+00
-2.598394516110421648e+01
-2.610538507103920125e+01
-2.609408126473427103e+01
-2.599455496072767957e+01
-2.622856048345565583e+01
-2.607934676408768482e+01
-2.862241519987582805e+00
-2.608800319433212067e+01
-2.610491133332252645e+01
-2.602131938934327593e+01
-2.622586117982864451e+01
-2.610072644352913329e+01
-2.602281646728515696e+01
-2.711165600270033060e+00
-2.622417478561402149e+01
-2.606021432876586275e+01
-2.625338200330732974e+01
-2.599473058581352092e+01
-2.612099390625953532e+01
-2.619778217077256244e+01
-2.618404216766357351e+01
-2.609628738164901662e+01
-2.714621993154287427e+00
-3.088468489795924032e+00
-2.528203899860381654e+01
-2.623680193424224782e+01
-2.624697341918945526e+01
-2.613997641801834604e+01
-2.611392552256585375e+01
-2.604105027914048520e+01
-2.877679543197155354e+00
-2.610703393816949358e+01
-2.600057592988012800e+01
-2.592557478547096395e+01
-2.616475297212600992e+01
-2.608593481779098511e+01
-2.594949963688852534e+01
-2.601733236312865927e+01
-2.851134894043208412e+00
-2.615583809614181376e+01
-2.626363169550895549e+01
-2.606403974890709918e+01
-2.593606625199317506e+01
-2.587720789909363717e+01
-2.607776191234589191e+01
-2.612546995878219036e+01
-2.603905410766601136e+01
-2.590008497834206835e+01
-2.494792981445790403e+01
-2.597533026933669120e+01
-2.602534638047217896e+01
-2.937339483201503398e+00
-2.614631740450858999e+01
-2.597644511461258787e+01
-2.627345395088195090e+01
-2.582657057046891680e+01
-2.610932897925376395e+01
-2.615754211544990326e+01
-2.729894334822892787e+00
-2.599466249942780038e+01
-2.611899417638777265e+01
-2.607385421395302671e+01
-2.601541755199431449e+01
-2.599651065468788858e+01
-2.925427418202161345e+00
-2.613545101284980632e+01
-2.618033735752105784e+01
-2.624983825683593608e+01
-2.600895851254463054e+01
-2.615368313193319949e+01
-2.603262252807617472e+01
-2.587639594078063965e+01
-2.611004188060760711e+01
-2.611148698925972056e+01
-2.620230576992035765e+01
-2.833860347419977277e+00
-2.602033725976944112e+01
-3.080013412982224530e+00
-2.611582260727883664e+01
-2.614257727861404490e+01
-2.610566242337228005e+01
-2.608408334255217653e+01
-2.492018606364726097e+01
-1.911875836551190488e+01
-2.610012940168381235e+01
-2.510513625741004518e+01
-2.611260407567024089e+01
-2.606146042943000296e+01
-2.707372272759676513e+00
-2.611643346548082079e+01
-2.614947268962859894e+01
-2.591159359812735730e+01
-2.584156388640403534e+01
-2.608052537441253449e+01
-2.603218464255332876e+01
-2.587281318306922273e+01
-2.627216450572013784e+01
-2.991520752012729378e+00
-2.606072213649750680e+01
-2.604845566153525738e+01
-3.067084883898496983e+00
-2.635280463844537291e+00
-2.619492108225822236e+01
-2.624515138268470338e+01
-2.613645244240760945e+01
-2.586287550926207501e+01
-2.611078374981880046e+01
-2.611929340362548047e+01
-3.379626948386430740e+00
-2.613245860934257436e+01
-2.605448812246322632e+01
-2.596198039054872098e+01
-3.072664021328091799e+00
-2.591470865011215352e+01
-2.714332938194275346e+00
-2.599919723868369914e+01
-2.602853046655656044e+01
-2.616202535033226084e+01
-2.609660394191740806e+01
-3.037100075185298120e+00
-2.614192334413527519e+01
-3.161975740641354449e+00
-2.589943807721137858e+01
-2.611948363184927757e+01
-2.464529545903207008e+01
-2.612814032435416323e+01
-2.614621480107307505e+01
-2.631260760128497633e+00
-2.598825203776358705e+01
-2.591751184463500479e+01
-2.612833135724067901e+01
-2.617152645587921356e+01
-2.620016890168191637e+01
-2.611046336293220804e+01
-2.602685196399687939e+01
-2.595693882703781341e+01
-2.611576182246207978e+01
-2.612403654456137758e+01
-2.599099940657615804e+01
-2.628096761703490714e+01
-2.598603891134262511e+01
-2.596471145749091747e+01
-2.632554223537444571e+01
-2.681338379532098859e+00
-2.615025590062142413e+01
-2.702776950225234565e+00
-2.615284259319306770e+01
-2.632544903159142180e+01
-2.616396625041961244e+01
-3.096321834623812386e+00
-2.603462799191472854e+01
-3.240138892829418360e+00
-2.608834497928620522e+01
-2.614125243425370115e+01
-2.590205976963042644e+01
-2.604367342591285706e+01
-2.602546870112418631e+01
-2.598293731808661633e+01
-2.606131638884544088e+01
-2.610966693162917451e+01
-3.327673392742872327e+00
-2.518123244047163567e+01
-2.620733110904692609e+01
-2.609520769715308930e+01
-2.615567442178725699e+01
-3.121004521846771684e+00
-2.595261579155922149e+01
-2.607333413362502839e+01
-2.597222689986228872e+01
-2.620681217908859395e+01
-2.602758182883263061e+01
-2.608447937369346192e+01
-2.623076013326645040e+01
-2.620206701159478513e+01
-2.603131270408630726e+01
-2.612336884737014486e+01
-2.615116643905638227e+01
-2.617037444710730298e+01
-2.884582818299532558e+00
-2.599968910813331391e+01
-2.599607821106911842e+01
-2.596334620714187480e+01
-2.575441868901253528e+01
-2.576224545240401298e+01
-2.611650002598762654e+01
-2.604885542988776237e+01
-2.559520234465599131e+01
-2.793643913418054847e+00
-2.568206097483635375e+01
-2.984597866982222403e+00
-2.622312255501746492e+01
-2.605070447325706695e+01
-2.149591801166533500e+01
-2.618677851557731628e+01
-2.594408947229385376e+01
-2.612482038736343526e+01
-2.603006882071495909e+01
-2.591608386039733603e+01
-2.614868351221084097e+01
-2.581494457125662123e+01
-2.623675600290297183e+01
-2.630983009338379475e+01
-2.512119367122650360e+01
-2.606251800656317741e+01
-2.615282632112503336e+01
-2.599730886816979236e+01
-2.635061013102532712e+01
-2.621068419814109518e+01
-2.619561937451363676e+01
-2.603456753492354991e+01
-2.611164874434470207e+01
-2.608144302964210937e+01
-3.286209367215633836e+00
-2.612722613811492778e+01
-2.614189783334730421e+01
-2.597840574383734946e+01
-2.576753259301184329e+01
-2.612667230963707965e+01
-2.618195624351502104e+01
-2.611198825240134269e+01
-2.611029039025306986e+01
-2.606811789870262785e+01
-2.626741350293159627e+01
-2.610826000571251271e+01
-2.615356622338294557e+01
-2.577846973538397535e+01
-2.603454908728600614e+01
-2.601732835173607938e+01
-2.604885806441307139e+01
-2.607200712561607148e+01
-2.614781510233878237e+01
-2.617269008159637877e+01
-2.578596709370612317e+01
-2.547194312810898253e+01
-3.009731501340866089e+00
-2.595691557526588866e+01
-2.611237207055092924e+01
-2.607932267785073321e+01
-2.601873632073402121e+01
-2.614079038500786822e+01
-2.613461410999298096e+01
-2.616970216035844032e+01
-2.596373196840286823e+01
-3.320316614955663770e+00
-2.595785834193230457e+01
-2.532174689173698212e+01
-2.602421542406081301e+01
-2.610362725257873251e+01
-2.597069318890572021e+01
-2.869153118878602804e+00
-2.621664085984230397e+01
-2.576864356398582601e+01
-2.615390847325326007e+01
-2.629926440715789582e+01
-2.596742631196976703e+01
-2.613645462989806134e+01
-2.608390967249869519e+01
-3.234164648503064399e+00
-2.607578387856482038e+01
-2.586288876533508585e+01
-2.591130388975143717e+01
-2.617919119596481536e+01
-2.596667701005936735e+01
-2.604714190959931486e+01
-2.594714010953902061e+01
-2.607489688992501087e+01
-2.547197266295552431e+00
-2.588309961557388306e+01
-3.032572202384471449e+00
-2.500949664413928630e+01
-2.606620560884476134e+01
-2.597347337603569883e+01
-2.609402865767479796e+01
-2.457989354059100240e+00
-2.615201718807219677e+01
-2.615483006238937591e+01
-2.606539735794066104e+01
-2.604499331712722210e+01
-2.624289407134055097e+01
-2.604834328293800638e+01
-2.580728449821471671e+01
-2.621297788023948527e+01
-2.606378231644629651e+01
-2.638026983290910454e+00
-2.603913230895996378e+01
-2.513878647089003948e+01
-2.619839148521423056e+01
-2.604965150952338604e+01
-2.603768581151962280e+01
-2.137754656076431559e+01
-2.616292959451675415e+01
-2.599280149936674889e+01
-2.615817058682442564e+01
-2.586339050531387329e+01
-2.601350615620614093e+01
-1.334067020118236968e+01
-2.478562695384025716e+01
-2.610182800889015553e+01
-2.607468588352203653e+01
-2.621717764735222289e+01
-2.618830336332320030e+01
-2.599728246927261566e+01
-2.607415962815285226e+01
-2.611187576055526804e+01
-2.611355726122856780e+01
-2.600575355291367430e+01
-2.610048369765282672e+01
-2.584184448719024374e+01
-2.620457413196563579e+01
-2.607332472205162333e+01
-2.590429565906524090e+01
-2.610960429310799924e+01
-2.605346331000328419e+00
-2.592156835794449776e+01
-2.590681043863297006e+01
-2.607981214523314151e+01
-2.591926123499871437e+01
-2.607143841385840943e+01
-2.609063003063201691e+01
-2.596218772530555441e+01
-2.611547405719758430e+01
-2.625640157461165458e+01
-2.594671155214308556e+01
-2.606232376098633097e+01
-2.609393201470376056e+01
-2.608496252298354534e+01
-2.595421357750891644e+01
-2.622565317153931730e+01
-2.602700837850570181e+01
-2.605533996224405158e+01
-2.615934942960738852e+01
-2.612087219357491463e+01
-2.597344495058060687e+01
-2.608701277971267274e+01
-2.600226882100105641e+01
-2.616072866320608981e+01
-2.618665705323218873e+01
-2.597201155424118824e+01
-2.614137338399887511e+01
-2.620000189542770386e+01
-2.619434216618537903e+01
-2.608609009385108735e+01
-2.610764717459679929e+01
-2.598906060457230183e+01
-1.743655548393726207e+01
-2.602198001146315676e+01
-2.594471791386605020e+01
-2.774657053872943369e+00
-2.583681136369705555e+01
-2.891517467051744283e+00
-2.579177914261817151e+01
-2.609221295118332407e+01
-2.320066930353640977e+00
-2.472414381802082062e+00
-2.601989473104476147e+01
-2.593256083130836487e+01
-2.587935962080956642e+01
-2.603362476825713756e+01
-2.613322173953056193e+01
-2.602258924841881793e+01
-2.595570763945578463e+01
-2.603701188564301106e+01
-2.610375086665153432e+01
-2.606922547221183351e+01
-3.030932376533748585e+00
-2.584812924265861156e+01
-2.558467881679534983e+01
-2.611793921589852374e+01
-2.607202023267746327e+01
-2.598334556221961122e+01
-3.131171084940434390e+00
-2.603581578135489494e+01
-2.615563486218452027e+01
-2.604082198739051535e+01
-2.605286322236060315e+01
-2.620693451166152599e+01
-2.659558548778295339e+00
-2.605914214253425243e+01
-2.665122705698013128e+00
-2.619515561461449948e+01
-2.609779595136641461e+01
-2.608365244269369754e+01
-3.102743957191706148e+00
-2.582383231520652700e+01
-2.610470256209374185e+01
-2.613734150528907918e+01
-2.606812688112257703e+01
-2.920426757633685977e+00
-2.598244915604592009e+01
-2.627467565536498739e+01
-2.584023180603981373e+01
-2.599549220800400207e+01
-2.607023687362672248e+01
-2.603804590702055677e+01
-2.612882890701293093e+01
-2.602686132788658568e+01
-2.607229444384575601e+01
-2.616348767280578258e+01
-2.616836910247803871e+01
-2.605341352820396850e+01
-2.593243801593781939e+01
-2.612308684587477359e+01
-2.575207425951959195e+01
-2.608504697084427093e+01
-2.609313047528268115e+01
-2.595487837195396708e+01
-2.600749228000640656e+01
-2.612336522936821837e+01
-2.604620943665504385e+01
-2.601913905739782962e+01
-2.616729774475097869e+01
-2.596785679459571838e+01
-2.600830013751984637e+01
-2.600126330256463092e+01
-2.625826966166496490e+01
-2.599629021883011859e+01
-2.585735682249069001e+01
-2.617880861163140338e+01
-2.600905211567878084e+01
-2.593604186773301024e+01
-2.590126790404318768e+01
-2.584523612260818481e+01
-2.607345735430717681e+01
-2.578739478588104106e+01
-2.612404312491418068e+01
-2.621118861436844583e+01
-2.900282478705049183e+00
-3.092106174677609953e+00
-2.606136326789855673e+01
-2.608956131935117995e+01
-2.611261741518973878e+01
-2.609419562220573496e+01
-2.615050752758980224e+01
-2.608309701085090637e+01
-2.632903707027435658e+01
-2.610635558366776010e+01
-2.609936658143996979e+01
-3.039333227276801441e+00
-2.617314906120300222e+01
-2.606589656472206329e+01
-2.599780542254447013e+01
-2.761604517698287076e+00
-2.614751538634300232e+01
-2.615787444114685556e+01
-2.605838382244111529e+01
-2.605517830252647471e+01
-3.112009887397289010e+00
-2.609280197620390851e+01
-2.608551653027534911e+01
-2.633059775233268240e+01
-3.162479478865861449e+00
-2.532692960500717305e+01
-2.602500101923941855e+01
-2.607966245412825401e+01
-2.609710823297499971e+01
-2.604701842069626139e+01
-2.618239976167677696e+01
-2.599099475145339966e+01
-2.605191518068313528e+01
-3.418466037511826539e+00
-2.909189984202385393e+00
-2.611846659183502339e+01
-2.613979434370994426e+01
-2.661313124746084391e+00
-3.151530653983355190e+00
-2.614053153395652629e+01
-2.699277310073376235e+00
-2.813079921901226133e+00
-2.615981276631355357e+01
-2.567074424028398028e+01
-2.616879227161406973e+01
-2.609550867080689329e+01
-2.620299744009970411e+01
-2.571760087609291645e+01
-2.606977074146271534e+01
-2.603765077590942667e+01
-2.619414007067680927e+01
-2.622866571545599967e+01
-2.609561709165573262e+01
-2.614003334641456888e+01
-2.458361302018166938e+01
-2.582126175165176463e+01
-2.605585322380064639e+01
-2.592128433585166647e+01
-2.595770822763443064e+01
-2.596075951457024544e+01
-2.593678527474403595e+01
-3.251598238945006436e+00
-2.612320117950438814e+01
-2.302276868224143413e+01
-2.631165674924849540e+01
-2.600810753107070283e+01
-2.603267652392386466e+01
-2.600334279537201709e+01
-2.580253887772559551e+01
-2.606955540180206654e+01
-2.554676815271377777e+01
-2.604335708022116336e+01
-1.714527192115784260e+01
-2.595234279036521130e+01
-2.611969187855720520e+01
-2.612119079828262969e+01
-2.611430376172065948e+01
-2.631502377390860659e+01
-2.612663275003434649e+01
-2.577690345048902998e+01
-2.504965800642968077e+01
-2.462824375033379454e+01
-2.615066277980803378e+01
-2.620290110111234938e+01
-2.607409896254538850e+01
-3.824809399247169228e+00
-2.599849078059197538e+01
-2.720108567923306353e+00
-2.615850028395653482e+01
-2.626348655223847217e+01
-2.603802330493925865e+01
-2.611935572028160379e+01
-2.661786216497421531e+00
-3.022555415332317530e+00
-2.626385080218313917e+01
-2.502655236124992300e+01
-2.617261845469473869e+01
-2.612303625345231595e+01
-2.611466481089593117e+01
-2.605723773241042096e+01
-2.611959533095359731e+01
-2.613622370362281089e+01
-2.595026247501374428e+01
-2.602467609643936086e+01
-2.620554113984108469e+01
-2.603045804500579763e+01
-2.683793000131845741e+00
-2.629846495985985655e+01
-2.599437165856360465e+01
-2.618777649998663293e+01
-2.615852655768393120e+01
-2.604965869784355093e+01
-2.626287988424299513e+01
-2.606508448719977622e+01
-2.533086176514627041e+01
-2.624237475395201713e+01
-2.609553975462913655e+01
-2.609639228582381776e+01
-2.615138916373252798e+01
-2.599955946803092743e+01
-2.606732354164123322e+01
-2.601382278800012315e+01
-2.604244451522828285e+01
-2.578252632617951079e+01
-2.563626020550728768e+01
-2.618828275799749505e+01
-2.611723707914351067e+01
-2.604337921738624928e+01
-2.595392696261405874e+01
-2.567925900220871682e+01
-2.611685397028922040e+01
-2.622026527523994233e+01
-2.583704327344894125e+01
-2.606506791710853932e+01
-2.609684776067734191e+01
-2.612286756634711438e+01
-2.605437415838241222e+01
-2.659693410247563783e+00
-2.592712576389313028e+01
-2.374798457026481913e+01
-2.611637118458747153e+01
-2.623228036761282667e+01
-2.567708009481428988e+01
-2.620365366935729412e+01
-2.588594047427178424e+01
-2.615898464918137734e+01
-2.605358340740204071e+01
-2.606752508878707530e+01
-2.592879182100294955e+01
-2.624622180461884469e+01
-2.487395241856575012e+00
-2.598076239228249662e+01
-2.605764023661613393e+01
-2.606857458353042745e+01
-2.597559832334517083e+01
-2.533148635625839162e+01
-2.987143012881278814e+00
-2.621240868568419558e+01
-3.128069850057363599e+00
-2.596176525354385944e+01
-2.611375177502632283e+01
-2.599225845932960510e+01
-2.617978048324585671e+01
-2.600391251444815310e+01
-2.605364906191825725e+01
-2.608428115844726847e+01
-2.610353353023528555e+01
-2.610366266369820565e+01
-2.596867024898528342e+01
-2.597818963527678093e+01
-2.601922685503959798e+01
-2.613663533329964039e+01
-2.578292199373243321e+01
-2.571598702669142256e+01
-2.612871827483178677e+01
-2.598843243718147988e+01
-3.474705017358064474e+00
-3.110259858518838350e+00
-2.600276477932930419e+01
-2.604769314527511881e+01
-2.611290905475616242e+01
-2.783884876966476352e+00
-3.157303142547608132e+00
-2.633474469184875488e+01
-2.597459829449653768e+01
-2.604074446558951195e+01
-2.603423227667808248e+01
-2.588414261341094758e+01
-2.601246976256369692e+01
-2.600526984930038665e+01
-2.612510045766830302e+01
-2.619156838655472797e+01
-2.620674998760223318e+01
-2.584261276721955625e+01
-2.491532207131386301e+01
-2.606321505308152098e+01
-2.602696146965025292e+01
-2.606247317790985463e+01
-2.597750658988951855e+01
-2.630710021257401365e+01
-2.952105814218520585e+00
-2.605573071837425303e+01
-2.615397775769235267e+01
-2.853917749226092759e+00
-2.587143326997757242e+01
-2.626897880434989929e+01
-3.479883177578450226e+00
-2.600325021147727256e+01
-2.611285847425461881e+01
-2.578569417595863200e+01
-2.617843669056892253e+01
-2.610378165841101961e+01
-2.603811336755751427e+01
-2.619771692156793463e+01
-2.582535951584577827e+00
-2.604201526045800463e+01
-2.612491717338560804e+01
-2.611642820835113099e+01
-2.608272571563721343e+01
-2.617123438715934114e+01
-2.601164881139993668e+00
-2.591535870432852562e+01
-2.599575878977776355e+01
-2.592801501750946969e+01
-2.578529355525970246e+01
-2.573135929107665021e+01
-2.617352278232575102e+01
-2.801255135238170713e+00
-3.023822253942489269e+00
-2.614576039910317462e+01
-2.595906900167465281e+01
-2.660727852582930542e+00
-3.479438933730124806e+00
-2.606750788092612581e+01
-2.597216484546662230e+01
-2.610391377806664792e+01
-2.612627682685852548e+01
-2.622464550137519979e+01
-2.614374426603316692e+01
-2.611774854660034606e+01
-2.602065991163254566e+01
-2.582715683579444388e+01
-3.157053333520888128e+00
-2.626747568845748404e+01
-2.619794366955756004e+01
-2.608388013243675374e+01
-2.611194925904272779e+01
-2.599836271405220600e+01
-2.606679072380065776e+01
-2.603904520869255990e+01
-2.612007775306702584e+01
-2.598880802392958245e+01
-2.631862108111380749e+01
-8.713543796539305220e+00
-2.609588776230813423e+01
-2.909525569528341737e+00
-2.612464404702187082e+01
-2.615865392088891284e+01
-2.600660833120347348e+01
-2.601955678462982746e+01
-2.597605036497116870e+01
-2.617559538483619619e+01
-2.623551236987114521e+01
-2.600631245374679779e+01
-2.622551077604294889e+01
-2.601650730967520886e+01
-2.606027020215987378e+01
-2.599916053414344574e+01
-3.026579824835063270e+00
-2.623957535624504089e+01
-2.613647176623344492e+01
-2.591831098198889194e+01
-2.616148200631142373e+01
-2.604545246362686584e+01
-2.623972865343093730e+01
-2.582873360514639316e+01
-2.613193373680114817e+01
-2.574793782234190331e+01
-2.590699433684348918e+01
-2.616508420705794080e+01
-2.599916160702705170e+01
-2.563596922755241536e+01
-2.608138806819916056e+01
-2.604015759229659466e+01
-2.596794556379319019e+01
-2.612958868741989349e+01
-2.604540624618529776e+01
-2.801639914512634277e+00
-2.631073546409605868e+01
-2.618084877729415538e+01
-2.627897089719771273e+01
-2.606124851703643230e+01
-2.640462454408407211e+00
-2.945773402601481017e+00
-2.942206486314534963e+00
-2.606156567335127860e+01
-2.608283385038377489e+01
-2.611944955587388151e+01
-2.620427420139312602e+01
-2.622227473258970676e+01
-2.583141611814498617e+01
-2.598726764917373799e+01
-2.618390133380890106e+01
-3.128733951598404506e+00
-2.621658129096030976e+01
-2.542351323366164806e+01
-2.901983978599310454e+00
-2.601929543018340496e+01
-2.623752130866050791e+01
-2.606866438984870982e+01
-2.617805587649345256e+01
-2.698023842275142581e+00
-2.610619754791259339e+01
-2.503356316089630340e+01
-2.591645972728729674e+01
-2.767576229572296320e+00
-2.612422217726707530e+01
-2.593792427778243237e+01
-2.588262349963187958e+01
-2.594604720473290627e+01
-2.583192732930184476e+01
-2.307718779444694590e+01
-2.628365381360054087e+01
-2.618049017190932304e+01
-2.601946617960929942e+01
-2.586529923677445097e+01
-2.603766937255859659e+01
-3.052803060412406122e+00
-2.607727406620980659e+01
-2.939227060228585930e+00
-2.616719091534615416e+01
-2.627612362504005006e+01
-2.612442389130592346e+01
-2.604917156100273701e+01
-2.612571395039557842e+01
-2.633442127704620006e+01
-2.605731710791588895e+01
-2.612235969305037742e+01
-2.605301981568336345e+01
-2.725038985162973049e+00
-2.804527089744806467e+00
-2.991854652017354788e+00
-2.523764261603356118e+01
-2.923171859234570569e+00
-2.522725372910499786e+01
-2.605046224594117277e+01
-3.132583015412091498e+00
-2.590963018536567830e+01
-2.629067067503928357e+01
-2.598246942758559896e+01
-2.924015403538942071e+00
-2.591836495399475382e+01
-2.614381718635560148e+01
-2.608078638315201658e+01
-2.584333584904671355e+01
-2.969120863452553660e+00
-2.614185743331910317e+01
-2.531562455296516134e+01
-2.607249345183371503e+01
-2.587147951126099343e+01
-2.497862302064895346e+01
-3.023504595458506916e+00
-2.612281875014303978e+01
-2.604925550222397845e+01
-2.618029415011406158e+01
-2.599540646672248911e+01
-2.619508859515189769e+01
-2.609678662419319295e+01
-2.614530344605446288e+01
-2.601555779576302641e+01
-2.602480142712594358e+01
-2.602206950187684598e+01
-2.591784391552209854e+00
-2.596775149703025676e+01
-2.877239909768105175e+00
-2.605554398894310708e+01
-2.603385951519013020e+01
-2.614421288371087115e+01
-3.029127356410028060e+00
-2.604297109246253683e+01
-2.602250066399574280e+01
-2.613797520399092633e+01
-2.578689636588096690e+01
-2.413976315855979138e+01
-2.599631837010382895e+01
-2.607674754858017607e+01
-2.882066508382559178e+00
-2.629994693398477068e+01
-2.608713117837906381e+01
-2.609438491463661336e+01
-2.599554078578950467e+01
-2.721248734742401698e+00
-2.611871230602263338e+01
-2.535481727719307443e+01
-2.616427922248840687e+01
-2.617894273400306204e+01
-2.601717088222503094e+01
-2.755623616278171539e+00
-2.610027964115141685e+01
-2.614816128015518260e+01
-2.612517780661582378e+01
-2.614604244232177166e+01
-2.578407754302026333e+01
-2.629963072538376068e+01
-3.189922066032886860e+00
-2.609758734107018796e+01
-2.607559882998465639e+01
-2.594232506752015155e+01
-2.591265609264374703e+01
-1.133354664742946127e+01
-2.625950909852981852e+01
-2.868688500672578634e+00
-2.610868836641309798e+01
-2.608052694797515159e+01
-2.621125529408456245e+01
-2.606284455657004884e+01
-2.614798350930213644e+01
-2.614353479743002495e+01
-2.627231389284133556e+01
-2.602989901304243858e+01
-2.612926331758498577e+01
-2.601714768409728507e+01
-2.554140838384628864e+01
-2.617398789525032043e+01
-2.590504782795907346e+01
-2.607694486975669790e+01
-2.605524430274963166e+01
-2.934503033384680659e+00
-2.578912023901940032e+01
-2.596152971386908703e+01
-2.608408823609351401e+01
-2.601215036511422340e+01
-2.612227697968483042e+01
-2.605577787756920571e+01
-3.141061579436064566e+00
-2.578382128477096469e+00
-2.521833458542823436e+01
-2.596402585506438498e+01
-2.597036235332488374e+01
-2.599051024913786279e+01
-2.615168516635893781e+01
-2.606638538241387337e+01
-2.670069635286927312e+00
-2.607991805076598268e+01
-2.595733233913779081e+00
-2.622036477327346304e+01
-2.601617914438247325e+01
-2.611347995400428701e+01
-2.608164848089217003e+01
-2.605312421321870886e+01
-2.606213079690932943e+01
-2.606907449960707979e+01
-2.627991699576377727e+01
-2.600455996990203644e+01
-2.615247296094893414e+01
-2.617638123631478209e+01
-2.581077996492385651e+01
-2.607802498340607400e+01
-2.603607136011124723e+01
-2.595205612182618538e+01
-2.985281040519475848e+00
-2.607708381414413878e+01
-2.622477980256080698e+01
-2.612855608463286572e+01
-2.608521504998207519e+01
-2.580491269826888612e+01
-2.600371236801147390e+01
-2.611061812639236024e+01
-2.601072018742561198e+01
-2.617558383345602380e+01
-2.594005836844445412e+01
-2.615381033420563028e+01
-2.624254390224814770e+00
-2.593264253735543434e+01
-2.583711266517638094e+01
-2.579390001296996004e+01
-2.585321615338326495e+01
-2.597462252974510122e+01
-2.603083960413932374e+01
-2.604482533335685446e+01
-2.590411193370820087e+01
-2.345231047868729846e+01
-2.590216683745383719e+01
-2.604096425771714252e+01
-2.612440009713173339e+01
-2.589615547060966705e+01
-2.608763270378113219e+01
-2.599787587523459109e+01
-2.600673154592513825e+01
-2.602197322249414313e+01
-2.597795019745828071e+01
-2.590965454578399729e+01
-2.800798099488021276e+00
-2.612372171878814697e+01
-3.044785939157010013e+00
-2.600644112229347016e+01
-2.615938580036163330e+01
-2.612116148471831778e+01
-2.604375249743461751e+01
-2.874826104938983828e+00
-2.593145201206207773e+01
-2.602464261054993244e+01
-2.606270777583120690e+01
-2.613718633055686524e+01
-2.596149690151214884e+01
-2.607981629371643351e+01
-2.611954181194306557e+01
-3.232197376340626871e+00
-2.611380926370621225e+01
-2.605263559222221659e+01
-2.600648223161696748e+01
-2.615222433209419606e+01
-2.606329081654548574e+01
-2.621692336797714873e+01
-2.609426902532577941e+01
-2.610925502181054370e+01
-2.599432619810104939e+01
-2.589736871719360778e+01
-2.303187488317490050e+01
-2.612252284884454312e+01
-2.608497738242149921e+01
-2.606160208582877402e+01
-2.608403018712998289e+01
-2.619105231165886138e+01
-2.616294537782669494e+01
-2.609970591664314199e+01
-2.609949982166291704e+01
-2.609392648935316927e+01
-2.609164413213730782e+01
-2.626124920845031951e+01
-2.587503095865249847e+01
-2.970648517459632210e+00
-2.607680906653404662e+01
-2.599080451130866010e+01
-2.738656524568796158e+00
-2.625423606634140938e+01
-2.617646855115890503e+01
-2.600330889225005748e+01
-2.630774218440054213e+01
-2.599610260725021504e+01
-2.828050605952739716e+00
-2.551627501249311436e+01
-2.604033649563788089e+01
-2.558258963227271110e+01
-2.845647548139095928e+00
-2.617488546967505414e+01
-2.611093432903288658e+01
-2.583857849836349985e+01
-2.596115550398828020e+01
-2.621498527526856392e+01
-2.616895510554314441e+01
-2.581576804518700641e+01
-2.609073306918144652e+01
-2.608567523956298473e+01
-2.606990176439285989e+01
-2.586418364048004292e+01
-2.607199012041091990e+01
-2.595843420028685955e+01
-3.228918838500976385e+00
-2.738933912664652137e+00
-2.747536469995975672e+00
-2.609211646318434319e+01
-2.607776457071303966e+01
-2.610889096260071440e+01
-2.618080001473426677e+01
-8.682607713341710109e+00
-2.615442566871642072e+01
-2.611664617061615701e+01
-2.607648348212241629e+01
-2.608416859507560659e+01
-2.623319641947746206e+01
-2.616314028501510336e+01
-2.602837830781935224e+01
-2.610299439430237101e+01
-2.603408781290054108e+01
-2.554969976544380827e+01
-2.616655712723731853e+01
-2.602099609375000000e+01
-2.858599268645048319e+00
-2.611307412385939841e+01
-2.617592545747756105e+01
-2.603495634198187858e+01
-2.593284485340116419e+01
-2.599282342791557099e+01
-2.600704043507574781e+01
-2.614358232617377098e+01
-2.623870875239373035e+01
-2.603121658563613394e+01
-2.604052326679229523e+01
-2.521531336009501967e+00
-2.854100194945931257e+00
-2.594238268136978220e+01
-2.604876898527144391e+01
-2.618063963651658455e+01
-2.614002747535705495e+01
-2.607399483323096945e+01
-2.592593266963957532e+01
-2.589076494574546672e+01
-2.586862917542457296e+01
-2.844104651361703429e+00
-2.617285341024399514e+01
-2.615719247460365438e+01
-2.610792741179465182e+01
-2.621575428843499012e+01
-2.599053912162780833e+01
-3.015420549362898495e+00
-2.605889072418213104e+01
-2.613427785634994294e+01
-2.611061502099036957e+01
-2.596507748365402790e+01
-2.614032949209212120e+01
-2.258250186443328289e+01
-2.612022125124930483e+01
-2.597279306054115011e+01
-2.988139387220144716e+00
-2.608745218515395337e+01
-2.628960310220718100e+01
-2.603120892643927675e+01
-2.950831671059132244e+00
-2.604836156964302418e+01
-2.594471524357795289e+01
-2.604424178004265400e+01
-2.619318711161613322e+01
-2.969129136204719632e+00
-2.603923549652100533e+01
-2.616539744138717083e+01
-2.602786223888396933e+01
-3.007189100980758312e+00
-2.615474447011946779e+01
-2.599234668612480448e+01
-2.612482500076293945e+01
-2.741651444882154731e+00
-2.600825700163841958e+01
-2.583919325470924733e+01
-2.606549684405326062e+01
-2.598035848140717619e+01
-2.602496134638786174e+01
-2.608532595634460449e+01
-2.600138719677924470e+01
-2.606663424968720477e+01
-2.599809235930442952e+01
-2.505075193047522930e+01
-2.601383628845214702e+01
-2.597130265831948037e+01
-2.493863988518714692e+01
-2.621172448992728832e+01
-2.617150669693946696e+01
-2.953880596160888938e+00
-2.598783661127090738e+01
-2.625201913714409141e+00
-2.614396545290946960e+01
-2.618848980665206838e+01
-3.233323200047015344e+00
-2.601797583103180500e+01
-2.605783476233483853e+01
-2.614942132234572725e+01
-2.622384685873986143e+01
-3.024580276012421187e+00
-2.788547043129801839e+00
-2.610559660196304677e+01
-2.606580439805984639e+01
-2.627552134990691712e+01
-2.616847145557403209e+01
-2.599917923808099118e+01
-2.606901406645774344e+01
-2.905112369358540114e+00
-2.609267818927764537e+01
-2.624757314324379109e+01
-2.606658360362051852e+01
-2.586094093918800141e+01
-2.988946402072905073e+00
-2.595690939426422617e+01
-2.595881918072700856e+01
-2.615717148780821333e+01
-2.600164092779160541e+01
-2.602899251580239692e+01
-2.888796807453036575e+00
-2.621845647096634480e+01
-2.614379040598869608e+01
-2.613445073366165161e+01
-2.608158774971963467e+01
-2.602050271630287170e+01
-2.783187378197908401e+00
-2.925866109132766457e+00
-2.621486806869507902e+01
-2.613046897649764233e+01
-3.122351827472447994e+00
-2.610263407826424498e+01
-2.829929908365011126e+00
-2.607576491832734789e+01
-2.606910044550895833e+01
-2.595849399566650462e+01
-2.601719239950179485e+01
-2.611751968264579915e+01
-2.615042477250099395e+01
-2.974821837246418799e+00
-3.144134122878313509e+00
-2.620945380330085328e+01
-2.614292569756506879e+01
-2.594571723937988850e+01
-2.603668456077576110e+01
-2.612011756896972869e+01
-2.610995140671729686e+01
-2.582931602597236420e+01
-2.630709819197655364e+01
-2.610216399654746056e+00
-2.611834321618080423e+01
-2.606829420924187346e+01
-2.808366458863020387e+00
-2.597190445661544445e+01
-2.827382031083107261e+00
-2.594961564540862753e+01
-2.609086794257162722e+01
-2.621765920519829507e+01
-2.611330043077470009e+01
-2.612052785754205075e+01
-2.822930192202329991e+00
-2.612710274457932513e+01
-2.513981806039810252e+01
-2.569143684506417458e+01
-2.607288055419920170e+01
-2.591304756999015169e+01
-2.938680290430783160e+00
-2.611655444502830647e+01
-2.615184751749038838e+01
-2.617560738921165964e+01
-2.620442228913307048e+01
-2.621073796153067548e+01
-2.534596374630928750e+01
-2.605881860256194216e+01
-1.883521373271942423e+01
-2.602051115632056977e+01
-2.884361439198256605e+00
-2.980196148157120195e+00
-2.601360827684402466e+01
-2.592323465347289257e+01
-2.611753879189490846e+01
-2.620419807434083381e+01
-2.608927738666534779e+01
-2.605626328587531404e+01
-2.594033813476561079e+01
-2.908153151720761720e+00
-3.007852443307638346e+00
-2.603384085297584605e+01
-2.612974758744240944e+01
-2.606599858403205516e+01
-2.632530617117881278e+01
-2.601026626229286620e+01
-2.606925969719886638e+01
-2.633211492896079520e+01
-2.613405072689054975e+01
-2.609226048588751468e+01
-2.916827061772345964e+00
-2.588868418335914967e+01
-2.607692064046859670e+01
-2.595711741447449938e+01
-2.605604401826858307e+01
-2.888332340866327286e+00
-2.628114463090897246e+01
-2.580519937276840992e+01
-2.602916366457939290e+01
-2.621775146722793082e+01
-2.622074317932128196e+01
-2.611745929121970278e+01
-2.587820518612862131e+01
-2.612866575121878299e+01
-2.624360604882241432e+01
-2.616900052428247037e+01
-2.547266837358473879e+01
-2.605876895785332437e+01
-2.613223541975022357e+01
-2.619702753424643760e+01
-3.261837957799434751e+00
-2.610238521695136527e+01
-2.601240067481993279e+01
-2.608840353488920627e+01
-2.605782650113104992e+01
-2.617883511781692008e+01
-2.594529345035553192e+01
-2.611641154885290561e+01
-1.389617182910442139e+01
-2.633726459145545817e+01
-2.616011325716971925e+01
-2.577920641303063576e+01
-2.607851173877716278e+01
-2.605470789670944853e+01
-2.609203385710716105e+01
-2.603713949918747872e+01
-2.613641227483750740e+01
-2.601459227800370400e+01
-2.599433507919311381e+01
-2.616458427309990142e+01
-2.604863489866256288e+01
-2.595519263148307587e+01
-2.619989870786666941e+01
-2.620270876288413575e+01
-2.979895606637001038e+00
-2.808915895223618175e+00
-2.610465315580367829e+01
-2.511777989864350147e+01
-2.599080115556715853e+01
-2.614929192662239643e+01
-2.635180521607399129e+01
-2.412471313476562074e+01
-3.043498170375824152e+00
-2.591225697398185446e+01
-2.621395556330681842e+01
-2.586369155049322544e+01
-2.607602576613425427e+01
-2.610029262304306030e+01
-2.616832492351533190e+01
-2.624340159893036173e+01
-2.606830367445944674e+01
-2.594191876053810830e+01
-2.606425635814665398e+01
-2.617664242982864309e+01
-2.607885996699332765e+01
-2.673691360652446392e+00
-2.624306401014328571e+01
-3.063556111603975118e+00
-2.634645082950592254e+01
-2.594902599453926584e+01
-2.872935756295918797e+00
-2.599393470287322216e+01
-2.592776177525520964e+01
-2.613733608126639751e+01
-2.615300100445747589e+01
-2.629942024350165397e+01
-2.592263506650925109e+01
-2.615586864948273771e+01
-2.605872425436972506e+01
-2.595632370710372783e+01
-2.625021135210990764e+01
-2.606376959085463696e+01
-2.618352047801017690e+01
-2.606067034602165577e+01
-3.800849320739507764e+00
-2.900459514558315632e+00
-3.034056566655636278e+00
-2.614940503835678953e+01
-2.611072502732275780e+01
-2.598812113404273560e+01
-2.616582124829290734e+01
-2.479120035171509073e+01
-2.600226002931593783e+01
-2.605977739691735806e+01
-2.601758084893226197e+01
-2.614626961350440482e+01
-2.616931512355805012e+01
-2.611131108403207080e+01
-2.613063544631005541e+01
-2.606232526302338215e+01
-2.627697740793229642e+01
-1.652975672483444214e+01
-2.626474367976189939e+01
-2.601736438274384611e+01
-2.592733327150344635e+01
-2.601014133095741343e+01
-2.613464552164079180e+01
-2.621997485160827068e+01
-2.602694126367569183e+01
-2.610913567543028790e+01
-1.903249790668487407e+01
-2.551046103239059004e+00
-2.602700648903847025e+01
-2.601795642971992351e+01
-2.523760283589362885e+01
-2.612668295502662730e+01
-2.590453556776046895e+01
-2.598554615974425985e+01
-2.615916772484780140e+01
-2.599153949618339610e+01
-2.599829463362693360e+01
-2.602426683306694244e+01
-2.624121224880218861e+01
-2.610423716306685193e+01
-2.612353061437606883e+01
-2.598629038333893249e+01
-2.602215375304222533e+01
-2.615295701622963875e+01
-2.612827076911925772e+01
-2.609242581129073812e+01
-2.586611883044242433e+01
-2.596145120263100026e+01
-2.841988358646631241e+00
-2.607989740371704457e+01
-2.701517279446124853e+00
-2.792290084064006805e+00
-2.995182607322931290e+00
-2.568733989000321571e+01
-2.614347681999207396e+01
-2.598025099039077546e+01
-2.610829445719719288e+01
-2.621017282009124472e+01
-2.617186663150787851e+01
-2.606257526278495362e+01
-2.623793020844458823e+01
-2.619705645442009967e+01
-2.480194522738457863e+01
-2.610305305123328168e+01
-2.600678031444550697e+01
-2.604800541996955232e+01
-2.562911250591277579e+01
-2.623677403926849649e+01
-2.625942953824996451e+01
-2.626347945928573324e+01
-2.605552793145178825e+01
-1.918440288901329183e+01
-2.807772350311279919e+00
-2.620596636533736046e+01
-2.594908878803255092e+01
-3.025949472188949496e+00
-3.080528999865054463e+00
-2.601317552924156828e+01
-2.588344123363495797e+01
-2.597748370170594256e+01
-2.610568065643309410e+01
-2.610377810001372723e+01
-2.609599600434303923e+01
-2.625800580382347249e+01
-9.566102981567381036e+00
-3.776920722424983889e+00
-2.593597609996794517e+01
-3.048382961750030873e+00
-2.586836576461790571e+01
-2.604683586359023195e+01
-2.604832535982131247e+01
-2.589459475874902239e+01
-2.590267565846443887e+01
-2.033847939968109131e+01
-2.611484614610672494e+01
-2.609313095808027327e+01
-2.616004594564438079e+01
-2.596770174503325990e+01
-2.609243729114531618e+01
-2.595808495283127471e+01
-2.597786146402359009e+01
-2.607472818493842226e+01
-2.621002358198165894e+01
-2.612350928187370158e+01
-2.592410280704498504e+01
-2.644494685530662803e+00
-2.605926041007041505e+01
-2.606588717103003816e+01
-2.618738179206847860e+01
-2.605857720375061604e+01
-2.597499268651008109e+01
-3.335238021612166204e+00
-2.622658059597015523e+01
-2.620082064270972211e+01
-2.619934570789336092e+01
-2.599225589632987621e+01
-2.616035825014115801e+01
-2.611435709595680521e+01
-2.614927747249604195e+01
-2.607325348854064728e+01
-2.600872812867165251e+01
-3.161655133217572633e+00
-2.600393853783607057e+01
-3.078110765665769577e+00
-2.610524784922601071e+01
-2.614254380464554117e+01
-2.611209130883218421e+01
-2.576415545940398388e+01
-2.622994861602782635e+01
-2.604521872401236493e+01
-2.596504800319672057e+01
-2.613347869515418864e+01
-2.950975835323333740e+00
-2.597205834388731560e+01
-2.633485363125802081e+01
-2.582472275495529601e+01
-2.605302790403365520e+01
-2.605937922596931600e+01
-2.599560230374336456e+01
-2.588336660861969207e+01
-2.602059882283210968e+01
-2.606812162995338156e+01
-2.595637843012809043e+01
-2.621817159652710316e+01
-2.525538228750228953e+01
-2.635992782115935640e+01
-2.590702026486397358e+01
-2.621037334799766327e+01
-2.616939898729324909e+01
-2.618225029706954032e+01
-2.604776155948638561e+01
-2.606013727188110352e+01
-2.615248655676841949e+01
-2.625411835908889557e+01
-2.598243903517723297e+01
-2.602490443587301883e+01
-2.601978038251400172e+00
-2.617710315585137693e+01
-2.612372847795486663e+01
-2.600051383972167685e+01
-2.617939817309379080e+01
-2.596928800344467447e+01
-2.615831092596054930e+01
-2.875709304213523332e+00
-2.611540124416352526e+01
-2.598623169064520511e+01
-2.599947399497032663e+01
-3.193263181298971354e+00
-2.598373903036118193e+01
-2.602317780852316886e+01
-2.623703871369362872e+01
-2.618987413048742852e+01
-2.586854934692381391e+01
-2.594540188908576539e+01
-2.608709386587143442e+01
-2.604740989804267670e+01
-2.619609234333038827e+01
-2.952510926127433599e+00
-2.614250774383544496e+01
-2.613799316287040853e+01
-2.611802110671995791e+01
-2.585039427280425528e+01
-2.615066717267037077e+01
-2.524045520275830512e+00
-2.591165190935133467e+01
-2.709564194083213362e+00
-2.585710631012915073e+01
-2.626110761165618968e+01
-2.626155347824096964e+01
-2.598796041607856466e+01
-2.605926913619042296e+01
-2.616093967556954070e+01
-2.593925065398216390e+01
-2.611605232357978679e+01
-2.888885077089070830e+00
-2.622969195246696472e+01
-2.612760801315308257e+01
-2.612984393835067110e+01
-2.622351734638212761e+01
-2.808220875263214733e+00
-2.626835666298866911e+01
-2.603656066060065299e+01
-2.621227725148201770e+01
-2.609719809293747161e+01
-2.598235400319099497e+01
-3.105585305392742246e+00
-2.605116590261459564e+01
-2.584174823760985262e+01
-2.601617418527603220e+01
-2.609743639230729428e+01
-2.591699535846710845e+01
-2.622660891413689299e+01
-2.600200386047363921e+01
-2.630016189813614247e+01
-2.511541123688220356e+00
-2.572910425066946871e+01
-2.606167677044869535e+01
-2.608548493385314160e+01
-2.612169132828712037e+01
-2.599478178620339008e+01
-2.618255468606949066e+01
-2.606873075366021553e+01
-2.611647379994393248e+01
-2.606354525685311074e+01
-2.612140697836876058e+01
-2.846543381363153991e+00
-2.597609782218933105e+01
-2.620827725529671071e+01
-2.620223748683929799e+01
-2.752635701745748342e+00
-2.612175242304802580e+01
-2.589879709482193704e+01
-2.622106673717499348e+01
-3.077301050722598408e+00
-2.603356118798257413e+01
-2.621029994487762949e+01
-2.609248933196068165e+01
-2.607164570093154055e+01
-2.613691647648810346e+01
-2.607163949608801801e+01
-2.615448682308195671e+01
-2.604283370971679190e+01
-3.377949002385140176e+00
-2.621682587862014202e+01
-2.613761808276175813e+01
-2.614751013517379974e+01
-2.593567903041838818e+01
-2.601145616769791502e+01
-2.604568556547163638e+01
-2.604410327076910647e+01
-2.576531558632850860e+01
-2.611798111200332784e+01
-2.598672655820847410e+01
-2.606822266578675951e+01
-2.991321799159049277e+00
-2.609187276959418966e+01
-2.845478596538305815e+00
-2.608028200864792723e+01
-2.582445126771927235e+01
-2.575358783602714752e+01
-2.920530534535645817e+00
-2.600984242558478954e+01
-2.604324046969414752e+01
-2.610546662211418223e+01
-2.576847445219755173e+00
-2.598040296435356211e+01
-1.867875362038612863e+01
-2.602151829004287009e+01
-2.608393912315368013e+01
-2.612819810509681773e+01
-2.593564566373824576e+01
-2.602167569398880076e+01
-2.829734177142382290e+00
-2.603463562726974345e+01
-2.607791936397551424e+01
-2.606218711137771038e+01
-2.614353144168853760e+01
-2.602711796760559082e+01
-2.585555149316788714e+01
-2.621969751119613434e+01
-2.616179518103599833e+01
-2.612084450721740581e+01
-2.616123527288436890e+01
-2.594285252690314536e+01
-2.616946910023689554e+01
-3.086103370040655047e+00
-2.611621991991997760e+01
-2.564625567793844851e+01
-2.608927498459815197e+01
-3.128295897692442651e+00
-2.602180699706077505e+01
-2.620979861021042723e+01
-3.059739760309457601e+00
-2.608578143715859810e+01
-2.601648859977721884e+01
