-8.417721241712570190e+00
-8.440890073776245117e+00
-8.446853443980216980e+00
-8.384449571371078491e+00
-8.437187805771827698e+00
-8.424474298954010010e+00
-8.218226611614227295e+00
-8.432063207030296326e+00
-8.432069048285484314e+00
-8.440994650125503540e+00
-8.314338326454162598e+00
-8.425583019852638245e+00
-8.429472401738166809e+00
-8.448367297649383545e+00
-8.442289039492607117e+00
-8.370624288916587830e+00
-8.393511667847633362e+00
-8.349997028708457947e+00
-8.370660394430160522e+00
-8.444854676723480225e+00
-8.449047923088073730e+00
-8.438729017972946167e+00
-8.299028962850570679e+00
-8.432066783308982849e+00
-8.439668133854866028e+00
-8.371712774038314819e+00
-8.352537214756011963e+00
-8.438105851411819458e+00
-8.441049233078956604e+00
-8.294413328170776367e+00
-8.448449134826660156e+00
-8.445137068629264832e+00
-8.445583686232566833e+00
-8.393646091222763062e+00
-8.411514401435852051e+00
-8.432529881596565247e+00
-8.382266789674758911e+00
-8.439479008316993713e+00
-8.386252030730247498e+00
-8.409435465931892395e+00
-8.422012731432914734e+00
-8.435757398605346680e+00
-8.443219065666198730e+00
-8.427857697010040283e+00
-8.409755036234855652e+00
-8.409180849790573120e+00
-8.364090666174888611e+00
-8.421118661761283875e+00
-8.448094725608825684e+00
-8.429886922240257263e+00
-8.425094336271286011e+00
-8.298407383263111115e+00
-8.440035909414291382e+00
-8.419012904167175293e+00
-8.413699910044670105e+00
-8.444480672478675842e+00
-8.444623038172721863e+00
-8.278425395488739014e+00
-8.373262435197830200e+00
-8.441172942519187927e+00
-8.418310120701789856e+00
-8.424732312560081482e+00
-8.440780252218246460e+00
-8.441225692629814148e+00
-8.403449758887290955e+00
-8.434214621782302856e+00
-8.385780349373817444e+00
-8.418715432286262512e+00
-8.428620681166648865e+00
-8.274961441755294800e+00
-8.407651707530021667e+00
-8.372640579938888550e+00
-8.409218415617942810e+00
-8.430354028940200806e+00
-8.432669341564178467e+00
-8.442313417792320251e+00
-8.449002072215080261e+00
-8.427787914872169495e+00
-8.434686303138732910e+00
-8.444235756993293762e+00
-8.420068323612213135e+00
-8.398829668760299683e+00
-8.431575670838356018e+00
-8.434724763035774231e+00
-8.420094788074493408e+00
-8.338010713458061218e+00
-8.445308998227119446e+00
-8.321520045399665833e+00
-8.432671278715133667e+00
-8.415394440293312073e+00
-8.324192404747009277e+00
-8.421532213687896729e+00
-8.448129028081893921e+00
-8.395396903157234192e+00
-8.401833310723304749e+00
-8.407717704772949219e+00
-8.380382642149925232e+00
-8.291979029774665833e+00
-8.395227164030075073e+00
-8.421621799468994141e+00
-8.440515950322151184e+00
-8.291389018297195435e+00
-8.392933025956153870e+00
-8.209177076816558838e+00
-8.411076754331588745e+00
-8.426171094179153442e+00
-8.440469652414321899e+00
-8.432053998112678528e+00
-8.422356709837913513e+00
-8.348892226815223694e+00
-8.410973265767097473e+00
-8.330782815814018250e+00
-8.442666992545127869e+00
-8.441018193960189819e+00
-8.439418151974678040e+00
-8.438629239797592163e+00
-8.357445746660232544e+00
-8.192602135241031647e+00
-8.435206279158592224e+00
-8.354631125926971436e+00
-8.441231846809387207e+00
-7.222646638751029968e+00
-8.382521733641624451e+00
-8.442067787051200867e+00
-8.444049641489982605e+00
-8.438843831419944763e+00
-8.406160622835159302e+00
-8.416698992252349854e+00
-8.434837639331817627e+00
-8.371794730424880981e+00
-8.433649465441703796e+00
-8.437678441405296326e+00
-8.426127925515174866e+00
-8.448917433619499207e+00
-8.415503188967704773e+00
-8.440416127443313599e+00
-8.447689950466156006e+00
-8.348533049225807190e+00
-8.444660365581512451e+00
-8.438080757856369019e+00
-8.441703632473945618e+00
-8.446306407451629639e+00
-8.437009543180465698e+00
-8.429377943277359009e+00
-8.381963074207305908e+00
-8.409056261181831360e+00
-8.433678403496742249e+00
-8.360116839408874512e+00
-8.422853574156761169e+00
-8.435054853558540344e+00
-8.431891843676567078e+00
-8.446419209241867065e+00
-8.433667972683906555e+00
-8.434210166335105896e+00
-8.393819019198417664e+00
-8.434069082140922546e+00
-8.435865059494972229e+00
-8.306110784411430359e+00
-8.435035958886146545e+00
-8.399190396070480347e+00
-8.434941515326499939e+00
-8.441791400313377380e+00
-8.413897290825843811e+00
-8.323973193764686584e+00
-8.350570484995841980e+00
-8.424360066652297974e+00
-8.425716564059257507e+00
-8.446164116263389587e+00
-8.444120824337005615e+00
-8.401165917515754700e+00
-8.446488991379737854e+00
-8.440469771623611450e+00
-8.395499765872955322e+00
-8.417766168713569641e+00
-8.439865082502365112e+00
-8.446219563484191895e+00
-8.442989155650138855e+00
-8.440907850861549377e+00
-8.445649847388267517e+00
-8.445957690477371216e+00
-8.369979619979858398e+00
-8.435176521539688110e+00
-8.401241570711135864e+00
-8.446358010172843933e+00
-8.377295404672622681e+00
-8.439374506473541260e+00
-8.438948571681976318e+00
-8.309765115380287170e+00
-8.443674340844154358e+00
-8.416477188467979431e+00
-8.402971863746643066e+00
-8.414460405707359314e+00
-8.447578221559524536e+00
-8.334848567843437195e+00
-8.396476864814758301e+00
-8.417931616306304932e+00
-8.401333615183830261e+00
-8.384191542863845825e+00
-8.396154016256332397e+00
-8.439632177352905273e+00
-8.396319732069969177e+00
-8.422835215926170349e+00
-8.447524338960647583e+00
-8.410454615950584412e+00
-8.438749387860298157e+00
-8.443862050771713257e+00
-8.354032367467880249e+00
-8.404097095131874084e+00
-8.419202715158462524e+00
-8.439481377601623535e+00
-8.312752038240432739e+00
-8.440339803695678711e+00
-8.419571787118911743e+00
-8.415454745292663574e+00
-8.442683875560760498e+00
-8.387493968009948730e+00
-8.395956233143806458e+00
-8.444998994469642639e+00
-8.371569827198982239e+00
-8.430520117282867432e+00
-8.441573455929756165e+00
-8.307742178440093994e+00
-8.397400781512260437e+00
-8.443454086780548096e+00
-8.418395921587944031e+00
-8.443764820694923401e+00
-8.389553099870681763e+00
-8.433648407459259033e+00
-8.445196852087974548e+00
-8.348047822713851929e+00
-8.434361070394515991e+00
-8.440329283475875854e+00
-8.436743319034576416e+00
-8.344354838132858276e+00
-8.431909292936325073e+00
-8.420421943068504333e+00
-8.448394879698753357e+00
-8.446240857243537903e+00
-8.287063822150230408e+00
-8.393261715769767761e+00
-8.439559817314147949e+00
-8.442594498395919800e+00
-8.445807918906211853e+00
-8.435098350048065186e+00
-8.438025936484336853e+00
-8.444638133049011230e+00
-8.379164427518844604e+00
-8.413187220692634583e+00
-8.335537582635879517e+00
-8.444627851247787476e+00
-8.219237044453620911e+00
-8.439991623163223267e+00
-8.321248486638069153e+00
-8.425090909004211426e+00
-8.393879815936088562e+00
-8.410892605781555176e+00
-8.364476740360260010e+00
-8.392895966768264771e+00
-8.422266840934753418e+00
-8.439843222498893738e+00
-8.431029543280601501e+00
-8.403135702013969421e+00
-8.158989578485488892e+00
-8.426773250102996826e+00
-8.441205501556396484e+00
-8.392604649066925049e+00
-8.342996284365653992e+00
-8.436275005340576172e+00
-8.355617001652717590e+00
-8.396422147750854492e+00
-8.415444061160087585e+00
-8.422602787613868713e+00
-8.419276788830757141e+00
-8.421116188168525696e+00
-8.435664132237434387e+00
-8.390954688191413879e+00
-8.402880787849426270e+00
-8.443918183445930481e+00
-8.411024421453475952e+00
-8.413197457790374756e+00
-8.447843849658966064e+00
-8.407699391245841980e+00
-8.427909091114997864e+00
-8.394526869058609009e+00
-8.258648186922073364e+00
-8.403146415948867798e+00
-8.399489536881446838e+00
-8.438293680548667908e+00
-8.335686296224594116e+00
-8.368849515914916992e+00
-8.313119381666183472e+00
-8.425645098090171814e+00
-8.436563462018966675e+00
-8.399245291948318481e+00
-8.295136734843254089e+00
-8.407549604773521423e+00
-8.343951776623725891e+00
-8.398705169558525085e+00
-8.400417521595954895e+00
-8.134519755840301514e+00
-8.398342877626419067e+00
-8.440855205059051514e+00
-8.430206835269927979e+00
-8.411391898989677429e+00
-8.324188157916069031e+00
-8.419288754463195801e+00
-8.355207040905952454e+00
-8.415907219052314758e+00
-8.429793253540992737e+00
-8.394089803099632263e+00
-8.448577359318733215e+00
-8.445364236831665039e+00
-8.444702833890914917e+00
-8.433296754956245422e+00
-8.405589297413825989e+00
-8.435107588768005371e+00
-8.438195928931236267e+00
-8.435206934809684753e+00
-8.331386432051658630e+00
-8.432116672396659851e+00
-8.445179238915443420e+00
-8.442513629794120789e+00
-8.436728715896606445e+00
-8.408782079815864563e+00
-8.442641258239746094e+00
-8.391374871134757996e+00
-8.413800269365310669e+00
-8.446621596813201904e+00
-8.443704277276992798e+00
-8.439539492130279541e+00
-8.427325889468193054e+00
-8.432880267500877380e+00
-8.393741935491561890e+00
-8.432657063007354736e+00
-8.443976819515228271e+00
-8.378857940435409546e+00
-8.433106526732444763e+00
-8.397364631295204163e+00
-8.435321658849716187e+00
-8.447784051299095154e+00
-8.072985887527465820e+00
-8.440194517374038696e+00
-8.441456794738769531e+00
-8.447390988469123840e+00
-8.337236329913139343e+00
-8.434302777051925659e+00
-8.431743755936622620e+00
-8.358829468488693237e+00
-8.432339593768119812e+00
-8.305841296911239624e+00
-8.442385420203208923e+00
-8.424247309565544128e+00
-8.398600444197654724e+00
-8.349183544516563416e+00
-8.434093713760375977e+00
-8.306951299309730530e+00
-8.442617788910865784e+00
-8.423707261681556702e+00
-8.410860121250152588e+00
-8.409179002046585083e+00
-8.408176511526107788e+00
-8.416941344738006592e+00
-8.446992814540863037e+00
-8.441509172320365906e+00
-8.447314798831939697e+00
-8.393460288643836975e+00
-8.446743845939636230e+00
-8.405016154050827026e+00
-8.410434007644653320e+00
-8.424349442124366760e+00
-8.344832256436347961e+00
-8.445048972964286804e+00
-8.352242544293403625e+00
-8.433060660958290100e+00
-8.428026869893074036e+00
-8.366474166512489319e+00
-8.433147311210632324e+00
-8.271716237068176270e+00
-8.431152582168579102e+00
-8.443181857466697693e+00
-8.437872946262359619e+00
-8.401763692498207092e+00
-8.422389641404151917e+00
-8.416858106851577759e+00
-8.448426321148872375e+00
-8.408744350075721741e+00
-8.431853130459785461e+00
-8.446723550558090210e+00
-8.436153426766395569e+00
-8.410000368952751160e+00
-8.431272983551025391e+00
-8.436979159712791443e+00
-8.337245002388954163e+00
-8.399771496653556824e+00
-8.381973400712013245e+00
-8.445692107081413269e+00
-8.431448653340339661e+00
-8.432596996426582336e+00
-8.398973658680915833e+00
-8.447110116481781006e+00
-8.438887894153594971e+00
-8.442690178751945496e+00
-8.414721414446830750e+00
-8.396265536546707153e+00
-8.406696289777755737e+00
-8.385769918560981750e+00
-8.444530412554740906e+00
-8.411331474781036377e+00
-8.445428118109703064e+00
-8.445143148303031921e+00
-8.437952980399131775e+00
-8.428812518715858459e+00
-8.394210249185562134e+00
-8.437211140990257263e+00
-8.430357679724693298e+00
-8.421679586172103882e+00
-8.442336663603782654e+00
-8.430463269352912903e+00
-8.432177945971488953e+00
-8.438488572835922241e+00
-8.442919909954071045e+00
-8.418532058596611023e+00
-8.448761731386184692e+00
-8.446043699979782104e+00
-8.431620910763740540e+00
-8.401596397161483765e+00
-8.428149074316024780e+00
-8.444884777069091797e+00
-8.446998164057731628e+00
-8.317164599895477295e+00
-8.443429812788963318e+00
-8.398631244897842407e+00
-8.442732349038124084e+00
-8.442430093884468079e+00
-8.445661589503288269e+00
-8.305168583989143372e+00
-8.398863121867179871e+00
-8.404370337724685669e+00
-8.435581937432289124e+00
-8.430280864238739014e+00
-8.348831757903099060e+00
-8.436407282948493958e+00
-8.444869399070739746e+00
-8.446640476584434509e+00
-8.424244344234466553e+00
-8.345913887023925781e+00
-8.440311282873153687e+00
-8.414958119392395020e+00
-8.445932701230049133e+00
-8.425168842077255249e+00
-8.446908116340637207e+00
-8.443724527955055237e+00
-8.406034395098686218e+00
-8.438162028789520264e+00
-8.403829842805862427e+00
-8.445999354124069214e+00
-8.421488061547279358e+00
-8.443998441100120544e+00
-8.436136230826377869e+00
-8.424770489335060120e+00
-8.300058186054229736e+00
-8.395710304379463196e+00
-8.428057953715324402e+00
-8.432732462882995605e+00
-8.441638424992561340e+00
-8.401394858956336975e+00
-8.412460148334503174e+00
-8.444613918662071228e+00
-8.285455659031867981e+00
-8.345443561673164368e+00
-8.403834402561187744e+00
-8.438829377293586731e+00
-8.353269547224044800e+00
-8.418272405862808228e+00
-8.343687772750854492e+00
-8.424606576561927795e+00
-8.436193555593490601e+00
-8.194678619503974915e+00
-8.443127721548080444e+00
-8.428768083453178406e+00
-8.401604235172271729e+00
-8.446062922477722168e+00
-8.433293774724006653e+00
-8.409154206514358521e+00
-8.430758610367774963e+00
-8.429202631115913391e+00
-8.423719406127929688e+00
-8.448986530303955078e+00
-8.440248087048530579e+00
-8.442977219820022583e+00
-8.414532423019409180e+00
-8.413703769445419312e+00
-8.394388854503631592e+00
-8.413618192076683044e+00
-8.383347421884536743e+00
-8.445208922028541565e+00
-8.390742629766464233e+00
-8.402458146214485168e+00
-8.445390701293945312e+00
-8.344895020127296448e+00
-8.406887188553810120e+00
-8.359095081686973572e+00
-8.430623322725296021e+00
-8.436537057161331177e+00
-8.383285313844680786e+00
-8.436725735664367676e+00
-8.401511132717132568e+00
-8.349284350872039795e+00
-8.411135792732238770e+00
-8.427005708217620850e+00
-8.448060601949691772e+00
-8.440384045243263245e+00
-8.427390426397323608e+00
-8.383818328380584717e+00
-8.443266779184341431e+00
-8.433110043406486511e+00
-7.993185147643089294e+00
-8.434996724128723145e+00
-8.401807457208633423e+00
-8.340092360973358154e+00
-8.442868664860725403e+00
-8.330158561468124390e+00
-8.419466063380241394e+00
-8.363564833998680115e+00
-8.422856718301773071e+00
-8.405375644564628601e+00
-8.354966431856155396e+00
-8.390472546219825745e+00
-8.433704808354377747e+00
-8.427386969327926636e+00
-8.430253416299819946e+00
-8.437502816319465637e+00
-8.433292284607887268e+00
-8.411888346076011658e+00
-8.333591729402542114e+00
-8.394044578075408936e+00
-8.373586744070053101e+00
-8.404559955000877380e+00
-8.377514451742172241e+00
-8.345064356923103333e+00
-8.431803479790687561e+00
-8.411121457815170288e+00
-8.442208334803581238e+00
-8.387398868799209595e+00
-8.433148726820945740e+00
-8.445168942213058472e+00
-8.435494691133499146e+00
-8.444845750927925110e+00
-8.432713657617568970e+00
-8.446492686867713928e+00
-8.407300442457199097e+00
-8.407080680131912231e+00
-8.424922451376914978e+00
-8.297247938811779022e+00
-8.443539470434188843e+00
-8.339371293783187866e+00
-8.434028580784797668e+00
-8.428154706954956055e+00
-8.443286463618278503e+00
-8.425088211894035339e+00
-8.438847795128822327e+00
-8.410492345690727234e+00
-8.324773415923118591e+00
-8.424084395170211792e+00
-8.318232536315917969e+00
-8.440395951271057129e+00
-8.445638895034790039e+00
-8.446636229753494263e+00
-8.425826802849769592e+00
-8.391311675310134888e+00
-8.420734375715255737e+00
-8.401134759187698364e+00
-8.027893289923667908e+00
-8.445455133914947510e+00
-8.392188310623168945e+00
-8.409476935863494873e+00
-8.441818743944168091e+00
-8.418462023138999939e+00
-8.400235071778297424e+00
-8.397225633263587952e+00
-8.442443579435348511e+00
-8.430430918931961060e+00
-8.314812958240509033e+00
-8.442036479711532593e+00
-8.445117443799972534e+00
-8.351602897047996521e+00
-8.419541418552398682e+00
-8.282879531383514404e+00
-8.437776744365692139e+00
-8.430897071957588196e+00
-8.448662728071212769e+00
-8.442167803645133972e+00
-8.418318808078765869e+00
-8.419979289174079895e+00
-8.435333713889122009e+00
-8.431020483374595642e+00
-8.448008134961128235e+00
-8.365434914827346802e+00
-8.269919767975807190e+00
-8.352430075407028198e+00
-8.440865218639373779e+00
-8.387152850627899170e+00
-8.433508083224296570e+00
-8.393450602889060974e+00
-8.430491670966148376e+00
-8.369788959622383118e+00
-8.330264195799827576e+00
-8.432760685682296753e+00
-8.396299183368682861e+00
-8.418545037508010864e+00
-8.434236988425254822e+00
-8.446333035826683044e+00
-8.426615849137306213e+00
-8.394024118781089783e+00
-8.389669582247734070e+00
-8.399180546402931213e+00
-7.863925099372863770e+00
-8.422706037759780884e+00
-8.360534235835075378e+00
-8.400672793388366699e+00
-8.398951500654220581e+00
-8.362470835447311401e+00
-8.418445035815238953e+00
-8.437536567449569702e+00
-8.278501600027084351e+00
-8.397748798131942749e+00
-8.432282820343971252e+00
-8.442408457398414612e+00
-8.419070079922676086e+00
-8.429724872112274170e+00
-8.344422355294227600e+00
-8.445901677012443542e+00
-8.345792487263679504e+00
-8.390141904354095459e+00
-8.446437418460845947e+00
-8.446035057306289673e+00
-8.445424914360046387e+00
-8.409849107265472412e+00
-8.439138308167457581e+00
-8.411372572183609009e+00
-8.410654798150062561e+00
-8.410552471876144409e+00
-8.437861368060112000e+00
-8.427022978663444519e+00
-8.422171145677566528e+00
-8.445886850357055664e+00
-8.431808903813362122e+00
-8.437631770968437195e+00
-8.434326842427253723e+00
-8.436121776700019836e+00
-8.432462528347969055e+00
-8.390826538205146790e+00
-8.418892413377761841e+00
-8.435337632894515991e+00
-8.330203875899314880e+00
-8.288585960865020752e+00
-8.409288778901100159e+00
-8.412511199712753296e+00
-8.415098100900650024e+00
-8.312654867768287659e+00
-8.442098215222358704e+00
-8.404734328389167786e+00
-8.407152399420738220e+00
-8.439278081059455872e+00
-8.422893837094306946e+00
-8.333094984292984009e+00
-8.425772517919540405e+00
-8.431704938411712646e+00
-8.443925440311431885e+00
-8.447877362370491028e+00
-8.435986414551734924e+00
-8.406868904829025269e+00
-8.409193649888038635e+00
-8.369219407439231873e+00
-8.384809836745262146e+00
-8.428505748510360718e+00
-8.400562316179275513e+00
-8.444646582007408142e+00
-8.445198670029640198e+00
-8.443770170211791992e+00
-8.427974954247474670e+00
-8.371284425258636475e+00
-8.406232148408889771e+00
-8.433901786804199219e+00
-8.375133126974105835e+00
-8.406243875622749329e+00
-8.304868772625923157e+00
-8.444537699222564697e+00
-8.377495110034942627e+00
-8.440828040242195129e+00
-8.434294477105140686e+00
-8.440926030278205872e+00
-8.447058007121086121e+00
-8.435067683458328247e+00
-8.418165817856788635e+00
-8.407580956816673279e+00
-8.441276252269744873e+00
-8.353890001773834229e+00
-8.427185654640197754e+00
-8.411904841661453247e+00
-8.405524238944053650e+00
-8.423400804400444031e+00
-8.447987630963325500e+00
-8.421339288353919983e+00
-8.399464175105094910e+00
-8.447397872805595398e+00
-8.447169452905654907e+00
-8.112732112407684326e+00
-8.446011155843734741e+00
-8.429647117853164673e+00
-8.449138849973678589e+00
-8.434538960456848145e+00
-8.447203606367111206e+00
-8.383412539958953857e+00
-8.352436453104019165e+00
-8.417642116546630859e+00
-8.415196448564529419e+00
-8.410368949174880981e+00
-8.354942679405212402e+00
-8.430980220437049866e+00
-8.434161901473999023e+00
-8.421266421675682068e+00
-7.997888743877410889e+00
-8.446476355195045471e+00
-8.430745720863342285e+00
-8.432539403438568115e+00
-8.446519941091537476e+00
-8.445861071348190308e+00
-8.424246698617935181e+00
-8.438633561134338379e+00
-8.441683650016784668e+00
-8.440486952662467957e+00
-8.432841181755065918e+00
-8.433486595749855042e+00
-8.448740735650062561e+00
-8.440268710255622864e+00
-8.417452007532119751e+00
-8.444254264235496521e+00
-8.435883358120918274e+00
-8.441267058253288269e+00
-8.433957695960998535e+00
-8.424045160412788391e+00
-8.448510438203811646e+00
-8.428806945681571960e+00
-8.293033421039581299e+00
-8.439698621630668640e+00
-8.407763779163360596e+00
-8.422783330082893372e+00
-8.441487878561019897e+00
-8.306454867124557495e+00
-8.384510040283203125e+00
-8.447383850812911987e+00
-8.437162429094314575e+00
-8.446324080228805542e+00
-8.448545157909393311e+00
-8.417651936411857605e+00
-8.431789830327033997e+00
-8.444629952311515808e+00
-8.408622175455093384e+00
-8.431239649653434753e+00
-8.308609783649444580e+00
-8.332098126411437988e+00
-8.446208789944648743e+00
-8.447227299213409424e+00
-8.426967412233352661e+00
-8.209701091051101685e+00
-8.431140214204788208e+00
-8.446157157421112061e+00
-8.448644474148750305e+00
-8.420429944992065430e+00
-8.417135983705520630e+00
-8.446035429835319519e+00
-8.430640712380409241e+00
-8.446819022297859192e+00
-8.436184704303741455e+00
-8.324862837791442871e+00
-8.436941578984260559e+00
-8.416592359542846680e+00
-8.416508570313453674e+00
-8.413724496960639954e+00
-8.412873506546020508e+00
-8.435069903731346130e+00
-8.443026557564735413e+00
-8.439227357506752014e+00
-8.279534667730331421e+00
-8.434498831629753113e+00
-8.399653822183609009e+00
-8.432033121585845947e+00
-8.420650616288185120e+00
-8.391466125845909119e+00
-8.438303813338279724e+00
-8.296049535274505615e+00
-8.441019400954246521e+00
-8.429170921444892883e+00
-8.411094084382057190e+00
-8.446656137704849243e+00
-8.424572125077247620e+00
-8.265672415494918823e+00
-8.426538005471229553e+00
-8.441284954547882080e+00
