5.674564778291133926e+00 3.219215677528561415e+00 5.922016187270095600e+00
9.836320274052601231e-01 5.280257557928409895e+00 1.466112165700480752e+00
2.790899210236043704e+00 5.170252372959021514e+00 2.192644387914078230e+00
3.088753187999285110e+00 5.353592177466246937e+00 1.856289630530050028e+00
3.020223324587007485e-01 2.780491087956595830e+00 3.101154268554905613e+00
5.506010633315225000e+00 5.447955955623961621e+00 6.378323503386306159e-01
5.129923270472657171e-01 5.072657950604979149e+00 1.738589800771472182e+00
1.658179656045963624e+00 6.726119275732075353e-01 1.647682225353174434e+00
5.800809352391129714e+00 3.772473801514575342e+00 5.906022534578493577e+00
4.442725558974971456e+00 4.016031485795073408e+00 4.677074784540521613e+00
3.357028101451287050e+00 1.369064995470867796e+00 5.562242931800627233e+00
1.245928238786575770e+00 3.833517198162674333e+00 5.481251970532061257e+00
8.700923243929253870e-01 4.670131950281832367e+00 8.106579385945581473e-01
5.552248540204660188e+00 2.850528290818831856e+00 4.904690623436509078e+00
1.829939789991742005e+00 2.052135126330844717e+00 4.553167790316224595e-02
4.989582194118305836e+00 5.583525408004729407e+00 2.911786659859755488e+00
1.296939301019736757e+00 3.451775400340024280e+00 5.788013195836227531e+00
4.749776507715780305e+00 5.090962332807391633e+00 1.263766474604949286e+00
1.750981630863179150e+00 3.392727412347111393e+00 5.999860321607516589e+00
3.525297147345764603e+00 3.841122069006637219e+00 2.293738467355133537e+00
2.088288670560519422e-01 1.242919490209832611e+00 1.986629625101072882e+00
6.066710657416193087e+00 6.227259502902519728e+00 3.539788223250754040e+00
2.171149868379312231e+00 3.954605065671124908e+00 4.387917668722506326e-01
5.066720183230799535e-01 2.888220365163071124e-01 3.993202563799465477e+00
6.079435519117570408e+00 1.590297357586220706e+00 3.269138250014396174e-01
3.098682131160263253e+00 5.686243047804415696e+00 3.302567275329526097e+00
4.925019922465667221e+00 3.392995801562749936e+00 5.761482524357704804e+00
3.283517036192371119e+00 2.035107489315302401e-02 2.234370965302115764e+00
3.664655696666045070e+00 5.660285827102301326e+00 3.699498797711406439e+00
4.954715416409116280e+00 3.052703779564033049e+00 3.983372657327941102e+00
3.047365453047194528e+00 2.294503711209146868e+00 5.344363694613649685e+00
7.154619495090063230e-01 9.459699594979413817e-01 4.143341931983382409e+00
2.331415638111207667e+00 4.007886987514521770e+00 2.444147365573399178e+00
3.554138929854932183e+00 4.381394836983121266e+00 2.390553634539486882e+00
3.165239257048380495e+00 3.764833051005715525e+00 3.343709036574897819e+00
4.382632043376129438e+00 2.892116075751600679e+00 8.813793655722560461e-01
1.473573294764372932e+00 6.249945192736574562e+00 1.549795698233528141e+00
2.404806009322844051e+00 4.604194782170322742e-01 2.888788406383999696e+00
6.126743697515265374e+00 8.628230805718096752e-01 3.572770563844355873e+00
3.450747544928848054e+00 1.703778984970518939e+00 2.577476815986167846e+00
2.791383868962910686e+00 3.507824263393654718e+00 7.608278357174543816e-01
4.533127640327729857e+00 1.737293841460482824e+00 2.972193893710523227e+00
5.935676161080354341e+00 1.138879848061572719e+00 2.203489107457442309e+00
6.273954183272707930e+00 3.667738706830508288e+00 1.059039100185692250e+00
5.737188270163263937e+00 1.098605495663329545e+00 2.015557913657774147e+00
4.852499934750290400e+00 3.999006956040005445e+00 5.424948287435711336e+00
3.696652171533439724e+00 5.145387544006348790e+00 3.359513250663202832e+00
4.798498220209906684e+00 3.595258528107797336e+00 1.199917300622360461e+00
6.151747917874595295e+00 1.496356103220214617e+00 5.062781384629338355e+00
2.516149771692389958e+00 6.720020931706350842e-01 2.185399768678884413e+00
8.200132705020183321e-01 6.129183054178283463e+00 5.560839650552653168e+00
4.295120151552597854e+00 2.630125947026299649e+00 1.091093874521796181e+00
4.961677582449202539e+00 2.012476459297481313e+00 3.010275882306016282e+00
1.815104290049242453e+00 1.027127206592991504e+00 5.919555956088750293e+00
2.398556110896229221e+00 5.512145475807347594e+00 4.623371909175260086e+00
4.441333505513716418e+00 4.999866981862319371e+00 1.105012000127840732e+00
1.395612096147048065e-01 2.158410600139259727e-01 8.029842566852756214e-01
4.711262772731542037e-02 1.701334646477714596e+00 3.265855280717623987e+00
3.606980689902870019e+00 3.868675764682238505e+00 4.059547473119892835e+00
4.085824631765364146e+00 1.761308041207956920e+00 3.403396279680388048e+00
6.199508682675590521e+00 2.378779693269053030e-01 1.999026730281880715e+00
3.432781312864744971e-01 1.997072664350397098e+00 1.905554820405436667e+00
3.386632243717909940e+00 6.177310333555628752e+00 1.694070281184945292e+00
5.624749269603992907e+00 3.916336378594886369e+00 9.368703775774399611e-01
4.773965742970059267e+00 2.408951812037094964e+00 5.673297694730329965e+00
3.514846597620756796e+00 4.936239501315679234e+00 5.741862622928680437e+00
1.866315031873286845e+00 3.466349979537052484e+00 1.127219443551222833e+00
5.356698156150152990e+00 2.324079509534251020e+00 2.905725239492364054e+00
8.440821044078743451e-01 4.051703729611309868e+00 4.339020994136404408e-01
2.536875506549663983e-01 2.761377308123191820e-01 1.072227297655202305e+00
4.671231725864749551e-01 7.415735586153338055e-01 9.143475954114083093e-01
5.415333020526274410e+00 2.465438297511072463e+00 4.840508366239449245e+00
6.169203759579100499e+00 2.890954998062372994e+00 3.092567198413705309e+00
3.756606499339117722e+00 5.186474545951796911e-01 1.023045290989398781e+00
6.155619856286532326e-02 5.579235398041682892e+00 6.099019321486354173e+00
3.017638350126067515e+00 2.484091176133509826e+00 8.036915615246421618e-01
2.929533906751872419e+00 9.333767749031894878e-01 1.965511233810460556e+00
3.663719802664439307e+00 4.540329658371921262e+00 3.861622497559253908e+00
6.666606000521670961e-01 5.602664091998845741e+00 1.021581471132006813e+00
4.909651286864874287e+00 8.360183702866842426e-01 4.853494420345156324e-01
4.326690177909488177e+00 6.060743108302308002e+00 5.139513378646501707e+00
1.635924565516454265e+00 4.956066575914871430e-01 3.861394079776815147e+00
5.357854957650756589e+00 1.997235089022858068e+00 1.844012304116136924e+00
5.264938670487200767e+00 1.473019476341929090e-01 4.573573731969625911e+00
4.814119102391267724e+00 6.104529674455222654e+00 5.923985992463227213e+00
4.986196106606076484e+00 1.909334464197507408e+00 3.687106104823850483e+00
5.656869090727469462e+00 4.087161806916742357e+00 1.643208098659431959e+00
3.874387987163958602e+00 5.712194721482331872e+00 5.744803620751029349e+00
6.119878963021436746e+00 5.114081568369013731e+00 4.955026866550650277e-01
2.761316444176479479e+00 5.804050025194534612e+00 2.254787799987253205e+00
1.421127174395758308e+00 5.223577256127046375e+00 5.905046657230493601e+00
3.895657785174882370e+00 4.977782460126221942e+00 5.404724085649375453e+00
3.523462499249437663e+00 6.572267005669647499e-01 8.383601810957136413e-01
3.370571866835741393e+00 3.343168030590843998e+00 2.753137659103528811e+00
5.245140476714195366e+00 2.379953176302060935e+00 2.778966781115892459e+00
4.429254264389666851e+00 5.709074087821756072e-01 2.126144793044969727e+00
9.069545500081822587e-01 2.144163457746289581e+00 3.647783681684936941e+00
4.584159433550355267e+00 4.153691416271845682e+00 4.188738560322300408e+00
5.229999130569706445e+00 4.752685649381783506e+00 5.519600516213466257e+00
6.084231229202415880e-01 9.967573015926058100e-02 5.640334167189504200e+00
2.001459415292462740e+00 1.921480665353803019e+00 3.334392177340504304e+00
4.032452824806866509e+00 4.187552816395531785e+00 5.260669787428356337e+00
4.237829851147647986e+00 8.391401578846621190e-01 2.360134570074399196e+00
3.474927971037133023e+00 5.952380702960950565e+00 2.076985933946628116e+00
1.997499943148204338e+00 3.604452920164537666e+00 4.205691075242256716e+00
1.261654482200997185e+00 5.323233952741000863e+00 6.207650568379656786e-01
5.119513394439162646e+00 5.743030503933056252e+00 6.723614503963741829e-01
1.108362143661429711e+00 1.639105710698614882e+00 1.573226565927167697e-01
1.511234005566375105e+00 4.334833983991033257e+00 5.928019204067932257e+00
5.768302999738706305e+00 2.286516621213781963e+00 1.877794866642334970e+00
4.599879944373273410e+00 3.518476978542826483e+00 6.167148199371517592e+00
5.043433863051020261e+00 3.087060646338057879e+00 3.838119241004589455e+00
2.017393087724024259e+00 6.114567479636781044e+00 6.369409935714893667e-01
2.783543029523013246e+00 2.296015409901418280e+00 4.320011965193795156e+00
4.725601936109498524e+00 4.493233754567443228e+00 5.324431687037728622e+00
4.846231387471839902e+00 5.438003336056615566e+00 5.566820714951161264e+00
4.789360754452073543e+00 4.244596795863646577e+00 3.244052561893674191e+00
5.828457257352040344e+00 4.035520990144001452e+00 1.034643495277624226e+00
2.125520426699136323e+00 2.288846947030219514e+00 5.848045429798339967e+00
1.318763104480779935e+00 5.167668313574409034e+00 3.721201118768738603e+00
7.064459439836170418e-01 4.738806814816538981e+00 5.933628367882197274e+00
4.679881919572369320e+00 1.559821939837584992e+00 3.132280655144070725e+00
2.570432198081589181e+00 3.978723783036679507e+00 2.232401476076300906e+00
4.712772051275980978e+00 2.267912520451804692e+00 4.767458991339911023e+00
1.278762146446620118e+00 1.550463628925639048e+00 4.790416485118667467e+00
8.702014787303287147e-01 6.258997251786652116e-01 2.111666136644281710e+00
1.679241810644062971e+00 3.757439925903259148e+00 1.755470960272713876e+00
6.029408819360606575e-01 2.647588265748469727e+00 5.176387867804414178e+00
3.128131297276882883e+00 4.769144547827248282e+00 4.506817455114410009e+00
1.957278551899109820e+00 2.110265719059523537e+00 2.938167770220612152e+00
2.953278667916814815e+00 4.269467972486403085e+00 5.560192495803085500e+00
6.087443297786001573e+00 4.144291036914399484e+00 5.161405124844256953e+00
2.943470578251861536e+00 1.614129615205835311e+00 1.455804376920279086e+00
1.971571768725850493e+00 6.381944393709609864e-01 3.141597751045356990e+00
3.847735670525278984e+00 4.761157246610303595e+00 1.696292736814637658e+00
1.265743297104845233e+00 5.073717873469585804e+00 1.169260511932186608e+00
3.442195044403786763e+00 3.172588304503151768e+00 3.144532883405205315e+00
5.665913935036982485e-01 1.242789891216993459e+00 2.661836877669635282e+00
1.281572125948815977e+00 5.112335717372118893e+00 4.213109829707977205e+00
5.093997694956303945e+00 2.463533800085915715e+00 1.122810197133915056e+00
4.011416532582074090e+00 6.167723947900871195e+00 6.282450156243779560e+00
6.501239039915868156e-02 2.691794308491576082e+00 2.886505307002412923e+00
4.572288584264040168e+00 1.467956880325206104e+00 3.480498102133959826e+00
4.202517362955485503e+00 4.686354309780034200e+00 3.676534674774106115e+00
5.575867932227848378e+00 1.786325012201631868e+00 1.285428281074622259e+00
2.692233858592866902e+00 4.277999070735543086e+00 1.990421928363939275e+00
4.855943162317576167e+00 3.606373076888246487e+00 2.048259772282007507e+00
3.507132132660589763e-01 8.779407593926820130e-01 3.530463899922320348e+00
1.695117599643030104e+00 2.857581567557090363e+00 2.510960943967316616e+00
2.145146227271548689e+00 3.935697600627659831e+00 8.676470178738523442e-01
4.611928997109804307e+00 8.301362133224674533e-01 2.774365169013036869e+00
9.994711498895424845e-03 5.191908915566130212e+00 3.959451056467690577e+00
5.317625891473336530e+00 1.107897350674024173e+00 2.777769611832768604e+00
1.600806405695388845e-02 2.900261217136204106e+00 5.202760192703235198e+00
3.346649718728010314e-01 3.424635846989265708e+00 1.494024098045871440e+00
3.485012833455246817e+00 8.391730586175615292e-01 1.794080062315083768e-01
1.772041956207931257e+00 3.165713692000820867e+00 5.896294981617799635e+00
1.383710638530959679e-02 2.966177104950714405e+00 4.107901695783029439e+00
1.293191813827028191e+00 4.615132659438394014e-01 1.602116776752630090e+00
4.510605841087564905e+00 4.488095853505479127e+00 5.580812070734689989e+00
2.502211566741171733e+00 3.663876541706349244e+00 3.118587497433313871e+00
5.401175040847607356e+00 2.595590416209259121e+00 4.726315293139780493e+00
2.907655405726047526e+00 2.730276939366454769e+00 4.628561166404448812e+00
3.141621891522016874e+00 5.312206209133771395e+00 4.355606380778598741e+00
3.031397746232451951e+00 5.956921389642255704e+00 7.235297940046152287e-02
8.295653319635023504e-01 5.621485344317362909e+00 1.318699301821509628e+00
4.812840157138247754e+00 3.322160607327836690e+00 4.754149605019456715e+00
5.105686955723216514e+00 4.286006719890410821e+00 2.250429933140325911e+00
2.470081751782618462e-01 4.484349884491365401e+00 4.843953129945013814e+00
1.356561390827371039e+00 4.175359227437872356e+00 3.721731098500420831e+00
6.090397815678869620e+00 7.791384424874052694e-01 4.430240952196344395e+00
2.551077630653138861e+00 1.879442799324548385e+00 4.706533031692217151e+00
3.640391228159755244e+00 1.480770995713231786e+00 5.259205864094270488e+00
4.174552353314314068e+00 3.084965210380910428e+00 9.856613980125823460e-01
2.103050105507341172e+00 3.257996919749921449e+00 4.277384799869237142e+00
2.551846905787325426e+00 2.945202677486931986e+00 1.052709384436125939e+00
5.383550563905104003e-01 2.658875542697450634e+00 2.696960267195496641e+00
3.083488243496907977e+00 3.581369057350623830e+00 3.412364284947833060e+00
1.598361671617722912e+00 1.336719758898100130e+00 4.375120424367208827e+00
4.610663375425970933e+00 5.732670774364977184e+00 9.609839627754661606e-01
4.228101402397871134e+00 3.430035879478534611e+00 4.076146701486724311e+00
1.129848138115666867e+00 7.262322480731614460e-01 1.593604517989875458e+00
4.799112844515907916e+00 2.610854065590751727e+00 2.083810947697390947e-01
3.570885926810694500e+00 2.146630696196675903e+00 5.515782554383797276e+00
2.553991100620105925e+00 1.410736368032548871e+00 5.215116857289366692e+00
5.586703820286516908e+00 5.739408752976771666e+00 2.243748920835206828e+00
1.165152846364681860e+00 2.791508971881816237e+00 3.399308259843261126e+00
7.982932469238452899e-01 2.244083188850013677e+00 3.776098764396216723e+00
1.180062014268366877e+00 2.694202319679193991e+00 5.681470655922857382e+00
5.677770655113088871e+00 6.270585912662265393e+00 2.573882585808396684e+00
1.630913923082075279e+00 4.355183481638047027e+00 1.197628066815765502e+00
2.567708686048364886e+00 2.692780655926604094e+00 4.350702630842349095e+00
5.202951805202459923e+00 3.328820583667084776e+00 4.789483193820752049e+00
5.252590312449334498e+00 9.979195701061710500e-01 5.501324141255428124e+00
5.882979753224988784e+00 4.300694931805249865e+00 5.155151608517682948e-01
3.620316010698885201e+00 3.554717743652929141e+00 4.032773655907190502e+00
4.822008568961131836e+00 3.060334105094184132e+00 8.789004685041225118e-01
1.931103599840473750e+00 4.599677147402312372e+00 1.248327324946442607e+00
4.178595182101820349e+00 2.764495507217856307e+00 4.584222467648104704e+00
2.673989881847446348e+00 5.504716315707723906e-01 3.851840774601726469e+00
5.657606359247577821e+00 5.498848989237851370e+00 5.555715243755589006e-01
5.594755593462093834e+00 4.987204519567631777e+00 3.693245675270603323e-01
3.993584632933537826e+00 2.415160163505758462e+00 4.475060318568876205e+00
6.242634558307163850e+00 9.499886605126868222e-01 3.892123528840795821e+00
3.336105676312882462e+00 4.315944570781817369e+00 1.012888646879534393e+00
5.098892252012121595e+00 1.946705136077123699e-01 2.702094788208447285e-01
3.337978256068801830e+00 5.822930462030385668e-01 1.784367209918830133e+00
2.278929430637353537e+00 2.757204432523974735e-01 4.990267935307280744e+00
4.387033313903752507e+00 2.238705691824942612e+00 4.608884113228213231e+00
4.217920048793850185e+00 1.321785676703162576e-02 1.334466917469178782e+00
7.548977019679807832e-01 2.584979165881068131e+00 4.734376854288826486e+00
2.425934280666917520e+00 7.121673603554944387e-01 3.353856446754544418e+00
2.051547135280634482e+00 3.605377902448790195e+00 2.960828005156960874e+00
1.752375997635338578e+00 3.532843527271285033e+00 1.515479370209527943e+00
5.378812323625745684e+00 1.226788680598574377e+00 2.796033275043716682e+00
4.062592126953221694e+00 5.151969586754166386e+00 3.549720527922307856e+00
3.891016473475169768e+00 3.384454334058760505e+00 2.924395168097987163e+00
4.940324146593734866e+00 3.047491543669744285e+00 4.105818098611867306e+00
3.340759929661924144e+00 3.974595061366879456e+00 5.517077279774067478e+00
5.345323867064369239e+00 5.862714841716318404e+00 3.769901199945676407e+00
3.086943451857146137e+00 1.382989416774813352e+00 4.830410768656596687e+00
4.128816860682360534e+00 2.084358751472892568e-01 9.547908042295306652e-01
5.068055261899526265e+00 5.061475654028109616e+00 2.984915185883270539e+00
2.100651694343863340e+00 3.679219156516858824e+00 1.472915073243737494e+00
8.536937098390979806e-01 3.521954686133937251e+00 5.276525264799669657e+00
4.687254231208297206e+00 5.405080722863606191e+00 5.546709360856922011e+00
3.564922988480868860e+00 3.379011724499545899e+00 1.295841475758377159e+00
5.761619298362889552e+00 3.029096475629627694e+00 3.086522345134953937e+00
3.495831020685984836e+00 5.074353010410174392e+00 2.803019277360399020e+00
2.292399937990199810e+00 2.988658316167022821e+00 5.035911968079565426e+00
2.363072340673234351e+00 4.190920037416915100e+00 4.304254574577392134e+00
4.920189639677871263e+00 5.615359715438937194e+00 3.183577643401139134e+00
2.922462699688225918e+00 5.448274492294906679e+00 5.168756965161712458e+00
1.680617810876035678e+00 9.026182725463397505e-01 5.138331621931475190e+00
6.114223322965107954e+00 5.647564055626864699e-01 2.309998206075233540e+00
1.319587462086014185e+00 4.356290498889558993e-01 4.671003911486693916e+00
6.221403627475847742e+00 4.540219713887708508e+00 7.256839620838105853e-01
1.017205587604479433e+00 4.534111971690746756e+00 6.056868445955372771e+00
1.158888307626473102e+00 5.831868100390541265e+00 5.062846131614115563e+00
3.280409325928014930e+00 2.114828227210060252e+00 3.387850737374527021e+00
3.102219957952232932e+00 1.924824036681615391e+00 3.799882117482566102e+00
3.805235892397166531e+00 1.665398171876449007e+00 2.793039378139554163e+00
4.270230936681696510e-01 3.035671354610531836e+00 3.398907411972145187e+00
2.898197410439802280e+00 6.000993152037723988e+00 6.431136054330490737e-01
3.149551897087305985e+00 4.157321078877208365e+00 1.004546236946981086e+00
2.495222772072199557e+00 2.907173803347278263e+00 3.864484416716039927e+00
9.802431535197463075e-03 2.827918362764779481e+00 4.979479995617081656e+00
3.913044611803220274e+00 5.447950370770279882e+00 4.691662054983869012e+00
3.957537269230164689e+00 1.201431442832679553e+00 6.027463314545070006e+00
5.730597443880274255e+00 1.836976277113937739e+00 7.256479799507490336e-01
6.054927990743825816e+00 2.381025761458873902e+00 5.077611225116520188e+00
8.945022858250979425e-01 6.023896390826346092e+00 5.156595663232396376e+00
2.762670474789296282e+00 4.756801702916193975e+00 4.557072229122208995e+00
4.060501823104003982e+00 3.082233760449889282e+00 2.593504155576412895e+00
4.927311907968598526e+00 3.467843461465071719e+00 4.144211956952103537e-01
3.053000989954681166e-01 4.547315971382702493e+00 1.262919616778172882e+00
1.166595423961449773e+00 5.885116139710024008e+00 2.479017663520630244e+00
2.649558235581594978e+00 5.415229199989417097e+00 4.243961327083632717e+00
5.228444419608186067e+00 3.669254364971176852e+00 6.167941342588973086e+00
3.213536931980982114e+00 4.140469182586283381e+00 6.005053758635278349e+00
1.598763577195471797e+00 1.885230026888820021e+00 2.520321842266284307e+00
1.987131184208378754e+00 5.920419379955923489e+00 2.171776193949267242e+00
4.264586412593189380e+00 1.275788575380361722e+00 1.840405047181744580e+00
6.129271817734863070e+00 3.415263951265922193e-01 1.055921611461808185e+00
3.162742082267052002e+00 2.000996023430464121e-01 2.710885565162134636e+00
4.134297620619413749e+00 2.643620354948852391e-01 1.710030421895566199e+00
8.466209915872356662e-02 8.495450792405778717e-01 4.330901679691008255e-01
4.327260861082528720e+00 4.866944034252060902e+00 2.406672334454878215e-01
1.319532769610204381e-01 5.362331260960656820e+00 4.754893466825109272e+00
3.186443958063960302e+00 2.583922459586000642e+00 1.172188689991031207e+00
5.720601685276262977e-02 4.309679738676784666e+00 5.221589807537356798e+00
5.056433907766432867e+00 3.634144719451450012e+00 5.677738602583667138e+00
4.657811689221586171e+00 4.471479660298877334e+00 1.768629289146693262e+00
7.902906876133797276e-01 6.225981966541818124e+00 5.331585942257963673e+00
2.038642265721847480e+00 4.512950999365082927e-01 3.698840964234111794e+00
3.237904475885656108e+00 8.217844557349504031e-01 3.349322119897158334e+00
1.606131104902655815e-01 2.910988029041791325e+00 6.142190220970599412e+00
2.406213045612805246e+00 2.541673378544336170e+00 2.301167931865233829e+00
3.592285201007949347e+00 4.018860040586966775e+00 5.556776144659319350e+00
2.526856420521852442e+00 5.850202822577193373e+00 3.100542740545379150e+00
7.824141242027891074e-01 5.283568183706881527e+00 1.209204183299730007e+00
2.854402866086460211e+00 5.583446858368775523e+00 4.058974459793311951e+00
1.894627458047840607e+00 1.613889139625187263e-01 2.574478513330589191e+00
4.409548287137717182e+00 6.310307256333242965e-01 2.953707697633856100e+00
3.089789182592335592e+00 1.255878923018467264e+00 3.388599312250692996e+00
5.724393878693155857e-01 3.507340628780487357e+00 6.599160381098170269e-01
3.900271893902071074e+00 1.062727073426108504e+00 5.966189667795419815e+00
3.236612707016265134e+00 1.713267271989336704e+00 9.289260030714331651e-02
6.032848526798709976e+00 5.942111868155885546e+00 1.588819360541637415e+00
1.692328706634214530e+00 1.160103163352538047e+00 2.380777806987509349e-01
1.779911602566803808e+00 2.207530224917686912e+00 1.232922332134315457e+00
2.554136105671673374e+00 1.076037158553770912e+00 4.193417027715881318e+00
1.343475360767905968e+00 4.440948334908791928e+00 4.147569603213265843e+00
5.401824516856771119e+00 5.253533180620991949e+00 4.910300008130997540e+00
3.834219800891945251e+00 5.066793090334623662e-01 3.358158895070226801e+00
4.986767080986286516e+00 2.013774469149410162e+00 1.995751126050814728e+00
4.483731747462642581e+00 8.661396309880718958e-01 3.870111067477889577e+00
2.281401363157088191e+00 1.966958851594919455e+00 1.697298352237239571e+00
2.242823837091567907e-01 6.050047329724784761e-01 1.065551218527254873e+00
3.968180586076681671e+00 5.813186418351975249e+00 3.926128095321614442e+00
2.530802795593535048e+00 6.151946227884103280e+00 6.241226758349751158e+00
2.547504087417581164e+00 5.567117942793289309e+00 7.241988347424560546e-01
5.163974146252733988e+00 9.440893358785845679e-01 4.138830387272974809e-01
4.836316206173069787e+00 1.396579800517806058e+00 4.041554876789952289e+00
3.567701145738450208e+00 8.448038757194996640e-01 5.402717724851949122e+00
8.852654172304395830e-02 2.401026614190798547e+00 6.453020536795427420e-01
5.314306232138161334e+00 3.362018643264776951e+00 8.930306239158011250e-01
4.469401771989791605e+00 4.001406175567737478e+00 1.552223021150879401e+00
9.052768314681455264e-01 3.751974548741125126e+00 5.023191303713562483e+00
1.533467165740929117e+00 1.396171425414851397e+00 3.581009989895872270e+00
1.258920772826120915e+00 4.352344455484658425e+00 3.586921380986846319e+00
5.985376389439252875e+00 2.814069910419429443e-01 7.335568070377875838e-01
1.071993607259639880e+00 3.434111121266435696e+00 8.826224749987571228e-01
5.765185501591899353e+00 3.924428781659874854e+00 5.972825964189957482e+00
2.915248099819744976e-01 1.739662603030604604e+00 1.344201482136762493e+00
3.583537471947997322e+00 1.861579231536715673e+00 4.583771520635501417e+00
5.207102859376581350e+00 3.582333648046657881e+00 4.169613934183736603e+00
4.496196970994636999e+00 2.817242237283515749e+00 2.257919711502352822e+00
5.759564457047394725e+00 1.635816323979842446e+00 1.274428117656140724e+00
4.942276623660129431e+00 3.169365897400713283e-01 2.958049120130050280e+00
4.904565330309565319e+00 5.764915592144187251e+00 2.409940645502003598e+00
4.653059047087340083e+00 6.610203780223439241e-01 5.218357548456419970e+00
2.984063739727663034e+00 3.493017265938182181e+00 3.499210052757192102e+00
6.226141780038878082e+00 6.758963895418352852e-01 4.120795115668561159e+00
5.811269615523408483e+00 1.081592684152509642e+00 3.760772481000555167e+00
2.708910939022914910e+00 5.485221939318534190e+00 3.698931247939911238e+00
5.938507347251642088e+00 2.320694971386198624e+00 1.683008551491879334e+00
6.095606022973017346e+00 4.132703193396061181e+00 5.944219882273981348e+00
4.775539803802371530e+00 4.633069381591204738e+00 5.249131645413798175e+00
2.084206399608335758e+00 1.612387323244286019e+00 4.708368821009257132e+00
5.386115270932106291e+00 6.588991832683728234e-01 5.358377498267796746e+00
4.872958743989209474e+00 4.435814985480699413e+00 3.344362869411557249e+00
2.382658841694928586e+00 3.213562648677954492e+00 5.370319563504042826e+00
4.323374903138962111e+00 6.001241273746532379e+00 8.600563956499522877e-01
2.502938104710522360e+00 5.337765124294906904e+00 1.197741997780016054e-01
3.438672056378649700e+00 2.151515278646075391e+00 5.519602931544137725e+00
2.556743487686517824e+00 9.855673361771131180e-01 3.443235697506534354e+00
2.680518992860777772e+00 1.920911298101208198e+00 6.885174964410499809e-01
4.893753812857990049e+00 4.039584897294971277e+00 2.693767192309817649e+00
5.142200637667420082e+00 5.575747751646473738e-01 2.566198513872935738e+00
1.925668502212388944e+00 3.447860045329703915e+00 1.334026921582235570e+00
2.934196407427819064e+00 3.422967441631639574e+00 3.938695642742377157e+00
5.278542175893053745e+00 4.027118467468496554e+00 2.642334957737009660e+00
5.718346082815497944e+00 1.649630381248039734e+00 4.269046018060912218e+00
9.621161933185987669e-01 2.976375205367886689e+00 4.757344947928924261e-01
2.371356986783183629e+00 4.573577857586250239e+00 3.410183202409398540e+00
2.473779651580105376e+00 2.106849347485725055e+00 2.174914052229446337e+00
4.122901142713886635e+00 5.730059499614388763e+00 4.469817977063182290e+00
1.047239221070951354e+00 5.641683245619208087e+00 4.008687426009548638e+00
2.245938757447216716e+00 2.899188394730993767e+00 1.112603777152247453e+00
5.396344495532452434e+00 3.402451249535073940e-01 3.536238607876488693e+00
1.796612972419272758e+00 7.684945650285897323e-02 4.616620132552399447e+00
3.747142654305234410e-01 5.551460003401127885e+00 4.150348678042132811e+00
1.899957970596076962e+00 3.540547940590760945e+00 2.897502271274954744e+00
2.141852375100374295e-01 5.796267162121676364e+00 5.800770486539535753e+00
2.651599360731030641e-01 1.457032180509693076e+00 1.800405864726536409e+00
4.536375016960747963e+00 4.481498229698099856e+00 7.322095475580346902e-01
4.726229355166328361e+00 1.552784887601935004e+00 5.942261042963965068e+00
1.721428085976310085e-01 9.972086715773340049e-02 4.190522637363899849e-01
5.732595815988811516e+00 5.707643225498538975e+00 5.926208224530477686e+00
1.484012410689203643e+00 2.397733029048628450e-01 5.399341769950720682e+00
7.107312206528197951e-01 3.242054198879925631e-01 3.380459741362435988e+00
1.844832701278715792e+00 2.731284523088680860e+00 7.659717134517021186e-01
4.390119310826779420e-01 3.468418420240548805e+00 5.472618791786021397e+00
1.462828190173834031e+00 4.212010496788329839e+00 3.707894724482495352e+00
1.295097447781440758e+00 9.721138501216134431e-01 4.854300094727769910e+00
4.043278720824606154e+00 5.942248057532864003e-01 5.550788826025648603e+00
1.748734967049991207e+00 5.888486636640993588e+00 3.244882860211664166e+00
1.167466459485797303e+00 6.176068156767261286e+00 3.788760520127932629e+00
3.327150135457956459e+00 5.943194573999017294e+00 3.884042070112488254e+00
5.300599812994104987e+00 1.385933642725691417e+00 3.466843877164496490e+00
6.116342325950753001e+00 3.251661393290571134e+00 5.801478317213176972e+00
4.948896752525733689e+00 9.499518662143855430e-01 5.233565738166847225e+00
1.049884089606930360e+00 6.181464780877217180e+00 4.463903539322676473e+00
5.973661931986104179e+00 3.653879474399149174e+00 6.102092464502939073e+00
3.084032113989495283e+00 4.561280191633468872e-01 4.636755749584263064e+00
1.445790864569790779e+00 5.764498536770606307e+00 2.147377077101586984e+00
6.272288968809869303e+00 4.196149974974737518e+00 1.073712451954577096e+00
2.163374892788550330e+00 5.168787097989938850e+00 1.941812767183736799e-01
1.619801242088280357e+00 4.565149413391535127e+00 1.698135895986017996e+00
3.979286163446530189e+00 3.025042132116003035e+00 8.338764088451742218e-01
2.659585192117305930e+00 2.728562534508526927e+00 4.149374478259981736e+00
3.044757842233781098e+00 1.060175033544443091e+00 2.130611506006162281e-01
5.455691430763729421e+00 4.970865296687602131e-01 6.904745759248290815e-01
5.970313957288855278e+00 6.021877862905777867e+00 5.392367380810193289e+00
2.446174448966119019e+00 2.346038374340991162e+00 3.794075179632072192e+00
2.570788234260731553e+00 4.521109699365999823e+00 1.865010903428635292e+00
1.216825215199935695e+00 5.253922648537749929e+00 4.435641027898675759e+00
4.069675643494659045e-01 2.024881978757985257e-01 5.540267630509077890e+00
4.528239999617657968e-02 1.544455502537555258e+00 1.459583800426005995e+00
4.849475149713775579e+00 6.188766992502852560e+00 2.052483971331303003e+00
5.581092676636596472e+00 3.587626587661379318e+00 2.182737005536103947e+00
2.582060067987729024e+00 9.336862845207124506e-01 6.129279951728494602e+00
5.593065474004434101e+00 1.573468097672748867e-01 5.864598525521546257e+00
5.736060045669296947e+00 6.135285643415059553e+00 1.563508308163447103e+00
3.169828124430426868e-03 5.183598695943127055e+00 5.950129046825570533e+00
2.892966783447188384e+00 4.196059017984585360e+00 5.531465911772524002e+00
5.171007760160531319e+00 6.012833361606908511e+00 1.436018382479866684e+00
2.609308173424597310e+00 2.087906361066735439e+00 4.794609880131095458e+00
1.035449437920179794e-01 5.815364408934740936e+00 3.216540239835446346e+00
6.240187113115973183e+00 5.341308953912370150e+00 5.673827489058046680e+00
6.241164035677746469e+00 5.126325691228539760e+00 1.133200821718603341e-01
3.721641507499555246e+00 3.242718596109099849e+00 5.007698625665332415e+00
4.429839146306611575e+00 7.377568187090578489e-01 4.194141804182038413e+00
1.172748138633162629e+00 2.278363361411832599e+00 2.068963495713021850e+00
1.865763706729611504e-01 1.646343739255630156e+00 5.853232313529998621e+00
5.401945839717496867e+00 2.724267800220339986e+00 2.530872042286166135e+00
4.778834435057153662e+00 2.749587163912362353e+00 4.584493134788541369e+00
4.514424256163426463e+00 4.069843976076459313e+00 3.509630544411145969e+00
3.335661635910057488e+00 1.774448853742654209e-01 5.107836219836197067e+00
5.779163789073507029e-01 4.073939176308194909e+00 4.287262009570933508e+00
1.426740961955196951e+00 3.715025586336516916e+00 1.774922824581841585e+00
1.590150722733785882e+00 1.837898516318753117e+00 2.228495497939717129e+00
5.157442290554989928e-01 2.637646491715311292e+00 4.821842849255133068e+00
2.062995238081013483e+00 2.598043787968456364e+00 1.850807680168636615e+00
4.956535743479835165e-01 3.405226898982949724e+00 3.487385718162006043e-01
3.380966311103037025e+00 5.166408527361136649e+00 8.434538554939743360e-01
1.134398968683765885e+00 7.644872006494290995e-01 5.776333750605682660e+00
9.429906501635400007e-01 3.305657613998171040e+00 5.430616171731485586e+00
1.175632251792314786e+00 2.476142953357116094e-02 2.648235248588378887e+00
2.783343918366752989e-01 4.735098477340596190e+00 4.071103924533873375e+00
6.238437615786441626e+00 2.427254569408373031e-01 3.490705468029717373e+00
1.210049759142672654e+00 4.861064070943747595e+00 7.090694414997776862e-01
2.322765655266638252e+00 5.497392598014378073e+00 4.274172500111804496e+00
4.863537820367470843e+00 2.808482966336752984e+00 1.050892176306490455e+00
1.776978881793062959e+00 2.331406380665107303e+00 1.524251646680552019e+00
5.676749182477792033e+00 4.578255394713315773e+00 3.105330166701667061e+00
5.365820137352589114e+00 6.069145690894774958e+00 3.044124505689825622e+00
6.195121929830623486e+00 3.572095981223200933e+00 2.388744413154007429e+00
5.781438635422210481e+00 6.194791622588780022e+00 6.186174524864209268e+00
5.386685897647866206e+00 6.795135943569730053e-01 5.698865403883440983e+00
1.137964677180374196e-01 5.005993092047374304e+00 2.272529671744051960e+00
5.910755328956528665e+00 5.565339106180423379e+00 1.438786497577134949e+00
5.223750698637892320e+00 7.857031888831159661e-01 5.499741121246689346e+00
2.334018031804757420e+00 3.176034455689548397e-02 1.992672078968776628e+00
4.119927984974505186e+00 3.665627649231212981e+00 1.384818381064374604e+00
5.705126244253329482e+00 3.034208286625768913e+00 3.581477782661696363e+00
5.115012832559686196e+00 3.788258966882296352e-01 2.560600124952106871e+00
2.213770170123250391e+00 4.243986272002150173e+00 3.427770376306884081e+00
4.265573213148604381e+00 5.067152415075110383e+00 4.769613684298924738e+00
4.378601282000793127e+00 4.852651130984637184e+00 6.179027192668349322e+00
3.510457695371643538e+00 4.973314604992630450e+00 4.151105773311929426e+00
1.896795873015746814e+00 4.037925548207336846e+00 4.694677899493454376e+00
2.705586832073910042e+00 2.374824408976063117e-01 2.002390932153431113e-01
4.990124089230365989e+00 3.269633746505550942e+00 9.624661175817791348e-01
1.366498068708783986e+00 2.469676895570413200e-01 9.732490198992375108e-01
2.273772603463858122e+00 1.038197493986679598e+00 4.552003632920746945e+00
5.423765251970927181e+00 6.051424857532573753e+00 1.614428206696288504e+00
2.837747812706979289e+00 5.761090056359563505e+00 4.894159337078904493e+00
2.542284407964632731e+00 2.702823033993799307e+00 9.559258779820841712e-01
1.758794770167480870e+00 3.656723396275070925e+00 4.991246527854016790e+00
5.594715858368078720e+00 2.334930538848444481e+00 3.400921679347982174e+00
1.974900419783033101e+00 1.539663788978546943e+00 1.455398305534216785e+00
2.357891339224027938e+00 4.391530445187934895e+00 3.011596597935074726e+00
7.884102715192959909e-01 4.377578541638643017e+00 1.792854164480043089e+00
6.458598557525617734e-01 4.344859639236350546e+00 2.593692269665335726e+00
9.143436770529279611e-01 2.370533395575665558e+00 1.566983548092103495e+00
7.558019419503603231e-01 2.155809522719223104e+00 4.683346834463061548e+00
1.943339250209593194e+00 5.396918369063597787e+00 1.743162278055089942e+00
4.966933844931947784e-01 5.379666170685764026e-01 5.391636807900446193e-01
2.169641058276109646e+00 1.326948530171636609e+00 1.683333710870269062e+00
6.415098791381569354e-01 2.843896522393722925e+00 4.288514950554019656e+00
3.124993480534427714e+00 2.267334515970556019e+00 3.177170720362906042e+00
6.210783821739929600e+00 3.459174345361253344e-01 5.640627371962417591e+00
2.782121782467666282e+00 1.663928809692543764e-03 3.079360087562998949e+00
5.043195644218537943e+00 4.107597088627204407e+00 4.206120981706150452e+00
3.219904279881868892e+00 6.228222248732341981e+00 3.928915809499051282e+00
5.205003756629160705e+00 1.086616272278189133e+00 3.595572874812729580e+00
1.226201160983454441e+00 3.896438686827662146e+00 5.539880338692027451e+00
3.520636491237352228e+00 1.816012751204885423e-01 1.774455146769524649e+00
4.653693858642603765e+00 1.954151695142826439e-01 7.716881146712910589e-01
4.942109299311681525e+00 2.877751847140687769e+00 3.361151263017572610e+00
1.529713400828503600e+00 5.071186408319926286e+00 3.295648308735894982e+00
4.829879691366807948e-01 3.870280471716915915e-01 2.660919758410356994e+00
2.366606673070820843e+00 2.674288217574047000e+00 2.813944616820551053e-02
2.750710227647497952e+00 5.430364127981373024e+00 4.065533970825819132e+00
3.746421426450095016e+00 2.424222202959058770e+00 4.357163109245698607e+00
2.272948619553309069e+00 3.025620903654925087e+00 5.901281847409635795e+00
3.752467310268844614e+00 3.773105650087793972e+00 4.977379132871233292e-02
5.406222626145166243e-01 6.580309735399717530e-01 2.351799952473556665e+00
5.550964435231807492e+00 2.156817721498771601e+00 2.788475659076554258e+00
9.505135187593604096e-01 4.241497259105744710e+00 2.610195259954160907e+00
5.473354177082695671e+00 2.871950343697286190e+00 5.572947868951224848e+00
4.881836245926711726e+00 3.348371872802374583e+00 4.771528854332968139e-01
5.366685995087145944e-01 4.016338710638580167e+00 3.095061272173253109e+00
1.675022445327783771e+00 4.977659326920893967e+00 3.898304157631488076e-01
5.842658132159803230e+00 2.714847061427653863e+00 5.436349004563484577e+00
9.079153828654923375e-01 4.546240106621428190e+00 1.512332478875485942e+00
3.545633295476093849e+00 4.168420145750213024e+00 7.682556752302103220e-01
4.698925429418576272e+00 1.538770150480319066e+00 3.197708431163010179e+00
4.513074904352635031e+00 3.556544383914503005e+00 5.929518628429463867e+00
6.750918288322912963e-02 6.228337888992045102e+00 4.631715357777786757e+00
4.359360040658638802e+00 1.663411447041637681e+00 5.886515480823713453e+00
3.591855617946346779e+00 1.266088592868126250e+00 2.952800203026828108e+00
6.255822950147778005e-01 3.646163345725475846e+00 2.052589027683893619e+00
1.082126831768756015e+00 1.576604783211969396e+00 1.207101066287541657e+00
2.840395725050739895e+00 4.757092331949318798e+00 4.827218498945716973e+00
3.922925244103646847e+00 1.849687974428604553e+00 1.877098658752103022e+00
1.763456418378194224e+00 4.853560640001438387e+00 2.281400939400387351e+00
1.954183746125268462e+00 4.667239785859321088e+00 1.029700521919727052e+00
5.394892770815487459e+00 5.540550595837842707e+00 6.200313633562005045e+00
6.286988599657277188e-01 3.978834748342289451e+00 7.995141326731245446e-01
3.733961557810443921e+00 5.913170691233792908e+00 2.160096832778140019e+00
1.012531693536177446e+00 5.437847082595481663e-01 5.054454024120520472e+00
5.613289853805394358e+00 2.143927320798420855e+00 8.515694989281874516e-01
2.468228249327973245e+00 1.472491916239655030e+00 1.627130069839154647e+00
1.313286953998239470e+00 5.688392167566324709e+00 5.992617889702982481e+00
3.174406308463586068e+00 5.777117541071850937e+00 1.869876197052407818e+00
5.994501474345912406e+00 1.166154619473140919e+00 5.362128604564662560e+00
3.061778099161843070e+00 5.091339223896176769e+00 8.725137768141606465e-01
2.848402769820256530e+00 3.183241453475992078e+00 5.004953869748656636e+00
5.126112750279064947e-03 1.759007135078352713e+00 3.579606635448276952e-01
2.309493773788783511e+00 4.807360104916672761e+00 1.049321261633507696e+00
1.348264983458581590e+00 8.846720529908149722e-01 1.707701135126388492e-01
5.833296979064421350e+00 8.228730272313988792e-01 3.266184634505318596e-01
6.029813094049035982e+00 2.382106649937868609e-02 1.418787391923599372e+00
5.296488129351268448e+00 4.530261997681605202e+00 5.060984513468260282e+00
4.300115852441717124e+00 1.225150916152949909e+00 3.889895842289954331e+00
8.325887563762146559e-01 1.336043066777126143e+00 6.211428281005630936e+00
5.629190979915780879e+00 4.732064890108698130e+00 1.588636804830571680e+00
4.997083040951530108e+00 1.761861515869197703e+00 7.351279239910815111e-01
1.431239883037379368e+00 4.819969595220798375e+00 5.207512406757911272e+00
5.030386817444981951e+00 2.411015195162317770e+00 6.053926381946168611e+00
2.041194813927838858e+00 2.760344693657091231e+00 5.291325568369271259e+00
4.392425670930571791e+00 5.030055771368668438e+00 1.234827199217326088e+00
4.547435768338353945e+00 4.145572385045786845e+00 6.211667571124059428e+00
5.235529194073895276e+00 2.745458132824485364e+00 1.998321089081215751e+00
2.695103071781651760e+00 4.165516916886218723e+00 4.237265691294910930e+00
2.083610978617100429e+00 2.339736086996682118e+00 5.207525229696147173e-01
2.378966235967178988e-01 8.410151065755629984e-01 5.191985561710668939e+00
3.049712994831668578e+00 6.236346016889659616e+00 3.611407341296135165e+00
3.487349474212224187e+00 1.184109441243171190e+00 7.811589412263825194e-02
4.554277066749977898e+00 4.848844264463038733e+00 4.064945822956761212e+00
1.503329654015075789e+00 1.267506583685624300e+00 2.487924462785806146e+00
2.454923009459721861e+00 5.441539312417309482e-01 4.452217950120576084e+00
3.696212107858463547e+00 5.663017044858957405e+00 4.554027439407128064e+00
4.525284056172070635e+00 2.085963654094751263e+00 2.413866710543943750e+00
2.466635366967429910e+00 3.645772514911387319e+00 4.829987214098650838e+00
2.122029025189776930e-01 1.817496349362840213e+00 2.056740929694098163e+00
9.079731222496870702e-01 7.203496551914795321e-01 1.418464561085811315e+00
1.687156033760451868e+00 5.946550869892507585e+00 4.196417095847598588e+00
2.989594541501562341e-01 3.880009124814977728e+00 8.280905021183183612e-01
8.806969337985367519e-01 1.876989361828170999e+00 4.936251367818374369e+00
2.293978511291197009e+00 2.387566525997729006e+00 5.709344786653399062e+00
2.898344326841848506e+00 5.308194310985949294e+00 4.569114690060749773e+00
5.664403071082193541e+00 2.337528388557015724e+00 5.544541609280875250e+00
3.360443466268401291e+00 9.794420002312534956e-01 5.064219024190265372e+00
2.231006272591625983e+00 6.135582803859024992e+00 5.181282636209666448e-01
1.578712999070486234e+00 1.344880366448744646e-01 4.633082411020862601e+00
1.825030707087523352e+00 5.909546070788517902e+00 4.121825106170140529e+00
5.807264613159905942e-01 1.176902397983039306e+00 1.205317855697582763e+00
3.086011623990900343e+00 4.824015906016218658e+00 4.629717139507599555e+00
4.242713080959108485e-01 2.053189334157008439e+00 4.491206083465229426e+00
3.333113955470369816e-01 3.637492815135671687e-01 1.010253539986436300e+00
7.015248884217711867e-01 3.189553884497918101e+00 2.545530956757372648e-02
4.020100772339466388e+00 4.547098380714376553e+00 2.903494787715780401e+00
1.877838397117692626e-01 2.210238528334094621e+00 2.866245700096936133e+00
4.098353669614840378e+00 3.332499355978220112e+00 1.225532066595863556e+00
3.640580646027332445e+00 1.171919573999770314e+00 1.754233707922350893e+00
5.182947293366872543e+00 4.457763622901389944e+00 4.138418890372174697e-01
5.542900276485978495e+00 3.136283857348940440e+00 4.541860944386950649e+00
5.931433763567834028e+00 2.135119353029706346e+00 4.881500529446842762e+00
3.178575168926273342e+00 1.359741607976956645e+00 5.997013692910237559e+00
4.123150545359836272e+00 4.364838174977023200e-01 2.868461279322743529e+00
1.587159576854989540e+00 6.223844133704751869e+00 6.533810347759839710e-01
2.994372567211009528e+00 1.189503868830514621e+00 3.059115361123099675e+00
4.227829311725468386e+00 7.580366992738842014e-02 3.954560924618121920e+00
3.712383961022706735e+00 7.018385279994555637e-01 6.060741147908124127e+00
3.560893509598658468e+00 4.027381830009380437e+00 1.142503356876098941e+00
1.735104847616817381e+00 1.067794494088103174e-01 5.028616715412609572e+00
5.970643737424353503e+00 4.993798384094476184e+00 5.489775052912075903e-01
4.261619317408674945e+00 3.701261492550629306e+00 1.420982602657139937e+00
3.242862777698028776e+00 1.331259738224233935e+00 6.719699029401119406e-01
1.852805946016972682e-01 3.770818489328868317e+00 4.487903836025184390e+00
7.212623159683857477e-01 1.561333621551025397e+00 2.401998388806196871e+00
2.352247718167602475e+00 5.196850793409248936e-01 5.101511206646504704e+00
1.135409345043063789e+00 2.249916094799099486e+00 2.339213565957768637e+00
4.051024933238879022e+00 4.204608969620257319e+00 4.655905998436014492e+00
2.190654472655494622e+00 5.109965063999288404e+00 1.852701926506565178e+00
2.608556179161760635e+00 6.133625081576233207e+00 6.823566111887110486e-01
2.513961738550315239e+00 2.998828159208966504e+00 3.512251232761610442e+00
3.526872136340832853e+00 5.553049986154055873e+00 4.902538938600464746e+00
4.321065219498498422e+00 5.597944348325969877e+00 3.995131515352961848e+00
1.374466806900525473e+00 5.268758483180631558e+00 3.198939503677117102e+00
7.295988161729873196e-03 9.971000745701392720e-01 3.254907756603031999e+00
2.404140504627597874e+00 3.350135759385108880e+00 4.573707708143090578e+00
3.059892385850285557e+00 2.586649820749210793e+00 6.194024516679371928e+00
4.715616069136933319e+00 2.258620817073598186e+00 3.851464215509196265e+00
4.420484456424154551e+00 4.696927843526796376e-01 3.327389001075835129e+00
2.031542736735842958e+00 4.942156529438891610e+00 3.744917906901024107e+00
1.294275179303683965e+00 3.585544178585496677e+00 1.520118337577322176e+00
5.884216160657634198e+00 3.043744288072310233e+00 3.905057959581225369e+00
2.877788617759042378e+00 3.607912159584007572e+00 5.669182450909667104e+00
2.369460537749537021e+00 3.573048654937752477e+00 1.354350415441717415e+00
2.861844332303664640e+00 3.306675890013250019e+00 6.250328208788840989e+00
3.034478804038197031e-01 5.730887586718931281e+00 5.932847683464078870e+00
5.098947620614445952e+00 5.811232086512754691e+00 6.235673569000937944e-01
3.575016967184351024e+00 2.714665165243097533e+00 2.061239365256178624e-01
3.367375034677305923e+00 1.044249190798066440e+00 4.802027900242541669e+00
4.634339554219625845e-01 1.835307600077739743e+00 4.823291230733270041e+00
4.910495025365742450e+00 4.960771621706823176e+00 4.637669531190098837e+00
1.155206178573302767e+00 2.763955050555861437e+00 5.954914903634424661e+00
1.965517915909398061e+00 3.816615252016855031e+00 1.901756321254068904e+00
2.966350548328280379e+00 2.364636801514149456e-01 5.799871746585352206e+00
1.041622150132834879e+00 3.726211868879073297e+00 5.796255854628425297e+00
2.876543931693790412e+00 5.900370321923185557e+00 4.722484696624775324e+00
8.258272078191506438e-01 3.234052075981411534e+00 4.098093961403268537e+00
3.621260884146329850e+00 3.966093155368295875e+00 5.538429718897836196e+00
2.089380711515353983e+00 4.425659272539702371e+00 5.985264648741812188e+00
4.011460365664260230e+00 3.913528756676218467e+00 5.372720805450207360e-01
2.771379078321184242e+00 5.749208138420796033e+00 5.721253727736897332e+00
6.084783829115550269e+00 3.072109629953173826e+00 4.958661709370116633e+00
3.022012620228887059e+00 5.685281793889238600e+00 3.797953210620804487e+00
7.036417567499690939e-01 3.026114151308205269e+00 5.785462145162557412e+00
5.467984362209112881e+00 5.806286315667920306e+00 3.656194728577144115e+00
6.042246441882987540e+00 6.404675185719538311e-01 2.343131814411860248e+00
2.577931867099351848e+00 1.866129135581167553e+00 1.990407248844345167e+00
4.529546932558674577e+00 6.189889365532025067e+00 4.425554048161305154e+00
1.246109369523604959e+00 3.702339221197548991e+00 5.066966202335103198e+00
2.669624214485198377e-01 4.942733184226995924e+00 8.926396359061163910e-01
1.075439037491054295e+00 4.828099490223152657e+00 3.472061034775994481e-01
2.637921564534899233e+00 3.569666631245128396e+00 4.891463182513576591e+00
2.241639619052735455e+00 3.514998502616007769e+00 2.853456615610617586e+00
2.684540253217501782e+00 6.058761730616834207e+00 1.210101329108604906e+00
7.058708033093291645e-01 4.572187798260387015e-01 5.235506211680148958e+00
5.852140237674901435e+00 4.142309823619577891e+00 4.938499187312707761e+00
4.946065202195105925e+00 4.951199603520581860e+00 4.426295226648305103e+00
3.798229443481154544e+00 6.279254306210532377e+00 4.787661225891223893e+00
3.433546154759269609e+00 5.140410454162669396e+00 4.369645574470999994e-01
5.517601220286144859e+00 2.227795794528306228e+00 3.905362695672328410e+00
1.986981487393829848e+00 4.653307990364936586e+00 1.458513271082272134e+00
1.031226067610080177e+00 1.975730181248379846e+00 1.076446290768644509e+00
5.533122549394406064e+00 4.507220093473291556e+00 2.584083843129890035e+00
3.889823640994596765e+00 1.840384644570061567e+00 2.692531176988949504e+00
3.418160224281893145e-01 6.278498359172345999e+00 4.029626380672034713e+00
9.248870684999997982e-01 4.788844872659361762e+00 1.648862172427721484e+00
2.476689752928433741e+00 4.942472462860630245e+00 6.118986071923787406e+00
2.654958144311754697e+00 1.648761759849585617e+00 1.710450774959152875e+00
1.174136818504479818e+00 4.820603595034102185e+00 1.455375933166314084e+00
2.410960357920942432e+00 3.955530537757288911e+00 5.327801959996601333e+00
5.089653377552273206e+00 5.209657927197417493e+00 3.701312825378594518e+00
5.251464279421789172e+00 5.698223621788687687e+00 5.700662352022154433e-01
4.975222337150483121e+00 5.715595724501297825e-01 5.771013085352663552e+00
4.007477284372580328e+00 4.599343965694592029e+00 3.814608054946745153e+00
4.009404495709271821e+00 4.204203058952804106e+00 6.962446530457293559e-01
1.377253307025576801e+00 3.491766453213912769e+00 3.613134973016403073e+00
5.418274757601696301e+00 5.370712301042092740e+00 1.178568841265690947e+00
4.054296817350227400e+00 3.291224522294538879e+00 1.542173973217348948e+00
2.971110724462903807e+00 6.179353132065052101e+00 2.828536361922018294e+00
2.723915293300581464e+00 6.261664119676487950e+00 4.071294588012404958e+00
6.794271853072142431e-01 1.236528218713610849e+00 3.727489737330439645e+00
4.826954767371451460e+00 3.952629269142836410e+00 3.265888151792365246e+00
4.231725363332847323e+00 4.885031703186502594e-01 5.773809136029992573e+00
3.083412758199667092e+00 2.615081747485931807e+00 5.793746334232511508e+00
6.045576779826527414e+00 2.560341791951667112e+00 3.611131538588024714e+00
2.487128337312411563e+00 4.430160694234402285e+00 8.305699709198817449e-02
5.655259274452686391e+00 2.920707606595789874e-01 2.283153093483268226e+00
2.843717014140830113e+00 2.224300035069940229e+00 3.795977859380934127e+00
1.537181845246192502e+00 3.260406561147746185e+00 4.782117225490833512e+00
4.208594804157563374e+00 4.241260755078930522e+00 1.603715541699904490e+00
1.873090665036799107e+00 5.273790746139554564e+00 5.864821213591760340e+00
5.744456937071513281e+00 7.999386315703317374e-01 4.010132322591927867e+00
1.797348763971023944e+00 4.406442803952675402e-01 2.484860530497960074e+00
5.515988674458065510e+00 2.574422591226262824e+00 3.898862795819397764e-01
5.780671518420556154e+00 4.621192631482433200e+00 3.755653751007192120e+00
3.333087267185565472e-01 4.247838428367574637e-01 4.584532671322680275e-01
6.087953839376576859e+00 4.154862250737071605e+00 3.353650848908407589e+00
4.408661351016212926e+00 2.654633953631059473e+00 1.997373056846562855e+00
3.271390511826504088e+00 2.710094523304684699e-01 4.456734830777448586e+00
1.910882597682631578e+00 4.751357816974509651e-01 3.767410090822944646e+00
2.686465831886061029e+00 1.363905170561319657e+00 1.987158818141807615e+00
4.244777011863138938e+00 4.160517135482023399e+00 4.373578878393444391e+00
2.352019293600259076e+00 4.890578504301096530e+00 4.483080028636793557e+00
3.596173193959647296e+00 3.762252429254957065e+00 2.184237175315897783e+00
1.142440797830373223e+00 4.500074842611136994e+00 1.355459707894122179e+00
1.544083689408541460e+00 4.983003637326167912e+00 4.338122508856074866e+00
2.658507559684269328e+00 6.119506880084950140e+00 5.105770121007338069e+00
4.943644546488545899e+00 3.450932390187644860e-01 9.909879779781758380e-01
5.436838582563018107e+00 4.754466781009981879e+00 1.963239858185064357e-01
5.503384789093175300e+00 3.860112805853340490e+00 3.040394480597763405e+00
3.575169260133872484e+00 4.074724104814904990e+00 4.567441499168698016e+00
2.901323201685985231e-01 6.266259805080736101e+00 8.331474150398193723e-01
3.580265331604219337e-01 2.089406347887544424e+00 3.416693671539638544e+00
5.596125801404840949e+00 4.788065362385668600e+00 3.227110363376075153e+00
3.018795701655966557e+00 5.408207201756410676e+00 1.274663394346077228e+00
3.673164067510823610e-02 9.036181617812888422e-02 1.813474054395293189e+00
1.449357369297857856e+00 3.734146736852955950e+00 4.872489696408476512e+00
6.165470391033928133e-01 3.364712581528887636e+00 1.638791035062632240e+00
4.974868514917901940e+00 1.745436630730879513e+00 2.951196642355202737e+00
1.845240647733593642e+00 5.182071038860553536e+00 4.330500851550127983e+00
3.292495374976010414e+00 3.609830175542722230e+00 2.900973296968323734e+00
2.503631626132383659e+00 2.539001349801311314e+00 4.593297381034827098e-01
6.200813790621578114e+00 5.388917352214474654e+00 1.876301922254740573e+00
1.485427768961474326e+00 1.562812063463713264e+00 1.978610508955500835e+00
4.601723872974607055e+00 4.316660762147937369e+00 2.698416907541548060e+00
1.364273901636971154e+00 5.070239990276048658e+00 6.174528060882803260e+00
1.023877908007613913e+00 1.961750610333405032e+00 9.458863779155534113e-01
4.547333598624061501e+00 3.359509117124401811e+00 5.230214312405871979e+00
1.747628439287792323e+00 2.291671155099346713e+00 5.041008021497715319e+00
2.790235059836215781e-01 4.341842354637178936e+00 5.977568285340627341e+00
3.038256160547703200e+00 5.116359380771816845e+00 2.059457936892516106e+00
5.437427860718861972e+00 1.447619161709053470e+00 2.909858680123391217e+00
5.583669047111870398e+00 3.020164846725876817e-01 2.509504907044793232e+00
4.064153003149679755e+00 5.157510414768459839e+00 4.630064484858281482e+00
2.699123895490187941e+00 5.981306024086631368e+00 2.605738172079622217e+00
4.857086697589820368e+00 4.111854913886883622e+00 6.000433944324010227e+00
3.498250465702866130e+00 4.903355117652582251e+00 4.185217382300162825e+00
6.145327043509369425e+00 4.084887900205620981e-01 5.552137259567445859e+00
4.217118474436671427e+00 5.953633823938933922e+00 1.094973269881798883e+00
4.523033943355683206e+00 9.251070607385267763e-01 2.576911594423862084e+00
1.197840350574311596e+00 1.807834288334342121e+00 4.964346745564876429e+00
5.190979881466293300e+00 2.857776502572357824e+00 2.126389609277694159e+00
1.945887287037505686e+00 2.918635842150206994e+00 4.311265067305349419e+00
3.224412367662731760e-01 1.665308110230649730e+00 5.835285868370689855e+00
4.891900102842083875e+00 5.238618882450286840e+00 2.751870679539186959e+00
5.958291094753753292e+00 1.511947924462710091e+00 4.349571697673161985e+00
5.755301316143940582e+00 6.139190242305083700e+00 9.145554780843144771e-01
3.711191299840210234e-01 1.718721074158380047e+00 2.284504496879018465e-01
1.293542502164279240e+00 4.606829990194949431e+00 3.157322322955522953e+00
4.026887552254027725e+00 3.712671779627422897e+00 4.463930462535158128e+00
1.898047844734692957e-01 5.805615093394579596e+00 8.156310150018825089e-01
3.944052238363669360e+00 4.361496758448991429e+00 2.602694794534638589e+00
2.687737732700726578e+00 4.256276172898972199e+00 4.195892544882403818e+00
1.885483395994621780e+00 7.886437199633627992e-01 4.548936246885771695e+00
5.727891430163650988e+00 4.179586201592022654e+00 4.119614801182471808e+00
5.329141379686712199e+00 4.246328698149882008e+00 3.713675759557298672e+00
6.124984960643152121e+00 1.034349455697660236e+00 4.575955013284118245e+00
4.598499746232345586e+00 2.153016056452689675e+00 3.969987863422569596e+00
4.038116808927312285e+00 7.984264712958425436e-01 5.852641294557512364e-01
3.868502194807528660e+00 1.793527539165390650e+00 3.690140283700679369e+00
6.889300691050641579e-01 4.387419892452424364e+00 2.584372932553097968e+00
3.588395093486591136e+00 2.295670354214751629e+00 1.966245111090829889e+00
2.423444675620554989e+00 9.847815902961853940e-01 4.318222112943018942e+00
4.177444148229835896e+00 1.906357606302205632e+00 5.757435661748186106e+00
5.561069851197165681e-01 3.879272560265456082e+00 4.029311416116701849e+00
4.328779567600393285e+00 2.783436056952681259e+00 6.023459679034852687e-01
3.888244250099052390e+00 4.585793082165046997e+00 4.997398916181719386e+00
3.477029235826785580e+00 2.106688628589061807e+00 2.931708925626353324e+00
3.444558582848288086e+00 1.787272110418687721e+00 4.209193986769402263e-02
2.343460923704673515e+00 3.070883856063407524e+00 5.914062053885643655e-02
3.138757862276213118e+00 2.035625678818195894e+00 4.765946471588532241e+00
3.781960605831967470e+00 4.228062280995027733e-02 4.064679378573583080e+00
2.918703503783073749e+00 3.647348718156846470e+00 4.448284814510826024e+00
4.911858570158775805e+00 5.638006239423009269e+00 5.622979244032288548e+00
4.840742541054902759e+00 1.819268151577691395e+00 2.768371738164543849e+00
3.977641692671405771e+00 3.076231930818087434e+00 2.710285601697293156e-01
9.258710330337388550e-01 4.096738312296261952e+00 6.022425062188363487e-01
2.106984499973395764e+00 1.137385999227708000e+00 1.394652316167543232e-02
3.194820111083080949e+00 3.924457812020365921e+00 1.012496190931847284e+00
4.047497924276123982e+00 6.023281510736001820e+00 2.918418402529752154e+00
6.236322380671465382e+00 3.044830188425951434e+00 3.669108359827633503e+00
5.511129616060497227e+00 2.085121875738066510e+00 3.364789793088004632e+00
6.210199665813458836e+00 2.155805555988375311e+00 5.479474396829414395e+00
5.521375504421047964e+00 1.647919753518315655e+00 2.354014565339455523e+00
4.948355480709852650e+00 4.758549413440221976e+00 1.386070099917671605e+00
1.931569867962990017e+00 3.524697623889386566e+00 1.224057308185013904e+00
3.307737362036397233e+00 2.200045313221601351e+00 3.313816204118263276e+00
2.586447083663248936e+00 3.895110059938660552e+00 3.707792901742326119e+00
4.287750061570726245e+00 3.970331361192968034e-01 1.351904126045321952e+00
2.046527458019808066e+00 5.516451358239858216e+00 6.203202219378321836e+00
3.537157403116666821e+00 8.099213661804873787e-01 8.728733384963841546e-01
5.053892268514629471e+00 9.494815111505902627e-02 4.566145959006637223e-01
3.993493992396222492e+00 4.669120515331070642e+00 3.830194160738084719e+00
4.370207907316175699e+00 2.097919674029219195e+00 5.181970037562977360e+00
1.599441562754592594e+00 3.846422275101339494e+00 4.347223772283748122e-02
6.042256921083395405e+00 2.830902985262987670e+00 2.184530906334944955e+00
2.050896111569960656e+00 2.627308803903193990e+00 5.328942578287843013e+00
4.695807334221458795e+00 3.433838341665170629e-02 4.372105964662429400e+00
1.558568796072322959e-01 2.786447279153662748e+00 2.242561306993152037e+00
3.843854816543240460e+00 2.394571065371760010e+00 1.308974516891536100e+00
1.987841606406988149e+00 3.634374933582740219e+00 2.821686560015477685e+00
1.816601242449748632e+00 4.704237690272971228e+00 4.868379950186334959e+00
6.752835352854484885e-01 1.674150624606054683e+00 5.398896223154220131e+00
5.160092602454896316e+00 3.151291471424309432e+00 5.842263832524976053e+00
6.156629226454164439e+00 1.540568758319495579e+00 6.101794017308077578e+00
3.682946607106294401e+00 1.566289245752483517e+00 5.639452129046945039e+00
2.644429439786246228e+00 2.462298750782447865e+00 3.948784793174151542e+00
8.055550823826264084e-01 2.317033202473806508e+00 2.281207364643364155e+00
6.153465640983802665e+00 2.959000312149708378e+00 4.788039080371560563e-01
5.964937802060979344e+00 3.320014526256817256e+00 3.943665480607308815e+00
1.679664371256974542e+00 4.332327019397746781e+00 4.067877817615340064e+00
2.218357426447234437e-01 3.915751730839488687e+00 1.967703755550137990e+00
6.112782816497054350e-01 5.516735050829048248e+00 9.660744275809656223e-01
4.183735307742247223e+00 5.203387677784236942e+00 3.488135971456691298e+00
2.789101787981793645e+00 4.489451479057926520e+00 2.037887597094444558e+00
4.357205200497992870e+00 8.234059489896754513e-01 2.717104854441349193e+00
9.280306235675254145e-01 5.769306696645235100e+00 3.570472763515020187e+00
3.526038662584303207e+00 4.550517451864519280e+00 2.138248713959194358e+00
2.280026469750052964e+00 1.273073613534320803e+00 3.823571290421221569e+00
4.229990708280866762e+00 1.160302411576309867e+00 3.450631553030072407e+00
1.513234073609730279e+00 4.914050858133494515e+00 3.092924002311413290e+00
2.159506090864603767e+00 5.835192267120270060e+00 5.932777409236031474e+00
5.992356194052157470e+00 1.091469589509835192e+00 4.218460161947450437e+00
5.939340894199553134e+00 1.475335790992223783e+00 4.076637797234351268e+00
5.338418137291963461e+00 3.701631863981331261e+00 2.481085266766336783e+00
3.007598496442388747e+00 5.002558010241319408e+00 1.274135107754086116e+00
6.145738029557672455e-01 5.472818665933883331e+00 3.008668053693436484e+00
2.436506055399856319e+00 1.706890842310447631e+00 4.958915899491831425e+00
2.777341067823440035e+00 6.738428276100734138e-01 2.194389377813478426e+00
5.501522312104420998e-01 3.195671354598759617e+00 3.664465625473678934e+00
