-7.339613609120533511e+00
-7.477344317683446207e+00
-7.477671889349998935e+00
-7.473420888571844500e+00
-7.477624186910816206e+00
-7.476792127293265366e+00
-7.477135095020912559e+00
-7.339608980918001180e+00
-7.477723765646103971e+00
-7.401375031960924389e+00
-2.873731465602759272e+00
-7.339634945817579137e+00
-7.473356889149727067e+00
-7.471889872432484481e+00
-7.477303042196922434e+00
-7.339668934174369497e+00
-7.477794959267498598e+00
-7.339665771737145405e+00
-7.477807094999448623e+00
-7.400512166816042736e+00
-7.477019308184708279e+00
-7.477345423940548130e+00
-7.477680912729226748e+00
-7.477946253404780919e+00
-7.477501987121968341e+00
-7.477503209100405002e+00
-7.475259410970465979e+00
-2.873732774052768946e+00
-7.474614702529379429e+00
-7.477636364119067736e+00
-7.477721635833745495e+00
-7.339615890311506519e+00
-7.476876313546370056e+00
-7.477038165778026269e+00
-7.476717864872853170e+00
-7.469998730062798131e+00
-7.328481455628010011e+00
-7.476695466044020577e+00
-7.339665602186414617e+00
-7.477936167283928626e+00
-7.477904858710076041e+00
-7.477584104413921295e+00
-7.339674246418326220e+00
-7.476998238030546418e+00
-7.407869878406927455e+00
-7.339671619869022834e+00
-7.476171434617072009e+00
-7.477857472148571105e+00
-7.477676287603998162e+00
-7.477851910462504748e+00
-7.477767348528630009e+00
-7.477453615427293698e+00
-7.477808183192832914e+00
-7.477422395139910805e+00
-7.476873938373955752e+00
-7.477855074766807775e+00
-7.474041135151367143e+00
-7.339595095954791759e+00
-7.339609247785119805e+00
-7.339653151107540907e+00
-7.339659269585354195e+00
-7.476649476282432261e+00
-7.477583215166532682e+00
-7.477687603003232653e+00
-7.477703000742337736e+00
-7.467770967660726456e+00
-7.477095688039526067e+00
-7.463691929290689586e+00
-2.873734571039676666e+00
-7.477494892471668209e+00
-7.339657773548879049e+00
-7.472689174216839092e+00
-7.477947743050659568e+00
-7.339557102295657387e+00
-7.339649816864039167e+00
-7.477444852173562140e+00
-7.477642161473369242e+00
-7.476061353530440101e+00
-7.477245108390917494e+00
-7.477669069518469769e+00
-7.477845871560354851e+00
-7.477391930851482016e+00
-7.477879502076149265e+00
-7.474946605540964129e+00
-7.477337575687095672e+00
-7.339652088371167338e+00
-7.476906051794003361e+00
-7.477516269244347313e+00
-7.477585570892898659e+00
-7.477845405102016230e+00
-7.477836177314941324e+00
-7.476050557135351937e+00
-7.339679263134712528e+00
-7.477863660859213724e+00
-7.477896931529926405e+00
-7.477928750479577502e+00
-7.476169912772093085e+00
-7.460240966285709874e+00
-7.476244778661879309e+00
-7.477544043758712178e+00
-7.339646037795773736e+00
-7.477208271254681904e+00
-7.476643498042562896e+00
-7.477575113159957709e+00
-7.471706527074729820e+00
-7.477680809065986978e+00
-7.477843080967147671e+00
-7.477784101764768820e+00
-7.339622118176066579e+00
-7.477752991554751816e+00
-7.477277319395398081e+00
-7.475940617975084024e+00
-7.476329380149650206e+00
-7.477832342990609504e+00
-7.477666787596604081e+00
-7.477728155615636751e+00
-7.474856838967525619e+00
-7.339652142504746735e+00
-7.476523819836609519e+00
-7.474209352851630683e+00
-7.477666622607557656e+00
-7.477233094650500789e+00
-7.473787972983245709e+00
-7.477947593150766181e+00
-2.873726491263369098e+00
-7.339636157441418618e+00
-7.477617234273338909e+00
-7.339609801811548095e+00
-7.339609302836834104e+00
-7.477892951834547830e+00
-7.477940967086176727e+00
-7.460700864115096920e+00
-7.473148768437340550e+00
-7.339659426400885422e+00
-7.477588351597272975e+00
-2.873738408990902826e+00
-7.477959742183514891e+00
-7.477760222870415419e+00
-7.473940317109281750e+00
-7.477301919750630077e+00
-7.477674961907723628e+00
-7.477343828456241681e+00
-7.477340025230205356e+00
-7.476855113437295586e+00
-7.477758826675312775e+00
-7.472745153411707975e+00
-7.477924820913088411e+00
-7.477933891853012938e+00
-7.339657189423178352e+00
-7.473665057229140984e+00
-7.339642556936269102e+00
-7.477712831111375635e+00
-7.477532160629834834e+00
-7.474431800214915711e+00
-3.390624794410541654e+00
-7.477742461322122836e+00
-7.473315409081465077e+00
-7.477435673118066006e+00
-7.477872739753365749e+00
-7.339615590612538654e+00
-7.477566863400170405e+00
-7.339634060892421985e+00
-7.339607271640488761e+00
-7.477733680154599938e+00
-7.477307679097521032e+00
-7.465263840860188793e+00
-7.475955263562354958e+00
-7.477153952678236237e+00
-7.477311829410041355e+00
-7.474755614111558089e+00
-7.475745150042740761e+00
-7.477874353959293785e+00
-7.476237994353709837e+00
-7.477665005401149756e+00
-7.339669105160282925e+00
-7.477408411241640351e+00
-7.476523888043335120e+00
-7.477777530846140053e+00
-7.339662372010479885e+00
-7.339662415683051222e+00
-3.390577287995256484e+00
-7.477584475335106617e+00
-7.467373716561269248e+00
-7.477305872399142572e+00
-7.477076721920610680e+00
-7.339652182078680198e+00
-7.477354380231417963e+00
-7.477079857997182444e+00
-7.477687181504961700e+00
-7.477475899356747391e+00
-7.477663713207576279e+00
-7.477794007755619532e+00
-7.474596863916531220e+00
-7.400093759570154361e+00
-7.464867750352283338e+00
-2.873738804162712768e+00
-7.477927343766509694e+00
-7.476001780752994819e+00
-7.476382943669250380e+00
-7.470863660958457331e+00
-7.339602581246708723e+00
-7.339642500962327176e+00
-7.477665837248878233e+00
-7.477794486118341410e+00
-2.873742595314979553e+00
-7.468695995834195855e+00
-7.477812161331826246e+00
-7.339639953677306039e+00
-7.476768019476594418e+00
-7.339637714854688966e+00
-7.476476539823806888e+00
-7.476371877271390076e+00
-7.477371199347786046e+00
-7.471512197679203382e+00
-7.339665315002093848e+00
-7.339664070805611118e+00
-7.400620290383812971e+00
-2.873733061918755993e+00
-7.477824155577224019e+00
-7.477685771698617145e+00
-7.476801388684862104e+00
-7.339577144982740720e+00
-3.390626270789653063e+00
-7.477285417235693288e+00
-7.469007181348388258e+00
-7.477089865530615498e+00
-7.475873272810275694e+00
-7.477703316214331153e+00
-7.477902436893089089e+00
-7.445354367291656672e+00
-7.453939769767202961e+00
-3.390620730817317963e+00
-3.390616883407346904e+00
-7.339644733744989935e+00
-7.339627623129672429e+00
-7.474547744058639864e+00
-7.477416090309361607e+00
-7.476887842291603192e+00
-7.471279292993358467e+00
-7.339623038735226146e+00
-7.477287753894870548e+00
-7.477456667178330463e+00
-7.476856940818549901e+00
-7.477736877468494470e+00
-7.474903396639092534e+00
-7.477708245003100274e+00
-7.339634425321492017e+00
-7.477448250653216277e+00
-7.476917807995505427e+00
-7.477268853173995922e+00
-7.339607937753498845e+00
-7.466022239831772822e+00
-7.477793176190175473e+00
-7.477353580504995989e+00
-2.791123315750155598e+00
-7.476215709450229951e+00
-7.477908320602693948e+00
-7.474582992055502473e+00
-7.473961591003813965e+00
-7.477632087319534548e+00
-7.477800863232346273e+00
-7.477955644528094581e+00
-7.339622767130549619e+00
-7.476365366810853175e+00
-7.339634351042150229e+00
-7.339641125813614053e+00
-7.477886945169530009e+00
-7.477932819242255391e+00
-7.477742955942886738e+00
-7.468568664910662847e+00
-7.477795199892625533e+00
-7.476564014940322522e+00
-7.477096914903313518e+00
-7.476726310145977550e+00
-7.477285637367003801e+00
-7.477367794007932389e+00
-7.477030994428446320e+00
-7.477186038677359647e+00
-7.477843858298570012e+00
-7.339656490672041400e+00
-7.477214284025592406e+00
-7.477573476558291077e+00
-7.477449030400748597e+00
-7.473313965663919589e+00
-7.476385167896978601e+00
-7.477480277234064943e+00
-7.477911397253791392e+00
-7.463635775438547171e+00
-7.400623009922128404e+00
-7.477179402416538778e+00
-7.339649218857630331e+00
-7.474586620535319526e+00
-7.476960916415919201e+00
-7.477917362430808623e+00
-7.475190311695769196e+00
-7.477395454985753531e+00
-7.477802967875966544e+00
-7.477904974878645916e+00
-7.477072565434696116e+00
-7.474950189513720034e+00
-7.476624140717945011e+00
-7.339664505158907559e+00
-7.475174607145618211e+00
-7.477670394350070637e+00
-7.476316149773651887e+00
-7.473546487699195495e+00
-7.474909578027677526e+00
-7.475016754923757389e+00
-7.477959077184443970e+00
-2.791118101507890970e+00
-7.339630250818572677e+00
-2.873751555976923555e+00
-7.473834154284986653e+00
-7.477294761955249669e+00
-2.873740922776050866e+00
-7.339647749248797481e+00
-7.477512675053116453e+00
-3.390605434309691191e+00
-7.339651530613991781e+00
-7.477032012885956647e+00
-3.390629136934876442e+00
-7.477455932903893654e+00
-7.339595967770492280e+00
-7.477759830587679346e+00
-7.339668862834969332e+00
-7.339660887548689061e+00
-3.390609642956405878e+00
-7.339649867401476513e+00
-3.390618937613908201e+00
-7.477804161153301266e+00
-7.472880006494733607e+00
-7.474669983844250964e+00
-7.476780519338859676e+00
-7.477697544631496385e+00
-7.477874391750447103e+00
-7.477438208672424480e+00
-7.477559713273819852e+00
-7.477510241341995822e+00
-7.477905568027892969e+00
-7.477717747016299654e+00
-7.477448190224436075e+00
-7.476485852954510847e+00
-7.474237536009752603e+00
-7.477748332723649582e+00
-7.475868029277648930e+00
-7.475245290461131731e+00
-7.477566389472769970e+00
-7.475894470917296530e+00
-7.476838025435654345e+00
-7.400133270755759440e+00
-7.477103047018403004e+00
-7.476405965171608159e+00
-7.468441826822072471e+00
-7.477449069342014809e+00
-7.477758898056436010e+00
-7.477880420903261438e+00
-7.476709606428471488e+00
-7.328759541559801249e+00
-7.459788900737748918e+00
-7.339633447952564893e+00
-7.476983884102537559e+00
-7.465512880482492619e+00
-7.477083686535479501e+00
-7.339660818924585328e+00
-7.477273410760062688e+00
-7.339638849933635356e+00
-7.339641442907122837e+00
-7.339622733099986363e+00
-7.477207500939016427e+00
-7.476736106326995923e+00
-7.477732909170157427e+00
-7.477779944717539706e+00
-7.476119220131522525e+00
-7.400222632932127453e+00
-7.477092861170717697e+00
-7.464963134638992415e+00
-7.339627639336413267e+00
-7.477751663400624693e+00
-7.339642661025663983e+00
-7.339663646041117318e+00
-2.873743534844834358e+00
-3.390614110685419291e+00
-7.477509172413306260e+00
-2.873740846873261034e+00
-7.473116908746590070e+00
-7.474842701120678612e+00
-7.475710494418052576e+00
-7.339588115057267714e+00
-7.470610800149984243e+00
-7.477875713051389539e+00
-7.476488396326885777e+00
-7.339663815290805360e+00
-7.339652732769081922e+00
-7.477412281605609223e+00
-7.475478928215579799e+00
-7.475867871152331645e+00
-7.476841751475006959e+00
-7.339682627637557744e+00
-7.477812618923564969e+00
-7.339652636979735689e+00
-7.474511526453781585e+00
-7.475569365845558423e+00
-7.477025126828948487e+00
-7.475825362175328337e+00
-7.477225472309669385e+00
-7.338006248530064113e+00
-7.477696630573973380e+00
-7.477692284545909729e+00
-7.400454678394453367e+00
-7.477810171860824084e+00
-7.463290359187006118e+00
-7.477896381819164162e+00
-7.477521656110297954e+00
-7.457820376509971538e+00
-7.476952858711911176e+00
-7.339654993400472449e+00
-7.339623782473609026e+00
-7.477924951229510953e+00
-7.477864364614902115e+00
-7.339632975086715305e+00
-7.477916386816147565e+00
-7.472433020215476063e+00
-7.477185619508873060e+00
-7.443728021540664486e+00
-7.477728164599170668e+00
-7.477786019544566898e+00
-7.477831379118924815e+00
-7.339507855857846153e+00
-7.339642687129980914e+00
-7.477911401131528635e+00
-7.476428347642695371e+00
-7.477677905376594936e+00
-7.476781446248537577e+00
-7.339600156221877114e+00
-7.468059795359408781e+00
-7.474752789879168802e+00
-7.473965234159322790e+00
-7.339608879416118725e+00
-7.477286403192465514e+00
-7.475750599410730501e+00
-7.477853018059448686e+00
-7.477530408233292292e+00
-7.476090939462551432e+00
-7.476091853492135897e+00
-7.339647412304657337e+00
-7.477659931316708253e+00
-7.328957696671210442e+00
-7.475844349495432084e+00
-7.477893937235592148e+00
-7.476267040100992745e+00
-7.470948586222675658e+00
-7.477793629111374685e+00
-7.477640840224580643e+00
-7.339658837139268144e+00
-7.477952298813420384e+00
-7.477930264116526615e+00
-7.477401701648076937e+00
-7.476441235996389878e+00
-7.339664558614913403e+00
-7.476249930222365947e+00
-7.339645170267885987e+00
-7.477807790753558947e+00
-2.873742470372235402e+00
-7.471479034917592799e+00
-7.339663211045717617e+00
-7.476840902194908267e+00
-7.339636166579111887e+00
-7.477927701778412484e+00
-7.444809996284675435e+00
-7.477864175357183285e+00
-7.477831025016147493e+00
-7.477497739206455662e+00
-7.470705512672111581e+00
-7.477862043412869753e+00
-7.476666170921340893e+00
-7.339670617287083587e+00
-7.477380414426988864e+00
-7.477384740451952894e+00
-7.477871695301416821e+00
-7.475470941620187659e+00
-7.476998484430907865e+00
-7.477617513447171405e+00
-7.339649391073635343e+00
-7.474068899053577297e+00
-7.477139260225612816e+00
-3.390629341010935605e+00
-7.477940802800396192e+00
-2.873740391340106726e+00
-7.477602349244648394e+00
-7.477692747963374131e+00
-7.477548462796448803e+00
-7.477926149125764255e+00
-7.477519879865070607e+00
-7.339630015564125642e+00
-7.477710367901892141e+00
-7.339661581570908311e+00
-7.339636530519328517e+00
-7.476873313564055934e+00
-7.339624850887048524e+00
-7.339654037398759101e+00
-7.477704754067332260e+00
-7.477829034247221784e+00
-7.459698641572686029e+00
-7.339661248280208383e+00
-7.477741658242905487e+00
-7.477634229463774318e+00
-7.475167785362827999e+00
-7.477770917004896489e+00
-7.475474827497862407e+00
-7.476688960127489736e+00
-7.470415156177750760e+00
-7.477625864510599740e+00
-7.477906606599468375e+00
-7.477594135401091080e+00
-7.477400411146845727e+00
-7.477858368256136146e+00
-7.462216106911000679e+00
-7.476641021552723032e+00
-7.475803500381744016e+00
-7.477652375932692053e+00
-7.477851280267714174e+00
-7.477717415745587459e+00
-7.339648133734044677e+00
-7.470755583113032117e+00
-7.477833687118959460e+00
-7.460746883940373664e+00
-7.477879473297434743e+00
-7.469476720861166541e+00
-7.339588278295650525e+00
-7.473419903877868364e+00
-7.477456699512629257e+00
-7.477541852731292238e+00
-7.477699971014089897e+00
-7.477801746157979323e+00
-7.474833600591523464e+00
-7.477951656617506160e+00
-7.477639959018794968e+00
-7.473403809838828238e+00
-7.476120239867441342e+00
-7.477657435560900012e+00
-7.476465824247398473e+00
-7.477362374628683028e+00
-7.474556402277642064e+00
-7.339638611247664812e+00
-7.476194413024586538e+00
-7.339615954702367162e+00
-7.477282855589379551e+00
-7.477835595261126400e+00
-7.339643654252540728e+00
-7.455254827244971239e+00
-7.477138062415178865e+00
-7.473539804425598732e+00
-3.390619089361280203e+00
-7.477939244725575918e+00
-7.477349256356447427e+00
-7.477207909468006619e+00
-7.339619797623981867e+00
-7.477945100196478734e+00
-7.477388675191398271e+00
-7.476900627127520238e+00
-7.470087591892877299e+00
-7.477699791309646571e+00
-7.477466959696783988e+00
-7.477523342410790974e+00
-7.477070645485529354e+00
-7.473835106467277001e+00
-7.477692788717035910e+00
-7.476376698287367617e+00
-7.400035413353180047e+00
-7.476454819265200058e+00
-7.472117756659145016e+00
-7.477133168446243872e+00
-7.476597395447100780e+00
-7.477021900688669120e+00
-7.476241900421030095e+00
-7.477768879156087678e+00
-7.477884171121147006e+00
-7.339599437804281479e+00
-7.469428354492379185e+00
-7.400081303494516760e+00
-7.477728345409559552e+00
-7.477253047748718018e+00
-7.339585597571385733e+00
-7.339556918589551060e+00
-7.477940462198120031e+00
-7.477690332609540746e+00
-7.472277680268007316e+00
-7.476635530877047131e+00
-7.339631938063575944e+00
-7.477675875942736639e+00
-7.476803396208051566e+00
-7.476073291544025778e+00
-7.477710398765452737e+00
-7.474881329828804155e+00
-3.390618492499925196e+00
-7.339634282228416851e+00
-7.476879056517191202e+00
-7.475893140686139304e+00
-7.477672823406805946e+00
-7.473351074632319069e+00
-7.339656429957358341e+00
-7.477478859781626852e+00
-7.477744258860070659e+00
-7.477159358590597549e+00
-7.477383679886145273e+00
-7.475830330962708103e+00
-7.477884706927284242e+00
-7.400012163459905423e+00
-7.467777586597321715e+00
-7.476437742168059231e+00
-7.339659911780927359e+00
-7.339650591374720534e+00
-7.339588531545359729e+00
-7.339598519157334522e+00
-7.477355935348841243e+00
-7.477848725784632222e+00
-7.475499209529971267e+00
-7.474626909863218316e+00
-7.477896848766420135e+00
-7.477676659314511198e+00
-7.477073975206394607e+00
-7.339657062739206594e+00
-7.477751780042012797e+00
-7.470518192388794887e+00
-7.473123909684034061e+00
-7.477198901411959753e+00
-7.477364967291237008e+00
-7.477847955835983385e+00
-2.873736052948515862e+00
-7.477651878976871558e+00
-7.468544454553011747e+00
-7.473420313600172449e+00
-7.477279892032868247e+00
-7.458094473048845430e+00
-7.416004886588780209e+00
-7.477836446991375396e+00
-7.477277396268846132e+00
-7.477291849713765259e+00
-7.339656494057180680e+00
-7.477264302616617897e+00
-7.475935773674791562e+00
-7.476595587025570921e+00
-7.477781472843794575e+00
-7.477471946344195430e+00
-7.473377998993782967e+00
-7.477800202971366161e+00
-7.477799888074287082e+00
-7.475915337995189702e+00
-7.477705055822696067e+00
-7.467760616646273775e+00
-7.473789144377064986e+00
-7.339654635210536071e+00
-7.477226475047388021e+00
-7.477721731561587148e+00
-3.390625233761966228e+00
-7.451981053472991334e+00
-7.476110434524343873e+00
-7.339652601292982581e+00
-7.401309341636078898e+00
-7.477181326800064198e+00
-7.477769238391161366e+00
-7.477097392470795967e+00
-7.477846092360055152e+00
-7.477660209633938848e+00
-7.477364655955057060e+00
-7.477231055125173498e+00
-7.467797341304503789e+00
-7.477802012069417970e+00
-7.334723434724537583e+00
-7.477540052586221009e+00
-7.339621534375055489e+00
-7.475462877167046827e+00
-7.477958948916636928e+00
-7.477118300362462833e+00
-7.476992606536761343e+00
-7.453828148369211704e+00
-7.339634251367897377e+00
-7.477317984908410153e+00
-7.470900093179352552e+00
-7.339649937535341451e+00
-7.477689872024257056e+00
-7.477668352493111570e+00
-7.474946316970999760e+00
-7.477785259443237464e+00
-7.457930508987374196e+00
-7.473821201710336481e+00
-7.476460217101021044e+00
-7.400087783978960942e+00
-7.477855267402503614e+00
-7.477613080383093802e+00
-7.477581999908778698e+00
-7.476297707133710446e+00
-7.477306063340265041e+00
-7.477099430426051185e+00
-7.460972339405998355e+00
-7.477598008424820364e+00
-7.476520597530111445e+00
-7.476614437707326033e+00
-7.477222942551179585e+00
-7.477902169479506256e+00
-7.477175467069230308e+00
-7.471993667169954279e+00
-7.339603989006718621e+00
-7.477496686049562413e+00
-3.390630292822606862e+00
-7.339653805441685108e+00
-7.477155573585491766e+00
-7.477517503450599179e+00
-7.476246988513310043e+00
-7.474427853873976346e+00
-7.476960317076759566e+00
-7.339663202323663427e+00
-7.339623200012283633e+00
-7.477718257373680899e+00
-7.474390636431365920e+00
-7.472896517769413549e+00
-7.477778216695242008e+00
-7.339652708772973710e+00
-7.464795170573779615e+00
-7.339645757723246788e+00
-7.469730509861392420e+00
-7.477045346926729508e+00
-7.477880681254589490e+00
-7.476783008760094162e+00
-7.477744655775254046e+00
-2.791124772105831653e+00
-7.339595276563159132e+00
-7.477796618759583680e+00
-7.477735399910926617e+00
-7.476532114362726134e+00
-7.477966257584512277e+00
-7.471868136417327833e+00
-3.390625540341716260e+00
-7.477388567291626487e+00
-7.476343023527078913e+00
-3.390620081103406847e+00
-7.469886971696269029e+00
-7.477552702436597087e+00
-7.473584323625800607e+00
-7.475853165139824341e+00
-7.339367001392929524e+00
-7.470973803279548520e+00
-7.477087621541045337e+00
-7.476157471389967668e+00
-7.476472205511171865e+00
-7.476813027869184225e+00
-7.476256349945117563e+00
-7.472384531816715025e+00
-7.339611339552448044e+00
-7.476410329778673258e+00
-7.477314725777887361e+00
-7.467366894449128267e+00
-7.476906975448855519e+00
-7.339652769206168159e+00
-7.477953990644891746e+00
-7.469472126756500074e+00
-7.477522710072918244e+00
-7.477661874788395835e+00
-7.472371109876576156e+00
-7.477516776135750831e+00
-7.477612880210870117e+00
-7.477750550968494281e+00
-7.477762212928723784e+00
-7.477788896976505839e+00
-7.477669435819066734e+00
-7.477955561801962858e+00
-7.477952300828619059e+00
-7.477715862976225480e+00
-7.339655781151577685e+00
-7.463466202202653221e+00
-7.339558382805535075e+00
-7.477715628437749729e+00
-7.477679091671538103e+00
-7.339642667535827059e+00
-7.477897369668539795e+00
-7.477225285703298141e+00
-7.477886250955748437e+00
-7.339534688832827669e+00
-7.477362597629994667e+00
-7.410165264642273542e+00
-7.339608536321975407e+00
-7.477148294393884953e+00
-7.339580379405560961e+00
-7.477899291570167861e+00
-7.339630033254252339e+00
-7.477744911301556385e+00
-7.477877317686086656e+00
-7.477874592748037230e+00
-7.477847712146484582e+00
-7.477602148693677009e+00
-2.791127226606477052e+00
-7.477886142004422254e+00
-7.338898840617275710e+00
-7.472380875295584701e+00
-7.477880141386975765e+00
-7.471144713466401299e+00
-3.390624078921973705e+00
-7.475230197680787114e+00
-7.472575343104381318e+00
-7.476957869227135234e+00
