-2.011115092039108276e+01
-2.006841763854026794e+01
-2.006123752892017365e+01
-2.008965605497360229e+01
-2.006255763769149780e+01
-2.012375833094120026e+01
-2.007540850341320038e+01
-2.013518518209457397e+01
-2.010045108199119568e+01
-2.009351888298988342e+01
-2.006756365299224854e+01
-2.007384750247001648e+01
-2.009769070148468018e+01
-2.005201958119869232e+01
-2.004940898716449738e+01
-2.012990443408489227e+01
-2.005222952365875244e+01
-2.015161807835102081e+01
-2.007709975540637970e+01
-2.008390718698501587e+01
-2.007441852986812592e+01
-2.008172422647476196e+01
-2.009707580506801605e+01
-2.008420592546463013e+01
-2.005755700170993805e+01
-2.007953742146492004e+01
-2.011248123645782471e+01
-2.013092465698719025e+01
-2.007377140223979950e+01
-2.002596518397331238e+01
-2.006500767171382904e+01
-2.008381572365760803e+01
-2.007100820541381836e+01
-1.991550080478191376e+01
-2.007963469624519348e+01
-2.010719285905361176e+01
-2.001783004403114319e+01
-2.006721700727939606e+01
-2.004244831204414368e+01
-2.008099402487277985e+01
-2.009908452630043030e+01
-2.008952102065086365e+01
-2.009114818274974823e+01
-2.008427706360816956e+01
-2.010457846522331238e+01
-2.012249957025051117e+01
-2.009883722662925720e+01
-2.001770183444023132e+01
-2.010298806428909302e+01
-2.008957478404045105e+01
-2.006951624155044556e+01
-2.010638818144798279e+01
-2.010205028951168060e+01
-2.011690975725650787e+01
-2.009699122607707977e+01
-2.012431719899177551e+01
-2.011659365892410278e+01
-2.012675358355045319e+01
-2.016008220613002777e+01
-2.007790678739547729e+01
-2.014758850634098053e+01
-2.010853411257266998e+01
-2.011724200844764709e+01
-2.014596341550350189e+01
-2.011732061207294464e+01
-2.007055145502090454e+01
-2.011384625732898712e+01
-2.010076543688774109e+01
-2.002714620530605316e+01
-2.007361540198326111e+01
-2.007133495807647705e+01
-2.007355992496013641e+01
-2.009011983871459961e+01
-2.006801296770572662e+01
-2.013769200444221497e+01
-2.014020435512065887e+01
-2.008463700115680695e+01
-2.012977182865142822e+01
-2.007849754393100739e+01
-2.004787762463092804e+01
-2.007674178481101990e+01
-2.009250156581401825e+01
-2.008261092007160187e+01
-2.011249655485153198e+01
-2.008564080297946930e+01
-2.008622179925441742e+01
-2.008918842673301697e+01
-1.995177212357521057e+01
-2.008789467811584473e+01
-2.009139901399612427e+01
-2.009377999603748322e+01
-2.018291267752647400e+01
-2.010529007017612457e+01
-2.010423970222473145e+01
-2.005659353733062744e+01
-2.016534556448459625e+01
-2.007568334043025970e+01
-2.006887394189834595e+01
-2.008531498908996582e+01
-2.007985427975654602e+01
-2.012130254507064819e+01
-2.007200920581817627e+01
-2.001414245367050171e+01
-2.015945918858051300e+01
-2.010071171820163727e+01
-2.007427197694778442e+01
-2.013099116086959839e+01
-2.008819004893302917e+01
-2.005591273307800293e+01
-2.008246932923793793e+01
-2.014178261160850525e+01
-2.006172591447830200e+01
-2.010016195476055145e+01
-2.010179749131202698e+01
-2.006215663254261017e+01
-2.006806512176990509e+01
-2.016090789437294006e+01
-2.008443242311477661e+01
-2.016500526666641235e+01
-2.007035857439041138e+01
-2.012583479285240173e+01
-2.001933021843433380e+01
-2.008953109383583069e+01
-2.008291210234165192e+01
-2.006160633265972137e+01
-2.006828297674655914e+01
-2.014742107689380646e+01
-2.003684078156948090e+01
-2.009413169324398041e+01
-2.008682128787040710e+01
-2.009231291711330414e+01
-2.013955122232437134e+01
-2.008052258193492889e+01
-2.012648189067840576e+01
-2.013326962292194366e+01
-2.009073017537593842e+01
-2.009814774990081787e+01
-2.010286337137222290e+01
-2.014446091651916504e+01
-2.007271094620227814e+01
-2.008279293775558472e+01
-2.007561241090297699e+01
-2.012795484066009521e+01
-2.014679463207721710e+01
-2.016324140131473541e+01
-2.008738453686237335e+01
-2.007640467584133148e+01
-2.002222941815853119e+01
-2.012546069920063019e+01
-2.008140546083450317e+01
-2.007942548394203186e+01
-2.009005317091941833e+01
-2.003760555386543274e+01
-2.009688034653663635e+01
-2.008636353909969330e+01
-2.018561577796936035e+01
-2.007566726207733154e+01
-2.009532591700553894e+01
-2.009072215855121613e+01
-2.007988889515399933e+01
-2.013308046758174896e+01
-2.005975385010242462e+01
-2.005626210570335388e+01
-2.008330009877681732e+01
-2.005899092555046082e+01
-2.008904600143432617e+01
-2.011507017910480499e+01
-2.004856139421463013e+01
-2.008695013821125031e+01
-2.007168009877204895e+01
-2.014523725211620331e+01
-2.008983509242534637e+01
-2.015660636126995087e+01
-2.012793451547622681e+01
-2.012227828800678253e+01
-2.006303401291370392e+01
-2.010998444259166718e+01
-2.009093663096427917e+01
-2.010272379219532013e+01
-2.008513227105140686e+01
-2.008514662086963654e+01
-2.007899044454097748e+01
-2.015116788446903229e+01
-2.012151364982128143e+01
-2.010206416249275208e+01
-2.006380054354667664e+01
-2.005204182863235474e+01
-2.006445032358169556e+01
-2.007798302173614502e+01
-2.016493761539459229e+01
-2.014318718016147614e+01
-2.004260289669036865e+01
-2.008212816715240479e+01
-2.010006421804428101e+01
-2.014410600066184998e+01
-2.009026852250099182e+01
-2.006821782886981964e+01
-2.007044965028762817e+01
-2.014932411909103394e+01
-2.008809521794319153e+01
-2.013924866914749146e+01
-2.006745670735836029e+01
-2.003426179289817810e+01
-2.013810670375823975e+01
-2.009079818427562714e+01
-2.013211242854595184e+01
-2.009994268417358398e+01
-2.009713958203792572e+01
-2.005257494747638702e+01
-2.008403584361076355e+01
-2.010712610185146332e+01
-2.006219230592250824e+01
-2.011425219476222992e+01
-2.012342071533203125e+01
-2.008455479145050049e+01
-2.010435135662555695e+01
-2.012771075963973999e+01
-2.010013654828071594e+01
-2.010546767711639404e+01
-2.010241742432117462e+01
-2.015980497002601624e+01
-2.009366664290428162e+01
-2.007116526365280151e+01
-2.010989214479923248e+01
-2.008269841969013214e+01
-2.008053600788116455e+01
-2.015426427125930786e+01
-2.008379082381725311e+01
-2.012519140541553497e+01
-2.006344544887542725e+01
-2.006983461976051331e+01
-2.007414807379245758e+01
-2.007593604922294617e+01
-2.001297260820865631e+01
-2.008310475945472717e+01
-2.004250875115394592e+01
-2.015321269631385803e+01
-2.012473244965076447e+01
-2.005172307789325714e+01
-2.008208709955215454e+01
-2.009244287014007568e+01
-2.011436502635478973e+01
-2.011210678517818451e+01
-2.011481909453868866e+01
-2.008704650402069092e+01
-2.001347304880619049e+01
-2.016531142592430115e+01
-2.013899984955787659e+01
-2.010856778919696808e+01
-2.008642250299453735e+01
-2.011684763431549072e+01
-2.007158181071281433e+01
-2.006117734313011169e+01
-2.007052026689052582e+01
-2.006021751463413239e+01
-2.007797959446907043e+01
-2.011386542022228241e+01
-2.010841064155101776e+01
-2.011754003167152405e+01
-2.006928095221519470e+01
-2.010731126368045807e+01
-2.012628866732120514e+01
-2.008619126677513123e+01
-2.007914324104785919e+01
-2.014202545583248138e+01
-2.009681107103824615e+01
-2.012580433487892151e+01
-2.011206561326980591e+01
-2.007686670124530792e+01
-2.007589769363403320e+01
-2.011986190080642700e+01
-2.010114090144634247e+01
-2.010897380113601685e+01
-2.011204570531845093e+01
-2.007128140330314636e+01
-2.005797657370567322e+01
-2.014390608668327332e+01
-2.013180388510227203e+01
-2.012185451388359070e+01
-2.009069140255451202e+01
-2.007143650949001312e+01
-2.006529884040355682e+01
-2.012298379838466644e+01
-2.009916825592517853e+01
-2.006869608163833618e+01
-2.007202847301959991e+01
-2.014316520094871521e+01
-2.008968891203403473e+01
-1.996702671051025391e+01
-2.007809798419475555e+01
-2.008521549403667450e+01
-2.006989341974258423e+01
-2.011197185516357422e+01
-2.005458280444145203e+01
-2.007511745393276215e+01
-2.012245807051658630e+01
-2.010469140112400055e+01
-2.008278107643127441e+01
-2.009034517407417297e+01
-2.008578647673130035e+01
-2.007993774116039276e+01
-2.010256364941596985e+01
-2.008449958264827728e+01
-2.007690224051475525e+01
-2.009091326594352722e+01
-2.010527291893959045e+01
-2.012797075510025024e+01
-2.014220322668552399e+01
-2.012923870980739594e+01
-2.014459392428398132e+01
-2.005285890400409698e+01
-2.011158905923366547e+01
-2.014837357401847839e+01
-2.004632815718650818e+01
-2.009490327537059784e+01
-2.007368475198745728e+01
-2.013319496810436249e+01
-2.008513498306274414e+01
-2.012300369143486023e+01
-2.007548804581165314e+01
-2.010768355429172516e+01
-2.010215979814529419e+01
-2.009334148466587067e+01
-2.010074836015701294e+01
-2.008948567509651184e+01
-2.008070529997348785e+01
-2.006869548559188843e+01
-2.009305815398693085e+01
-2.008303290605545044e+01
-2.011216501891613007e+01
-2.008197697997093201e+01
-2.015107262134552002e+01
-2.005580419301986694e+01
-2.009463150799274445e+01
-2.016183125972747803e+01
-2.010164310038089752e+01
-2.002724212408065796e+01
-2.007608191668987274e+01
-2.006197661161422729e+01
-2.007271952927112579e+01
-2.007292455434799194e+01
-2.015103130042552948e+01
-2.008396536111831665e+01
-2.000510874390602112e+01
-2.007904726266860962e+01
-2.012013438344001770e+01
-2.004532591998577118e+01
-2.008737885951995850e+01
-2.006937056779861450e+01
-2.007733692228794098e+01
-2.010054950416088104e+01
-2.009362345933914185e+01
-2.008696578443050385e+01
-2.005596278607845306e+01
-2.014372856914997101e+01
-2.011769734323024750e+01
-2.006996932625770569e+01
-2.018991051614284515e+01
-2.002133649587631226e+01
-2.008319351077079773e+01
-2.004466024041175842e+01
-2.005505336821079254e+01
-2.006649905443191528e+01
-2.007835108041763306e+01
-2.009090577065944672e+01
-2.012847694754600525e+01
-2.011530236899852753e+01
-2.007886226475238800e+01
-2.012290391325950623e+01
-2.011036847531795502e+01
-2.009273973107337952e+01
-1.991095745563507080e+01
-2.007583767175674438e+01
-2.008094136416912079e+01
-2.017049524188041687e+01
-2.009411968290805817e+01
-2.010543417930603027e+01
-2.010016860067844391e+01
-2.003719811141490936e+01
-2.011335162818431854e+01
-2.007176971435546875e+01
-2.009385229647159576e+01
-2.008398823440074921e+01
-2.009143784642219543e+01
-2.008583110570907593e+01
-2.004100401699542999e+01
-2.006480488181114197e+01
-2.011713349819183350e+01
-2.005647729337215424e+01
-2.011442945897579193e+01
-2.010299631953239441e+01
-2.008321228623390198e+01
-2.016662618517875671e+01
-2.007929450273513794e+01
-2.011354255676269531e+01
-2.008224873244762421e+01
-2.012035457789897919e+01
-2.010273995995521545e+01
-2.001096665859222412e+01
-2.008310888707637787e+01
-2.001269784569740295e+01
-2.007658103108406067e+01
-2.004962138831615448e+01
-2.008595299720764160e+01
-2.007206985354423523e+01
-2.004058218002319336e+01
-2.007330143451690674e+01
-2.006839536130428314e+01
-2.011134272813796997e+01
-2.006327915191650391e+01
-2.008376204967498779e+01
-2.006929607689380646e+01
-2.007359807193279266e+01
-2.008156807720661163e+01
-2.006796047091484070e+01
-2.007875223457813263e+01
-2.008091074228286743e+01
-2.008171816170215607e+01
-2.007653997838497162e+01
-2.004659503698348999e+01
-2.008854408562183380e+01
-2.009704606235027313e+01
-2.010306641459465027e+01
-2.008424939215183258e+01
-2.009563010931015015e+01
-2.009160380065441132e+01
-2.013528372347354889e+01
-1.999482981860637665e+01
-2.007970137894153595e+01
-2.007161097228527069e+01
-2.011980338394641876e+01
-2.010036760568618774e+01
-2.014390204846858978e+01
-1.998545068502426147e+01
-1.985356168448925018e+01
-2.009207643568515778e+01
-2.009944377839565277e+01
-2.006752258539199829e+01
-2.009642384946346283e+01
-2.009431788325309753e+01
-2.008548085391521454e+01
-1.998202033340930939e+01
-2.006565484404563904e+01
-2.011821489036083221e+01
-2.011230693757534027e+01
-2.010834732651710510e+01
-2.007066792249679565e+01
-2.008776327967643738e+01
-2.005201512575149536e+01
-2.005045901238918304e+01
-2.007755088806152344e+01
-2.006965728104114532e+01
-2.007872509956359863e+01
-2.010421155393123627e+01
-2.015401057898998260e+01
-2.009991857409477234e+01
-2.005264130234718323e+01
-2.009768407046794891e+01
-2.008152876794338226e+01
-2.005152136087417603e+01
-2.008932667970657349e+01
-2.000589752197265625e+01
-2.012229909002780914e+01
-2.012493926286697388e+01
-2.016192890703678131e+01
-2.006371895968914032e+01
-2.010545447468757629e+01
-2.009426970779895782e+01
-2.006398661434650421e+01
-2.009777237474918365e+01
-2.008260555565357208e+01
-2.007144290208816528e+01
-2.006774856150150299e+01
-2.008865182101726532e+01
-2.015445083379745483e+01
-2.005343788862228394e+01
-2.009580697119235992e+01
-2.010908205807209015e+01
-2.009968683123588562e+01
-2.007742746174335480e+01
-2.012677225470542908e+01
-2.002217306196689606e+01
-2.014020341634750366e+01
-2.008909161388874054e+01
-2.005177116394042969e+01
-2.008937890827655792e+01
-2.008002206683158875e+01
-2.005964124202728271e+01
-2.010968290269374847e+01
-2.006075870990753174e+01
-2.009651996195316315e+01
-2.005286233127117157e+01
-2.007135708630084991e+01
-2.007608485221862793e+01
-2.007621774077415466e+01
-2.012354344129562378e+01
-2.013414707779884338e+01
-2.008315946161746979e+01
-2.009359124302864075e+01
-2.014773257076740265e+01
-2.015327033400535583e+01
-2.009464231133460999e+01
-2.009135890007019043e+01
-2.016816858947277069e+01
-2.013765782117843628e+01
-2.007597737014293671e+01
-2.011234067380428314e+01
-2.014603266119956970e+01
-2.007589019834995270e+01
-2.009099867939949036e+01
-2.008298887312412262e+01
-2.007922190427780151e+01
-2.013783113658428192e+01
-2.013280871510505676e+01
-2.009879845380783081e+01
-2.007118934392929077e+01
-2.013428328931331635e+01
-2.008465285599231720e+01
-2.009581393003463745e+01
-2.010574899613857269e+01
-2.007907909154891968e+01
-2.014197742938995361e+01
-2.008812204003334045e+01
-2.015036912262439728e+01
-1.985385084152221680e+01
-2.005211465060710907e+01
-2.006086431443691254e+01
-2.014091643691062927e+01
-2.007348781824111938e+01
-2.011344434320926666e+01
-2.009740802645683289e+01
-2.008345770835876465e+01
-2.005907931923866272e+01
-2.009977819025516510e+01
-2.010818387567996979e+01
-2.011100597679615021e+01
-2.007942248880863190e+01
-2.012336054444313049e+01
-2.005311380326747894e+01
-2.007371170818805695e+01
-2.014751420915126801e+01
-2.005663569271564484e+01
-2.015401656925678253e+01
-2.007150152325630188e+01
-2.011680985987186432e+01
-2.003768104314804077e+01
-2.008548930287361145e+01
-2.007244250178337097e+01
-2.008311921358108521e+01
-2.010007737576961517e+01
-2.012819339334964752e+01
-2.005705618858337402e+01
-2.001415213942527771e+01
-2.007883433997631073e+01
-2.011256878077983856e+01
-2.013998262584209442e+01
-2.009763918817043304e+01
-2.005912865698337555e+01
-2.008338372409343719e+01
-2.010848301649093628e+01
-2.008351400494575500e+01
-2.008160685002803802e+01
-2.010779452323913574e+01
-2.012545569241046906e+01
-2.007430157065391541e+01
-2.008637408912181854e+01
-2.006626243889331818e+01
-2.013441953063011169e+01
-2.005336545407772064e+01
-2.013005918264389038e+01
-2.007035276293754578e+01
-2.015448294579982758e+01
-2.014807647466659546e+01
-2.010814023017883301e+01
-2.007207991182804108e+01
-2.008013898134231567e+01
-2.004025712609291077e+01
-2.006092050671577454e+01
-2.006818765401840210e+01
-2.009665991365909576e+01
-2.013390593230724335e+01
-2.004545496404170990e+01
-1.992142410576343536e+01
-2.008004225790500641e+01
-2.006488655507564545e+01
-2.013520595431327820e+01
-2.007497195899486542e+01
-2.014529331028461456e+01
-2.007868595421314240e+01
-2.008735446631908417e+01
-2.012228983640670776e+01
-2.004629062116146088e+01
-2.001786714792251587e+01
-2.007387670874595642e+01
-2.014254812896251678e+01
-2.007219560444355011e+01
-2.006804437935352325e+01
-2.009863755106925964e+01
-2.013577194511890411e+01
-2.002585250139236450e+01
-2.002256843447685242e+01
-2.012922543287277222e+01
-2.008172848820686340e+01
-2.008338205516338348e+01
-2.009930472075939178e+01
-2.007342973351478577e+01
-2.006167715787887573e+01
-2.012864281237125397e+01
-2.009948422014713287e+01
-2.005724701285362244e+01
-2.000585493445396423e+01
-2.007451033592224121e+01
-2.008621495962142944e+01
-2.009633372724056244e+01
-2.010060513019561768e+01
-2.009068192541599274e+01
-2.007643897831439972e+01
-2.006393939256668091e+01
-2.006787864863872528e+01
-2.007068875432014465e+01
-2.014974255859851837e+01
-2.006523300707340240e+01
-2.008183363080024719e+01
-2.004650788009166718e+01
-2.003648468852043152e+01
-2.012708477675914764e+01
-2.013165180385112762e+01
-2.009590782225131989e+01
-2.007514549791812897e+01
-2.013300967216491699e+01
-2.010531528294086456e+01
-2.005777694284915924e+01
-2.009955836832523346e+01
-2.003561016917228699e+01
-2.009366674721240997e+01
-2.016222991049289703e+01
-2.009943880140781403e+01
-2.005477887392044067e+01
-2.007512892782688141e+01
-2.010084764659404755e+01
-2.013241289556026459e+01
-2.008134402334690094e+01
-2.008846874535083771e+01
-2.008449628949165344e+01
-2.013483195006847382e+01
-1.688342738151550293e+01
-2.008272187411785126e+01
-2.006598676741123199e+01
-2.006628116965293884e+01
-2.013275612890720367e+01
-2.008543077111244202e+01
-2.010907070338726044e+01
-2.010587453842163086e+01
-2.005837281048297882e+01
-2.007357892394065857e+01
-2.008200836181640625e+01
-1.987610499560832977e+01
-2.013597708940505981e+01
-2.009192040562629700e+01
-2.012163345515727997e+01
-2.006718693673610687e+01
-2.006999817490577698e+01
-2.007307350635528564e+01
-2.005991378426551819e+01
-2.013729654252529144e+01
-2.010428310930728912e+01
-2.010493606328964233e+01
-2.010559102892875671e+01
-2.010683551430702209e+01
-2.016649228334426880e+01
-2.008932043612003326e+01
-2.008070085942745209e+01
-2.008669745922088623e+01
-2.007995326817035675e+01
-2.009232506155967712e+01
-2.013249801099300385e+01
-2.007259778678417206e+01
-2.014484530687332153e+01
-2.003330802917480469e+01
-2.006751613318920135e+01
-2.009410449862480164e+01
-2.010569831728935242e+01
-2.008852450549602509e+01
-2.016476902365684509e+01
-2.008168834447860718e+01
-2.014362718164920807e+01
-2.002188947796821594e+01
-2.007735832035541534e+01
-2.012526124715805054e+01
-2.007681627571582794e+01
-2.010618622601032257e+01
-2.003707066178321838e+01
-2.010591843724250793e+01
-2.006415128707885742e+01
-2.008394409716129303e+01
-2.008581200242042542e+01
-2.008330090343952179e+01
-2.005928915739059448e+01
-2.012830254435539246e+01
-2.013793967664241791e+01
-2.001623709499835968e+01
-2.004091879725456238e+01
-2.007150906324386597e+01
-2.008560243248939514e+01
-1.996666401624679565e+01
-2.007786598801612854e+01
-2.007198117673397064e+01
-2.007855799794197083e+01
-2.012873205542564392e+01
-2.009166605770587921e+01
-2.008783426880836487e+01
-2.007776808738708496e+01
-2.010373385250568390e+01
-2.009748505055904388e+01
-2.012051092088222504e+01
-2.013335143029689789e+01
-2.010403408110141754e+01
-2.007281132042407990e+01
-2.013494570553302765e+01
-2.007566939294338226e+01
-2.010263690352439880e+01
-2.001268173754215240e+01
-2.006590995192527771e+01
-2.014689661562442780e+01
-2.006844858825206757e+01
-2.006619673967361450e+01
-2.007789924740791321e+01
-2.011490406095981598e+01
-2.013794179260730743e+01
-2.014586406946182251e+01
-2.010596592724323273e+01
-2.016073949635028839e+01
-2.003040696680545807e+01
-2.008870987594127655e+01
-2.011829212307929993e+01
-2.011915387213230133e+01
-2.008721087872982025e+01
-2.005778630077838898e+01
-2.014233261346817017e+01
-2.008330972492694855e+01
-2.007439590990543365e+01
-2.006675687432289124e+01
-2.004897421598434448e+01
-2.006881234049797058e+01
-2.005381378531455994e+01
-2.010720098018646240e+01
-2.007483525574207306e+01
-2.016497346758842468e+01
-2.011744464933872223e+01
-2.017561200261116028e+01
-2.013159447908401489e+01
-2.006941246986389160e+01
-2.010659918189048767e+01
-2.010674116015434265e+01
-2.007556289434432983e+01
-2.009915299713611603e+01
-2.010386890172958374e+01
-2.010375145077705383e+01
-2.010302710533142090e+01
-2.006859156489372253e+01
-2.006891438364982605e+01
-2.009966999292373657e+01
-2.002583290636539459e+01
-2.004415144026279449e+01
-2.006775315105915070e+01
-2.011845076084136963e+01
-2.009418137371540070e+01
-2.001464749872684479e+01
-2.007981029152870178e+01
-2.013562141358852386e+01
-2.008118221163749695e+01
-2.010665349662303925e+01
-2.010829749703407288e+01
-2.010939660668373108e+01
-2.009875658154487610e+01
-2.008299915492534637e+01
-2.008177983760833740e+01
-2.009550227224826813e+01
-2.006589056551456451e+01
-2.011087934672832489e+01
-2.008562916517257690e+01
-2.006422795355319977e+01
-2.007926040887832642e+01
-2.009866197407245636e+01
-2.011129473149776459e+01
-2.000159291923046112e+01
-2.008221098780632019e+01
-2.010234165191650391e+01
-2.012974150478839874e+01
-2.007195942103862762e+01
-2.011173027753829956e+01
-2.010162690281867981e+01
-2.013362613320350647e+01
-2.010817147791385651e+01
-2.011466749012470245e+01
-2.012919901311397552e+01
-2.007920472323894501e+01
-2.008200506865978241e+01
-2.012976253032684326e+01
-2.008653850853443146e+01
