-2.407163849472999573e+01
-2.410414883494377136e+01
-2.408612832427024841e+01
-2.401653809845447540e+01
-2.408106723427772522e+01
-2.409811408817768097e+01
-2.408111254870891571e+01
-2.406725041568279266e+01
-2.408792074024677277e+01
-2.409587825834751129e+01
-2.406838186085224152e+01
-2.410200782120227814e+01
-2.408306963741779327e+01
-2.407154338061809540e+01
-2.406627854704856873e+01
-2.409788073599338531e+01
-2.411226312816143036e+01
-2.408754555881023407e+01
-2.409608229994773865e+01
-2.409536239504814148e+01
-2.410243858397006989e+01
-2.409671650826931000e+01
-2.406649290025234222e+01
-2.408213062584400177e+01
-2.404132142663002014e+01
-2.410025683045387268e+01
-2.404471702873706818e+01
-2.408888790011405945e+01
-2.409760823845863342e+01
-2.412375822663307190e+01
-2.407969132065773010e+01
-2.428129022940993309e+00
-2.408800438046455383e+01
-2.411560480296611786e+01
-2.410147218406200409e+01
-2.410257093608379364e+01
-2.408899708092212677e+01
-2.409336331486701965e+01
-2.411590899527072906e+01
-2.409464736282825470e+01
-2.407187207043170929e+01
-2.383490279316902161e+01
-2.403994672000408173e+01
-2.405785389244556427e+01
-2.413086858391761780e+01
-2.409390269219875336e+01
-2.409113910794258118e+01
-2.405876965820789337e+01
-2.407101903855800629e+01
-2.409537215530872345e+01
-2.384256318211555481e+01
-2.410100777447223663e+01
-2.408244599401950836e+01
-2.406672108173370361e+01
-2.411439554393291473e+01
-2.411176407337188721e+01
-2.407019479572772980e+01
-2.407851770520210266e+01
-2.407671348750591278e+01
-2.406685538589954376e+01
-2.409474784135818481e+01
-2.408439458906650543e+01
-2.411671943962574005e+01
-2.409613922238349915e+01
-2.409161882102489471e+01
-2.381251375377178192e+01
-2.407632385194301605e+01
-2.407520711421966553e+01
-2.398077470064163208e+01
-2.413307078182697296e+01
-2.407536184787750244e+01
-2.408938309550285339e+01
-2.407136580348014832e+01
-2.412106269598007202e+01
-2.412865646183490753e+01
-2.407217602431774139e+01
-2.410727068781852722e+01
-2.410450710356235504e+01
-2.409961605072021484e+01
-2.410486415028572083e+01
-2.410760165750980377e+01
-2.409504693746566772e+01
-2.408693906664848328e+01
-2.410332767665386200e+01
-2.411058817803859711e+01
-2.410050424933433533e+01
-2.410616983473300934e+01
-2.409221434593200684e+01
-2.396806660294532776e+01
-2.409983554482460022e+01
-2.410707667469978333e+01
-2.405660034716129303e+01
-2.407873822748661041e+01
-2.409155185520648956e+01
-2.405751244723796844e+01
-2.407089371979236603e+01
-2.409308488667011261e+01
-2.409173001348972321e+01
-2.410380655527114868e+01
-2.408935546875000000e+01
-2.404524725675582886e+01
-2.402856102585792542e+01
-2.404882553219795227e+01
-2.410306182503700256e+01
-2.408360888063907623e+01
-2.406966349482536316e+01
-2.408835263550281525e+01
-2.404312899708747864e+01
-2.411619903147220612e+01
-2.411732777953147888e+01
-2.406746044754981995e+01
-2.406194880604743958e+01
-2.407780019938945770e+01
-2.410482408106327057e+01
-2.410788866877555847e+01
-2.407610599696636200e+01
-2.405888281762599945e+01
-2.411089155077934265e+01
-2.411630897223949432e+01
-2.408010001480579376e+01
-2.410009135305881500e+01
-2.410942491888999939e+01
-2.408093038201332092e+01
-2.405600892007350922e+01
-2.410169330239295959e+01
-2.410557034611701965e+01
-2.407972387969493866e+01
-2.406250098347663879e+01
-2.409690490365028381e+01
-2.408619834482669830e+01
-2.409341490268707275e+01
-2.402195030450820923e+01
-2.407719314098358154e+01
-2.410819227993488312e+01
-2.405167093873023987e+01
-2.403148175776004791e+01
-2.409059220552444458e+01
-2.410522432625293732e+01
-2.405978846549987793e+01
-2.406985679268836975e+01
-2.404848349094390869e+01
-2.410904750227928162e+01
-2.411187861859798431e+01
-2.408256049454212189e+01
-2.411918763816356659e+01
-2.405892314016819000e+01
-2.054702533781528473e+01
-2.405447588860988617e+01
-2.408324447274208069e+01
-2.410171574354171753e+01
-2.408329047262668610e+01
-2.411256787180900574e+01
-2.410646392405033112e+01
-2.404452569782733917e+01
-2.410884259641170502e+01
-2.405825635790824890e+01
-2.406909579038619995e+01
-2.410090824961662292e+01
-1.114347205683588982e+01
-2.411230260133743286e+01
-2.410814319550991058e+01
-2.407851994037628174e+01
-2.408767522871494293e+01
-2.406175719201564789e+01
-2.408355750143527985e+01
-2.407699738442897797e+01
-2.412445175647735596e+01
-2.409649427235126495e+01
-2.407380409538745880e+01
-2.407743892073631287e+01
-2.409393396973609924e+01
-2.409628227353096008e+01
-2.410323002934455872e+01
-2.396587896347045898e+01
-2.411390456557273865e+01
-2.409485340118408203e+01
-2.405584774911403656e+01
-2.406538948416709900e+01
-2.408058589696884155e+01
-2.408679549396038055e+01
-2.407235309481620789e+01
-2.405564875900745392e+01
-2.406603384017944336e+01
-2.407113032042980194e+01
-2.406013102829456329e+01
-2.405421164631843567e+01
-2.410476946830749512e+01
-2.407766948640346527e+01
-2.406051160395145416e+01
-2.402675475180149078e+01
-2.404124252498149872e+01
-2.409014752507209778e+01
-2.411764189600944519e+01
-2.411640490591526031e+01
-2.409880714118480682e+01
-2.409221227467060089e+01
-2.410941325128078461e+01
-2.410620366036891937e+01
-2.411146071553230286e+01
-2.408209320902824402e+01
-2.411299785971641541e+01
-2.409200420975685120e+01
-2.405011734366416931e+01
-2.408045476675033569e+01
-2.399610343575477600e+01
-2.410170042514801025e+01
-2.407410991191864014e+01
-2.411498467624187469e+01
-2.409279017150402069e+01
-2.407975365221500397e+01
-2.404868857562541962e+01
-2.411331306397914886e+01
-2.409380328655242920e+01
-2.408427402377128601e+01
-2.405008189380168915e+01
-2.410069455206394196e+01
-2.410255973041057587e+01
-2.409665228426456451e+01
-2.406886565685272217e+01
-2.406316664814949036e+01
-2.410378690063953400e+01
-2.410699804127216339e+01
-2.407484298944473267e+01
-2.402335375547409058e+01
-2.410109840333461761e+01
-2.409281453490257263e+01
-2.410698476433753967e+01
-2.408328917622566223e+01
-2.406013335287570953e+01
-2.218405644595623016e+01
-2.406313894689083099e+01
-2.407911446690559387e+01
-2.411044971644878387e+01
-2.410061807930469513e+01
-2.409888654947280884e+01
-2.405338776111602783e+01
-2.408993580937385559e+01
-2.409643582999706268e+01
-2.410730093717575073e+01
-2.411933791637420654e+01
-2.408784678578376770e+01
-2.411416622996330261e+01
-2.408338728547096252e+01
-2.409824757277965546e+01
-2.413046936690807343e+01
-2.409382548928260803e+01
-2.411593887209892273e+01
-2.407543124258518219e+01
-2.410925604403018951e+01
-2.407538618147373199e+01
-2.408700096607208252e+01
-2.212789784371852875e+01
-2.407204139232635498e+01
-2.411075764894485474e+01
-2.408206135034561157e+01
-2.406488907337188721e+01
-2.405165328085422516e+01
-2.404968336224555969e+01
-2.407859556376934052e+01
-2.408984220027923584e+01
-2.381502921879291534e+01
-2.407707267999649048e+01
-2.409174080193042755e+01
-2.412518250942230225e+01
-2.411826528608798981e+01
-2.407723087072372437e+01
-2.409014800190925598e+01
-2.411858458817005157e+01
-2.406869480013847351e+01
-2.405114096403121948e+01
-2.410068498551845551e+01
-2.410615533590316772e+01
-2.409462121129035950e+01
-2.407303881645202637e+01
-2.408084560930728912e+01
-2.402810876071453094e+01
-2.408919329941272736e+01
-2.407791602611541748e+01
-2.409834796190261841e+01
-2.411100001633167267e+01
-2.410531137883663177e+01
-2.408305464684963226e+01
-2.406506125628948212e+01
-2.412159445881843567e+01
-2.408837541937828064e+01
-2.409294667840003967e+01
-2.411575184762477875e+01
-2.410100676119327545e+01
-2.407826597988605499e+01
-2.407563862204551697e+01
-2.411376714706420898e+01
-2.406081315875053406e+01
-2.407786265015602112e+01
-2.408117844164371490e+01
-2.408098690211772919e+01
-2.408046889305114746e+01
-2.408438678085803986e+01
-2.411441272497177124e+01
-2.412323883175849915e+01
-2.283890208601951599e+01
-2.407937712967395782e+01
-2.407386469841003418e+01
-2.408221384882926941e+01
-2.403143209218978882e+01
-2.408788824081420898e+01
-2.407274787127971649e+01
-2.409762264788150787e+01
-2.400740556418895721e+01
-2.402967128157615662e+01
-2.411787304282188416e+01
-2.405593463778495789e+01
-2.408544538915157318e+01
-2.409007798135280609e+01
-2.408664008975028992e+01
-2.411780582368373871e+01
-2.406061519682407379e+01
-2.406824661791324615e+01
-2.409387449920177460e+01
-2.409411588311195374e+01
-2.411153522133827209e+01
-2.408762496709823608e+01
-2.405592399835586548e+01
-2.406836630403995514e+01
-2.409614314138889313e+01
-2.404788175225257874e+01
-2.408103758096694946e+01
-2.412402439117431641e+01
-2.405781078338623047e+01
-2.408017469942569733e+01
-2.410029436647891998e+01
-2.411852750182151794e+01
-2.408128848671913147e+01
-2.405809253454208374e+01
-2.409981450438499451e+01
-2.409101165831089020e+01
-2.407720643281936646e+01
-2.406170693039894104e+01
-2.407409814000129700e+01
-2.405781960487365723e+01
-2.407253065705299377e+01
-2.405992092192173004e+01
-2.408896405994892120e+01
-2.404949231445789337e+01
-2.406753404438495636e+01
-2.410442173480987549e+01
-2.409425935149192810e+01
-2.404942463338375092e+01
-2.408275200426578522e+01
-2.410808919370174408e+01
-2.411313965916633606e+01
-2.405361956357955933e+01
-2.410598561167716980e+01
-2.407210311293601990e+01
-2.406509841978549957e+01
-2.413592933118343353e+01
-2.404780633747577667e+01
-2.408392800390720367e+01
-2.407605972886085510e+01
-2.407992592453956604e+01
-2.407369145750999451e+01
-2.389533565938472748e+01
-2.410816599428653717e+01
-2.410096411406993866e+01
-2.406941080093383789e+01
-2.408873240649700165e+01
-2.409168893098831177e+01
-2.406875069439411163e+01
-2.406312446296215057e+01
-2.410585828125476837e+01
-2.411707077920436859e+01
-2.409177586436271667e+01
-2.409679290652275085e+01
-2.406096485257148743e+01
-2.407524491846561432e+01
-2.406601481139659882e+01
-2.408259244263172150e+01
-2.408123992383480072e+01
-2.408852331340312958e+01
-2.409720653295516968e+01
-2.408263525366783142e+01
-2.412097592651844025e+01
-2.408299645781517029e+01
-2.404947644472122192e+01
-2.410280717909336090e+01
-2.407538896799087524e+01
-2.410993273556232452e+01
-2.409019683301448822e+01
-2.406445601582527161e+01
-2.406999443471431732e+01
-2.411934252083301544e+01
-2.408931633830070496e+01
-2.406408324837684631e+01
-2.400646197795867920e+01
-2.410199384391307831e+01
-2.409696358442306519e+01
-2.407410526275634766e+01
-2.408133152127265930e+01
-2.404733054339885712e+01
-2.406569238007068634e+01
-2.406087058782577515e+01
-2.410092736780643463e+01
-1.058312757313251495e+01
-2.410128477215766907e+01
-2.407876449823379517e+01
-2.410838066041469574e+01
-2.408948470652103424e+01
-2.410176990926265717e+01
-2.406390048563480377e+01
-2.406572671234607697e+01
-2.409721004962921143e+01
-2.406298848986625671e+01
-2.407169641554355621e+01
-4.433187544345855713e+00
-2.409081292152404785e+01
-2.410458496212959290e+01
-2.404490624368190765e+01
-2.407766735553741455e+01
-2.411807030439376831e+01
-2.408241823315620422e+01
-2.405505934357643127e+01
-2.409627221524715424e+01
-2.409544657170772552e+01
-2.408783137798309326e+01
-1.851600690186023712e+01
-2.409140646457672119e+01
-2.409004311263561249e+01
-2.408009561896324158e+01
-2.409820674359798431e+01
-2.410136853158473969e+01
-2.106101469695568085e+01
-2.409869238734245300e+01
-2.412144908308982849e+01
-2.405720934271812439e+01
-2.401290294528007507e+01
-2.408144219219684601e+01
-2.410855945944786072e+01
-2.407907736301422119e+01
-2.410083952546119690e+01
-2.406605567038059235e+01
-2.406878134608268738e+01
-2.407874728739261627e+01
-2.409411936998367310e+01
-2.409921514987945557e+01
-2.406903761625289917e+01
-2.410492826998233795e+01
-2.409612965583801270e+01
-2.410830040276050568e+01
-2.411172206699848175e+01
-2.407554870843887329e+01
-2.412471130490303040e+01
-2.406160622835159302e+01
-2.410357558727264404e+01
-2.405953489243984222e+01
-2.408576938509941101e+01
-2.409889060258865356e+01
-2.408117361366748810e+01
-2.410037156939506531e+01
-2.408415088057518005e+01
-2.408851487934589386e+01
-2.405170248448848724e+01
-2.409710413217544556e+01
-2.408673754334449768e+01
-2.408918218314647675e+01
-2.409309862554073334e+01
-2.410504183173179626e+01
-2.408386151492595673e+01
-2.410255527496337891e+01
-2.405415934324264526e+01
-2.404664044082164764e+01
-2.406303985416889191e+01
-2.406251312792301178e+01
-2.409516230225563049e+01
-2.408158928155899048e+01
-2.400377017259597778e+01
-2.398933963477611542e+01
-2.410032247006893158e+01
-2.410492049157619476e+01
-2.408451722562313080e+01
-2.410328066349029541e+01
-2.411359862983226776e+01
-2.409425736963748932e+01
-2.407305523753166199e+01
-2.408453479409217834e+01
-2.406213770806789398e+01
-2.409987285733222961e+01
-2.406016153097152710e+01
-2.412969461083412170e+01
-2.408888660371303558e+01
-2.408666083216667175e+01
-2.406973192095756531e+01
-2.409711445868015289e+01
-2.411309961974620819e+01
-2.407351575791835785e+01
-2.407143576443195343e+01
-2.410878345370292664e+01
-2.408499363064765930e+01
-2.406841413676738739e+01
-2.406364622712135315e+01
-2.413038878142833710e+01
-2.411018525063991547e+01
-2.413101707398891449e+01
-2.407085445523262024e+01
-2.410006219148635864e+01
-2.410954190790653229e+01
-2.408365777134895325e+01
-2.411758935451507568e+01
-2.411674782633781433e+01
-2.412397153675556183e+01
-2.408122892677783966e+01
-2.408635130524635315e+01
-2.408722895383834839e+01
-2.410137926042079926e+01
-2.407726204395294189e+01
-2.407103726267814636e+01
-2.410818362236022949e+01
-9.765513926744461060e+00
-2.409673234820365906e+01
-2.408190912008285522e+01
-2.403184702992439270e+01
-2.406096534430980682e+01
-2.408685691654682159e+01
-2.412379610538482666e+01
-2.408408659696578979e+01
-2.409146922826766968e+01
-2.410451406240463257e+01
-2.411226433515548706e+01
-2.410861875116825104e+01
-2.406008809804916382e+01
-2.410964670777320862e+01
-2.411072160303592682e+01
-2.405185651779174805e+01
-2.411675417423248291e+01
-2.407155814766883850e+01
-2.407149758934974670e+01
-2.407313174009323120e+01
-2.407977782189846039e+01
-2.409462913870811462e+01
-2.412666757404804230e+01
-2.407676967978477478e+01
-2.410353513062000275e+01
-2.410415232181549072e+01
-2.408025057613849640e+01
-2.400255715847015381e+01
-2.406941460072994232e+01
-2.405842351913452148e+01
-2.401523993909358978e+01
-2.410816410183906555e+01
-2.413633979856967926e+01
-2.410157161951065063e+01
-2.408838601410388947e+01
-2.408140617609024048e+01
-2.406091488897800446e+01
-2.410219645500183105e+01
-2.410103952884674072e+01
-2.405948790907859802e+01
-2.404086795449256897e+01
-2.409063611924648285e+01
-2.409618467092514038e+01
-2.409452980756759644e+01
-2.410214820504188538e+01
-2.410881459712982178e+01
-2.406653802096843719e+01
-2.413015623390674591e+01
-2.408841389417648315e+01
-2.409455668926239014e+01
-2.406685280799865723e+01
-2.409235826134681702e+01
-2.403347864747047424e+01
-2.406460264325141907e+01
-2.409656696021556854e+01
-2.407166287302970886e+01
-2.410777360200881958e+01
-2.406891775131225586e+01
-2.409062823653221130e+01
-2.410860259830951691e+01
-2.407935889065265656e+01
-2.408650507032871246e+01
-2.407604324817657471e+01
-2.410478231310844421e+01
-2.409226620197296143e+01
-2.409699361026287079e+01
-2.405021886527538300e+01
-2.405505643784999847e+01
-2.409563970565795898e+01
-2.409239320456981659e+01
-2.410484457015991211e+01
-2.410372473299503326e+01
-2.410981449484825134e+01
-2.409761397540569305e+01
-2.413259713351726532e+01
-2.408554559946060181e+01
-2.410994613170623779e+01
-2.408986686170101166e+01
-2.409738147258758545e+01
-2.408355858922004700e+01
-2.407705436646938324e+01
-2.404355663061141968e+01
-2.407519888877868652e+01
-2.410255917906761169e+01
-2.408352896571159363e+01
-2.397178736329078674e+01
-2.408764834702014923e+01
-2.408917929232120514e+01
-2.404780723154544830e+01
-2.409887410700321198e+01
-2.410241775214672089e+01
-2.408606114983558655e+01
-2.408490669727325439e+01
-2.411167483031749725e+01
-2.410860471427440643e+01
-2.408648760616779327e+01
-2.405946438014507294e+01
-2.408439709246158600e+01
-2.412877778708934784e+01
-2.408209450542926788e+01
-2.413476864993572235e+01
-2.404860275983810425e+01
-2.408817501366138458e+01
-2.405307747423648834e+01
-2.406170660257339478e+01
-2.393481045961380005e+01
-2.411146403849124908e+01
-2.408404563367366791e+01
-2.408472298085689545e+01
-2.410248929262161255e+01
-2.409673112630844116e+01
-2.408381907641887665e+01
-2.407261608541011810e+01
-2.411152696609497070e+01
-2.407714055478572845e+01
-2.407098576426506042e+01
-2.410409586131572723e+01
-2.409680415689945221e+01
-2.408909367024898529e+01
-2.408794163167476654e+01
-2.406303644180297852e+01
-2.407773597538471222e+01
-2.409831170737743378e+01
-2.407700510323047638e+01
-2.410422942042350769e+01
-2.409500797092914581e+01
-2.408430211246013641e+01
-2.409892566502094269e+01
-2.407531906664371490e+01
-2.408992201089859009e+01
-2.406997540593147278e+01
-2.408353148400783539e+01
-2.410253812372684479e+01
-2.406867057085037231e+01
-2.404801824688911438e+01
-2.406494724750518799e+01
-2.406155523657798767e+01
-2.411519969999790192e+01
-2.411137536168098450e+01
-2.407479754090309143e+01
-2.409202481806278229e+01
-2.411052213609218597e+01
-2.407732473313808441e+01
-2.408938652276992798e+01
-2.408138917386531830e+01
-1.637073315214365721e+00
-2.404239979386329651e+01
-2.091543985903263092e+01
-2.409342496097087860e+01
-2.410888653993606567e+01
-2.408864186704158783e+01
-2.405568341910839081e+01
-2.407062856853008270e+01
-2.397642084956169128e+01
-2.407403022050857544e+01
-2.405643992125988007e+01
-2.410794387757778168e+01
-2.406584949791431427e+01
-2.408567188680171967e+01
-2.410934698581695557e+01
-2.410562558472156525e+01
-2.412071219086647034e+01
-2.406112961471080780e+01
-2.409921711683273315e+01
-2.402991478145122528e+01
-2.406729656457901001e+01
-2.406542201340198517e+01
-2.408726745843887329e+01
-2.405651551485061646e+01
-2.404491803050041199e+01
-2.408761733770370483e+01
-2.403011696040630341e+01
-2.411614571511745453e+01
-2.408887663483619690e+01
-2.406805002689361572e+01
-2.411467382311820984e+01
-2.408775906264781952e+01
-2.405408421158790588e+01
-2.408010675013065338e+01
-2.409373752772808075e+01
-2.173723725974559784e+01
-2.413069249689579010e+01
-2.406190848350524902e+01
-2.402280290424823761e+01
-2.409167551994323730e+01
-2.409309947490692139e+01
-2.411102922260761261e+01
-2.409467184543609619e+01
-2.407255360484123230e+01
-2.411109757423400879e+01
-2.409621492028236389e+01
-2.409033016860485077e+01
-2.413525609672069550e+01
-2.408304543793201447e+01
-2.407685355842113495e+01
-2.408645282685756683e+01
-2.408919700980186462e+01
-2.409109875559806824e+01
-2.405899208784103394e+01
-2.411193218827247620e+01
-2.411003249883651733e+01
-2.410115584731101990e+01
-2.408454412221908569e+01
-2.405477009713649750e+01
-2.409604611992835999e+01
-2.408933746814727783e+01
-2.407578371465206146e+01
-2.404124434292316437e+01
-2.409086249768733978e+01
-2.409952558577060699e+01
-2.410508218407630920e+01
-2.405410756170749664e+01
-2.406734848022460938e+01
-2.409419627487659454e+01
-2.408762037754058838e+01
-2.406474767625331879e+01
-2.409453497827053070e+01
-2.410904635488986969e+01
-2.411497454345226288e+01
-2.402921472489833832e+01
-2.411250285804271698e+01
-2.409431074559688568e+01
-2.405609041452407837e+01
-2.404878367483615875e+01
-2.410647819936275482e+01
-2.409724082052707672e+01
-2.402873693406581879e+01
-2.409409385919570923e+01
-2.408938467502593994e+01
-2.409246008098125458e+01
-2.408116772770881653e+01
-2.409599311649799347e+01
-2.410032103955745697e+01
-2.409213785827159882e+01
-2.407060275971889496e+01
-2.408824963867664337e+01
-2.409308852255344391e+01
-2.411470539867877960e+01
-2.408919720351696014e+01
-2.405872416496276855e+01
-2.408420249819755554e+01
-2.404889333248138428e+01
-2.406975051760673523e+01
-2.409787458181381226e+01
-2.408913983404636383e+01
-2.406083782017230988e+01
-2.405423842370510101e+01
-2.407768641412258148e+01
-2.412165184319019318e+01
-2.411297617852687836e+01
-2.405460305511951447e+01
-2.409980253875255585e+01
-2.411373232305049896e+01
-2.407126405835151672e+01
-2.408369259536266327e+01
-2.409245470166206360e+01
-2.395815987884998322e+01
-2.410281339287757874e+01
-2.410065078735351562e+01
-2.406844566762447357e+01
-2.408574101328849792e+01
-2.406225299835205078e+01
-2.411149093508720398e+01
-2.411284969747066498e+01
-2.388760259747505188e+01
-2.407659395039081573e+01
-2.405965194106101990e+01
-2.408320900797843933e+01
-2.408652198314666748e+01
-2.405247849225997925e+01
-2.408267143368721008e+01
-2.407798506319522858e+01
-2.401204861700534821e+01
-2.409146080911159515e+01
-2.412222023308277130e+01
-2.405427996814250946e+01
-2.406609722971916199e+01
-2.408567760884761810e+01
-2.411523979902267456e+01
-2.411921903491020203e+01
-2.410306222736835480e+01
-2.410377322137355804e+01
-2.407868120074272156e+01
-2.408097527921199799e+01
-2.412978103756904602e+01
