-1.779558122456073832e+01
-1.779523803293704276e+01
-1.779467977583408000e+01
-1.779558348655701749e+01
-1.779552543163299561e+01
-1.779536180198191175e+01
-1.779551946520805572e+01
-1.779490860402583863e+01
-1.779534678757189425e+01
-1.779535249471663860e+01
-1.779516905844211294e+01
-1.779497063159943693e+01
-1.779554549753666848e+01
-1.779565710425375613e+01
-1.779522337019443867e+01
-1.779557285606862038e+01
-1.779547154307365275e+01
-1.779557182490825440e+01
-1.779532523751258566e+01
-1.779553724825382588e+01
-1.779548873603344461e+01
-1.779558105170726989e+01
-1.779508561491966390e+01
-1.779554338157176119e+01
-1.779559438824654904e+01
-1.779529627859592722e+01
-1.779535599946976276e+01
-1.779552301764487510e+01
-1.779554468095303577e+01
-1.779518349766732399e+01
-1.779513112604619351e+01
-1.779548507332802743e+01
-1.779519012570382230e+01
-1.779539244472981707e+01
-1.779556335508823040e+01
-1.779556370377540375e+01
-1.779538223445416278e+01
-1.779557903110982409e+01
-1.779541274607180767e+01
-1.779543450474738009e+01
-1.779555646181105999e+01
-1.779559779763220462e+01
-1.779551559686660767e+01
-1.779540457725525471e+01
-1.779561181068422115e+01
-1.779549928307533690e+01
-1.779538875222205974e+01
-1.779554270207881572e+01
-1.779421871900557761e+01
-1.779538007676600486e+01
-1.779547376036643769e+01
-1.779561107754707550e+01
-1.779554674029350636e+01
-1.779556964933872010e+01
-1.779523132145403252e+01
-1.779518072307109477e+01
-1.779556244015693522e+01
-1.779561619758606028e+01
-1.779560313522816983e+01
-1.779563607275487058e+01
-1.779555471837519676e+01
-1.779469575881957155e+01
-1.779557369649408827e+01
-1.779534485340118977e+01
-1.779549180865287639e+01
-1.779547150731087157e+01
-1.779557563364505413e+01
-1.779554248452188148e+01
-1.779517894983293047e+01
-1.779530577957631365e+01
-1.779556226730346680e+01
-1.779557599127291567e+01
-1.779552069902419476e+01
-1.779507259130478758e+01
-1.779529842734335077e+01
-1.779557644128800575e+01
-1.779557118713855957e+01
-1.779559706747531678e+01
-1.779557838141917969e+01
-1.779558538496494080e+01
-1.779556148052216713e+01
-1.779552679061889364e+01
-1.779537488222122477e+01
-1.779374719262121829e+01
-1.779551140666007569e+01
-1.779525718986988991e+01
-1.779556921124459024e+01
-1.779556911587713586e+01
-1.779546016156671939e+01
-1.779549839794637123e+01
-1.779535262286662700e+01
-1.779542416334151156e+01
-1.779530519843101288e+01
-1.779551467597485725e+01
-1.779559010565280985e+01
-1.779547936618327597e+01
-1.779531178176402761e+01
-1.779516415596008017e+01
-1.779514226913453001e+01
-1.779553699493408203e+01
-1.779530125856400602e+01
-1.779544094502926654e+01
-1.779459260106087370e+01
-1.779509737789632595e+01
-1.779556493759154989e+01
-1.779456858932970675e+01
-1.779558593034744263e+01
-1.779555232524872110e+01
-1.779551049470900637e+01
-1.779527010321616132e+01
-1.779497354626655437e+01
-1.779534989893436148e+01
-1.779519221484660463e+01
-1.779545513093471243e+01
-1.779555765688418845e+01
-1.779544557332992838e+01
-1.779463915824890563e+01
-1.779549268782137261e+01
-1.779553845524788613e+01
-1.779517633616924144e+01
-1.779563678205013488e+01
-1.779539877176285856e+01
-1.779555940628052824e+01
-1.779558776915072471e+01
-1.779257744252682727e+01
-1.779552236497400486e+01
-1.779555493593216298e+01
-1.779556177854537680e+01
-1.779516525566579332e+01
-1.779550164341926788e+01
-1.779562379419805396e+01
-1.779550078809260683e+01
-1.779557412862777710e+01
-1.779556767046451071e+01
-1.779557923078536419e+01
-1.779518198072910096e+01
-1.779558654427528452e+01
-1.779553385674953958e+01
-1.779560675024985272e+01
-1.779553183317185372e+01
-1.779531663060188862e+01
-1.779526766538621274e+01
-1.779524226486683247e+01
-1.779521192610264180e+01
-1.779556242227554819e+01
-1.779555895626544171e+01
-1.779171558618546101e+01
-1.779550493657588461e+01
-1.779557339549063144e+01
-1.779556179046630504e+01
-1.779558157622814463e+01
-1.779554606378078319e+01
-1.779558008015154869e+01
-1.779542323052883646e+01
-1.779539613425732369e+01
-1.779531735181808472e+01
-1.779556928277015260e+01
-1.779521466791630147e+01
-1.779545000791550535e+01
-1.779515726566316047e+01
-1.779549062252045388e+01
-1.779546360373498004e+01
-1.779557302594184165e+01
-1.779511707723140645e+01
-1.779556661546228824e+01
-1.779542259573937457e+01
-1.779512179195881316e+01
-1.779559618830680989e+01
-1.779507094025612091e+01
-1.779547767341136577e+01
-1.779537715315819213e+01
-1.779521960318088247e+01
-1.779557091295719218e+01
-1.779552034139634387e+01
-1.779558320641516644e+01
-1.779538266658782675e+01
-1.779559151530265382e+01
-1.779552638530730846e+01
-1.779555860757826480e+01
-1.779528088569641397e+01
-1.779557702839375821e+01
-1.779493830800057808e+01
-1.779564945101736839e+01
-1.779545600116253112e+01
-1.779542124271392822e+01
-1.779552580118180316e+01
-1.779538679420948455e+01
-1.779493793845176342e+01
-1.779513878226281776e+01
-1.779556013047696794e+01
-1.779537352025508312e+01
-1.779508024454116111e+01
-1.779544607400893597e+01
-1.779557037055492330e+01
-1.779546175301075905e+01
-1.779554488658904177e+01
-1.779547776579858009e+01
-1.779548454284666548e+01
-1.779552442729472617e+01
-1.779553169012069702e+01
-1.779516815245151307e+01
-1.779556618928909018e+01
-1.779558355510235046e+01
-1.779549546837808194e+01
-1.779510490596295469e+01
-1.779551976323127604e+01
-1.779519424736498578e+01
-1.779537627100945230e+01
-1.779485326409340828e+01
-1.779553702175616792e+01
-1.779518052935601347e+01
-1.779560273885725863e+01
-1.779538152217864777e+01
-1.779549480974676001e+01
-1.779555939733980452e+01
-1.779560851156712076e+01
-1.779513197839260741e+01
-1.779559067487717527e+01
-1.779521802067755942e+01
-1.779557887017727680e+01
-1.779518673419951824e+01
-1.779514562785626453e+01
-1.779559121131897825e+01
-1.779540981054304893e+01
-1.779549002349377318e+01
-1.779536882340909898e+01
-1.779551005065441061e+01
-1.779539149701595591e+01
-1.779558375477790122e+01
-1.779554252922533308e+01
-1.779543539881707304e+01
-1.779554212093352206e+01
-1.779551319479941185e+01
-1.779536982178687055e+01
-1.779561572968959737e+01
-1.779536511600016624e+01
-1.779556748569012470e+01
-1.779555603563786192e+01
-1.779542282223702188e+01
-1.779550485014916461e+01
-1.779552149772644043e+01
-1.779555144608020001e+01
-1.779308686554432839e+01
-1.779549997150898477e+01
-1.779509758949279785e+01
-1.779529119133948001e+01
-1.779542608261107262e+01
-1.779558626413346190e+01
-1.779495116770266705e+01
-1.779541604518891518e+01
-1.779557840526105039e+01
-1.779535529315472075e+01
-1.779554388523102659e+01
-1.779558764100074342e+01
-1.779539750516414287e+01
-1.779544434845447043e+01
-1.779500101506708987e+01
-1.779540516734124722e+01
-1.779545878171920492e+01
-1.779457904696463899e+01
-1.779548485279084602e+01
-1.779544441699981050e+01
-1.779521177113057107e+01
-1.779549297690391185e+01
-1.779541049003599795e+01
-1.779536955058574321e+01
-1.779517348408698041e+01
-1.779554820358752210e+01
-1.779553398191929858e+01
-1.779532385468484179e+01
-1.779554804861544781e+01
-1.779551132321356732e+01
-1.779545146524907295e+01
-1.779555803239344769e+01
-1.779544786512852284e+01
-1.779488394260404860e+01
-1.779543182849884886e+01
-1.779554829895495871e+01
-1.779514812529088275e+01
-1.779547356963156091e+01
-1.779529403150083056e+01
-1.779511238932609274e+01
-1.779554383158684772e+01
-1.779544421732424908e+01
-1.779543541967868947e+01
-1.779490918517111808e+01
-1.779561186134814221e+01
-1.779552391469480455e+01
-1.779553786218167133e+01
-1.779558276236057068e+01
-1.779548855125904794e+01
-1.779562765061856666e+01
-1.779536448121070080e+01
-1.779559087455272959e+01
-1.779550280570983034e+01
-1.779430140852927167e+01
-1.779407758116722960e+01
-1.779477997124194388e+01
-1.779554911553858787e+01
-1.779473024308681417e+01
-1.779557219743727359e+01
-1.779523060917855304e+01
-1.779546201229095814e+01
-1.779491812288762276e+01
-1.779532431960106109e+01
-1.779547258317469627e+01
-1.779545041024685759e+01
-1.779559384286402235e+01
-1.779490059614181163e+01
-1.779555470347404622e+01
-1.779562322199345914e+01
-1.779528242945672645e+01
-1.779558126628400316e+01
-1.779523539543152921e+01
-1.779550808668136597e+01
-1.779554223716258932e+01
-1.779553219974039990e+01
-1.779515596032141644e+01
-1.779528894424437979e+01
-1.779560716748236615e+01
-1.779555384516716998e+01
-1.779536323249339702e+01
-1.779495271146296176e+01
-1.779554310142993145e+01
-1.779552421569823650e+01
-1.779560236632822523e+01
-1.779555325508118813e+01
-1.779514284729959073e+01
-1.779532459080218487e+01
-1.779526141285897012e+01
-1.779559303522108848e+01
-1.779537791907786470e+01
-1.779526212215424152e+01
-1.779545428752900449e+01
-1.779484001100064106e+01
-1.779561079740525287e+01
-1.779556496441363933e+01
-1.779559856951236441e+01
-1.779555634558199984e+01
-1.779553480744360883e+01
-1.779553783833981484e+01
-1.779393177926541725e+01
-1.779558642506600918e+01
-1.779523395001889696e+01
-1.779537880718708109e+01
-1.779525308907031800e+01
-1.779558041393757506e+01
-1.779542989730833824e+01
-1.779509055614471436e+01
-1.779531742930412719e+01
-1.779541698098183744e+01
-1.779558776915073892e+01
-1.779559086561201298e+01
-1.779550756812095003e+01
-1.779554102420806316e+01
-1.779557797014712506e+01
-1.779549636542798652e+01
-1.779554959237576028e+01
-1.779556321203709146e+01
-1.779388479888438823e+01
-1.779557675719261312e+01
-1.779557321965695493e+01
-1.779549367427825146e+01
-1.779529930949210126e+01
-1.779543313086032086e+01
-1.779522141814230807e+01
-1.779549160599707847e+01
-1.779549101889132601e+01
-1.779551638066768149e+01
-1.779552503824234932e+01
-1.779514409005640729e+01
-1.779557760059832461e+01
-1.779476769268513081e+01
-1.779548378884793181e+01
-1.779520221352578702e+01
-1.779554495811461834e+01
-1.779543707370757488e+01
-1.779551427960394605e+01
-1.779550694227216923e+01
-1.779534825980664081e+01
-1.779554675519467466e+01
-1.779554905295371015e+01
-1.779491695165633303e+01
-1.779557684361933312e+01
-1.779552486240864440e+01
-1.779558365941048592e+01
-1.779522016048432675e+01
-1.779559357166289146e+01
-1.779558420777321004e+01
-1.779555524289609281e+01
-1.779546897113321791e+01
-1.779555522203446571e+01
-1.779503343999384413e+01
-1.779552719295023877e+01
-1.779530230164528604e+01
-1.779559292495251199e+01
-1.779558437764644552e+01
-1.779545681178569438e+01
-1.779552557766438525e+01
-1.779537843465804769e+01
-1.779562024176119905e+01
-1.779550156891346901e+01
-1.779552861750126880e+01
-1.779505352377891114e+01
-1.779547440111638323e+01
-1.779542456567287090e+01
-1.779491142332554787e+01
-1.779549606144427187e+01
-1.779553442001342489e+01
-1.779552604258059390e+01
-1.779560298621654368e+01
-1.779554240107537311e+01
-1.779551556706427817e+01
-1.779526886641979999e+01
-1.779549285173415285e+01
-1.779547342658043618e+01
-1.779370898306369853e+01
-1.779557332694531624e+01
-1.779558224081992535e+01
-1.779559038579465380e+01
-1.779513647258282205e+01
-1.779550637304784289e+01
-1.779513784348964123e+01
-1.779556660950183655e+01
-1.779523370563982709e+01
-1.779559828937053823e+01
-1.779550854563711937e+01
-1.779548111855983095e+01
-1.779475118517876453e+01
-1.779554584026337238e+01
-1.779555577039718628e+01
-1.779523040652276222e+01
-1.779555604457856788e+01
-1.779550623297691203e+01
-1.779556586742400270e+01
-1.779557648897170452e+01
-1.779551602303980573e+01
-1.779539113640786141e+01
-1.779554466605187457e+01
-1.779517299830912336e+01
-1.779557614624499351e+01
-1.779537864327430441e+01
-1.779557050466536339e+01
-1.779553731381894011e+01
-1.779548276662826112e+01
-1.779554695188999958e+01
-1.779542560577391441e+01
-1.779509645402432128e+01
-1.779555360972882028e+01
-1.779520747363567779e+01
-1.779558231234550192e+01
-1.779435189664364358e+01
-1.779547608792782043e+01
-1.779552508890630236e+01
-1.779548815488814739e+01
-1.779539446532727354e+01
-1.779536148905752313e+01
-1.779552405178545271e+01
-1.779547013640403108e+01
-1.779537876546383401e+01
-1.779556230902671388e+01
-1.779529298245907043e+01
-1.779554212391376211e+01
-1.779544211328028425e+01
-1.779562652409075696e+01
-1.779549455642701616e+01
-1.779557186663152279e+01
-1.779545281231402498e+01
-1.779519962668420163e+01
-1.779557122886180309e+01
-1.779551815390586711e+01
-1.779548819959164163e+01
-1.779561153352259950e+01
-1.779557510018349120e+01
-1.779528130292892740e+01
-1.779512748718262571e+01
-1.779531388878822185e+01
-1.779558470845220697e+01
-1.779544211030006551e+01
-1.779555740952492471e+01
-1.779518735706806254e+01
-1.779520867466926504e+01
-1.779554893970488649e+01
-1.779556670188904377e+01
-1.779518280923367612e+01
-1.779556371867657205e+01
-1.779554986059666533e+01
-1.779564236998557902e+01
-1.779540210664273658e+01
-1.779550222754476962e+01
-1.779560520350932151e+01
-1.779561826288701454e+01
-1.779549421072005089e+01
-1.779555699229238996e+01
-1.779550826847552258e+01
-1.779557209014893715e+01
-1.779556286633015461e+01
-1.779552516341209767e+01
-1.779513184726238606e+01
-1.779541766047477935e+01
-1.779559955298899965e+01
-1.779503118693828512e+01
-1.779516822695733680e+01
-1.779557657539843163e+01
-1.779549723565577679e+01
-1.779451734721660827e+01
-1.779556749761105650e+01
-1.779559755325316317e+01
-1.779541424214838941e+01
-1.779549205303192139e+01
-1.779541405439375978e+01
-1.779518319666384585e+01
-1.779544765949249552e+01
-1.779474018514154920e+01
-1.779554564654828397e+01
-1.779482668340205009e+01
-1.779541866481304879e+01
-1.779525877237320231e+01
-1.779532752931117656e+01
-1.779522648155689879e+01
-1.779556689560414284e+01
-1.779557159543038480e+01
-1.779561242759228534e+01
-1.779557288289071693e+01
-1.779555270969867209e+01
-1.779554874897002392e+01
-1.779556884765625568e+01
-1.779532359242438844e+01
-1.779544849693775532e+01
-1.779550949633120993e+01
-1.779533804357050641e+01
-1.779519899487494428e+01
-1.779559554457663495e+01
-1.779521645307539757e+01
-1.779559009969234395e+01
-1.779558736383914663e+01
-1.779525868892670459e+01
-1.779556602537633481e+01
-1.779516933858393202e+01
-1.779488099515438293e+01
-1.779555478692055814e+01
-1.779503917992113671e+01
-1.779557294547556978e+01
-1.779494930803774722e+01
-1.779553684294224780e+01
-1.779543163776396852e+01
-1.779561334252357341e+01
-1.779350951910018352e+01
-1.779410724341868999e+01
-1.779536588191986368e+01
-1.779542528986931416e+01
-1.779550999104976583e+01
-1.779542299807070904e+01
-1.779558825790883603e+01
-1.779549118578434630e+01
-1.779545411169527469e+01
-1.779553475081921832e+01
-1.779550273120403503e+01
-1.779551849067212288e+01
-1.779558779299259541e+01
-1.779549835622311704e+01
-1.779560047388075361e+01
-1.779557768106462490e+01
-1.779558058381079277e+01
-1.779555499553681486e+01
-1.779557249248029649e+01
-1.779555112719535970e+01
-1.779547319114207582e+01
-1.779469476342201872e+01
-1.779559157192707985e+01
-1.779555048346520252e+01
-1.779562681317329265e+01
-1.779556699693202049e+01
-1.779562147557735940e+01
-1.779556513726712907e+01
-1.779553618133068937e+01
-1.779554513096810098e+01
-1.779547233283519958e+01
-1.779552018940448832e+01
-1.779556935429572562e+01
-1.779532906413078663e+01
-1.779534637629987159e+01
-1.779513262808324114e+01
-1.779547794163228147e+01
-1.779554639160633656e+01
-1.779551693499087506e+01
-1.779555383026598037e+01
-1.779545961320401304e+01
-1.779530626535414228e+01
-1.779537900984286480e+01
-1.779542858600616384e+01
-1.779519229829312721e+01
-1.779556254148482708e+01
-1.779515557885170551e+01
-1.779544971287251087e+01
-1.779556859433651184e+01
-1.779554554522036369e+01
-1.779521293342114774e+01
-1.779421822130681008e+01
-1.779546172022818951e+01
-1.779556601941586536e+01
-1.779550320208071312e+01
-1.779558176100253775e+01
-1.779536906778812622e+01
-1.779557346403598572e+01
-1.779549327790735447e+01
-1.779516283869744342e+01
-1.779451325535772810e+01
-1.779531652033328015e+01
-1.779538037776946169e+01
-1.779553052186965090e+01
-1.779551996588707397e+01
-1.779553346335887554e+01
-1.779553335011006610e+01
-1.779551660716533590e+01
-1.779559667408465629e+01
-1.779530049562453087e+01
-1.779561632275582284e+01
-1.779550067186356088e+01
-1.779554827511309867e+01
-1.779554982185363698e+01
-1.779556444585324115e+01
-1.779537542462350075e+01
-1.779558294117449435e+01
-1.779518707394600341e+01
-1.779557085335254740e+01
-1.779560570716858692e+01
-1.779529743194578728e+01
-1.779540250003337221e+01
-1.779551258385182777e+01
-1.779552353024481803e+01
-1.779547189772130267e+01
-1.779559814333914503e+01
-1.779528777897359149e+01
-1.779514553546905375e+01
-1.779552765786647228e+01
-1.779555317461489850e+01
-1.779552208483218934e+01
-1.779531167447566986e+01
-1.779549240171907698e+01
-1.779557984769344614e+01
-1.779549157917499613e+01
-1.779551644027232982e+01
-1.779559541344642426e+01
-1.779543514549733629e+01
-1.779537366330622561e+01
-1.779533143043519772e+01
-1.779556418955325015e+01
-1.779559133350850075e+01
-1.779540746212006397e+01
-1.779558116793634071e+01
-1.779558470249174462e+01
-1.779560818374157449e+01
-1.779518463909625225e+01
-1.779564553499221802e+01
-1.779558080434799194e+01
-1.779561159312725849e+01
-1.779550534486772051e+01
-1.779557014107704305e+01
-1.779553716182709877e+01
-1.779555571973324035e+01
-1.779528318941591891e+01
-1.779520522952080697e+01
-1.779530299007893746e+01
-1.779544058740138368e+01
-1.779545320868493263e+01
-1.779554805159567010e+01
-1.779552795886992556e+01
-1.779541788101196786e+01
-1.779555887877940634e+01
-1.779560441374779955e+01
-1.779552889466285848e+01
-1.779537488520144350e+01
-1.779541395902633383e+01
-1.779545218944549845e+01
-1.779558148980141041e+01
-1.779552493393419610e+01
-1.779551239907742044e+01
-1.779557384550572863e+01
-1.779556650817394114e+01
-1.779561086297034578e+01
-1.779524121582507590e+01
-1.779525780081748820e+01
-1.779556706249713116e+01
-1.779542283415795367e+01
-1.779510674774647327e+01
-1.779547587037086842e+01
-1.779530319869519772e+01
-1.779556096792222064e+01
-1.779554991126061481e+01
-1.779555017054079968e+01
-1.779561072885988793e+01
-1.779523087143897797e+01
-1.779553815424442931e+01
-1.779550549089908174e+01
-1.779556253254412823e+01
-1.779531252682209796e+01
-1.779552234709262137e+01
-1.779553338885308733e+01
-1.779560832381248403e+01
-1.779544098675251362e+01
-1.779546537995336664e+01
-1.779467594623565319e+01
-1.779538040161131462e+01
-1.779533929824830452e+01
-1.779514432251454892e+01
-1.779533583521843099e+01
-1.779537039995193481e+01
-1.779289171993731244e+01
-1.779556078016756615e+01
-1.779515757262705833e+01
-1.779520277380944293e+01
-1.779555804431437238e+01
-1.779552291035650669e+01
-1.779558343291283862e+01
-1.779487636387348815e+01
-1.779536690115930497e+01
-1.779557445347307976e+01
-1.779543903768061952e+01
-1.779553290605544191e+01
-1.779489043653010683e+01
-1.779553279280663247e+01
-1.779513086676598022e+01
-1.779519456028937441e+01
-1.779561837911604627e+01
-1.779554282128811948e+01
-1.779549994170666594e+01
-1.779553337097167187e+01
-1.779553765952586986e+01
-1.779522999227047464e+01
-1.779547736048698070e+01
-1.779548319578172055e+01
-1.779555943906306581e+01
-1.779558907449246519e+01
-1.779556684494018981e+01
-1.779517361521721952e+01
-1.779435771107673503e+01
-1.779547140896320201e+01
-1.779559005796908266e+01
-1.779550257325171714e+01
-1.779553790092469967e+01
-1.779525148868560080e+01
-1.779530061483384529e+01
-1.779549330174923938e+01
-1.779561718702315432e+01
-1.779553382992744304e+01
-1.779552404284478229e+01
-1.779519038200379555e+01
-1.779557198882101687e+01
-1.779541169106959231e+01
-1.779515055716036542e+01
-1.779557858705519280e+01
-1.779555970132350851e+01
-1.779557442367075382e+01
-1.779531634449957878e+01
-1.779531078040599468e+01
-1.779427963793278877e+01
-1.779531279802321464e+01
-1.779519449770451800e+01
-1.779550981223582085e+01
-1.779561959207059019e+01
-1.779551287889481159e+01
-1.779549571573734923e+01
-1.779554284512995466e+01
-1.779553730189800476e+01
-1.779551611840724590e+01
-1.779540231823920493e+01
-1.779547867476940937e+01
-1.779553256332873801e+01
-1.779559191763401671e+01
-1.779560107290743431e+01
-1.779556737840176339e+01
-1.779552401602267508e+01
-1.779556109309195477e+01
-1.779482842385767682e+01
-1.779528281092644448e+01
-1.779536319673061584e+01
-1.779549520015716269e+01
-1.779551361203195015e+01
-1.779556861221789532e+01
-1.779515795707702353e+01
-1.779522638618945862e+01
-1.779514508843422149e+01
-1.779525866806505618e+01
-1.779552390575408083e+01
-1.779534399807452516e+01
-1.779512290954589915e+01
-1.779554360806941915e+01
-1.779517191350458560e+01
-1.779556612670422666e+01
-1.779550188481807638e+01
-1.779544374048710509e+01
-1.779557197988031803e+01
-1.779355680048464450e+01
-1.779560878574848815e+01
-1.779538460075855610e+01
-1.779559337496757720e+01
-1.779558332562447731e+01
-1.779548032581806538e+01
-1.779549723565577679e+01
