-6.039800916187232360e+00
-6.723354454094078392e+00
-6.612326444505015388e+00
-6.617686990823131055e+00
-6.696995575301116332e+00
-6.679106671421322972e+00
-6.745402112333977129e+00
-6.721984565345337614e+00
-6.751391969140968286e+00
-6.691677940267254598e+00
-6.583417390240356326e+00
-6.758070304524153471e+00
-6.576632970216451213e+00
-6.678707547311205417e+00
-6.595019162152311765e+00
-6.306234365009004250e+00
-6.625942381273489445e+00
-6.596258802579541225e+00
-6.598977473127888516e+00
-6.648537011453299783e+00
-6.662212942959740758e+00
-6.597885455921641551e+00
-6.546492074587149546e+00
-6.682623420289019123e+00
-6.692561923235189170e+00
-5.838314663735218346e+00
-6.683248503293725662e+00
-6.624751979230495635e+00
-6.624017800597357564e+00
-6.718990552253671922e+00
-6.755698701079381863e+00
-6.630932080908678472e+00
-6.597587742755422369e+00
-6.653603566825040616e+00
-6.591000397285824874e+00
-6.357825971819693223e+00
-6.375271009303105529e+00
-6.709005335134861525e+00
-6.595622801629360765e+00
-6.270337863359600306e+00
-6.317401970343780704e+00
-6.087294426251901314e+00
-6.569007404032163322e+00
-6.054767006542533636e+00
-6.310015637027390767e+00
-6.598883347832270374e+00
-6.619462578921229579e+00
-5.982861387419688981e+00
-6.597170964407268912e+00
-6.598148194854729809e+00
-6.644308490111143328e+00
-6.603413112374255434e+00
-6.553019542392576113e+00
-6.658111708231444936e+00
-6.533963059599045664e+00
-6.217210194794461131e+00
-6.411353154282551259e+00
-6.518358213710598648e+00
-6.484764238470233977e+00
-6.598237983177568822e+00
-6.562445098097668961e+00
-6.601337945889099501e+00
-5.794042187684681267e+00
-6.597763426391793473e+00
-6.732183517258818028e+00
-6.757340945718169678e+00
-6.737825331001658924e+00
-5.508732183458050713e+00
-6.646002756257075816e+00
-6.580613068290404044e+00
-6.743446768472495023e+00
-6.726159895013552159e+00
-6.663760090450523421e+00
-6.605048170058580581e+00
-4.411174053806462325e+00
-6.697638923709746450e+00
-6.654638436113600619e+00
-6.642389354339684360e+00
-6.522567079198779538e+00
-6.684135266761586536e+00
-6.303904249041806906e+00
-5.702975739550311118e+00
-6.580043476133141667e+00
-6.127462342381477356e+00
-6.676891839277232066e+00
-6.392854121746495366e+00
-6.597776980564958649e+00
-6.515516231316723861e+00
-6.758515382854966447e+00
-6.599041577726893593e+00
-6.552849975560093299e+00
-6.099814812099793926e+00
-6.605951485806144774e+00
-6.707011486199917272e+00
-6.140456761364475824e+00
-6.650618491461500525e+00
-6.696259063304751180e+00
-5.924208687734790146e+00
-6.581374071218306199e+00
-6.136855990334879607e+00
-6.379431525565451011e+00
-6.675721852880087681e+00
-6.705286176351364702e+00
-6.600532877561818168e+00
-6.694913457191432826e+00
-6.683911977903335355e+00
-6.746607828936248552e+00
-5.537483916094060987e+00
-6.001144788344390690e+00
-6.413527178985532373e+00
-6.462478444271255285e+00
-6.598613825524807908e+00
-6.596392786377691664e+00
-6.097456735966261476e+00
-6.641429751063697040e+00
-6.046458615179290064e+00
-5.500890044408151880e+00
-6.552959605527576059e+00
-6.598690878453453479e+00
-6.599106423338525929e+00
-6.665512010906240903e+00
-6.186723488041025121e+00
-6.661806895186600741e+00
-6.648629886185517535e+00
-6.639110425916442182e+00
-6.466413114809256513e+00
-6.599330654807999963e+00
-6.525172286055749282e+00
-6.366631724347826093e+00
-6.599256838977453299e+00
-6.443703547927725594e+00
-5.508038306492380798e+00
-6.531375983729958534e+00
-6.711949100572383031e+00
-6.599317427620917442e+00
-6.704677541445562383e+00
-6.678131880355067551e+00
-6.557594924757722765e+00
-6.567835647845640779e+00
-6.602341883582994342e+00
-6.356365747924428433e+00
-6.598645270043562050e+00
-5.887987962458282709e+00
-5.774001470010261983e+00
-6.704365644254721701e+00
-6.552187408164172666e+00
-6.565527297017979436e+00
-6.598598937212955207e+00
-6.335017521043482702e+00
-6.700968274875776842e+00
-6.389324970485176891e+00
-6.740990361249714624e+00
-6.303821183711988851e+00
-6.598758113090298139e+00
-6.660903542287996970e+00
-6.395488255249802023e+00
-6.431857899988244753e+00
-6.600314456620253623e+00
-5.782766010670457035e+00
-6.012837477595894597e+00
-6.598061048745876178e+00
-5.877039965183939785e+00
-6.289172338962089270e+00
-6.599864845059528307e+00
-5.927714564837515354e+00
-6.591063011819642270e+00
-5.753289789601694793e+00
-6.135427757748402655e+00
-5.663657090393826365e+00
-6.692661182954907417e+00
-6.598068878469348419e+00
-5.566282993531785905e+00
-6.596265384443540825e+00
-6.583624913990206551e+00
-6.623204188945237547e+00
-6.734265928120294120e+00
-6.627845034097845200e+00
-6.708273194992216304e+00
-6.569633999693905935e+00
-6.060252607974689454e+00
-6.748602899489924312e+00
-6.252597039769170806e+00
-6.259742281516082585e+00
-6.373835187114309520e+00
-6.156208453052386176e+00
-6.665166393249819521e+00
-6.597697728648199700e+00
-6.552627374854637310e+00
-6.269189352911780588e+00
-6.741788500265101902e+00
-6.691025540159898810e+00
-5.776148896664381027e+00
-6.597411709881271236e+00
-5.958329229184528231e+00
-6.350169195327907801e+00
-6.732933291783410823e+00
-6.593403981945812120e+00
-6.435211306932615116e+00
-6.016848130544531159e+00
-5.745260409545153379e+00
-6.736312972734594950e+00
-6.362057036902115215e+00
-6.690973346470855176e+00
-6.278772115882020444e+00
-6.515401517972350121e+00
-5.865463957099564141e+00
-6.698504774351022206e+00
-6.581066355603979900e+00
-6.338457749749068171e+00
-6.683109784033149481e+00
-6.656546091980999336e+00
-6.531940527609549463e+00
-6.756857257627416402e+00
-6.270914620079565793e+00
-6.108497096225619316e+00
-6.594516232085879892e+00
-6.738244675419991836e+00
-6.496506373390730005e+00
-6.750057360801292816e+00
-6.675863785290857777e+00
-5.785470791277475655e+00
-6.609598060342250392e+00
-6.607232029855367728e+00
-5.979504382441518828e+00
-5.313588695949874818e+00
-6.549379986499843653e+00
-6.727746023127110675e+00
-6.483272095589200035e+00
-6.738416271058667917e+00
-5.644621734136308078e+00
-6.285673245205543935e+00
-6.604452652856707573e+00
-6.597847455923329107e+00
-5.398255922744283453e+00
-6.735480604005715577e+00
-6.558810347494727466e+00
-6.701439558411948383e+00
-6.598347984072461259e+00
-6.418093499232782051e+00
-6.599448267312254757e+00
-5.836344771378207952e+00
-6.552894799999194220e+00
-6.336828103696461767e+00
-6.709033232611545827e+00
-6.624914686050033197e+00
-6.598262931532190123e+00
-6.597149690351216123e+00
-6.594981676884344779e+00
-6.598418560213758610e+00
-6.736348638369236141e+00
-6.668759171494457405e+00
-6.723724420604412444e+00
-6.598917943082597048e+00
-6.198233515373431146e+00
-6.598334835616697092e+00
-6.254735086695291102e+00
-6.709577874251408502e+00
-6.684753104025730863e+00
-6.697148792194639100e+00
-6.263325698804692365e+00
-6.599040868713927921e+00
-6.612387850458617322e+00
-6.747278211754746735e+00
-6.693232609635742847e+00
-6.572147928614867851e+00
-6.557230984413763508e+00
-6.753772176802158356e+00
-6.271726393460994586e+00
-6.595479052750306437e+00
-6.626066673541572527e+00
-6.179372501879697666e+00
-6.630809425638290122e+00
-6.485455196700058877e+00
-6.374589023413136601e+00
-6.737939227306924295e+00
-6.613263622857630253e+00
-6.235394066447042860e+00
-6.286945940868463367e+00
-6.596700138572487049e+00
-6.599148833007348003e+00
-6.578981436701724306e+00
-6.577136237217928283e+00
-6.009079712268430740e+00
-5.639414248056709766e+00
-6.604881206025311258e+00
-6.598270514834439382e+00
-6.441472125123254955e+00
-6.727532914257608354e+00
-6.403733711747918278e+00
-6.672433971472855774e+00
-6.054244403843767941e+00
-6.597242861228551192e+00
-6.573774148120719474e+00
-6.634800494823139161e+00
-6.625292022887151688e+00
-6.471815357610466890e+00
-6.586634092105668969e+00
-6.660877076501492411e+00
-6.598297621567326132e+00
-6.233203298295848072e+00
-6.639153472293401137e+00
-6.397194372722879052e+00
-6.590460389241343364e+00
-6.132758152176393196e+00
-6.699122370278928429e+00
-6.714673972164746374e+00
-6.584816449627396651e+00
-6.662914507684035925e+00
-6.712328371329931542e+00
-6.374878263974096626e+00
-6.599218634532007854e+00
-6.247284260869491845e+00
-3.330296281492337584e+00
-6.626000162519630976e+00
-6.589071218735625735e+00
-6.543243992549832910e+00
-6.182941114297136664e+00
-6.695759812850155868e+00
-6.588361566531148128e+00
-6.395105364819755778e+00
-6.324923155450960621e+00
-6.173900674213655293e+00
-5.838557674433104694e+00
-6.185972731618676335e+00
-6.569320882430474740e+00
-6.444837690927670337e+00
-6.435100499627878889e+00
-6.462828396412078291e+00
-6.003117251209914684e+00
-6.701215221510210540e+00
-6.696523100181366317e+00
-6.705997804907383397e+00
-6.732350126665551215e+00
-6.674455628744908608e+00
-6.717004327627364546e+00
-6.694261412572814152e+00
-6.611454127065371722e+00
-6.598278249235590920e+00
-6.598520450334035559e+00
-5.415583794063422829e+00
-6.556589855215861462e+00
-6.596170264849206433e+00
-6.646932200295850635e+00
-6.729452216066420078e+00
-6.194067735326825641e+00
-6.420471364952391014e+00
-6.223881827172590420e+00
-6.595462122684693895e+00
-6.561669675924349576e+00
-6.583702898686169647e+00
-6.259395662054885179e+00
-6.324915502853400540e+00
-6.437116219283780083e+00
-6.690243074321188033e+00
-6.597001259437092813e+00
-6.645445469475816935e+00
-6.596223852640832774e+00
-6.757605382010297035e+00
-6.697251358586072456e+00
-6.599378549639368430e+00
-6.706713645500713028e+00
-6.697428696672432125e+00
-5.870473351940745488e+00
-6.587098706051619956e+00
-6.497232636480475776e+00
-6.608169637256651185e+00
-6.677256986513384618e+00
-6.399640009301947430e+00
-6.684360098704928532e+00
-6.630369516395148821e+00
-6.698937161731009837e+00
-6.597237161971861497e+00
-6.551489267658325844e+00
-6.594026987266261131e+00
-6.254265432187821716e+00
-6.746108242408809019e+00
-6.482735990386572666e+00
-6.674727820500265807e+00
-6.625764553755288944e+00
-6.598010282268660376e+00
-6.607328990801761393e+00
-6.296202153138438007e+00
-6.242817455466138199e+00
-5.679213245515711606e+00
-6.325281605590134859e+00
-6.595098048259387724e+00
-6.617904733517207205e+00
-6.604220996670392196e+00
-6.252400899247732013e+00
-5.842031326377764344e+00
-6.572880468622315675e+00
-6.534718458686256781e+00
-6.706443140683404636e+00
-6.697394016577163711e+00
-6.086304268101230264e+00
-6.512145190572482534e+00
-6.689855708769755438e+00
-6.566651537243160419e+00
-6.595156487397616729e+00
-6.760104853143275250e+00
-6.643438146682456136e+00
-6.390042242419440299e+00
-6.635482612575287931e+00
-6.668620526397717185e+00
-6.596117794921156019e+00
-6.545875356372562237e+00
-6.598475964431600005e+00
-6.697770278093230445e+00
-6.597900415915319172e+00
-6.598968588688876480e+00
-6.248732535765157081e+00
-6.022180035826750100e+00
-6.597150634350327891e+00
-6.699977130294428207e+00
-6.594023866695351899e+00
-6.741730522298894357e+00
-6.610149702554735995e+00
-5.497817266645142809e+00
-6.656318327222834341e+00
-6.436097419078578241e+00
-6.634389589467900805e+00
-6.599181747260445263e+00
-6.733710064174374565e+00
-6.181799114914610982e+00
-6.596074157030670904e+00
-6.737606896829674952e+00
-6.425377030740492046e+00
-6.519031993861062801e+00
-6.596751676581334323e+00
-6.668770447256974876e+00
-6.665360911487368867e+00
-6.127862339548300952e+00
-6.088656499661738053e+00
-6.493233445566147566e+00
-6.328187203675042838e+00
-6.598478658517706208e+00
-6.630181239481316879e+00
-6.316559443512232974e+00
-5.684615234262309968e+00
-6.645841476754867472e+00
-6.150654661527369171e+00
-6.078398755285888910e+00
-6.543115502427099273e+00
-6.155679817427881062e+00
-5.863724244612967595e+00
-6.604422923621314112e+00
-6.667478807910811156e+00
-6.597888976870308397e+00
-6.244283530133543536e+00
-6.682339510698511731e+00
-6.758492830627801595e+00
-6.407194270286709070e+00
-6.036064597254153341e+00
-6.679376832064008340e+00
-6.149679962400114164e+00
-6.624803515034727752e+00
-6.179301018419209868e+00
-6.635888463220908307e+00
-6.599545836357719963e+00
-6.388743311050347984e+00
-6.682984780461993068e+00
-6.594963471405208111e+00
-6.747580762676079758e+00
-6.761432442901423201e+00
-5.512681909778621048e+00
-6.599036520638037473e+00
-6.650163598329527304e+00
-6.668625253078062087e+00
-6.722038361054728739e+00
-6.376292117376578972e+00
-6.599138957765717350e+00
-6.545801201747963205e+00
-6.710328836852568202e+00
-6.195495426469278755e+00
-6.597325069349608384e+00
-5.937120008224155754e+00
-6.547561742772813886e+00
-6.731014241493539885e+00
-6.453175342059694231e+00
-6.718146654675365426e+00
-6.702291660389164463e+00
-6.690645309019600973e+00
-6.462932547903619707e+00
-6.053008937655249611e+00
-6.000806076452136040e+00
-5.543031511071603745e+00
-6.358330580580513924e+00
-6.597029273694261065e+00
-6.482564236881444231e+00
-6.599812844506232068e+00
-6.092338341550203040e+00
-6.538283970956399571e+00
-6.065154354379046708e+00
-6.432774324406636879e+00
-6.595081094070337713e+00
-6.595444877910267678e+00
-6.649715152598218992e+00
-6.602351121851825155e+00
-6.681749005991150625e+00
-6.555240988614968956e+00
-5.363327670114813372e+00
-6.088627575809368864e+00
-5.927215071162208915e+00
-6.723282552455202676e+00
-6.662145918413443724e+00
-6.338033991400152445e+00
-6.599581218118146353e+00
-6.604529484851809684e+00
-6.488084574462845922e+00
-6.699061442785023246e+00
-5.853952371166087687e+00
-6.084406107722315937e+00
-6.628923568678146694e+00
-5.980134759345673956e+00
-6.734278749907389283e+00
-6.702855675262981094e+00
-6.542994669609470293e+00
-6.676586020796094090e+00
-5.806068300444167107e+00
-6.287081310409121215e+00
-6.593769424944184721e+00
-6.640047373730340041e+00
-6.705743049707962200e+00
-6.592338089132681489e+00
-6.599873068029410206e+00
-6.426318314915988594e+00
-6.016897246940061450e+00
-6.757198190272902139e+00
-5.991396980680292472e+00
-5.776666589255910367e+00
-6.599639723313885042e+00
-5.553968117572367191e+00
-6.713429667412128765e+00
-4.742536202800692990e+00
-5.888600073347333819e+00
-6.044245116761885583e+00
-6.601629724689701106e+00
-6.598668094092772662e+00
-6.598135033767903224e+00
-6.424706235295161605e+00
-5.299192333652172238e+00
-6.536921406572218984e+00
-6.709022337512578815e+00
-6.303317080484703183e+00
-6.709950873198977206e+00
-6.619181776128243655e+00
-6.188918199681211263e+00
-5.876832985435612500e+00
-6.598706937620590907e+00
-6.596890711007290520e+00
-6.114424422019510530e+00
-6.633548906727810390e+00
-6.747878751797543373e+00
-6.713634997675399063e+00
-6.347436749550979584e+00
-5.820674111135303974e+00
-6.732645879303163383e+00
-6.444614173240552191e+00
-5.983577481718384661e+00
-6.596749155040015467e+00
-6.587617423516348936e+00
-4.809050710755400360e+00
-6.696262103105254937e+00
-6.616350823009270243e+00
-6.675759027566527948e+00
-6.682351294497493654e+00
-5.761092517641372979e+00
-6.645271738962037489e+00
-6.706870745605556294e+00
-5.837918798759346828e+00
-6.149659726463141851e+00
-6.126337686437182128e+00
-6.754345923123764805e+00
-6.698719525506021455e+00
-6.643537073767220136e+00
-6.315330544603057206e+00
-5.539945117736351676e+00
-6.390117116126930341e+00
-5.898513644759077579e+00
-6.546536364388884977e+00
-6.150768481660634279e+00
-6.625743951473850757e+00
-6.620044299808796495e+00
-6.272833765426184982e+00
-6.615082581294700503e+00
-6.564132690502447076e+00
-6.449161808690405451e+00
-6.641987255061394535e+00
-6.595785301011346746e+00
-6.438969222654122859e+00
-6.151022266712971032e+00
-5.928079320525284857e+00
-6.599714262471479742e+00
-5.973737242486095056e+00
-6.664129804921685718e+00
-6.543137662607477978e+00
-6.686412941860908177e+00
-6.747792390255199280e+00
-6.598590140696614981e+00
-5.766081315348856151e+00
-6.716348472735262476e+00
-6.672928092884831131e+00
-6.740673915832303464e+00
-5.631719723984133452e+00
-6.613749436513899127e+00
-6.632758239829854574e+00
-6.428036905359476805e+00
-6.615401191636919975e+00
-6.195846112335857470e+00
-5.999524342478252947e+00
-6.693273698190751020e+00
-5.928586863912642002e+00
-6.599427265791746322e+00
-6.738004333790740930e+00
-6.068346139545610640e+00
-6.436995849420782179e+00
-6.598025565413990989e+00
-6.038510489539476112e+00
-6.615875285788206384e+00
-5.792194407171336934e+00
-6.598169682751176879e+00
-6.759780122527445201e+00
-6.422693663946120068e+00
-6.596808847026977674e+00
-5.715808254841249436e+00
-5.947968137828866020e+00
-6.434484239754965529e+00
-6.739230427316215355e+00
-6.520756385376444086e+00
-6.484767099726013839e+00
-6.514310932892840356e+00
-6.579336933609738480e+00
-6.599687199657637393e+00
-6.599677986327151302e+00
-6.728762956270657014e+00
-6.144352392875589430e+00
-6.590717331913765520e+00
-6.041161724831908941e+00
-6.586004397264332511e+00
-6.572348912239249330e+00
-5.715034590743016452e+00
-6.137857403606176376e+00
-6.700162366883887444e+00
-6.598677655227220384e+00
-6.738758432336908299e+00
-6.535302382013469469e+00
-5.661539895372698084e+00
-6.565756680181948468e+00
-6.598174711500178091e+00
-5.871976647642441094e+00
-6.598121412354885251e+00
-6.597069137395010330e+00
-6.737563114569638856e+00
-6.204227425303542987e+00
-6.731938854230975267e+00
-6.595438777965682675e+00
-6.332464691076893359e+00
-6.559732088542659767e+00
-6.689582900915411301e+00
-6.552748870250070468e+00
-6.106717510774615221e+00
-6.568614777264883742e+00
-6.658040188252925873e+00
-6.599040435601637000e+00
-6.597772307832201477e+00
-5.995203233236679807e+00
-6.714033410898991860e+00
-6.599573792761020741e+00
-6.493892104685073718e+00
-6.186104089283617213e+00
-6.600477233660058118e+00
-6.670841139261028729e+00
-6.725539801675040508e+00
-5.668834441428771242e+00
-6.632603488687891513e+00
-6.635585522613837384e+00
-6.408772394541301765e+00
-6.595885231887223199e+00
-6.601258314309234265e+00
-6.662325977609725669e+00
-6.599644989177249954e+00
-6.255252932605799288e+00
-6.450454564648680389e+00
-6.617874029048834927e+00
-6.304756304627517238e+00
-6.596051445747434627e+00
-6.714320729486644268e+00
-6.265627902292180806e+00
-6.671288787198136561e+00
-6.224144286345108412e+00
-6.337225322669837624e+00
-6.550572197840665467e+00
-6.489277104701614007e+00
-5.418092181964311749e+00
-6.543669233353284653e+00
-6.206459417066071182e+00
-6.442305063566891477e+00
-5.328056709375232458e+00
-6.725857674452527135e+00
-6.597207992305357038e+00
-6.676571396506915335e+00
-6.623939599579898641e+00
-6.059837545384652913e+00
-6.698800789726647054e+00
-6.668752020364991040e+00
-6.370596388354897499e+00
-6.690043189562857151e+00
-6.018788844812661409e+00
-6.758237570425990270e+00
-5.795714511594269425e+00
-6.624408998715807684e+00
-5.927549073472619057e+00
-6.598693953197653173e+00
-6.361482335400069132e+00
-6.473714855237631127e+00
-5.873087607003981248e+00
-6.526933409244520590e+00
-6.677431406540563330e+00
-6.207505958151159575e+00
-6.584311528356920462e+00
-5.681430802811519243e+00
-6.380811208859086037e+00
-6.683264565544959623e+00
-6.356129138599499129e+00
-6.715256752548157237e+00
-6.368065154529176652e+00
-6.600239181429969904e+00
-6.659968605817994103e+00
-6.701640446030069143e+00
-6.710765151568921283e+00
-6.391106478447909467e+00
-6.600258704842417501e+00
-6.671029747114516795e+00
-5.563332237710710615e+00
-6.598522564927407075e+00
-6.599483303827582859e+00
-6.596498811388300965e+00
-6.598903514555786387e+00
-6.599430050024238881e+00
-6.757433154263708275e+00
-6.473440769375883974e+00
-6.680036262579960749e+00
-6.051259990563266911e+00
-6.624085539333464112e+00
-6.675376953295199201e+00
-6.493413110132678412e+00
-6.587495248051709495e+00
-6.051577037229435518e+00
-6.704022326950507704e+00
-6.600350191944016842e+00
-6.697732152882963419e+00
-6.569116844679228961e+00
-6.596911503545925370e+00
-5.958251635485794395e+00
-6.291177823353791609e+00
-6.695347125309353942e+00
-6.541711643076268956e+00
-6.598876750795170665e+00
-4.835951537796063349e+00
-6.562839380159857683e+00
-6.640328207082347944e+00
-6.686102230778487865e+00
-6.365818815058446489e+00
-6.759488197586051683e+00
-6.624210455775028095e+00
-6.722965861697957735e+00
-6.514913071470800787e+00
-6.596706701318908017e+00
-6.580004471237771213e+00
-6.593803126364946365e+00
-6.207083429209887981e+00
-6.757655959732801421e+00
-6.600630532002469408e+00
-6.046018782566534355e+00
-6.213917058601509780e+00
-6.590745059067558032e+00
-5.718008363503031433e+00
-6.058125588431721553e+00
-6.493530745501630008e+00
-6.507655056950170547e+00
-6.652465877370559610e+00
-6.600837435968060163e+00
-5.927203499362803996e+00
-6.634524727494863328e+00
-6.274738448671996593e+00
-6.598915092399693094e+00
-6.571895311790285632e+00
-6.698980908971861936e+00
-6.632435788284055889e+00
-6.142708770348690450e+00
-5.578226617013569921e+00
-6.599602978079929017e+00
-6.269314262724947184e+00
-6.519515280378982425e+00
-6.761060395414460800e+00
-6.694419070125150029e+00
-6.700333859276724979e+00
-6.598530172124810633e+00
-6.194891090923647425e+00
-6.391253259120276198e+00
