-8.167473297121432552e+00
-8.156156532301451989e+00
-8.066188512177177472e+00
-8.140864535428988802e+00
-8.114370539383344294e+00
-8.133679909329657676e+00
-8.148578170508073981e+00
-8.135115423272054613e+00
-8.160934806950677967e+00
-8.137788400097520025e+00
-8.147848054243695515e+00
-8.187892732749560309e+00
-8.138390678069868045e+00
-8.131517578905004484e+00
-8.148040349803707727e+00
-8.136901640335963748e+00
-8.134186486571252317e+00
-8.165963463771703346e+00
-8.183862759803673725e+00
-8.189251126367338429e+00
-8.177818976070739154e+00
-8.131829701622223183e+00
-8.141195180324075409e+00
-8.138482398491220238e+00
-8.136063526467069096e+00
-8.146969045447804092e+00
-8.175104258917144762e+00
-8.131207825016645074e+00
-7.629847217409405857e+00
-8.104968045339774108e+00
-8.132417486643078064e+00
-3.917421473772265017e+00
-8.136914590696960659e+00
-8.040265586819259624e+00
-8.136675908795893974e+00
-8.161000760955403166e+00
-8.172265929551485897e+00
-8.147394060859141973e+00
-3.794323543290374801e+00
-8.142613455977027570e+00
-8.133309960888311707e+00
-8.153232509042332765e+00
-8.139335991517782531e+00
-8.147469565652954770e+00
-8.184988906138471521e+00
-8.148147932570509511e+00
-8.135224297126740112e+00
-8.162012047484267896e+00
-8.166427125610425719e+00
-8.147503473590063550e+00
-8.064751667086966336e+00
-8.138333315109548494e+00
-8.147788839595108357e+00
-8.101205622591805877e+00
-8.148374004719130426e+00
-8.137988551962280326e+00
-8.164004414924079356e+00
-8.168773247631634149e+00
-8.134628399414225441e+00
-8.146795228268985056e+00
-8.081473475750044599e+00
-8.154701418460717832e+00
-4.681002332188654691e+00
-8.106703380847193330e+00
-8.142213819921835238e+00
-8.169467136040225341e+00
-8.136508177214995641e+00
-8.115336631292393577e+00
-8.151188132433162536e+00
-8.158525958766404074e+00
-8.145102767652545595e+00
-8.139134677335050583e+00
-8.133467389843133333e+00
-8.151401892638148183e+00
-8.137077834093986439e+00
-8.142851307857370102e+00
-8.174131490852687421e+00
-7.629977782780770212e+00
-8.134102520168653427e+00
-8.173397217880847165e+00
-8.133691256022984817e+00
-8.132923030232291239e+00
-8.133621617717381014e+00
-8.125888769713583315e+00
-8.163501733888153922e+00
-8.129930205023129020e+00
-8.174453658749598617e+00
-8.153495123554421298e+00
-8.120361079197209619e+00
-8.139196997199178440e+00
-8.133673970601307701e+00
-8.159038844217604947e+00
-8.061859348288464844e+00
-8.136897313413783195e+00
-8.166889636647056250e+00
-8.153234694584398312e+00
-8.149651395902537843e+00
-8.147218062588763132e+00
-8.184897395843790946e+00
-8.138039136430734288e+00
-8.174034759677624606e+00
-8.177653986785003326e+00
-8.166637920025777930e+00
-8.103202882197365398e+00
-8.142834612133583505e+00
-8.134350572193902451e+00
-8.141939314760520574e+00
-8.161364550661208028e+00
-8.179852584891932565e+00
-4.428273376368451864e+00
-8.135760662967186363e+00
-8.142849575250465932e+00
-8.161941851583833341e+00
-8.137683378831525260e+00
-8.133826581903122133e+00
-8.137201466772580716e+00
-8.132095457127093141e+00
-8.133545428469687977e+00
-8.137283911552685822e+00
-8.180837505904719364e+00
-8.180021208661059973e+00
-8.177359263058178840e+00
-8.194284484667150537e+00
-4.566157420282252133e+00
-8.187077090465891160e+00
-8.139061211837088194e+00
-8.160866329978944123e+00
-8.157018125844501810e+00
-4.788665961241349578e+00
-8.129989300440001898e+00
-8.189805377406784714e+00
-8.165182770245337451e+00
-8.145719750949879767e+00
-8.162559636604491686e+00
-8.100636534016302903e+00
-4.741163556172978133e+00
-8.128050075968985766e+00
-8.179421904941136745e+00
-8.124165261559028295e+00
-8.183397700076625370e+00
-8.160784455523753422e+00
-8.137207803462388256e+00
-8.134772850632543850e+00
-8.156299023642816337e+00
-8.143773719922364762e+00
-8.147279800567275743e+00
-8.133897640026503950e+00
-8.135064167085374720e+00
-8.145463268530704681e+00
-8.135697768799388996e+00
-8.169178852916772371e+00
-8.139353781057252490e+00
-4.788710708759026602e+00
-8.139069872390962246e+00
-8.064869558129430516e+00
-2.453664573142305017e+00
-8.161446828853968327e+00
-8.162787845650427698e+00
-4.518737980281002820e+00
-8.160867274947037231e+00
-8.124935552506030945e+00
-8.149007297329717403e+00
-8.189455044348392221e+00
-7.629858608270296827e+00
-8.147044520110966914e+00
-8.150584879084817658e+00
-8.081635744221784989e+00
-8.171099136151497078e+00
-8.135711338928018677e+00
-8.131116507811157135e+00
-8.135622068193072209e+00
-8.170963128348603277e+00
-8.131807777792914749e+00
-8.138065741052287194e+00
-8.165543283217758130e+00
-8.143022094158368418e+00
-8.147047248134214215e+00
-8.176859128267665255e+00
-8.102651513676391914e+00
-8.136461380303671831e+00
-8.135331281568142003e+00
-8.065437950190244010e+00
-8.135297998529949837e+00
-8.154063123757168796e+00
-8.189499848641617064e+00
-8.160294475588841578e+00
-8.132733886572168558e+00
-8.101944512200134341e+00
-5.112375836470164359e+00
-8.134525053976403797e+00
-8.147559741001259681e+00
-8.151112324748964966e+00
-8.133631454337319155e+00
-8.172831004208092054e+00
-8.133911141660973954e+00
-8.184325748578544335e+00
-8.135039172900462745e+00
-8.148753804048737948e+00
-8.152524541441039219e+00
-8.139289957357505045e+00
-8.111063667965026980e+00
-8.158558401315758601e+00
-8.132792626974719497e+00
-8.136225826211472167e+00
-8.136373953384008928e+00
-8.160419102457808549e+00
-8.160902853729567141e+00
-8.134664371562536189e+00
-8.154798463478499571e+00
-8.135473405244164624e+00
-8.137329416150123507e+00
-8.157216842301295401e+00
-8.160087523502397744e+00
-8.144515130119827973e+00
-8.038072721972639556e+00
-8.132873925919511748e+00
-8.130346281229549277e+00
-8.137317610854779559e+00
-8.150778146157904303e+00
-8.137894507350893036e+00
-8.068524694557709154e+00
-8.178328562346678154e+00
-8.138637053889624440e+00
-8.133048026602182290e+00
-8.139868233461129421e+00
-8.128510198815547483e+00
-8.135218624355818662e+00
-8.157519247147803299e+00
-8.132936859546362030e+00
-8.135234433906816776e+00
-8.158079860163979902e+00
-8.141505578854093983e+00
-8.135190911245864243e+00
-8.139043967668897039e+00
-8.069771616223079036e+00
-8.136608952541337203e+00
-8.134636719442866593e+00
-8.143831812983762575e+00
-8.103032179476940655e+00
-8.134897934328307656e+00
-8.139371412649381909e+00
-8.132353428207920842e+00
-8.137147888774507010e+00
-8.082340202514387784e+00
-8.148338348259102304e+00
-8.144748412116086911e+00
-8.164178211492071569e+00
-8.134459464903926573e+00
-8.153679287361910610e+00
-8.134698771049897914e+00
-8.142889305272092315e+00
-8.152618945543508744e+00
-8.134679071218503310e+00
-8.131601020315883943e+00
-8.132355513930178859e+00
-8.123853226916480708e+00
-8.104140193963758065e+00
-8.133533963776699238e+00
-8.180606551631171897e+00
-8.159152606719203504e+00
-8.139560215169240109e+00
-8.137624345054788932e+00
-8.107285156202124199e+00
-4.681550115579739213e+00
-8.100083129964787076e+00
-8.148372363177031730e+00
-8.126721026415907545e+00
-8.149854516099253487e+00
-8.133789605044285054e+00
-8.125853878954558240e+00
-8.063175225011946168e+00
-8.136996282031077499e+00
-8.164623577857582859e+00
-8.132716901315234281e+00
-8.160052669526749014e+00
-8.135960498887698122e+00
-8.163965025985930879e+00
-8.141796036260757319e+00
-8.159113928203737487e+00
-8.140674929654323932e+00
-8.188311523550282800e+00
-8.125926336276279471e+00
-8.133926058963851347e+00
-8.151571481726932689e+00
-8.143947998348892270e+00
-8.176324533355227686e+00
-8.139120328734634313e+00
-8.099223301473102765e+00
-8.143814371382131156e+00
-8.134493058224052220e+00
-8.133949216294638518e+00
-8.116327372659270623e+00
-8.189275601006499983e+00
-8.180701356928807400e+00
-8.136423446857236286e+00
-8.158830791728917120e+00
-8.137346328651119620e+00
-8.135686958361361576e+00
-8.132769588031010244e+00
-8.137557488313234444e+00
-8.163717628314770991e+00
-4.476373201468959451e+00
-8.158651503374585445e+00
-8.133550053513317835e+00
-8.133629383215858155e+00
-8.139488248693396599e+00
-8.171862522561923470e+00
-8.131520245550973414e+00
-8.135252509490499051e+00
-8.036716439807321422e+00
-8.160082853584754048e+00
-8.066293166360992473e+00
-8.158247253436968549e+00
-8.099615812703632400e+00
-8.134642773663017579e+00
-8.158264514698089442e+00
-8.136200857142057430e+00
-8.135289948760856760e+00
-8.133115085908457331e+00
-8.152284022480102976e+00
-8.087124916946777375e+00
-8.174024043888493907e+00
-8.140382953433800139e+00
-8.134523969270219368e+00
-8.134657496709053248e+00
-8.177730808131855156e+00
-8.153738148122776863e+00
-8.134958957494063725e+00
-8.085692343812297622e+00
-8.177069524918806565e+00
-8.137468936504205885e+00
-8.131767179583505367e+00
-8.129119873738716251e+00
-8.134308705051921606e+00
-3.139643471338786185e+00
-8.173893737861362752e+00
-8.145096633891796500e+00
-4.743637807318009436e+00
-8.133352328388127717e+00
-8.134186881007508418e+00
-8.134327289514658332e+00
-8.164175320739587960e+00
-8.175649309117943631e+00
-8.133252449176325172e+00
-8.133265991992857380e+00
-8.144975246960257209e+00
-8.148884706016360724e+00
-8.144624882377740960e+00
-8.159778712822117086e+00
-8.109653256235674235e+00
-8.137514801299364109e+00
-8.142843023790078405e+00
-8.148505476010996063e+00
-8.136027091952428236e+00
-8.131750837463130210e+00
-8.174935529252877586e+00
-8.119753222897088563e+00
-2.635560799040831625e+00
-8.137161492268432994e+00
-8.135704000918281054e+00
-8.134899721581106746e+00
-8.135749445969427285e+00
-8.135555418002923034e+00
-8.134118080788049099e+00
-8.152605641129184733e+00
-8.137986072353129430e+00
-7.629019297048216686e+00
-8.149146240178708922e+00
-8.138544495060386907e+00
-8.137619263616215903e+00
-8.148742440353998973e+00
-8.125978868209131178e+00
-8.133364369074030265e+00
-5.829797906801104546e+00
-8.162917411407761392e+00
-8.132152192167154681e+00
-8.133428458927824067e+00
-4.428309045091737062e+00
-8.159267605479726626e+00
-8.160910771281010057e+00
-8.133708571738907267e+00
-8.140729686726341896e+00
-8.147337950244718741e+00
-8.139154691659985730e+00
-8.135656880331112006e+00
-8.155673814075903749e+00
-8.138575052276337374e+00
-3.780723376781679690e+00
-8.177062700340229640e+00
-4.681244775187224150e+00
-8.160866474037788976e+00
-8.143610838240533667e+00
-8.136828072620971852e+00
-8.135349477473255320e+00
-8.133933475405626723e+00
-8.165485535451011856e+00
-8.157496170268586866e+00
-8.134466738555602205e+00
-8.138813820499422036e+00
-8.138082930690870853e+00
-8.100396178486334975e+00
-8.131709865043376340e+00
-8.148540153503972761e+00
-8.141575372666466137e+00
-8.065840731484058779e+00
-8.132010726291468927e+00
-8.176351759579347345e+00
-8.166009128327004873e+00
-8.108170515632536990e+00
-8.190047159145137812e+00
-8.145309339226969314e+00
-8.150263470739218974e+00
-8.147176543726459386e+00
-8.183981475810242046e+00
-8.174417481546697672e+00
-8.133733962984862842e+00
-8.137580109524151339e+00
-8.151159763576060868e+00
-8.133429301423802826e+00
-8.140857073106190001e+00
-8.142311751907072903e+00
-8.136041338670338519e+00
-8.135927632511652519e+00
-8.131435589429202082e+00
-8.178359125090992165e+00
-8.136388349423725685e+00
-8.133425261181855603e+00
-8.189642075383375186e+00
-8.160962097192168585e+00
-8.140418732453269968e+00
-8.137211308935320631e+00
-8.135943195700860997e+00
-8.188703568934897703e+00
-8.133011139643315346e+00
-4.868702041334472597e+00
-8.163834431500390565e+00
-8.115265071440092015e+00
-8.094193107112005237e+00
-8.154771361479451031e+00
-8.144234082600888769e+00
-8.138427313157080789e+00
-8.129501936493170433e+00
-8.145553714372681497e+00
-8.143249302981303117e+00
-8.108397241612692596e+00
-8.131802192083569025e+00
-4.243428187328390777e+00
-8.148067445878496073e+00
-8.190159624087300472e+00
-8.167605837334747321e+00
-8.107201052965137933e+00
-8.158575253262853266e+00
-8.145581558864478211e+00
-8.139182558150935165e+00
-8.166936465124535971e+00
-8.115150867928605294e+00
-8.165808057390677277e+00
-8.162404368041279668e+00
-8.144835880186974464e+00
-8.138869829488271535e+00
-7.629819934751139954e+00
-8.149086384577522324e+00
-8.135130569999191152e+00
-8.153337112399867692e+00
-8.139577040867152391e+00
-8.134974363040328171e+00
-8.144351908751104929e+00
-8.133340189346114357e+00
-8.137155593278293964e+00
-8.136680543416787259e+00
-8.189964298034681178e+00
-8.152977840613750971e+00
-8.134154246799880639e+00
-8.136148689329104400e+00
-8.134080675066570620e+00
-7.629520952352322638e+00
-8.141994147207697097e+00
-8.177967610411542410e+00
-8.142256938520063159e+00
-8.134732507864782747e+00
-8.069073354299689527e+00
-8.163143217413562525e+00
-8.172954607898645918e+00
-8.128684325087647267e+00
-8.138050784286519956e+00
-8.164980874297498303e+00
-8.179964287684647672e+00
-8.140034021030999156e+00
-8.133111907016655096e+00
-8.135551894841853482e+00
-8.138542339219441146e+00
-8.132813245060447116e+00
-8.054632660217521334e+00
-8.137309667510379541e+00
-8.131951850678660776e+00
-8.180072010445769592e+00
-8.128767585263460660e+00
-8.146261510124318761e+00
-8.161290743393124103e+00
-8.196297520048346996e+00
-8.159996474760362162e+00
-8.158264054279811717e+00
-8.074158379811251507e+00
-8.149476246572930904e+00
-8.134142612379122284e+00
-8.185080128806248467e+00
-8.133938061924325780e+00
-8.134749670546398193e+00
-8.134858225249516295e+00
-8.134074760642853619e+00
-8.145103795045088191e+00
-8.099066449589372496e+00
-8.135610344124899029e+00
-8.135763628143990900e+00
-8.166254077239514686e+00
-8.177400979234334955e+00
-8.137309184322930378e+00
-8.082454009010461959e+00
-8.144932145261059020e+00
-8.134438734592094988e+00
-8.134439992820716725e+00
-8.182193341196580150e+00
-8.142655502654292832e+00
-8.136904760017195315e+00
-8.170082702718900691e+00
-8.134253577600929930e+00
-8.146853872953258247e+00
-8.179506209941990846e+00
-8.114879088555426279e+00
-8.131256438412719945e+00
-8.160542528325095191e+00
-8.132630572660133339e+00
-8.146341834326960907e+00
-8.134783887743878950e+00
-8.138137926578110637e+00
-8.080173087378170749e+00
-8.134634303244411058e+00
-8.136593237058946215e+00
-5.207198930205777287e+00
-8.159705870821539975e+00
-4.518717030470725149e+00
-8.137159158242894819e+00
-8.079723882333382790e+00
-8.135095953524796641e+00
-8.131440791515160527e+00
-8.135715791703660216e+00
-8.141051627249538569e+00
-8.156859411650771108e+00
-8.136024605964735201e+00
-8.079938465876693954e+00
-8.127470891809480236e+00
-8.133455438119824521e+00
-8.112982878128605080e+00
-8.185177678266484236e+00
-8.147915848077985856e+00
-8.137424941309063797e+00
-8.190542152760599492e+00
-8.159501340643259937e+00
-8.173635446152445638e+00
-8.187174266617113005e+00
-8.159385115097734342e+00
-8.151094636010384420e+00
-8.141229456468863646e+00
-8.138995946939189707e+00
-8.161012726575279430e+00
-8.134376448319869723e+00
-8.133772460709053576e+00
-8.169906515724278506e+00
-8.140136181281548033e+00
-8.147379419856861205e+00
-8.132762153866906374e+00
-8.166567446305975864e+00
-8.139729115733587150e+00
-8.143638256112808449e+00
-8.123368203294830892e+00
-8.138811230266128405e+00
-8.136818102405868558e+00
-8.169684183916785969e+00
-8.141351603011571569e+00
-8.134268427704455462e+00
-8.133159216726539853e+00
-8.125269999367901619e+00
-8.135111095250294966e+00
-8.134200298234077309e+00
-8.147240610414655748e+00
-8.133251923454736243e+00
-8.189477334802973019e+00
-8.144483179531846417e+00
-8.138512496912468919e+00
-8.099636753046070226e+00
-8.143712658389837600e+00
-8.130238574883492220e+00
-8.134100026867145061e+00
-8.140960324845082141e+00
-4.868724643951281905e+00
-8.148995114741410362e+00
-8.128740931137826919e+00
-8.159882612932534585e+00
-7.629830431847949512e+00
-8.146877751058923423e+00
-8.065219662745221285e+00
-8.134619613612358080e+00
-8.167703168437526529e+00
-8.133081011717024467e+00
-8.104709884684780263e+00
-8.136881885329557917e+00
-8.179083447424773112e+00
-8.167664392236019921e+00
-8.144658775776221660e+00
-8.135714553658601744e+00
-8.146530930932783576e+00
-8.151081895835375235e+00
-8.189236328707465873e+00
-8.121872647197506012e+00
-8.145113382963472759e+00
-8.135176267920318338e+00
-8.107035414089068581e+00
-8.189902217348929980e+00
-8.136932629494367575e+00
-8.174598013522995643e+00
-8.134032152803683857e+00
-8.134423144927438898e+00
-5.256026781920809299e+00
-8.146133568093318900e+00
-8.146809663624679843e+00
-8.079738716708106949e+00
-8.150543467739339576e+00
-8.157312171871808459e+00
-8.132018809019172068e+00
-8.136407330693600670e+00
-8.139132225147136523e+00
-8.146749083032034378e+00
-8.149006968991500344e+00
-8.133301353712134585e+00
-8.083037654494546587e+00
-8.136309230317522179e+00
-8.131040878396976979e+00
-8.137905714389262357e+00
-8.147639256910423455e+00
-8.136044715458979226e+00
-8.126572249155913141e+00
-8.133795293635387225e+00
-8.149816325563961072e+00
-8.133758271471521084e+00
-8.135670529252479355e+00
-8.144364895109674762e+00
-8.103048889369347307e+00
-8.136399733587268202e+00
-8.095909448613383574e+00
-8.194068340663307026e+00
-8.135605316307646717e+00
-8.165124146240032132e+00
-8.129845250786729594e+00
-8.153528999246645981e+00
-8.138710611277190310e+00
-8.147086384250087576e+00
-8.134032179708498234e+00
-8.159233360378067346e+00
-8.144587142087516440e+00
-8.134629530655956842e+00
-8.148720515020656308e+00
-8.142104057779761206e+00
-8.038672302053782914e+00
-8.145942756469210622e+00
-8.143160255620728094e+00
-8.131105134047629690e+00
-8.168162451524949574e+00
-8.181135454124728312e+00
-8.132274433701496719e+00
-8.106476099090286880e+00
-7.629816698303329758e+00
-8.117900324690708658e+00
-8.131714134479238965e+00
-8.134502834826207618e+00
-8.073078102614999807e+00
-8.112352990690851584e+00
-8.123891730224087837e+00
-8.130844562391644104e+00
-8.139038029297580579e+00
-8.141451908259909942e+00
-8.160244840052371273e+00
-8.133284664992061153e+00
-8.134117659195908345e+00
-8.159627872561031836e+00
-8.135203289784840308e+00
-8.196410241441299149e+00
-8.136094540080648585e+00
-8.150942324154215157e+00
-8.139701353469263267e+00
-8.166170076726302796e+00
-8.134605538926962254e+00
-8.144401240105707984e+00
-8.136043674615279997e+00
-8.174324223328738981e+00
-8.162885965816712996e+00
-8.137489170674598427e+00
-8.135851795892108385e+00
-7.628805511951213703e+00
-8.149064430331421249e+00
-8.173917290217843856e+00
-8.140704451022600097e+00
-8.093678331378214352e+00
-8.139676721866635489e+00
-8.178849148116626111e+00
-8.158925501322983109e+00
-8.136692395362615571e+00
-8.163822401085596425e+00
-8.094541957622823247e+00
-8.180117279955197773e+00
-8.134737707307607479e+00
-8.173339871199459594e+00
-8.138134954423549061e+00
-8.140853888491960788e+00
-8.131193158571477397e+00
-8.170813710164111399e+00
-8.134342081748798137e+00
-8.134960322702710300e+00
-8.136744252729329219e+00
-8.136447592060449097e+00
-4.788674507755786180e+00
-8.134410070560534223e+00
-8.148906243100615399e+00
-8.105942573739412182e+00
-8.137400328438786801e+00
-8.152058790650327680e+00
-8.133225236161706562e+00
-8.167629652690152398e+00
-8.171718628596295275e+00
-8.137435443052481787e+00
-8.148161040312288605e+00
-8.068145039593218826e+00
-8.133035461909912556e+00
-8.132624074419481985e+00
-8.131966838668631681e+00
-4.433285131584852934e+00
-8.133272188657905133e+00
-8.135945164034154686e+00
-8.144112625163188568e+00
-8.167344593766983962e+00
-8.180998259184661947e+00
-8.178746771722217090e+00
-8.147108030952722402e+00
-3.547394075780175626e+00
-8.136817965287718835e+00
-8.133641998862913169e+00
-8.173764682863748021e+00
-8.160674006732278940e+00
-8.185694112381497689e+00
-8.149786436423937630e+00
-8.135291050451087358e+00
-8.095856734240442165e+00
-8.129341003196486781e+00
-8.133520078167293832e+00
-8.133735801287343747e+00
-8.064661838116080617e+00
-8.134467093366311019e+00
-8.116420892482210547e+00
-8.156754613052271452e+00
-8.137383322376081196e+00
-8.172125969011176494e+00
-8.132857868482005870e+00
-8.135983277526435131e+00
-8.155974995934911931e+00
-8.143598123527752364e+00
-8.144136697698854732e+00
-8.115133462288213195e+00
-8.119490645954329011e+00
-8.151826636018142835e+00
-8.145337703246013916e+00
-8.140648391580725729e+00
-8.132700241513305173e+00
-8.185540847249967555e+00
-2.685865942796226591e+00
-8.160396116128481481e+00
-8.160399838624584845e+00
-8.195876955246603757e+00
-8.159822061257273162e+00
-8.134322384617519219e+00
-8.132591921087907849e+00
-8.140492884071250046e+00
-8.138473528994722983e+00
-8.131818797430582890e+00
-8.046104411751912266e+00
-8.133959759348208252e+00
-8.128129002898731414e+00
-8.158222225964664176e+00
-8.130948245434296950e+00
-8.150798270464633788e+00
-8.138642513926242827e+00
-8.151802550236951106e+00
-8.114389215753362805e+00
-8.140971924063165943e+00
-8.130506817441002454e+00
-5.829663526965305209e+00
-8.134644239907174779e+00
-8.137318974436311692e+00
-8.118833419408247210e+00
-8.145692943019284371e+00
-8.133491746824802249e+00
-8.179795576951676139e+00
