-5.863380916416645050e+00
-5.857982426881790161e+00
-5.863118775188922882e+00
-5.857525773346424103e+00
-5.862816028296947479e+00
-5.863436326384544373e+00
-5.862185969948768616e+00
-5.863575935363769531e+00
-5.863534756004810333e+00
-5.862376987934112549e+00
-5.855333983898162842e+00
-5.856886520981788635e+00
-5.862128689885139465e+00
-5.860842533409595490e+00
-5.861812077462673187e+00
-5.862757876515388489e+00
-5.862670749425888062e+00
-5.863452598452568054e+00
-5.862337119877338409e+00
-5.862415611743927002e+00
-5.863198958337306976e+00
-5.862373799085617065e+00
-5.852257169783115387e+00
-5.859232775866985321e+00
-5.862719289958477020e+00
-5.852932877838611603e+00
-5.863478027284145355e+00
-5.863436773419380188e+00
-5.862771235406398773e+00
-5.863480038940906525e+00
-5.863091133534908295e+00
-5.862466081976890564e+00
-5.863483190536499023e+00
-5.859237097203731537e+00
-5.859724164009094238e+00
-5.863499388098716736e+00
-5.863421484827995300e+00
-5.860838800668716431e+00
-5.863298572599887848e+00
-5.862877726554870605e+00
-5.863452769815921783e+00
-5.863385803997516632e+00
-5.863592103123664856e+00
-5.863573908805847168e+00
-5.863322198390960693e+00
-5.862766027450561523e+00
-5.862772017717361450e+00
-5.863206356763839722e+00
-5.861983291804790497e+00
-5.860865764319896698e+00
-5.862202197313308716e+00
-5.863367937505245209e+00
-5.862766996026039124e+00
-5.863246992230415344e+00
-5.863265365362167358e+00
-5.863468572497367859e+00
-5.860510103404521942e+00
-5.863249316811561584e+00
-5.859708063304424286e+00
-5.863419093191623688e+00
-5.863314859569072723e+00
-5.863191328942775726e+00
-5.862833425402641296e+00
-5.862278454005718231e+00
-5.863165676593780518e+00
-5.863578274846076965e+00
-5.863337062299251556e+00
-5.861807264387607574e+00
-5.863037087023258209e+00
-5.854358084499835968e+00
-5.863347031176090240e+00
-5.863386690616607666e+00
-5.862621888518333435e+00
-5.863257437944412231e+00
-5.860369950532913208e+00
-5.863487556576728821e+00
-5.863151945173740387e+00
-5.863570481538772583e+00
-5.859130091965198517e+00
-5.862925715744495392e+00
-5.863523818552494049e+00
-5.857518546283245087e+00
-5.863503672182559967e+00
-5.863015770912170410e+00
-5.863489247858524323e+00
-5.861341834068298340e+00
-5.861332252621650696e+00
-5.862618900835514069e+00
-5.862900778651237488e+00
-5.863279350101947784e+00
-5.795642957091331482e+00
-5.863353870809078217e+00
-5.862991645932197571e+00
-5.855326786637306213e+00
-5.863332577049732208e+00
-5.863331094384193420e+00
-5.863435022532939911e+00
-5.862944960594177246e+00
-5.863523840904235840e+00
-5.862322844564914703e+00
-5.861290991306304932e+00
-5.863017052412033081e+00
-5.850761458277702332e+00
-5.863207273185253143e+00
-5.863008119165897369e+00
-5.861294567584991455e+00
-5.863441310822963715e+00
-5.863085880875587463e+00
-5.862954124808311462e+00
-5.861118987202644348e+00
-5.863490283489227295e+00
-5.863411329686641693e+00
-5.863483794033527374e+00
-5.862715035676956177e+00
-5.863254040479660034e+00
-5.863387487828731537e+00
-5.861000008881092072e+00
-5.863564141094684601e+00
-5.863121643662452698e+00
-5.863322474062442780e+00
-5.853921987116336823e+00
-5.863395355641841888e+00
-5.863030984997749329e+00
-5.855420127511024475e+00
-5.863108113408088684e+00
-5.850649774074554443e+00
-5.858254030346870422e+00
-5.863341301679611206e+00
-5.863460704684257507e+00
-5.861754626035690308e+00
-5.855022326111793518e+00
-5.863427907228469849e+00
-5.861784294247627258e+00
-5.863321118056774139e+00
-5.777447059750556946e+00
-5.863358035683631897e+00
-5.862247012555599213e+00
-5.861479021608829498e+00
-5.863119550049304962e+00
-5.862650685012340546e+00
-5.862657509744167328e+00
-5.861863858997821808e+00
-5.863557621836662292e+00
-5.863093994557857513e+00
-5.862728253006935120e+00
-5.863235212862491608e+00
-5.853588290512561798e+00
-5.861220128834247589e+00
-5.862542189657688141e+00
-5.863316401839256287e+00
-5.862660154700279236e+00
-5.863377116620540619e+00
-5.859488829970359802e+00
-5.862531118094921112e+00
-5.837890416383743286e+00
-5.863575473427772522e+00
-5.863590843975543976e+00
-5.859746187925338745e+00
-5.863302201032638550e+00
-5.863066822290420532e+00
-5.863386936485767365e+00
-5.863429687917232513e+00
-5.863045498728752136e+00
-5.863286219537258148e+00
-5.863036967813968658e+00
-5.863227814435958862e+00
-5.855012327432632446e+00
-5.862162142992019653e+00
-5.862140633165836334e+00
-5.862737819552421570e+00
-5.859642878174781799e+00
-5.863498233258724213e+00
-5.863402552902698517e+00
-5.863438218832015991e+00
-5.863089866936206818e+00
-5.859314180910587311e+00
-5.863343790173530579e+00
-5.862828746438026428e+00
-5.852958939969539642e+00
-5.861529402434825897e+00
-5.859966479241847992e+00
-5.863228544592857361e+00
-5.863457478582859039e+00
-5.863231867551803589e+00
-5.863413020968437195e+00
-5.863442361354827881e+00
-5.863195203244686127e+00
-5.848667182028293610e+00
-5.863439857959747314e+00
-5.863613680005073547e+00
-5.863092496991157532e+00
-5.862302720546722412e+00
-5.854834027588367462e+00
-5.862924814224243164e+00
-5.863604784011840820e+00
-5.861801087856292725e+00
-5.860293455421924591e+00
-5.862974338233470917e+00
-5.863403759896755219e+00
-5.863154247403144836e+00
-5.863215610384941101e+00
-5.863399945199489594e+00
-5.863553129136562347e+00
-5.863157883286476135e+00
-5.863286145031452179e+00
-5.862207576632499695e+00
-5.863337546586990356e+00
-5.862179957330226898e+00
-5.860684610903263092e+00
-5.861558526754379272e+00
-5.862078025937080383e+00
-5.862933605909347534e+00
-5.863331645727157593e+00
-5.862846761941909790e+00
-5.863482370972633362e+00
-5.863376460969448090e+00
-5.862539522349834442e+00
-5.863339982926845551e+00
-5.863587506115436554e+00
-5.863262951374053955e+00
-5.860503003001213074e+00
-5.861801110208034515e+00
-5.857611201703548431e+00
-5.863456510007381439e+00
-5.863284640014171600e+00
-5.863127887248992920e+00
-5.863050632178783417e+00
-5.863588705658912659e+00
-5.863168433308601379e+00
-5.862320378422737122e+00
-5.863582432270050049e+00
-5.863500870764255524e+00
-5.863251321017742157e+00
-5.863047026097774506e+00
-5.863331526517868042e+00
-5.862751148641109467e+00
-5.863118305802345276e+00
-5.861703187227249146e+00
-5.861673332750797272e+00
-5.863488532602787018e+00
-5.862923912703990936e+00
-5.863592512905597687e+00
-5.862496562302112579e+00
-5.863484613597393036e+00
-5.862349472939968109e+00
-5.863094985485076904e+00
-5.862996846437454224e+00
-5.862897552549839020e+00
-5.863330841064453125e+00
-5.863565638661384583e+00
-5.863009497523307800e+00
-5.860061436891555786e+00
-5.862171657383441925e+00
-5.862587615847587585e+00
-5.863152466714382172e+00
-5.859631173312664032e+00
-5.855897642672061920e+00
-5.863429091870784760e+00
-5.863281346857547760e+00
-5.863378174602985382e+00
-5.863528735935688019e+00
-5.863513067364692688e+00
-5.856065370142459869e+00
-5.863539025187492371e+00
-5.862975157797336578e+00
-5.860683389008045197e+00
-5.863339617848396301e+00
-5.862855091691017151e+00
-5.863448746502399445e+00
-5.860107168555259705e+00
-5.863590426743030548e+00
-5.863109491765499115e+00
-5.863481074571609497e+00
-5.861308366060256958e+00
-5.863233171403408051e+00
-5.863387919962406158e+00
-5.863554172217845917e+00
-5.863263227045536041e+00
-5.863051369786262512e+00
-5.862905614078044891e+00
-5.863174520432949066e+00
-5.863379769027233124e+00
-5.862711369991302490e+00
-5.862516321241855621e+00
-5.862864680588245392e+00
-5.862900994718074799e+00
-5.863588765263557434e+00
-5.860553704202175140e+00
-5.856265604496002197e+00
-5.863575927913188934e+00
-5.862696088850498199e+00
-5.862863957881927490e+00
-5.863001957535743713e+00
-5.856962859630584717e+00
-5.863392993807792664e+00
-5.863526530563831329e+00
-5.863270886242389679e+00
-5.859209470450878143e+00
-5.862956300377845764e+00
-5.847521625459194183e+00
-5.859211936593055725e+00
-5.862397395074367523e+00
-5.863104574382305145e+00
-5.861761569976806641e+00
-5.863311201333999634e+00
-5.863186188042163849e+00
-5.863364197313785553e+00
-5.860150061547756195e+00
-5.863412030041217804e+00
-5.863266393542289734e+00
-5.850622504949569702e+00
-5.861429326236248016e+00
-5.862723164260387421e+00
-5.861320175230503082e+00
-5.863289251923561096e+00
-5.862628489732742310e+00
-5.863418720662593842e+00
-5.863413393497467041e+00
-5.863474421203136444e+00
-5.863555021584033966e+00
-5.862973749637603760e+00
-5.862396523356437683e+00
-5.863408438861370087e+00
-5.861467309296131134e+00
-5.861748971045017242e+00
-5.863008156418800354e+00
-5.863327004015445709e+00
-5.862736836075782776e+00
-5.863350994884967804e+00
-5.863435134291648865e+00
-5.862954005599021912e+00
-5.823051221668720245e+00
-5.863032676279544830e+00
-5.863424569368362427e+00
-5.804124653339385986e+00
-5.863571837544441223e+00
-5.863377764821052551e+00
-5.836036987602710724e+00
-5.863545343279838562e+00
-5.863450109958648682e+00
-5.863403625786304474e+00
-5.863413237035274506e+00
-5.863386400043964386e+00
-5.862937301397323608e+00
-5.862753838300704956e+00
-5.863314107060432434e+00
-5.863095365464687347e+00
-5.863232038915157318e+00
-5.859967485070228577e+00
-5.862546592950820923e+00
-5.861570149660110474e+00
-5.863450899720191956e+00
-5.863507650792598724e+00
-5.859860301017761230e+00
-5.863076008856296539e+00
-5.863606072962284088e+00
-5.860163584351539612e+00
-5.862877555191516876e+00
-5.862970732152462006e+00
-5.862861864268779755e+00
-5.855254791676998138e+00
-5.862425364553928375e+00
-5.863276585936546326e+00
-5.863202854990959167e+00
-5.863131843507289886e+00
-5.857533164322376251e+00
-5.863219127058982849e+00
-5.862270221114158630e+00
-5.863119289278984070e+00
-5.863469384610652924e+00
-5.863538615405559540e+00
-5.862790755927562714e+00
-5.862512536346912384e+00
-5.861945688724517822e+00
-5.863413840532302856e+00
-5.862742938101291656e+00
-5.863280788064002991e+00
-5.862979300320148468e+00
-5.863089591264724731e+00
-5.856547832489013672e+00
-5.854858577251434326e+00
-5.863410301506519318e+00
-5.863473832607269287e+00
-5.857531510293483734e+00
-5.863377586007118225e+00
-5.852378964424133301e+00
-5.862705245614051819e+00
-5.863097898662090302e+00
-5.863232783973217010e+00
-5.862379230558872223e+00
-5.861304596066474915e+00
-5.863050065934658051e+00
-5.860901340842247009e+00
-5.863236352801322937e+00
-5.863526374101638794e+00
-5.863566771149635315e+00
-5.862519621849060059e+00
-5.863275215029716492e+00
-5.863323375582695007e+00
-5.863335445523262024e+00
-5.863398417830467224e+00
-5.859020181000232697e+00
-5.863186970353126526e+00
-5.862464435398578644e+00
-5.859896287322044373e+00
-5.861977368593215942e+00
-5.863274447619915009e+00
-5.862944871187210083e+00
-5.863032318651676178e+00
-5.863576941192150116e+00
-5.863434463739395142e+00
-5.861284181475639343e+00
-5.862787336111068726e+00
-5.862764343619346619e+00
-5.863067649304866791e+00
-5.861646994948387146e+00
-5.863362297415733337e+00
-5.862281568348407745e+00
-5.861556805670261383e+00
-5.862340860068798065e+00
-5.863185986876487732e+00
-5.862151056528091431e+00
-5.862911671400070190e+00
-5.856993190944194794e+00
-5.862367674708366394e+00
-5.861763782799243927e+00
-5.855107285082340240e+00
-5.855463236570358276e+00
-5.863572366535663605e+00
-5.863491915166378021e+00
-5.858107119798660278e+00
-5.863412261009216309e+00
-5.862832061946392059e+00
-5.862467370927333832e+00
-5.863213635981082916e+00
-5.863529883325099945e+00
-5.863515816628932953e+00
-5.862654626369476318e+00
-5.863376207649707794e+00
-5.862910322844982147e+00
-5.863364689052104950e+00
-5.863371677696704865e+00
-5.861974693834781647e+00
-5.863498657941818237e+00
-5.862221226096153259e+00
-5.862600713968276978e+00
-5.863166004419326782e+00
-5.861035399138927460e+00
-5.862103238701820374e+00
-5.863361470401287079e+00
-5.840395674109458923e+00
-5.862802654504776001e+00
-5.863474458456039429e+00
-5.862407557666301727e+00
-5.860723137855529785e+00
-5.863462910056114197e+00
-5.863554567098617554e+00
-5.861459091305732727e+00
-5.863140270113945007e+00
-5.863416522741317749e+00
-5.863204777240753174e+00
-5.855555638670921326e+00
-5.863204799592494965e+00
-5.863294102251529694e+00
-5.863042987883090973e+00
-5.863470375537872314e+00
-5.863066181540489197e+00
-5.863033659756183624e+00
-5.833353459835052490e+00
-5.863048501312732697e+00
-5.863502427935600281e+00
-5.862743124365806580e+00
-5.853091441094875336e+00
-5.863404609262943268e+00
-5.863004744052886963e+00
-5.863246209919452667e+00
-5.862622745335102081e+00
-5.861136250197887421e+00
-5.863342881202697754e+00
-5.862529173493385315e+00
-5.862192742526531219e+00
-5.847461715340614319e+00
-5.862861298024654388e+00
-5.861744612455368042e+00
-5.863544508814811707e+00
-5.862880095839500427e+00
-5.863231912255287170e+00
-5.862851746380329132e+00
-5.863433629274368286e+00
-5.857454858720302582e+00
-5.851242668926715851e+00
-5.862251266837120056e+00
-5.862153150141239166e+00
-5.863002181053161621e+00
-5.862529389560222626e+00
-5.863131575286388397e+00
-5.862989068031311035e+00
-5.863641478121280670e+00
-5.863235950469970703e+00
-5.859708078205585480e+00
-5.802522994577884674e+00
-5.859108366072177887e+00
-5.863452456891536713e+00
-5.860099986195564270e+00
-5.862989962100982666e+00
-5.861497536301612854e+00
-5.862772166728973389e+00
-5.861627541482448578e+00
-5.862688623368740082e+00
-5.863277919590473175e+00
-5.861814282834529877e+00
-5.856974348425865173e+00
-5.863196112215518951e+00
-5.862940490245819092e+00
-5.863376744091510773e+00
-5.862501665949821472e+00
-5.860070616006851196e+00
-5.863587997853755951e+00
-5.863317891955375671e+00
-5.863431759178638458e+00
-5.863218270242214203e+00
-5.863085024058818817e+00
-5.861967258155345917e+00
-5.862263031303882599e+00
-5.861452914774417877e+00
-5.863537020981311798e+00
-5.862842969596385956e+00
-5.862921312451362610e+00
-5.862984985113143921e+00
-5.862852998077869415e+00
-5.862352699041366577e+00
-5.863232925534248352e+00
-5.863163255155086517e+00
-5.863228790462017059e+00
-5.862613283097743988e+00
-5.861945174634456635e+00
-5.863166786730289459e+00
-5.862179629504680634e+00
-5.862969540059566498e+00
-5.860115908086299896e+00
-5.862324453890323639e+00
-5.862946256995201111e+00
-5.863209262490272522e+00
-5.863403029739856720e+00
-5.863387919962406158e+00
-5.861773781478404999e+00
-5.863410256803035736e+00
-5.863236717879772186e+00
-5.863140866160392761e+00
-5.862831763923168182e+00
-5.863344624638557434e+00
-5.863310366868972778e+00
-5.861028380692005157e+00
-5.860848210752010345e+00
-5.863238446414470673e+00
-5.863440543413162231e+00
-5.863220319151878357e+00
-5.863254234194755554e+00
-5.863315902650356293e+00
-5.863288849592208862e+00
-5.856375485658645630e+00
-5.863450750708580017e+00
-5.855230197310447693e+00
-5.862614832818508148e+00
-5.862927734851837158e+00
-5.861136995255947113e+00
-5.863031134009361267e+00
-5.862783364951610565e+00
-5.863416433334350586e+00
-5.863552726805210114e+00
-5.863493457436561584e+00
-5.859437078237533569e+00
-5.863442659378051758e+00
-5.862848840653896332e+00
-5.861956782639026642e+00
-5.863613069057464600e+00
-5.861567333340644836e+00
-5.863620534539222717e+00
-5.863537423312664032e+00
-5.863030999898910522e+00
-5.863306641578674316e+00
-5.860960282385349274e+00
-5.863530166447162628e+00
-5.863431066274642944e+00
-5.862048558890819550e+00
-5.862429209053516388e+00
-5.862778253853321075e+00
-5.863240614533424377e+00
-5.862778797745704651e+00
-5.862883873283863068e+00
-5.863219842314720154e+00
-5.861636884510517120e+00
-5.862936593592166901e+00
-5.862856239080429077e+00
-5.859154380857944489e+00
-5.862564615905284882e+00
-5.862634457647800446e+00
-5.861810855567455292e+00
-5.850438013672828674e+00
-5.863270528614521027e+00
-5.863029286265373230e+00
-5.862307757139205933e+00
-5.861540749669075012e+00
-5.863580457866191864e+00
-5.855909653007984161e+00
-5.863216981291770935e+00
-5.862791240215301514e+00
-5.863167099654674530e+00
-5.863317631185054779e+00
-5.863133326172828674e+00
-5.863042987883090973e+00
-5.863181427121162415e+00
-5.848853737115859985e+00
-5.860344916582107544e+00
-5.863457545638084412e+00
-5.862760417163372040e+00
-5.863251164555549622e+00
-5.863592945039272308e+00
-5.862759910523891449e+00
-5.860704272985458374e+00
-5.861540488898754120e+00
-5.862987928092479706e+00
-5.862583808600902557e+00
-5.861569181084632874e+00
-5.863042317330837250e+00
-5.838807024061679840e+00
-5.862924896180629730e+00
-5.863312490284442902e+00
-5.862549364566802979e+00
-5.862084373831748962e+00
-5.863161630928516388e+00
-5.862787961959838867e+00
-5.862898826599121094e+00
-5.863505154848098755e+00
-5.862871527671813965e+00
-5.863152906298637390e+00
-5.863289132714271545e+00
-5.858678370714187622e+00
-5.862858243286609650e+00
-5.863242775201797485e+00
-5.858255095779895782e+00
-5.863440327346324921e+00
-5.862431153655052185e+00
-5.860158406198024750e+00
-5.849166221916675568e+00
-5.861728109419345856e+00
-5.862452760338783264e+00
-5.861563742160797119e+00
-5.863565847277641296e+00
-5.863175444304943085e+00
-5.857759378850460052e+00
-5.863520815968513489e+00
-5.863558024168014526e+00
-5.863054454326629639e+00
-5.860853321850299835e+00
-5.863532625138759613e+00
-5.862710587680339813e+00
-5.862998723983764648e+00
-5.862528413534164429e+00
-5.858239576220512390e+00
-5.863431438803672791e+00
-5.862845137715339661e+00
-5.861397922039031982e+00
-5.862610973417758942e+00
-5.863574497401714325e+00
-5.863485939800739288e+00
-5.863276168704032898e+00
-5.862013414502143860e+00
-5.844807505607604980e+00
-5.861801810562610626e+00
-5.861590445041656494e+00
-5.841693416237831116e+00
-5.863071598112583160e+00
-5.861970186233520508e+00
-5.859085753560066223e+00
-5.860556259751319885e+00
-5.863443680107593536e+00
-5.863279499113559723e+00
-5.862453393638134003e+00
-5.863349653780460358e+00
-5.863552451133728027e+00
-5.863545909523963928e+00
-5.863220654428005219e+00
-5.863315090537071228e+00
-5.863166853785514832e+00
-5.863413244485855103e+00
-5.859647057950496674e+00
-5.862426921725273132e+00
-5.858534432947635651e+00
-5.862007595598697662e+00
-5.861175321042537689e+00
-5.862779684364795685e+00
-5.862294189631938934e+00
-5.863197222352027893e+00
-5.862653374671936035e+00
-5.862925596535205841e+00
-5.759558014571666718e+00
-5.863166451454162598e+00
-5.862466752529144287e+00
-5.862804621458053589e+00
-5.862969361245632172e+00
-5.863601773977279663e+00
-5.863116204738616943e+00
-5.853964395821094513e+00
-5.863039977848529816e+00
-5.862894892692565918e+00
-5.851449072360992432e+00
-5.863557264208793640e+00
-5.863206423819065094e+00
-5.863127015531063080e+00
-5.859949454665184021e+00
-5.863021649420261383e+00
-5.860407277941703796e+00
-5.863530673086643219e+00
-5.859127156436443329e+00
-5.863370783627033234e+00
-5.862107306718826294e+00
-5.856607884168624878e+00
-5.863409094512462616e+00
-5.863517723977565765e+00
-5.861954957246780396e+00
-5.863173134624958038e+00
-5.860994569957256317e+00
-5.861447624862194061e+00
-5.863533161580562592e+00
-5.862759180366992950e+00
-5.863391980528831482e+00
-5.862252414226531982e+00
-5.863541238009929657e+00
-5.863323733210563660e+00
-5.862408690154552460e+00
-5.863261967897415161e+00
-5.863161809742450714e+00
-5.863527595996856689e+00
-5.863366745412349701e+00
-5.862584114074707031e+00
-5.862758092582225800e+00
-5.863033369183540344e+00
-5.863566532731056213e+00
-5.859790772199630737e+00
-5.854395627975463867e+00
-5.862687371671199799e+00
-5.861852839589118958e+00
-5.863103032112121582e+00
-5.863627173006534576e+00
-5.860833033919334412e+00
-5.863033995032310486e+00
-5.863091066479682922e+00
-5.863471150398254395e+00
-5.863543957471847534e+00
-5.851041957736015320e+00
-5.862401776015758514e+00
-5.863099969923496246e+00
-5.863399304449558258e+00
-5.862964183092117310e+00
-5.863555021584033966e+00
-5.863399192690849304e+00
-5.863497413694858551e+00
-5.861789375543594360e+00
-5.863357961177825928e+00
-5.863476663827896118e+00
-5.862304873764514923e+00
-5.862888149917125702e+00
-5.863526009023189545e+00
-5.863522194325923920e+00
-5.862607955932617188e+00
-5.861979901790618896e+00
-5.863327763974666595e+00
-5.859361775219440460e+00
-5.862819716334342957e+00
-5.863300755620002747e+00
-5.862664185464382172e+00
-5.857886955142021179e+00
-5.855965636670589447e+00
-5.862996660172939301e+00
-5.863494627177715302e+00
-5.862796925008296967e+00
-5.859060898423194885e+00
-5.857751213014125824e+00
-5.863387502729892731e+00
-5.863544054329395294e+00
-5.863222040235996246e+00
-5.861671276390552521e+00
-5.862883478403091431e+00
-5.863126449286937714e+00
-5.863098688423633575e+00
-5.863374114036560059e+00
-5.860717937350273132e+00
-5.860703811049461365e+00
-5.862165212631225586e+00
-5.863084554672241211e+00
-5.863366089761257172e+00
-5.863299250602722168e+00
-5.863058723509311676e+00
-5.862295895814895630e+00
-5.863339319825172424e+00
-5.863046616315841675e+00
-5.861707486212253571e+00
-5.863337002694606781e+00
-5.857304103672504425e+00
