3.105773813183219101e+00 4.709002646863750918e+00
-4.545530595227973564e-02 3.137614202761404680e+00
1.528711747918523489e+00 -3.736810884926079594e-03
3.103153052132360479e+00 1.567376265160809412e+00
4.734070505498968906e+00 3.143606047749558652e+00
1.536286609428213268e+00 1.567383857776561751e+00
1.521149056347779860e+00 4.707024652099558004e+00
6.319128627389504871e+00 3.145295443272390745e+00
1.586038068615355900e+00 1.571991744276050706e+00
1.525956587494644134e+00 -5.296935312231118576e-03
4.290884121389041544e-02 1.575586360166596700e+00
1.603976690456835996e+00 3.144695442370583294e+00
6.236409885281328336e+00 1.566463609687632097e+00
3.103143981765669857e+00 1.567088430542868061e+00
4.687995029981014916e+00 4.710365369340808961e+00
4.754507461093638199e+00 4.716747548063890072e+00
-7.688020829021208202e-02 3.138645115828503585e+00
6.243229249196248887e+00 1.568405953925519736e+00
3.196203188884398472e+00 6.288680600165906576e+00
3.180420779362982842e+00 1.574367398998305800e+00
1.607010921468995823e+00 3.145013262462389214e+00
4.676006890280256734e+00 6.278611977749147144e+00
1.554759506051264228e+00 3.139702520901402671e+00
4.729361343283593477e+00 3.143666214940838977e+00
4.315950325887311229e-02 3.145252761351820858e+00
6.286501895396397366e+00 2.512792846565801482e-06
3.102513546925768306e+00 -3.710175922013468196e-03
4.732125034124600838e+00 2.451662141453366233e-03
3.108527530036961029e+00 4.708950359520889251e+00
6.319630605953557634e+00 6.286539462843395931e+00
1.516566902309429921e+00 1.567504988116427800e+00
1.610011071747645239e+00 3.755646452841574206e-03
1.602998643694995895e+00 3.144694517363900044e+00
4.678569777241028405e+00 4.709272872404842047e+00
3.928624753382309320e-02 1.575128252597929102e+00
6.245402884558957979e+00 3.137772881524781621e+00
6.309288133991885594e+00 6.285952983434988539e+00
1.609598197122722674e+00 4.716141828623253041e+00
3.161476419663605597e+00 4.714319484509674751e+00
3.110449784243189075e+00 6.281021185898304715e+00
4.749327155868099837e+00 3.634648760300575408e-03
6.290892695839888304e+00 3.142102663728478351e+00
-4.111501882040742573e-02 -3.703844563163079077e-03
1.532115480181746037e+00 1.567287243367404770e+00
3.100836127893059846e+00 1.566934454479020911e+00
3.105266511039326272e+00 3.138478686848781951e+00
3.188511710533450838e+00 4.716407436096079486e+00
6.293430456312723464e+00 9.732254179983046774e-04
2.683499439308805259e-03 3.142208775017787392e+00
1.610670077561727753e+00 6.286953456796183559e+00
1.608215521081333588e+00 1.574657982267987366e+00
1.621486018348679004e+00 4.716984408548420049e+00
3.185960379228343076e+00 4.716962444803736609e+00
3.177817425632121218e+00 1.574967153275466325e+00
1.606777404962373534e+00 4.715827446608367168e+00
4.664032935932543644e+00 1.566045544663256184e+00
3.179224583739843624e+00 1.574723868356135537e+00
4.677110022204631790e+00 3.138358648215997970e+00
6.330299985752471770e+00 3.146589552350082641e+00
4.701738915366189708e+00 3.139885811589277598e+00
3.101626485524648036e+00 1.568209551807113744e+00
3.104743490626350244e+00 1.568025356965383699e+00
-6.407042554699098232e-03 4.711803363243487475e+00
3.168336143071676325e+00 2.209007273372663727e-03
3.125644560221257695e+00 1.569128617638619883e+00
3.182876302390943213e+00 6.287327950069826699e+00
3.190366319783840776e+00 4.716747843303783050e+00
4.749210633029403716e+00 1.574930020973227096e+00
6.262721628824786002e+00 1.568599148862408921e+00
3.113522753189358561e+00 1.567942519730423312e+00
4.745765696620972918e+00 4.715513644780822133e+00
4.738472932543512428e+00 1.573843169973174527e+00
3.095978906939045761e+00 1.566437016803678972e+00
3.178130012831072548e+00 1.574795864133596401e+00
3.100166856924702508e+00 -3.856536992890353087e-03
1.603797813784714199e+00 1.574721954827782877e+00
6.325862889895254249e+00 6.288026150912513934e+00
4.680816122803267199e+00 6.279649975460414701e+00
4.297825699664602900e-02 1.574993270027883030e+00
4.774484851816733766e+00 4.717078387763272040e+00
4.784676921325556331e-02 4.812009944889507687e-03
1.619645741705322717e+00 5.439778486234910990e-03
1.610031494639235783e+00 1.574851021840402820e+00
-2.276308443765632725e-02 4.710021344204830207e+00
6.228042852829890563e+00 1.565024205474466079e+00
1.619356460302985745e+00 4.716651196770135890e+00
-4.254973434120680464e-02 3.137329327830014503e+00
4.753903247458981518e+00 4.716306707560407929e+00
4.673761112369612114e+00 1.567166440972273422e+00
4.675984046030992936e+00 4.709160108632770125e+00
3.103659295006437446e+00 1.567533561586804680e+00
3.186470799102887774e+00 1.575264118114034328e+00
3.176168242816432397e+00 4.715931267951402717e+00
4.716843570507226246e+00 3.142445627234106809e+00
1.552099547248183553e+00 1.569416049596484619e+00
6.245584905885520399e+00 3.137850228764796245e+00
1.602464855714134995e+00 3.144296310263551497e+00
1.601505092312573320e+00 4.715758077336619003e+00
1.537201722548275695e+00 3.138568021903903826e+00
-4.340830220458284650e-02 1.567262666648607805e+00
1.634327748911298617e+00 1.576216348647820453e+00
4.691396829436698945e-02 4.716033442520613406e+00
4.758250150500890285e+00 3.145409717087074952e+00
1.605328853007846002e+00 3.755638897410869953e-03
6.251147847636090660e+00 -3.294277630140212982e-03
4.756549401600936200e+00 4.716253940336875949e+00
1.614598795189097213e+00 3.146035035566492333e+00
4.765627265639007071e+00 4.719466593078276873e+00
1.540615622827241182e+00 1.567611046196570213e+00
-1.766861947355664614e-03 3.141073927081408090e+00
-6.208952885709966528e-03 4.711136153525370851e+00
3.105611206253327872e+00 1.567536409465020597e+00
4.169991193608203056e-02 4.716378069954977548e+00
1.527104380755657909e+00 1.566412892852182992e+00
4.687166096672698679e+00 3.138914237569228050e+00
4.732320054296039302e+00 1.572902360365659336e+00
3.842354407026885715e-02 3.194211636565408644e-03
3.816329958251378496e-02 4.716347842690392866e+00
4.748938544854931720e+00 4.715770764198285114e+00
1.538259105726587306e+00 4.709091923888963471e+00
1.536858044918375299e+00 4.708636378494461816e+00
4.687078671826237830e+00 4.710293190851725598e+00
1.535596952788228275e+00 3.138118354052259029e+00
3.924537521698875236e-02 1.574505433383376340e+00
3.115126781382306476e+00 6.280639466494096546e+00
1.618250140826684502e+00 4.715244788447265023e+00
3.097266631150975780e+00 3.137093563366728510e+00
1.605861429159182840e+00 6.286827546746182271e+00
3.173885589491109549e+00 3.144631214191571100e+00
1.606322826456503705e+00 4.715595751230841515e+00
6.251990818229193003e+00 4.709565309070569583e+00
1.522673808225205816e+00 1.565333661854336977e+00
3.108038868055404080e+00 1.567614835462293410e+00
6.284063572739158943e+00 4.713171575852718398e+00
4.936780241800875491e-02 1.575059310172855165e+00
1.599757516887463371e+00 1.573382580257125296e+00
4.679102855387555771e+00 -3.879623428397641592e-03
1.603872189024440731e+00 1.574178353123980800e+00
3.179584470838118904e+00 4.716085572457007657e+00
1.530867106937092270e+00 6.280348697441112904e+00
4.131704007997080708e-02 4.716910109415636931e+00
1.612602957865775899e+00 1.574718377766160193e+00
4.675650704242152678e+00 3.137607373148430856e+00
1.620249628595528124e+00 4.717199598129020011e+00
4.674259274282031029e+00 4.708528583939807000e+00
3.104858451853584000e+00 6.279926880872788608e+00
4.667324915778015892e+00 6.279262034975270801e+00
4.756185891217891815e+00 6.287556993799475968e+00
1.516827033197511998e+00 1.564997771713422470e+00
-3.061129192991859579e-02 3.137671677101452783e+00
4.752527531847148268e+00 1.574167216766292121e+00
4.751327519628333107e+00 4.716456701419988740e+00
1.538276960076914612e+00 3.138401302565698270e+00
4.669666577788047057e+00 1.566453147506842392e+00
3.164517332351188372e+00 6.284785669781488338e+00
6.310280919390403476e+00 4.714382855263588468e+00
3.098811854079437378e+00 4.708586168382224102e+00
3.104826230494514228e+00 6.279171345239212165e+00
6.267338327065292702e+00 3.140102871798523765e+00
-2.400592664561692138e-02 4.709972681275202078e+00
3.177713088214402237e+00 1.574926760582158192e+00
1.531039777715199612e+00 -4.204531600941328884e-03
6.238022184329241604e+00 4.707716950751072105e+00
4.742389197731041506e+00 4.715098499292859735e+00
6.326352328808710901e+00 1.575045803951240941e+00
-1.538801808981393071e+00 3.753587021923137854e-03
3.148830040785571160e+00 6.283286784373528278e+00
6.290136543855610718e+00 4.713219790946333809e+00
3.105656539529104698e+00 3.138081140809231506e+00
3.189846892695340053e+00 3.146232367971147692e+00
4.671269166326723621e+00 1.567199894456761333e+00
4.754195638318331696e+00 1.574280604256572458e+00
3.110974542391822695e+00 1.568694791700997238e+00
4.680714489804969958e+00 -2.918308331393147399e-03
3.585213438233482430e-02 1.574163067808159289e+00
1.599786356318447789e+00 3.144056405019741707e+00
1.540258050613510843e+00 4.709602310570810246e+00
3.180514575273686972e+00 4.716854251115856655e+00
3.066867903218729180e-02 1.573398524990539338e+00
1.537508431991073232e+00 3.138703400964800938e+00
6.264532805625814049e+00 3.139906778857545433e+00
4.502171561791643711e-02 3.146006043792601403e+00
4.760579282223644348e+00 6.287871574652688089e+00
4.733283689590526144e+00 6.286611107387361841e+00
1.617047343972825235e+00 4.717770131276832757e+00
3.172367839969618686e+00 3.933097168751350549e-03
1.612991876148136106e+00 3.972699663726947210e-03
4.671873096457957786e+00 1.566423334958702007e+00
1.137446654452452591e-02 1.571674752926604857e+00
-4.977478544155753554e-02 3.137775016313069987e+00
4.745619410640965263e+00 4.716422302457961457e+00
1.618490411945864293e+00 1.575440978381270174e+00
1.607117795795674375e+00 3.146375785931305735e+00
4.753853907242421073e+00 1.575627688402283733e+00
3.183691033528190939e+00 3.145557461323992499e+00
4.669804276604843096e+00 4.708069921301055061e+00
1.530368916090690590e+00 6.279200737290326018e+00
3.184509822000144652e+00 4.717164793050829807e+00
3.179277548310861512e+00 4.716429946658116990e+00
3.106301764801487231e+00 3.138046959365393906e+00
6.249360924847717769e+00 3.138220427490048259e+00
1.608210533136943399e+00 3.146027840423688993e+00
-3.534830838684940857e-02 4.708495323032224178e+00
3.178568150549044180e+00 4.716372659521118393e+00
6.248321098180122490e+00 1.567611078241416100e+00
4.745306927219633764e+00 1.574028974602129649e+00
-3.890658217345853431e-02 4.708694676341956153e+00
3.991866811499285295e-02 6.287574548653387829e+00
6.249281799451521735e+00 1.567152434654839777e+00
4.746514497316037584e+00 4.714523241317371216e+00
3.097210990286322296e+00 1.567114213881441787e+00
3.098890046402304588e+00 3.137216757833652725e+00
3.114490710757428005e+00 -2.885528855567803287e-03
1.608980470703311516e+00 3.145921482060720198e+00
-4.349670923152237911e-02 4.707848921418748667e+00
3.773975452538224501e-02 4.716705147117103536e+00
4.742927019626042906e+00 6.285758811561624526e+00
3.154899113221489859e+00 3.142088016116880489e+00
1.536093510217465097e+00 1.567449649406480239e+00
4.742366651055547777e+00 6.285963370113091031e+00
4.486903032168020056e-02 1.576291068229246362e+00
6.242838390503673729e+00 3.137444190132974597e+00
-2.553460268611985190e-02 4.709900295245972757e+00
4.747973129103299605e+00 6.286888900691638860e+00
3.599225444685828779e-02 4.715949206830564400e+00
3.182573907185089368e+00 5.176224245592338236e-03
3.101765370934083776e+00 -3.699926829321149597e-03
6.242563631910130084e+00 4.707404484175976123e+00
1.611503005916406384e+00 3.144359725091180557e+00
1.613505475702586622e+00 1.574430694911584050e+00
5.084240288969694987e-02 1.575927423514166703e+00
4.681872374013019034e+00 6.280288932985734540e+00
3.827473386720477849e-02 1.574547930242438110e+00
4.719830071996995891e+00 7.242987579904752466e-04
4.758028149350183256e+00 1.575393904343235008e+00
1.605226603367815308e+00 6.286999015140382951e+00
3.169129205947100569e+00 3.038611658532780913e-03
3.104842835154582481e+00 -3.624241052941646560e-03
1.532346010256265822e+00 3.137231184913047866e+00
4.749484635048661474e+00 3.317905147041326497e-03
7.900210680177214506e+00 1.575115083707145258e+00
6.250736119797720924e+00 6.279919421471165109e+00
6.238821367186819344e+00 3.136931340075232111e+00
4.730822564945502684e+00 2.084983334946334012e-03
1.614503513953216007e+00 4.716769740326554938e+00
-2.794705760985302309e-02 1.568658762883608171e+00
4.706586898472369107e+00 4.710991242415500935e+00
5.158265051486369407e-02 3.145721321756462352e+00
4.751472813435693610e+00 4.716209579269626140e+00
6.317601618561351273e+00 1.574273074650157200e+00
1.593992025108740052e+00 3.143961635694918488e+00
4.751886895159213253e+00 1.574369242402026581e+00
4.711748464097231803e+00 3.141608800206860064e+00
1.605618995399663129e+00 3.847604741228501015e-03
4.671512076149207715e+00 4.707624776324916382e+00
2.398970552846222890e-02 6.285855295524093833e+00
3.174340532553288963e+00 3.144840499179837323e+00
1.533170974974961576e+00 -3.590454776600346398e-03
1.533420706370803632e+00 1.566584940828684713e+00
3.099132218286953844e+00 -4.005540858035287928e-03
1.538079093413089460e+00 3.138139868143033251e+00
4.666120319770532987e+00 4.707854183422300665e+00
4.683209893437098259e+00 4.709491492180392314e+00
4.677903282875258029e+00 1.567585701172178547e+00
4.744976306501963670e+00 1.573760268436092291e+00
1.614577106570845189e+00 1.575140705023305276e+00
3.174540300951349980e+00 3.144255799092603887e+00
-2.719197232506849471e-02 4.710120226961963752e+00
6.237711648116371244e+00 1.566422428108160236e+00
1.621982299443072373e+00 6.287783774771582124e+00
1.998457530569499804e-02 1.572500395838239085e+00
3.110268018192176687e+00 3.137895953755418521e+00
1.536291990081851688e+00 4.708656714758742368e+00
1.610056481608351353e+00 3.145033592655099408e+00
1.599835581532071505e+00 6.286065320415379354e+00
1.572009295307856158e+00 4.712257139614107970e+00
1.614260126383833427e+00 4.716139715434680468e+00
3.104527087797102958e+00 3.136561174376702343e+00
3.516018102732539063e-02 1.574537442077561300e+00
3.099725081279475436e+00 4.708056396831443280e+00
3.178986386426311039e+00 4.716488653239991891e+00
4.675297926814744542e+00 3.137952492771628243e+00
6.317999883128153193e+00 3.144753715836606123e+00
3.180848515137741028e+00 4.716136486889080714e+00
4.734849724000323334e+00 2.167399813128641217e-03
4.755425463106077721e+00 4.715777556514769486e+00
1.537426380318529961e+00 6.280223995877327603e+00
3.107134488061058075e+00 3.138068265788540145e+00
4.698798678064280310e+00 1.569292348930403813e+00
-2.694150607845894815e-02 6.280618542869634169e+00
3.177250974576653508e+00 3.145850544294188644e+00
-2.287218252524220521e-02 3.139728432620893628e+00
1.614998748509282267e+00 6.287752464986566814e+00
1.600324168974863737e+00 3.144234437742565280e+00
6.252153331931770808e+00 4.709366822875598046e+00
3.186236602862879241e+00 3.145859989729666850e+00
3.090446007594058297e+00 -5.544694023690031892e-03
4.737414158725523627e+00 2.758688289319005411e-03
3.089070516246621878e+00 4.707418449142119599e+00
3.153303235089059076e+00 3.143183471196606238e+00
3.171175108664539000e+00 1.573815946990021475e+00
6.244609555499044617e+00 4.707778905192070873e+00
6.281966217043874146e+00 4.712404943349770114e+00
6.244577086195376658e+00 4.708069903271599799e+00
3.167856820262019202e+00 4.714865735107752975e+00
4.758775231231948233e+00 4.717685744356491462e+00
4.764606893913395425e+00 1.575017806235605056e+00
4.217006110668997804e-02 1.575723012525601652e+00
-2.949350963564191519e-02 1.567863299134925503e+00
1.611970662857398651e+00 1.574288405399537627e+00
3.182756143312295283e+00 3.146138733387331410e+00
1.535337934132192883e+00 -3.740343223090099919e-03
1.587970779071019134e+00 1.572596196976192129e+00
-1.221762774615743966e-02 4.711375705741903452e+00
1.612825020627917327e+00 3.761668246268690466e-03
6.239890370711870915e+00 6.279458992117207039e+00
4.761392869385472792e+00 3.146936783942434701e+00
1.607921142049942409e+00 1.574132832766438339e+00
4.720325011971707951e+00 1.571826260402779729e+00
6.325143348740678739e+00 1.574058474558700293e+00
6.246037488727983700e+00 3.137414517981562234e+00
4.747072079963374214e-02 4.716854059197009619e+00
4.750850048639839507e+00 1.574417266912918612e+00
4.671115595153101374e+00 1.566383250749276534e+00
4.565428730687220299e-02 3.145723032521217988e+00
-3.787976817829033505e-02 1.567611438939876090e+00
1.614564522870506558e+00 3.145224213691895088e+00
3.100201578733950303e+00 -4.029737245604753798e-03
1.604986844833252047e+00 6.286940596263415948e+00
3.104720736646096491e+00 3.137514794616875768e+00
3.094539274671637585e+00 1.566728191849238616e+00
1.612787921272879066e+00 3.145647816154008680e+00
1.537250243787349202e+00 1.567372393621321303e+00
3.192515976476011819e+00 4.717353031325410839e+00
3.600443937856761395e-02 4.715161947460486225e+00
4.745851183744026258e+00 3.145456717847960437e+00
3.181742097234239175e+00 4.716143011640858695e+00
2.951313596907327585e-02 1.572859125173711847e+00
3.107604829482562447e+00 -3.510160574645985760e-03
4.749759914939116534e+00 4.716465285648075323e+00
4.083101177936199200e-02 3.787435337018922772e-03
4.738459956952752350e+00 1.573334025429059979e+00
4.764605637011330330e+00 3.146265241847444383e+00
1.524260258231256326e+00 3.138593877182661362e+00
4.745755585930203857e+00 4.715356107846727873e+00
4.711188015711534227e+00 1.570273491080247608e+00
6.318117031165084718e+00 3.145111750851906418e+00
3.551521581496293323e-02 3.144944530106247527e+00
4.671188853741429448e+00 3.137505261356564823e+00
5.433017911572437381e-02 4.716967369334501115e+00
3.097605938800930492e+00 1.566343386151985762e+00
-5.419968028317466045e-04 3.141135658634016448e+00
1.574723712972608602e+00 3.140573648541677088e+00
4.754254953913588544e+00 3.145609470306223177e+00
6.311628877969665652e+00 4.714907254704927553e+00
1.596958845146257966e+00 1.573479195060921487e+00
6.320446361825516668e+00 3.256792059996019544e-03
1.537086984261434752e+00 3.138919459103107990e+00
3.112440464075689306e+00 6.280339234049099773e+00
6.314316357437289362e+00 1.573965993996824242e+00
1.600324158296205335e+00 1.573174598007891056e+00
2.478742138161330738e-02 4.714913679433415439e+00
3.097042512857202112e+00 3.137416076174300628e+00
4.746170729528369492e+00 1.573792827290206198e+00
1.558850516193336588e+00 3.140118961277880594e+00
3.476901318584328746e-03 3.142460012353336829e+00
3.188715227902286120e+00 4.716840884384153831e+00
6.239403304672696216e+00 4.708070547870277345e+00
1.616439654257814329e+00 4.715864502116521528e+00
6.297715228072849669e+00 3.143103998143070399e+00
6.244969495881390387e+00 3.138363520658392414e+00
3.108754342793458303e+00 4.708801154176904369e+00
3.117713230527805024e+00 4.710492546288151061e+00
3.177704693004541170e+00 4.090952795912474078e-03
3.699161857146465032e-02 4.715706182476925079e+00
1.532183756484531756e+00 1.566646659106006645e+00
1.612759402903050088e+00 4.716435920940900139e+00
3.136231400122844626e+00 4.711779726689455217e+00
1.619842464826093398e+00 6.288881260443614174e+00
3.100617835036385994e+00 3.138227017881890291e+00
3.178706175517785670e+00 3.591894280979680484e-03
3.101434031525343471e+00 1.566412137541562943e+00
3.113291808927666438e+00 -2.545966517407315111e-03
4.532105707897591401e-02 3.146165003943636407e+00
6.248661285356592821e+00 3.138290943012831846e+00
3.168096994101988528e+00 4.714910446864624127e+00
1.534180642125057670e+00 4.708186922469678848e+00
3.180125894151031307e+00 1.574869565772193170e+00
6.308194282842179312e+00 6.285954306997155960e+00
3.102874080612556540e+00 3.138707546396615200e+00
1.535261773188680401e+00 4.709569374376020079e+00
1.532591631326193360e+00 1.567104572317878697e+00
4.749764693616455702e+00 3.144748749320394055e+00
1.530642906636751954e+00 1.567325000828443393e+00
1.621211257079092860e+00 4.716739924630602765e+00
6.261253038459395626e+00 4.710498044522972272e+00
4.085824883960326170e-02 6.286713270767531725e+00
3.104037957554160343e+00 3.137436531976164122e+00
3.193138430428906549e+00 4.717720411481955978e+00
1.609027514381724755e+00 6.287047271658966707e+00
1.585616146279016592e+00 3.142904168948418953e+00
1.611634688256303516e+00 1.574517992692969326e+00
1.007954322890716042e-02 4.713332104311636961e+00
3.114857831898891316e+00 1.567417567730042594e+00
6.336961858621264376e+00 1.575803983816529641e+00
4.680370584724326655e+00 3.138828493467874292e+00
4.748040834437795787e+00 6.285911682284465840e+00
1.622665190727452744e+00 1.577599394620702089e+00
4.752865257942490373e+00 1.575113803906522669e+00
3.185221966166146501e+00 3.146051592158268129e+00
1.512614938854513147e+00 3.136866929989767794e+00
3.105655574411891884e+00 3.138068313105254692e+00
1.608448879055835112e+00 1.574729187675158126e+00
1.547968597895748255e+00 3.138962818589703385e+00
4.795867530630246872e-02 4.717265306754829801e+00
4.665705614848582705e+00 6.278829588497968572e+00
6.244069699711920052e+00 1.567624346536950153e+00
1.602355815497013225e+00 1.574203201627699666e+00
4.743029940371159547e+00 6.285825741875677330e+00
4.680784167809559193e+00 -2.770149219322008867e-03
1.609231004363719686e+00 3.145221596991290003e+00
3.174459669591574329e+00 6.285614209963908294e+00
4.768844483589928629e+00 4.717490282359766418e+00
4.746274613786430230e+00 3.469879140407171499e-03
4.746052709448908224e+00 1.573481384570849961e+00
3.195441024148762299e+00 4.864269010508653901e-03
1.525579217244176000e+00 1.566474418620803277e+00
4.744869938991625347e+00 3.144882598371210758e+00
1.613470823144619315e+00 1.574611237697086441e+00
4.763763056021552700e+00 4.716326740674452900e+00
5.282627783465443372e-02 3.146544820942729359e+00
1.613864487552470584e+00 1.575558044787775280e+00
3.789114988469367840e-02 1.575382235578927315e+00
3.161716791054097531e+00 1.573337679579414061e+00
3.142126151849794269e+00 4.712644627294968025e+00
3.183292025712904927e+00 6.287259459621370006e+00
3.097778899598045310e+00 1.566683766972846170e+00
3.182628541276233403e+00 3.145654453330999800e+00
1.604405107560662236e+00 1.574006253521351040e+00
4.678972524047528836e+00 1.567406827278827963e+00
1.548561029038795223e+00 3.139116140698345436e+00
3.108356809024794387e+00 1.567837937842566642e+00
3.097386110491024525e+00 4.707896127820015764e+00
4.747056989212730116e+00 1.574434638184661228e+00
1.593689443581173482e+00 3.143421169674903037e+00
3.101136716307409724e+00 4.707240537905967415e+00
1.529642636576149739e+00 4.708156530247824989e+00
3.201554289521668650e+00 5.964124921865143585e-03
3.069011114923057837e-02 1.574561126877563888e+00
3.106946843096530575e+00 4.708912021919463342e+00
3.101273085944145080e+00 1.566671227114588616e+00
3.156126468898525328e+00 4.713864051456671866e+00
4.753873027724266009e+00 4.716593220810040066e+00
3.102625299950774115e-02 1.573967481924205547e+00
3.098113648945847398e+00 4.707935512901670450e+00
3.179245142446681882e+00 1.574547436095645736e+00
-4.073186160773920733e-02 4.707925664793814136e+00
4.672960059612585759e+00 4.708134965385230686e+00
1.530885174581869013e+00 -3.888602446799215798e-03
3.099871520808173297e+00 6.279328123413083773e+00
6.244755035586460501e+00 4.708971866502061232e+00
1.549162757220126974e+00 6.280506242870337985e+00
6.310593631157605188e+00 3.144508199330084519e+00
4.751332059317330270e+00 1.574093132306958021e+00
6.313447186429476332e+00 6.286343851056891197e+00
6.226284218030815332e+00 -5.800259812958345057e-03
4.762655092775989196e+00 1.576233185405157444e+00
1.546552974896635568e+00 -2.127034358115924804e-03
-3.029522671093881625e-02 3.138242685878406490e+00
3.106805528633977964e+00 3.138490767649368518e+00
1.529754482552574180e+00 6.278988716534402492e+00
3.181296802047124839e+00 3.146392298829242318e+00
4.756370926203364213e+00 3.146407275725344732e+00
4.397252941460048914e-02 4.716145728215308530e+00
1.616528904995138571e+00 3.145942043134264843e+00
3.171879691793342282e+00 6.286033202996136993e+00
3.142653768615891519e+00 3.141866672736464583e+00
1.610857949109605336e+00 3.145731925004920271e+00
6.323818414060189852e+00 4.716648393966532460e+00
1.609828031507422486e+00 1.573971608570640779e+00
6.249346797090772121e+00 -3.243153753276190911e-03
4.753302705294398578e+00 3.146649146147810772e+00
3.100537284460817666e+00 1.567738839222160507e+00
3.185611267309607086e+00 4.716505513257579274e+00
1.576419004143590819e+00 4.712157420581910117e+00
3.170103369100381929e+00 4.715651202769544525e+00
1.542537898347315695e+00 4.709656855520771401e+00
1.563845411433592902e+00 4.711660755717084648e+00
3.781387928443755847e-02 1.573563589506396854e+00
3.177105826362059293e+00 1.573899479598200646e+00
1.522046566647964116e+00 6.279752733312845336e+00
4.735346336401305756e+00 4.715027345023064420e+00
4.721268026917861960e+00 1.571415269354446975e+00
4.756931335509403169e+00 6.287294111176223055e+00
4.758691074638906393e+00 4.716641606566204459e+00
4.756334335349007958e+00 1.574926635586892498e+00
3.096925941456060372e+00 -4.275920530000675186e-03
-1.489265458818302829e-02 6.281281629285297541e+00
3.161307882830263871e+00 4.714848251847134186e+00
3.096297735311944521e+00 3.136910914056609823e+00
3.181224990773201089e+00 3.562617472449899209e-03
1.612957993128465661e+00 3.145444307959425423e+00
1.530169437880997796e+00 1.566940536963795427e+00
6.284452335713477389e+00 3.141790239466619283e+00
3.100685450171424939e+00 4.707922307141686247e+00
3.110422536541595395e+00 4.709340658670797097e+00
1.535138015229667863e+00 1.566581270753446109e+00
4.729423893398628564e+00 3.143486584771316039e+00
4.687921911315865664e+00 3.139336742756059007e+00
3.103707743396453278e+00 4.709141721940764747e+00
4.753868885097262798e+00 6.286449832935140591e+00
1.535736018713078188e+00 6.279696951316691589e+00
3.733724852145833828e-02 3.145011111143980465e+00
4.707716975623488231e+00 -5.348148330111330466e-04
1.611955878863952751e+00 3.724839140317068916e-03
3.699113966201040410e-02 1.574164595830921387e+00
4.735239516779119029e+00 3.143868988672547715e+00
3.178113356803083711e+00 3.144484089186190268e+00
4.670097505794108095e+00 3.136802588530279490e+00
1.613477744059140795e+00 6.287558303955236738e+00
3.093300869714192380e+00 1.567079154759048354e+00
6.314691470240717308e+00 6.285978523492846470e+00
4.753503705949081670e+00 7.858652295798665754e+00
6.324742577639022478e+00 4.134351339455717526e-03
1.538680727232194068e+00 1.568788027687131326e+00
2.519146084268741176e-02 1.573267985402400537e+00
-2.621691345664224973e-02 -2.967046399006678485e-03
1.527574557636818042e+00 4.707885289019895225e+00
3.108227541742507594e+00 -3.133894672830809212e-03
1.535256347662268928e+00 -2.761752170151105142e-03
4.694593955612289982e+00 3.140963614414646443e+00
1.612541772074778335e+00 1.575299546537303419e+00
1.531225972309774530e+00 1.567074812181832089e+00
1.535006727186821296e+00 1.567211394275400682e+00
1.602452963252211315e+00 1.574170232286613125e+00
4.673713357239996785e-02 4.715979364090429726e+00
3.145908409524074578e+00 6.105030836474925572e-04
1.617853609217769550e+00 6.288356928035039317e+00
4.668564693024952916e+00 4.707371188150476726e+00
4.741896227947304254e+00 4.715023447804574275e+00
3.179845611653039139e+00 6.287333145929753897e+00
4.686476041523220282e+00 3.139095954453062998e+00
3.181524012503483601e+00 1.574811949331614169e+00
3.119789730168571307e+00 1.569123063627549497e+00
6.277732329697689018e+00 4.712237392450576046e+00
3.169421606841162919e+00 1.573328980785803743e+00
1.587094493442752219e+00 4.714143153882048409e+00
1.549388711764955628e+00 4.710720437906742220e+00
3.179509859507580138e+00 6.286638286713329471e+00
4.741930993876811051e+00 4.714674270220748475e+00
4.746589956623666673e+00 4.716041257317067803e+00
3.167656559378213554e+00 1.572848376320479691e+00
3.112623898571709624e+00 -3.035340410734373683e-03
1.543106234636757224e+00 1.568200332628570282e+00
4.753542868430053581e+00 4.716800941562364180e+00
1.610822114213434464e+00 3.246553976795721677e-03
3.179569798996737529e+00 3.145073537358512805e+00
3.149270232540449133e+00 4.712981340909064620e+00
-4.038628724913510826e-02 -4.129370958183989880e-03
3.179197460834106259e+00 1.574813900637913822e+00
4.753206009070612303e+00 6.287790275380531035e+00
1.532795252538823538e+00 4.708747222476166172e+00
1.526124909758743708e+00 4.708749969734774332e+00
1.607217621503152394e+00 6.286637966850577186e+00
4.669856882611308713e+00 -4.275953019412377827e-03
1.546493938833020998e+00 4.710593438442073122e+00
6.322715180883515806e+00 1.574512776309085149e+00
1.526847577696990976e+00 -4.000119165420715217e-03
4.732811422435681870e+00 4.714658094846337022e+00
6.243263758748205383e+00 3.137277356869754730e+00
4.474267108785640740e-02 4.716027487189905720e+00
6.320901317116609519e+00 4.716075971069505712e+00
3.181040824349838037e+00 3.146477787389307945e+00
3.178321993898374220e+00 4.716407997701354660e+00
4.686364972478632929e+00 4.709751668966667637e+00
1.602738885638664179e+00 1.574445820998964019e+00
3.864499964566647100e-02 3.145531411631113272e+00
4.682255595072474463e+00 4.709413157611557210e+00
6.245151115340538794e+00 4.708559314903218329e+00
6.242497617639025442e+00 3.137427531813637760e+00
4.739812044518489920e+00 4.715435247182585776e+00
1.544094873754635167e+00 1.568392349650223228e+00
1.537023217076662229e+00 -3.037108946352951467e-03
4.733818662214662076e+00 3.143865358500353757e+00
4.684471651712345697e+00 -2.908182913343795601e-03
4.542095461113861143e-02 1.574796822565287524e+00
4.680405697472587612e+00 4.709634285388710317e+00
6.254751567204984930e+00 1.567374937813659885e+00
4.671249520279677547e+00 4.709107113556304292e+00
3.166338466690023612e+00 3.143242024568556836e+00
3.993616445072863119e-02 4.716413561791778619e+00
1.530566899197381092e+00 4.708557812971109868e+00
6.280078932469847608e+00 6.283161700839710484e+00
4.853935515333542006e-02 1.575381506040480772e+00
1.532203539087610311e+00 3.137317307554541745e+00
4.674498872751200906e+00 1.567457001508878678e+00
1.537366111882915831e+00 3.138573328347079361e+00
1.087542161394175998e-02 3.141704474906983791e+00
3.184855888974105209e+00 3.144784878335491030e+00
4.735420128808056184e+00 4.714292998365792187e+00
3.103467686611316445e+00 3.137523022571713227e+00
6.331880089032329906e+00 3.146047190255524928e+00
6.242595390082716023e+00 3.137625794024690329e+00
1.557218874975672795e+00 -1.071134118427004376e-03
4.707713205942914314e+00 3.142317672616158131e+00
3.104539847529522056e+00 1.567746817459501507e+00
3.099683357112606341e+00 3.137771743302967931e+00
4.691249535261987624e+00 4.711084784874221221e+00
3.105870160468482855e+00 1.567450507169754648e+00
1.601818806033743714e+00 4.715614204262292830e+00
1.600245739245578891e+00 6.286218780169674503e+00
1.619084485341997226e+00 3.146369168521560233e+00
4.751831636680765136e+00 3.472510644642977286e-03
3.101687757775352772e+00 -4.578672331296199452e-03
1.613807636663865619e+00 6.287201387490862992e+00
4.037973379918617656e-02 1.575381879304130761e+00
3.127214380342043576e+00 6.281677516339766676e+00
3.679441917926476457e-02 6.286835142437620760e+00
4.758836521235636496e+00 4.716356845715405477e+00
1.613813240928963610e+00 1.575243823092769224e+00
3.178909500313138903e+00 6.286756671018006948e+00
4.756484185028818423e+00 4.716795291108542898e+00
3.163141874832610778e+00 3.144023842762349918e+00
3.182186402090664057e+00 4.716668825430782697e+00
3.102372602964782455e+00 3.137724990824633409e+00
1.608523580414652265e+00 3.187961629440734784e-03
4.664998117241212050e+00 1.566683391862322416e+00
1.531889940090235713e+00 3.137606027436738110e+00
4.673696658629490130e+00 4.708828549458720758e+00
3.084104829072312537e+00 3.136029222065082944e+00
3.138554046583918122e+00 1.570297984379778189e+00
4.661215735783301284e+00 4.707128152770805762e+00
3.123628278422366567e+00 3.139311043819033475e+00
4.748844298801582653e+00 3.406466237802411798e-03
4.677086460026929515e+00 3.138127674836524328e+00
1.553325148769827191e+00 1.568575672759106476e+00
4.718462882434584671e+00 1.031586341297714184e-03
3.105872280057991208e+00 1.566868319453984304e+00
1.609931769996080897e+00 3.145622346111989209e+00
6.313385623915271694e+00 1.573908118644410381e+00
4.677644549269821539e+00 3.138469861817930084e+00
1.549004560377403861e+00 3.139759097867639959e+00
1.528848767884198434e+00 3.137509839298460612e+00
1.602355384606336974e+00 1.572785511734246855e+00
1.529755438263273426e+00 6.279814558293541182e+00
4.756411397986771483e+00 3.145554601644275472e+00
4.737594564968427235e+00 1.573493089522618904e+00
1.526969083892100842e+00 6.278626868067445521e+00
6.275617066594842974e+00 -6.344784692975864206e-04
6.247043566572107132e+00 3.138008317416326687e+00
4.667897616097158142e+00 4.708270894385498728e+00
1.559208684022229008e+00 3.140103612478898132e+00
3.144356433143112639e+00 6.284040391146877624e+00
3.609086478864759889e-02 4.716405480688421470e+00
3.183062514875531157e+00 4.716344551005448693e+00
1.523962128754418277e+00 6.277959232838381531e+00
3.175464193763074761e+00 1.574208396485747619e+00
1.524748044202791863e+00 4.707369418204128131e+00
3.110477208546882810e+00 3.138403067512249400e+00
1.519739828068868759e+00 1.565864551592710541e+00
1.533793916988127837e+00 3.138009822786028025e+00
-3.292242101727263504e-02 4.709637769219860992e+00
3.335413854342966777e-02 4.715580961090258150e+00
4.698041488851501413e+00 -1.236504456689553827e-03
4.674845999572641020e+00 4.707757427482698098e+00
4.334129687918170798e-02 1.575430330930539746e+00
1.576421193446573943e+00 4.713428174971732609e+00
6.252305236561582547e+00 4.709551468118421624e+00
1.568348446761749670e+00 4.712564789028036216e+00
3.110431696117554434e+00 4.709353003317093389e+00
4.689091403110160705e+00 3.139192863811449463e+00
4.754051103444631110e+00 4.715811901414978635e+00
4.738358731207257257e+00 4.714649589638276517e+00
3.104864787590273512e+00 -3.471721636714282522e-03
4.670855853145332581e+00 1.566728021377439717e+00
2.639586026550187411e-02 1.573713589518790368e+00
4.671523175199070010e+00 3.137522210035319503e+00
6.327222631131840913e+00 4.716403204975229357e+00
6.309210026264149285e+00 4.714843130805872029e+00
1.530466565863603634e+00 1.567321961520696583e+00
4.749959311778294335e+00 1.574466536893313728e+00
3.580209419013694050e-02 3.144778092130124936e+00
3.095047015508939570e+00 3.137259845613836973e+00
4.756925692827844721e+00 4.480028531382235571e-03
1.532192952576611145e+00 6.279009187546637172e+00
1.586546518578183296e+00 1.573515840100698560e+00
3.179043501023462781e+00 3.145034580817989589e+00
3.103649086398263091e+00 6.279580690738999493e+00
6.293798000169364748e+00 3.142645686130328464e+00
1.601847666599740538e+00 4.715338601761802195e+00
3.131571219129830830e+00 3.140443973700211444e+00
3.927729306460208542e-02 4.797282479863304409e-03
4.670722514208356380e+00 1.566737153541431615e+00
1.536882195397417661e+00 4.709320002930567739e+00
2.738607194000478723e-02 3.300399645449115030e-03
6.241838922785994725e+00 1.567095874885016782e+00
3.114277428766096367e+00 -3.394311627209610320e-03
1.547523186422457231e+00 3.139094063541527202e+00
1.611117371736796589e+00 4.716466525552185374e+00
-1.765782787608512899e-02 6.280567802397851729e+00
4.675609383389862650e+00 1.566798565572570245e+00
3.102088823802976680e+00 1.567270351531751205e+00
2.371736560780385653e-02 1.572815946375736296e+00
3.184272540140836938e+00 4.717208044764725550e+00
4.661035463100009935e+00 -4.998048413438859264e-03
3.173933990670134264e+00 4.715504044347092361e+00
6.255106173470931452e+00 1.568191092591532110e+00
6.246854121865723641e+00 1.567320454575977795e+00
4.746088022548227592e+00 6.286727223329831027e+00
1.618231277094619003e+00 3.146382126201074048e+00
4.666164669554589750e+00 1.566538691557608498e+00
4.671101166741922661e+00 4.708369993990310753e+00
1.548999360024133631e+00 6.281414746489205392e+00
6.299004886099573319e+00 3.143572456599807552e+00
3.099669386708361341e+00 1.566933446936342955e+00
6.329572832966166906e+00 6.287483570026425994e+00
3.125182360080513089e+00 4.710706969711297987e+00
1.532672451787358670e+00 6.279643615319089989e+00
4.672239494938037474e+00 3.137291818239979158e+00
4.725846247999477612e+00 3.143550595551364069e+00
4.735150980798943365e+00 3.143581600726737424e+00
4.747021468681976053e+00 3.144564015033120885e+00
3.110513184996159364e+00 -2.975593474296002981e-03
4.749814035502850196e+00 1.574290734835661176e+00
4.662244203150653910e+00 6.277415205105516982e+00
3.140947788912842764e+00 4.711929310365007950e+00
6.246786800189666700e+00 1.566720303486577315e+00
3.176393499390661290e+00 1.574490462002217539e+00
6.325678183110094999e+00 4.716197909215755324e+00
6.330173581791861182e+00 4.717477347328843607e+00
1.615374232653773889e+00 4.717023952377091156e+00
6.309147904117680561e+00 3.143805979962639885e+00
6.262604247167866234e+00 3.139900457077882123e+00
3.115398618843046030e+00 1.567333057558431664e+00
4.483853004340436488e-02 5.623979247668545699e-03
-2.476653397871529660e-03 6.282701165095733842e+00
3.177939129327263412e+00 3.145455637760178114e+00
4.017597706205777372e-03 3.141069277222064748e+00
3.182239271702157701e+00 3.920190210407554707e-03
4.746105523035436313e+00 1.573718802479133982e+00
3.177828381818812886e+00 2.949851534950044627e-03
3.178164199269641443e+00 1.574710511032847426e+00
4.712909858815242714e+00 3.141471063605735026e+00
6.251452275043218876e+00 1.567548308637040311e+00
3.804504801936715863e-02 4.716112819320590788e+00
4.746015725020600762e+00 3.192373466245262536e-03
2.693767443002997169e-02 4.714472859804518023e+00
4.678884778248342258e+00 1.566865716432417122e+00
4.742127246982322575e+00 1.574274525949346248e+00
3.181853315925689873e+00 3.145705612845281163e+00
1.609027414337794060e+00 3.144755386432976696e+00
4.746013587920186794e+00 4.715686114146714125e+00
1.528389533441561143e+00 3.137334490553246535e+00
3.101666671366348549e+00 3.137685277439797193e+00
3.185919054540078843e+00 1.575424177103986745e+00
1.611251945308886491e+00 4.716416696469775793e+00
3.103939873695572338e+00 6.279449098158433884e+00
4.683553382772060125e+00 1.567968838917493057e+00
4.754264704041503364e+00 1.576060350942504185e+00
1.534925831761676962e+00 3.138021983337444976e+00
2.143488310463809859e-02 6.285803195044727509e+00
2.170096297560305046e-02 4.714626184380040996e+00
4.751592583571977890e+00 3.145459417086220899e+00
3.106134121578817187e+00 3.138058120603889112e+00
6.243964246982123711e+00 3.138118030402960557e+00
1.597653500773546842e+00 4.715024967897769592e+00
4.684939527299063933e+00 1.568277558645755576e+00
3.712328916329780959e-02 1.574470843735747083e+00
3.099066098336163755e+00 4.708749048322700581e+00
1.607423257183561827e+00 1.574261933903089439e+00
4.752904509051738557e+00 3.146136898237057444e+00
1.565065731866803977e+00 4.711368638604467307e+00
3.158589793560199865e+00 1.571854994693363539e+00
3.164631496162878310e+00 4.714842339006601435e+00
3.166990812614604689e+00 1.573091829738513692e+00
4.751038211102864395e+00 4.716032488143604873e+00
-4.124924081845154217e-02 4.708011338180588368e+00
1.539288767026444571e+00 -2.664988054271011375e-03
1.538048205662406520e+00 6.280148389375900031e+00
1.530587656991610812e+00 1.566878023798158992e+00
1.607627973933159593e+00 4.715776728550431507e+00
4.766093220655422513e+00 3.147218212058835896e+00
4.703512539144186100e+00 3.140409471168451816e+00
6.257062372702219655e+00 3.139070593974279788e+00
1.615154330350773382e+00 3.146761291237551994e+00
4.754029738300572738e+00 3.145179005606048239e+00
6.323587797577462588e+00 1.574976899338511371e+00
1.531126423926935320e+00 1.566844669411295632e+00
-2.901858523487101799e-02 1.568546667440857467e+00
3.106329463819918146e+00 1.567280628138699505e+00
3.177846274225099243e+00 6.286180271425832800e+00
1.603543816743933315e+00 3.144701899542671875e+00
3.478105904853243113e-02 1.574145921353731215e+00
5.068725856416320813e-02 3.146855067404336737e+00
6.329263840571855759e+00 3.704459522867136097e-03
6.266708203995124293e+00 4.710618288138346266e+00
3.709759656341313216e-02 4.716621827508372000e+00
3.100642270244906573e+00 3.137390444790687738e+00
3.097997176657356633e+00 3.140077507336948237e+00
-2.221990467999706773e-02 3.139463817934367462e+00
