2.703152510124106289e+00 4.796022593295386827e+00
2.010529406945759323e+00 5.474550176068984086e+00
2.151180633300422418e+00 5.122820982357977337e-01
4.634037453827875574e-01 1.659174737449185866e+00
3.760608396652294960e+00 2.506143892929313388e+00
3.395005196185284291e+00 3.026612538337531078e+00
2.372910318531301854e+00 3.118831775442605925e-01
1.873911181366170631e+00 2.048887154924780685e+00
5.932669902619745805e+00 5.815399473116569240e+00
9.318515789851024023e-01 4.716407431780354820e+00
2.620207579484533644e-01 1.760889097160262207e+00
4.776657472545530858e+00 1.034618593768373174e+00
2.103090336659007686e+00 5.176942456410426052e-01
1.989222006838698764e+00 2.223326092714691171e+00
4.382669818610838597e+00 3.861608187967576988e+00
2.660454051913623719e+00 3.546517107043981820e+00
1.571987140716295750e+00 2.459452951667528087e+00
3.064152324419009421e+00 5.918255279005308900e+00
3.477274602358372491e+00 8.768941948423587540e-01
4.392222794553851450e+00 1.477307356952777928e+00
5.684722268174934728e-02 2.347880274797239597e+00
3.731769973065419244e+00 2.032985629407335182e+00
1.015580972636893398e+00 5.004993103356493833e+00
1.902449160627877278e+00 4.146307793102793404e+00
2.021943444808999568e-01 6.276100778044869877e+00
5.224609379682314980e+00 3.276176134933097117e+00
2.644413293170374768e+00 3.865436254564418750e+00
5.782756088981497733e+00 5.478381712858363173e+00
5.678011604066041329e+00 3.188101276177662813e-01
3.482160369351466889e-02 3.899694861621277209e+00
4.530892042333802827e+00 7.324511824066800569e-01
1.747941563029610013e+00 1.476695830373060625e+00
2.397353809714885209e+00 5.342085278260996439e+00
4.453466788113888519e+00 6.085124124820987745e+00
4.802339797929696452e+00 1.590789603826315624e+00
5.552998966823006199e+00 1.981082059256608296e+00
1.667654558956839672e+00 4.501999122823525212e+00
6.182869988837996544e+00 5.349167527693881929e+00
6.054960542195703788e+00 3.790311587903378299e-01
3.176017894427355603e+00 4.833667351468497131e+00
3.904797351800699978e+00 5.371313390200038285e+00
3.944776685784245895e+00 1.431583967254758671e-01
4.521388706994235562e+00 2.949348871837444541e+00
4.240799044802101569e+00 8.182482758695054370e-01
4.933104072958463426e+00 7.543716111059320939e-01
1.025477613268041210e+00 5.386731860164719166e+00
1.067265137764757954e+00 6.131154046203628916e+00
5.661919846400426337e+00 5.076159242979246145e+00
2.295726860399942559e+00 8.834200129624886211e-02
2.228624778646335791e+00 5.587980024170533966e+00
5.009530399411419310e+00 3.963695550971569337e-01
2.439002173311281663e+00 5.501579720856640598e+00
1.453433254583159639e+00 5.532671252750816393e+00
1.237462708384061028e+00 2.691246238451456829e+00
5.637572021995606697e+00 7.455086320863739680e-01
3.695986778035789122e+00 5.026565740584697295e+00
3.547929484601941130e+00 3.352024437354651276e+00
2.784770505260271367e+00 4.120765800346064545e-01
1.191804915109786256e+00 4.814237100227465760e+00
1.776083466572238478e+00 9.523789034491436656e-01
6.123745589038893655e+00 4.768431460289910717e+00
5.933828722031632807e+00 5.298585677771777691e-01
4.700449422664624066e+00 3.433693469984069324e+00
2.226854905112900518e+00 4.304713105206062096e+00
3.741314337561196357e+00 1.527829736858084431e+00
5.046472177016916305e+00 9.470762097307097171e-01
5.847337748702016391e+00 4.363053114496491247e+00
4.163268754522062132e+00 3.716223601531446707e+00
4.513383355171355582e+00 2.426446603789413903e+00
2.952536914105142962e+00 1.746635627214051967e+00
4.963405851302316485e+00 3.295846330474286656e+00
3.325331548306554197e+00 3.618708480073978162e+00
7.343672413240424079e-01 3.381089755684518749e-01
5.791749825969959353e+00 3.799203667289211328e+00
8.047786600143342906e-01 3.759071682838162509e+00
4.382170567324387811e+00 8.365825535519655354e-01
9.768320226631600767e-02 4.997370494980878597e+00
4.155612907861536698e+00 3.323122687754018756e+00
8.402692191887205508e-01 1.225200643072160034e+00
3.021640996265385848e+00 1.256364841215826811e+00
8.193856338674030404e-01 6.420718921920545719e-02
1.733234221175681489e+00 4.713559346316317011e+00
6.109110010363713705e+00 3.025174633277641689e+00
2.519085537737081548e+00 2.633431106775517172e+00
3.639478720331668526e+00 2.482520083753630313e+00
1.204464504785200285e+00 6.076856954005759093e+00
1.836642436871375628e+00 4.579634899408646653e+00
3.336150750280264088e+00 3.222912713772390081e-01
4.794979710717484522e+00 5.757273001310029947e+00
5.933842055899394730e+00 2.020463747476711092e+00
2.643680010804659197e+00 4.363218577104674978e+00
4.674841888982678384e+00 6.029055096973207739e+00
3.026048327450721942e+00 5.357582205891311844e+00
1.148276395426085061e+00 3.598891105472324714e+00
2.429126044015558872e+00 3.993667904473850783e+00
5.037778434863181332e+00 2.321151789298202761e+00
3.106643958573526820e+00 6.499959477576614519e-01
4.305982347489907269e+00 5.447424003848316154e+00
2.465714038875757907e+00 1.972415857897186431e+00
5.422176329449813537e+00 1.948527700785976702e+00
3.826156319621172863e-01 2.638212250660265212e+00
4.701623208106998852e+00 3.214968364034751058e+00
1.125300937482726304e+00 3.715973239476531020e+00
2.029145362889176685e+00 2.019928580938542273e-01
3.434891494246414267e-01 5.064799919044324916e+00
3.306844749477457768e+00 4.927287925201036423e+00
1.017227816547023878e+00 1.543186350397208084e+00
5.181626539635639794e+00 2.938918345156412926e+00
4.126806733574588382e-01 9.251191982791528989e-01
2.124867109433674905e-01 1.335263451297195259e+00
3.458429840731620075e+00 5.499929228687292060e+00
7.944361355573534289e-02 4.792645673437169407e+00
1.789272497783092053e+00 4.618459911145444963e+00
6.486111554501302612e-01 3.089995111651873128e+00
4.965433760347617742e+00 2.172636961559666346e+00
1.259323364819723290e+00 4.623530352012871880e+00
4.299983453686380686e-01 5.899528664765182562e+00
5.784331297351565482e+00 4.432261321645927232e+00
4.929046183955965721e-01 4.899776392088448063e+00
5.946891349665328619e+00 4.337650722884951904e+00
2.860423636105441147e+00 4.691434042146101824e+00
5.470934931557196457e+00 4.774745779606773155e+00
2.890580633943609534e+00 3.420637057887089494e+00
2.270489882786984381e+00 2.844846138698561955e+00
3.259696185072863184e+00 1.007854664727828586e+00
4.007394126599740147e+00 2.524509573490987258e+00
5.399100103964759256e+00 3.388840840217063999e+00
3.761570491062282251e+00 4.704313649940426778e+00
5.028181140178972441e+00 6.113055150640159807e-01
6.222956799327605815e+00 4.032841684367704183e+00
4.131100501705526007e+00 3.865586369169711212e+00
4.055822370260414367e+00 3.880070645998019874e+00
4.747586616665338433e+00 1.267034082884869461e-01
1.643009591438021333e-01 1.779730697968271158e-01
2.577588528221120834e-01 3.869105587742510455e+00
5.967168119127225445e+00 1.124743776430208453e-01
3.376455881998347675e+00 2.950349938641534830e+00
2.997320958671737756e+00 9.926558687782590651e-01
1.363482925639324383e+00 9.677116003152046453e-01
1.731958022465115876e+00 6.116410035588478067e+00
2.352149987273936205e+00 2.774084335493068210e+00
5.596172489704271058e+00 2.265152877956240651e+00
1.820378703056544145e+00 2.017881547234684714e+00
2.484033376590624620e+00 4.109115776411261800e-01
5.757317592774003900e-01 2.218279582038140685e+00
2.453577838020970514e+00 2.152034498494376447e+00
2.191275496973867032e+00 3.873328652637738845e+00
1.685962350071903204e+00 5.544841529204060926e+00
4.904514477085303525e+00 9.273566271605838685e-01
1.800236631016015387e+00 5.166182486172393062e+00
5.903065645415292551e+00 4.422675881388227204e+00
4.207835016119411797e+00 5.688700206303369811e+00
7.829017935295019548e-01 8.789370600037364756e-02
5.596983542737860695e+00 2.124489921151624383e+00
2.422326746040324608e+00 1.707127155049683154e+00
1.992611792847999164e+00 1.372678337148433680e+00
2.379131551502317254e+00 1.818733211130757921e+00
3.548079416973425548e+00 5.733546166876737793e+00
6.242809533004991529e+00 4.782551878804264689e+00
5.803355234998725187e+00 5.729624710091470341e+00
4.085166079269640704e+00 4.881761071919386019e+00
1.159130269415818981e+00 5.044682026834911959e+00
5.382464265263324776e-01 1.081433923816292886e+00
3.604404142304574066e+00 4.402406924040745295e+00
2.023944691699335774e+00 6.275447621198220638e+00
2.523785066244001118e+00 7.134190243062981107e-01
4.803102893913372640e+00 5.718044610554348317e+00
1.014245979178676343e-01 5.372241415178206303e+00
4.241040834610389609e+00 4.490510789808769943e+00
1.271574161812908388e+00 3.579599972964727428e+00
3.023721112618845908e+00 5.009336788701950205e+00
2.971403106057621812e-01 5.755725559887299170e+00
1.123931304643210227e+00 5.789787888500886881e-01
4.096258172517357465e+00 3.286908526372662287e+00
3.662295779085773972e+00 1.029199665832846611e+00
5.304066001504448291e-01 2.554991320715380709e+00
4.677460922425069612e+00 3.210904277674219820e+00
4.952255495003105246e+00 1.593291668028819164e+00
5.548530323549455190e+00 8.131872701328759501e-01
1.451294054702758185e+00 1.019941425184838435e+00
7.903550502536640376e-01 3.565580966033834898e+00
4.144758134571895347e+00 3.578448787540013942e+00
3.183211105527494755e-01 3.419874993714048461e+00
4.519784395820838796e+00 3.507288862726490875e-01
1.543658589871055087e+00 5.555090773976773200e+00
1.106383880032535183e+00 5.504276269977480318e+00
1.202993412471212276e+00 5.436068963559368861e+00
2.099394197121110750e+00 2.679234884517560644e+00
5.475391008137290072e+00 1.631745298876045691e+00
3.046617186092962282e+00 2.777673719948735021e-01
3.483373630922704134e+00 4.972577963966073433e+00
4.979351984667695241e+00 1.778509083487037845e+00
5.266551687323101305e+00 2.788837685962831880e+00
4.517454272316372976e-01 1.715273400652803426e+00
6.121619351644160822e+00 4.496842293318859873e+00
4.857024411213551218e+00 4.277794427895918794e+00
3.366267663448693881e+00 4.055239329788503433e+00
3.294195302710253515e+00 6.212317660564496080e+00
4.718039008408410950e+00 2.946410440596137992e+00
7.194335321596018185e-01 2.707581823721933567e+00
7.558700975921819332e-01 4.398168405553557037e+00
4.307017019385673606e+00 8.700965115162636598e-01
2.304861087078804882e+00 5.371381642750074015e+00
5.139672826176161502e-01 5.889843770574237247e+00
6.105043292416477918e+00 3.167130732002817251e+00
6.122638607238644504e+00 3.606608992230517341e+00
5.828038275393049084e+00 5.246074315687691225e+00
3.373949152494849724e+00 5.896010544155806166e+00
4.570282452066190437e+00 9.727542585439993283e-01
1.585825082438383493e+00 5.846068579380382602e+00
6.026816879300611163e+00 4.996834176723710996e+00
2.840845857123434071e-01 3.693091224064666722e+00
6.100719427669567985e+00 1.480280679510846742e+00
3.828932423834022103e+00 5.172215248666557130e+00
6.585200269054026778e-01 6.698101338017541373e-01
2.737537582599003372e+00 1.415058009894004210e+00
5.483387211729222166e+00 7.038670103733862815e-01
3.485921441436141244e+00 3.024073476729985388e-01
4.351937393761803996e+00 3.584696155143006102e+00
2.448098005875582128e+00 2.326739942617277013e+00
3.703376757300222422e-01 2.515125842115471855e+00
1.277097636744788822e+00 1.475500038855656282e+00
1.557503378388571003e+00 3.615809496502956133e+00
1.314600864652043066e+00 1.866398886239592603e+00
2.241255663662143238e+00 5.240055599268872655e+00
4.339185291734334982e+00 6.464989881473910405e-01
1.882315149121630782e+00 5.322436672722147932e+00
3.157055507461950405e+00 3.940787409597839908e+00
1.166211868815748787e+00 1.917909132058533306e+00
2.608401185034814329e+00 2.560736418650507051e+00
2.313114908834149386e+00 7.618499848340455349e-01
4.466674372713810293e+00 4.300283862547856550e+00
1.629111395651580141e+00 2.257359853749905998e+00
2.829837007935351423e+00 1.929828071027783309e+00
2.420403783391512853e+00 2.201393382296792378e+00
4.955926829043662885e+00 4.619394548591335692e+00
5.017878897388261983e+00 6.105007067360480599e-01
6.194190396066009408e-01 3.441027367389327907e+00
4.106768515082783289e+00 5.997942405597433968e+00
2.331175811859969915e+00 2.529673788159610748e+00
1.328186056551190264e+00 4.712696332062061622e+00
8.229254379955164289e-01 3.448265121707891456e+00
1.188826278770891864e+00 4.395065785543669001e+00
1.780327561118336899e+00 2.623987395040815684e+00
4.623994631597577509e+00 4.550117030308151733e+00
2.446834357785877767e+00 1.438130545673671490e+00
4.013837892380448302e+00 2.543966801094664554e+00
2.252650174230433677e+00 3.509981099172101882e+00
2.945155474458865719e+00 2.352169821732709387e+00
4.256074612757368314e+00 4.161124305105659005e+00
2.608493069242256102e+00 3.277616995568909619e+00
1.248368294307049819e-01 3.888166701200232556e+00
2.240581369373104259e+00 2.266760937679690446e+00
3.736312429854203310e-01 5.604825921454138715e+00
3.785621757646993935e+00 3.404601917505120756e+00
3.789630643291747258e+00 2.637661574210742543e+00
3.761088475168536505e+00 2.204074050564788667e+00
1.823710386878695466e+00 3.062473128355238661e+00
5.103032762690243862e-01 2.233303745931882744e+00
2.548167406091985665e+00 2.552856967370364050e+00
3.898707951843384478e+00 1.715581025073222854e+00
1.744290294490776771e+00 2.070768279591177485e+00
1.967568668426908474e+00 5.322176064460780731e-01
2.721601153901222148e+00 5.128955043444329398e+00
2.593596958067291514e+00 6.213313017690081708e+00
2.786697716616358900e+00 5.930745795436711099e+00
1.731926592129208631e+00 2.344074643756611509e-01
4.254445383775107281e+00 3.749298365935366029e+00
3.150884438546535993e+00 2.186781773597158196e+00
3.444649956368071031e+00 5.232438108542399213e+00
5.790912215254697237e+00 2.556396525966393884e+00
2.464916196762900302e+00 3.263704455508860125e+00
1.660028790791916453e+00 3.303193007139305637e-01
7.774884374960180367e-01 2.937157612424244224e+00
1.457131575545015822e+00 4.253542307652436349e+00
3.671426026085675254e+00 5.679856764249332279e+00
1.955495785681550469e+00 3.681507151071422790e+00
3.831025003975833343e+00 4.818588555644494065e+00
5.832444891366947104e+00 5.925013070171305962e+00
4.515505721349518886e+00 4.685395412398640325e+00
6.091512282881689444e+00 2.391712848020392634e+00
4.181814779144437999e+00 6.257954573741924875e+00
6.088516159941351091e+00 3.859014754287107163e+00
2.414057661159325185e+00 3.813114889969174470e+00
5.589224734386729843e+00 7.066663920989805225e-01
2.190906150711524170e+00 5.437106609156869275e-02
3.590176529244706871e-01 2.573587272194721720e+00
5.931526857401815178e+00 5.133394907947912422e+00
3.661444755821351649e+00 9.516205176819257927e-01
5.033324179546689869e+00 2.603648086118990346e+00
5.065456457214871644e-02 3.930306964775461154e+00
3.901704686317385207e+00 2.413335920429381609e+00
5.644623476960939357e+00 2.294196183874961825e+00
4.542447293849651291e-01 1.571043695728372436e+00
5.719574738212012122e+00 3.759633670772354108e+00
5.206082355811668450e+00 3.714112267019967106e+00
2.889648745282114906e+00 8.661605974714380041e-02
6.377446414323719726e-01 7.266629144847702726e-01
5.307139358056566891e+00 3.680703889510150262e+00
1.696992237911063350e+00 9.314771644620715163e-01
5.923467889955700727e+00 6.279799755626990887e+00
5.689648441682188640e+00 3.390295149409089381e-01
6.586999440345610302e-02 3.698925006030342466e+00
8.525912753436981628e-02 3.234439754309984677e-02
2.423778711210528680e+00 4.561884882541733077e+00
1.917099040586315306e+00 1.783018401070695758e+00
2.457917306958425474e+00 1.246120740855864550e+00
5.320387499155525557e-01 3.398840486915069459e+00
3.062565146479912404e+00 2.069365279964106852e-02
5.466164416374557966e+00 5.311549087627574828e+00
2.946823797049614502e+00 2.640738798971316581e-01
6.175677961131575522e+00 1.484579563181287254e+00
4.834173858485401709e+00 3.656260436436536754e+00
6.175479794629157304e+00 8.055491101492412431e-01
1.563045748302540394e+00 2.540702249384876765e+00
3.896805135089268735e+00 5.138175486402927206e+00
3.454607034428815560e+00 4.277542074765128710e+00
3.640157371360789984e+00 5.931963760298559762e+00
4.322977155908279912e+00 1.685834337396964866e+00
3.105979421872275825e+00 3.650108890147281571e+00
1.526529135522572078e+00 1.269442070270854872e+00
4.506658857960655906e-01 2.802235273263156579e+00
1.727903229550861730e-01 3.953846581284851669e-01
4.664779949830065497e+00 5.020910015899537449e+00
4.659942306724824235e+00 9.955842542433637199e-01
3.993295922591763247e+00 5.347743142406286232e+00
2.122251999706322501e+00 8.658112021520034673e-01
1.960565872894744821e+00 3.609215124547183962e+00
3.855159739935507535e-01 2.554755084552820854e+00
2.509689299227667592e-01 3.330853330287909753e+00
6.187372424376680335e+00 2.962736823101065564e+00
4.617735619515721091e+00 5.415738001203385998e+00
1.824482132000013745e+00 1.107724699106127364e+00
1.557423294138875480e-01 5.075786529686843629e+00
4.002298022559055646e+00 2.457708022513414470e+00
3.539834522167323527e+00 6.217297484181109057e-01
5.822680649736409642e+00 1.287007363950484207e+00
1.566027747532754866e+00 5.232577094695536779e+00
4.115813030490431679e+00 4.027565023936985789e+00
6.279516621134816345e-01 4.014980923722614392e+00
2.349216837094240340e+00 1.307953732549330228e+00
3.426115398242392640e+00 3.446957006044145011e+00
3.326519353548937907e-01 2.322776136402350478e+00
4.544354719545061982e+00 1.128338411640727595e-01
3.358990958146125805e-01 2.474156758860221128e+00
5.086756486617973749e+00 6.221453402297890456e+00
4.106423083098337479e+00 9.166882084682076437e-01
4.109916653503780104e+00 9.853181471592896701e-01
5.034960679435079633e+00 1.799404473430701534e+00
4.437178420062986461e+00 4.376475621446172859e+00
2.567189935564571091e+00 5.478989827327923834e+00
4.999563049813238180e+00 4.924806864893474412e+00
2.695643081682380870e+00 5.485907512246827267e+00
2.843995586439749701e+00 1.701020085195377174e+00
2.311361607909507843e+00 2.571925702021762739e+00
4.015347368781027271e+00 2.510184334541088358e+00
3.872839816354078479e+00 4.928856229471598738e+00
4.637051376656573076e+00 3.587187220101509588e+00
5.920960426731914916e-01 3.361163264143235185e+00
4.112148905164157320e+00 7.358203372449040325e-01
2.860806509642133566e+00 5.344917865322405426e+00
2.046352042701188090e+00 1.345302479742418011e+00
3.484526984173730302e+00 1.240834700788866263e+00
2.906541925336731946e+00 1.663451235660434291e+00
4.259302286885136901e+00 2.157264811191496712e+00
7.568580643015311304e-01 6.168824412650964817e+00
3.147774751832526974e+00 2.881670958854389841e+00
1.343737897189988484e+00 3.125852832665748426e+00
2.792714541970686692e+00 4.978152368049784116e+00
7.050087553104494864e-01 2.808791749510026747e+00
4.091905852791644982e+00 1.609983149626383669e+00
6.651715961027787616e-01 2.897839158072578414e+00
1.212974468244580661e+00 1.506085106795624906e+00
4.698226167845051648e+00 1.232294843457219180e+00
4.064855397117985158e-01 4.736892837185168403e+00
2.711437156876405297e+00 1.329686153222802369e+00
5.985031219644072031e+00 6.175927715120546502e+00
3.819054253185212744e+00 5.618370818417511181e+00
1.749965863487835671e+00 3.351502580423019850e+00
3.651211098715929193e+00 1.363563411068228426e+00
2.063013201901174654e+00 3.303899123562541451e+00
2.716435702306199573e+00 1.329941868725278642e+00
3.586987689190798134e-01 4.341173723775392901e+00
5.125203147892444022e+00 2.001307143406812372e+00
6.158878621503077966e+00 1.777556591861750857e+00
1.306908940341094505e+00 5.555336742478254486e+00
3.917504422034596256e+00 2.458282356657780277e+00
2.877424098909902028e+00 1.815453406538480863e+00
4.983215869315473334e+00 2.711296273654356881e+00
4.093001351124452292e+00 5.948577254280634774e-01
1.441288077579771176e+00 8.860228899026109106e-01
2.550154869343157049e+00 1.184288966514401187e+00
5.977139897579301753e+00 4.965203657530481429e+00
4.706583178473803031e+00 4.611922062416058843e+00
4.597602699080680644e+00 1.620752339599676795e+00
5.302295188002476678e+00 3.082438105323669575e+00
3.207799916894005232e+00 3.219465136407312578e+00
1.844676923626749510e+00 6.040121745812092158e+00
3.747630170384324888e+00 2.091932820695480810e+00
3.461308235466979966e+00 4.828044157260960034e+00
1.272491170168354113e+00 1.003837319775237491e+00
1.431653625078225689e+00 3.661009487856738964e-01
7.007728999739298859e-01 6.168834089855920189e-01
5.683489121572679714e+00 1.788379138207028651e+00
6.211134720017171595e+00 2.641928304772441560e+00
5.700903399352266199e+00 3.797285912183686385e+00
1.108907405612459485e+00 5.688212757791613505e+00
3.882546912831592145e+00 1.276500581808275525e+00
4.395989609981810986e+00 5.738645039879008980e-01
3.297017845158299210e+00 1.592482797043339948e+00
2.943244535949089968e+00 1.013997691030346926e-01
2.998164304706567029e-01 4.094430566217051037e-01
3.478972789580310199e+00 5.424280131328823806e+00
3.477490311340622586e+00 6.089837684166046650e+00
4.270089101560662570e+00 4.690859532556519440e-01
4.461887765993630239e+00 5.264962319399290713e+00
1.426926545273515812e+00 1.733877354784950087e-01
2.857865212653698084e+00 8.583708663992576371e-01
6.055283829128680573e+00 6.138646999308722485e+00
6.196051928527931629e+00 3.097492629221330063e+00
4.710374014702159329e+00 2.144778136284548165e+00
5.096522967442774110e+00 1.272135406937829893e+00
1.497077989502508588e+00 7.700337648715214200e-01
3.669155452565705300e+00 9.353036194791850000e-02
4.090841913432620380e+00 2.531934951212383655e+00
3.984841474122358118e-01 4.940237571601250544e+00
6.632105791239394366e-01 1.891396127834656493e+00
5.228489003923698419e+00 4.142117012162274570e+00
5.415558272972996079e+00 5.137089473286588159e+00
3.305300406575968353e+00 2.243195198871283935e-01
8.251508472441797526e-01 5.096732642096873933e-01
3.738566625407318877e+00 3.100028388251190314e+00
6.182289115397572310e+00 6.485787452345922466e-01
6.164767735178520169e+00 4.614343385928775909e+00
5.509323242496508399e+00 8.400965187774276366e-01
5.109908825635271157e+00 3.884546102599603090e-01
9.461826544001591399e-01 5.821676635625486540e+00
4.514610410681671127e+00 6.066039929303987499e+00
2.622474335867018613e+00 5.341335164530851998e+00
1.357785680291297703e-01 4.940394227089870860e+00
9.819805881494243771e-02 2.702757452390321280e+00
2.055110146860073428e+00 1.028387505999190044e+00
3.648660938127555875e-01 1.175824826228313746e+00
3.749763063661078810e+00 5.349348598705591762e+00
1.941762950756620087e+00 2.861755330622584470e+00
2.892616059534940387e+00 6.065835470612174207e-01
2.721538025290484164e+00 3.163155867863492787e+00
3.354578527859988224e+00 4.639050520883188256e+00
1.623174667424648054e-01 1.306966730367090879e+00
3.882471258846485362e+00 5.119315614725247876e+00
1.000955536200824003e+00 2.767176586381046910e+00
1.323686907474755092e-01 3.856815846742371878e+00
1.919202064330430613e+00 4.463353705599265808e+00
1.711504153904389591e+00 2.748454221762476557e+00
4.099645870101023881e+00 4.853177450408183269e+00
3.218764176457914683e+00 6.086434388979866661e-01
6.179933360866531444e+00 4.981423411645889310e+00
4.612597229871370885e+00 3.381307674627528570e+00
1.424593269471341461e-01 1.060078143975528853e-01
2.880299029697011015e+00 4.220936657787977886e+00
3.803595595980361899e-01 3.941602525688867154e+00
4.922503853702817622e+00 5.761445476592216508e+00
5.503374372574696416e+00 3.155604561552556309e+00
5.720294069920057289e+00 1.580900213326450476e+00
3.369408471781045744e-01 2.604829454213704931e+00
3.592156017269931390e+00 2.310990911961289529e-01
3.908063747067236915e-01 2.735017915455305371e+00
1.079844833602881284e-02 8.325805418184699658e-01
5.474397814107788918e+00 7.554233698504011496e-01
3.845863943072905800e-01 4.623142273045792727e+00
4.184096451482468559e+00 4.348327685495903872e+00
4.924811332718051382e+00 5.227693733852984082e+00
2.449162409297628962e+00 4.051364485321564679e+00
5.064580924917895466e+00 2.150743597128739637e+00
1.174822381273418870e+00 5.946526366538318342e+00
1.623017864733575122e+00 2.685335867684168765e-01
4.295463107013051562e+00 2.307017011583134547e-01
1.678600016181028609e+00 4.658189295042436839e+00
1.869382546321742833e+00 8.419142773873575791e-01
5.623624338337594786e+00 3.999403091833847679e+00
5.177919099952434934e+00 6.095291800550173278e+00
3.043292880573926773e+00 4.292850090374570549e+00
6.748958609155438770e-01 6.209022217617875761e+00
2.799912184887376129e-02 5.897237888995936927e+00
4.015400473344138632e+00 6.152410257813767380e+00
8.215860070277551941e-01 5.965553855935224803e+00
3.561882429694470886e+00 2.688123804112403814e+00
5.253316097836374432e+00 4.618587189317055142e+00
3.193694690958174043e+00 2.847161217005145795e-01
5.649207956414708853e+00 1.064546265229893374e+00
5.453396619583674720e+00 4.453348990528262163e+00
2.182742959629110580e+00 5.598770122664130433e+00
9.597005137594557533e-01 2.794692111054710271e+00
3.551111876386510158e+00 2.248600417563157094e+00
3.087732483755299295e+00 4.770802165165300757e+00
4.566774827594133335e+00 6.139737830104254890e+00
1.896466939206066016e+00 2.200086469138713002e-02
6.281498483469626137e+00 2.696467508145411252e+00
3.845593198857040651e+00 2.991432230190346431e+00
6.168525048070051753e+00 5.031226466141838216e+00
2.067891465266327167e+00 1.081488184899583871e+00
5.280965942859736195e+00 1.111896702763010003e+00
5.361604281896203972e+00 2.878113252798578436e+00
2.020032647495144218e+00 5.377812581927928548e+00
2.216833479298164100e+00 5.976560562852145431e+00
3.451250674271096663e+00 1.284383259857692750e+00
4.131112884363937532e+00 2.211693849851439631e-01
1.630591022801767487e+00 4.888354503663072670e+00
5.700946021168255662e+00 2.811977056211667936e+00
9.922765699500111225e-01 2.926288795138497267e+00
1.220508073582631026e+00 4.243054206291531294e+00
3.017937096881756265e+00 6.071583515792296382e+00
3.216135494402739270e-01 4.312943249245108746e+00
1.020432754252280416e+00 2.788454843959961682e+00
4.342909037996045107e+00 2.272810328137201630e+00
1.428409252954265130e+00 5.897367281522470250e+00
1.786930052517404111e+00 1.190515494391777951e+00
5.313018475025809373e+00 5.376254344861195911e+00
3.470569576474098916e+00 9.408601413826646054e-01
4.660387353852551762e+00 2.445809148122752408e+00
5.351405274464318573e+00 3.751806849260301391e+00
4.310645771694028738e+00 4.266137360286468727e+00
1.822052547186442661e-01 1.433680639935746015e+00
4.755686232478015363e+00 2.839767792493345322e+00
2.577408064301657920e+00 5.281424090154112072e+00
3.612182845057887448e-01 4.675299812067053473e+00
3.990516644999943185e+00 1.239465715227182407e+00
6.217023053314399306e+00 9.697372914580794090e-01
2.094486861691558843e+00 5.268833697371762270e-02
5.617509966967070945e+00 5.064395281205251287e+00
1.905287717308665307e+00 1.860762056407309739e+00
2.781108235431651199e+00 5.212377422730046561e+00
9.829421546467299597e-01 2.976228129423994062e+00
3.829071295968076605e+00 4.257529646533610546e+00
4.622016443656443485e+00 3.821250329221882236e+00
6.752946793514991164e-01 4.893897303158563972e+00
5.089433848395635174e+00 3.927388660241220908e+00
1.979459155819180083e+00 3.681780106220296833e+00
7.485361808970076858e-01 4.864889299640191012e-01
2.609334533578038240e+00 3.812722779678937801e+00
4.709549208521636388e+00 5.397756905330282962e+00
3.426470533040154032e-01 2.190981963194546189e+00
1.962676565850664190e+00 5.858328646327640721e-01
3.609335357735673266e+00 1.262655526413126506e+00
5.249856181960301793e-01 1.293394245878128901e+00
1.314679845381478529e+00 2.943255047956133463e+00
6.099307218268759101e+00 4.720230341614710667e+00
3.825084592137254713e+00 5.951730309669854613e+00
4.526563511937761852e+00 1.549640334524579277e+00
1.480698884071968813e+00 4.097636561971836677e+00
5.278880109433431222e+00 1.524871782605324189e+00
1.059733652192234477e+00 1.591617278741657593e+00
2.499889674310999954e+00 3.844885502144868461e+00
3.047803897659636441e+00 3.660027454920027346e+00
3.248104069562384844e+00 3.092632727694086814e+00
2.981383703590430923e+00 1.086148380033610250e+00
5.402535718462316616e+00 8.173326255135875407e-01
3.108498778772370574e+00 3.004313504840858240e+00
3.020993410105624388e+00 5.415387633969567460e+00
5.550429071446443707e+00 5.824914909956724784e+00
4.702438943495143242e+00 1.647819327219073093e+00
1.574769575561240087e+00 2.866695167840015213e+00
3.520621717074701618e+00 2.149564607673674299e+00
3.501155955834860389e+00 1.805359741739888557e+00
3.480416662891394064e-01 4.155964584103045922e+00
3.175373064303619319e+00 4.702149624821249319e+00
5.419307583280048135e+00 4.621483157912702922e+00
2.080065847365065945e+00 2.519190584869728688e+00
5.257595327701394261e+00 5.887083048111158234e+00
2.844008432466260228e+00 3.821143795425296474e+00
4.258105687155819830e+00 5.920546967992860177e-01
5.237092935505409663e+00 5.824782892250116362e+00
1.825593591190911136e+00 4.956243998757973834e+00
1.109778908365528283e+00 2.377849149505855131e+00
1.038300338153230529e+00 4.387690019534462138e+00
6.273474290333470371e+00 3.234527025426385372e+00
2.994219412801658819e+00 1.409601711898138543e+00
1.736132107657589740e+00 6.033876124324015766e-01
3.202068354577615406e+00 2.480296817421089095e+00
8.084563786160676724e-01 1.449098513483328521e+00
2.583073175750761896e-01 3.574087453062824160e+00
5.503826748876434749e-01 4.220868069907398379e+00
3.682358163850026678e+00 4.341838684634194756e+00
1.814239701808205985e-01 3.693879673283665177e+00
1.358840163352507679e-01 6.793672882215822106e-01
1.044769660041760639e+00 3.258081642322542937e+00
5.828053869686707245e+00 5.478196489650084544e+00
1.615362344537557115e+00 6.114219269611087526e+00
2.975116684147297796e+00 4.412219903287875056e+00
2.835995876888995681e+00 2.643432488577837525e+00
5.117757617425412242e+00 4.009429938727075537e+00
4.238743497404389160e+00 2.756533299929953884e+00
2.605440762108868658e+00 6.027609268515582208e+00
5.522926935853663899e+00 2.022524119936352616e+00
1.546082983595792992e+00 5.675248299048050171e+00
3.013888618770774297e+00 7.584924081527480988e-01
5.349337320481068581e+00 3.066679426570189548e+00
5.516855046059318646e+00 2.915691461554477115e-01
3.518419001506676302e+00 3.505349045090813132e+00
2.541456833748636512e+00 4.008188825885916629e-01
1.684816466044224414e+00 3.395375616305953415e+00
2.383994020420540316e+00 1.607401249127009102e+00
4.738800024788846876e+00 7.845945975596029243e-01
4.143079742543048560e+00 2.781944327628384617e+00
5.534076531230321727e+00 2.045418207258981269e+00
9.940290532533599954e-01 6.089878910915055954e+00
9.045577350059614830e-01 4.050346802204948915e+00
2.748417735019455521e-01 1.264809354965626964e+00
5.374936757773894236e+00 3.973346934101506189e+00
3.918493298660525426e+00 5.126461984730782184e+00
3.672405103763118905e+00 3.656385684060032837e+00
1.912021334155977526e+00 5.578222013651516598e+00
2.114822967965579004e+00 9.471291395940195645e-01
6.047795839092384718e+00 7.951432428306696165e-01
3.744217993565094466e-02 3.212893548253020093e+00
5.037687213288065458e+00 2.382926250061381257e+00
5.122727603740639069e+00 2.605972897690721490e-01
2.814410388346790803e+00 5.096631410603770007e+00
4.939604174366158063e+00 5.873637233451439066e+00
3.117802099723456344e+00 2.974110245149836018e+00
1.529283993695494726e+00 4.536484969139901402e+00
1.271311610616455479e+00 5.593739906266914197e+00
5.324072140306020273e+00 1.599338348070767912e-01
5.346369020883021683e-01 5.367124578559280934e+00
4.788360287085559719e+00 3.162625577825615153e+00
5.805460210164582691e+00 2.271213290174680210e+00
4.751114881910386778e+00 1.407279153734562804e+00
3.158811750657354978e+00 3.414739986449180642e-01
2.860636594887825367e-03 3.063847452188424469e+00
1.324570190574321904e+00 3.058622433463319190e+00
3.217479782320320503e-01 1.717014578277215708e+00
7.162012409599254337e-01 2.905931439456593268e-01
3.343874314118413515e+00 4.262065493186494969e+00
1.160955716179748354e+00 5.230700922046963797e+00
4.576270344577607063e-01 1.265274926636043906e+00
3.642152877416986456e+00 4.126474819457311760e+00
3.995434915937382314e+00 2.552114738959487372e+00
5.211877339034460377e+00 9.260418605681434157e-01
2.457158055789036677e+00 5.514494864488860060e+00
3.003032130815590062e+00 1.000362570987190391e+00
4.386167962546307919e+00 2.736787874142790233e+00
6.008164798238507798e-01 3.232899453584777826e-03
8.148358469728322895e-01 4.770002761645772082e+00
2.168824820887683025e+00 1.531945288469386060e-02
5.877148448585111096e-01 3.098771771098668193e+00
3.105542581412992220e+00 2.662413992128702667e+00
2.793102246205471761e+00 3.444422917617158686e-01
1.857956512857731557e+00 5.777261959673684721e+00
6.003894638179710697e+00 4.578994044064465641e+00
4.199617746557556153e+00 1.305102649427202777e-01
2.682840533123041826e+00 2.658651222133316505e+00
5.458083461453955287e+00 1.422148649602642756e+00
3.155175434367869958e+00 5.432137962247596263e+00
1.837624234630277797e+00 1.708652451515983439e-01
1.847781742140348848e+00 4.181666512318193973e+00
1.078386580761958591e+00 3.030383674941019567e+00
2.294232377278864643e+00 1.152130173306664007e+00
2.480106412398106031e+00 1.711627152775018423e+00
5.538624945264124300e+00 3.261727774480972286e+00
5.373410107897310439e+00 3.166008766221405146e+00
3.232390103446031393e+00 4.280701654050769633e+00
5.385909064871370333e+00 1.197419438907796563e+00
1.455113316750531238e+00 2.589138025203285842e+00
2.465192804475934807e+00 4.309437950346962865e+00
5.939153953230388083e+00 3.790726190862075295e+00
2.122879321738309955e+00 4.307824809835678614e+00
8.109398311228248613e-01 6.189400006304865975e-01
2.451312542186799615e+00 6.179081600206155045e+00
3.960267259139714113e+00 2.746393987014346116e+00
2.788044458869189945e+00 4.882015238639673349e+00
4.086954896331469911e+00 1.815878088901699883e+00
4.803609318741365541e+00 2.843861814363628060e+00
5.491832862439717466e+00 1.311327129345930542e+00
3.001059073508304920e+00 2.817292879679929918e+00
5.704940281273993552e-01 3.913002327753053233e+00
9.365105938289554066e-01 3.903850503633574665e+00
2.076677822433249609e+00 3.847630706374110865e+00
3.420146624332802698e+00 3.619031672774908337e+00
2.047890100860511264e+00 5.131466112310327787e+00
8.887691231627544708e-01 7.756735770834690680e-01
3.381931209715175690e+00 4.067719881094030043e+00
6.720164803715875657e-01 2.863713495183900282e+00
1.539667958677348736e+00 1.772701771395030157e+00
5.411244975903674259e+00 5.592564587920098695e+00
4.103017422174683460e-01 7.338883628334884612e-01
6.249772917146454887e+00 4.352395857141642566e+00
4.995831607430684329e+00 1.016044025236065185e+00
2.368063758198118318e+00 4.903270531071921567e+00
3.779979057133955322e+00 8.689167738526658302e-02
7.938868276524012613e-01 5.733399883203166070e+00
5.431543507374815505e+00 4.212773068518052888e+00
1.352091814368458600e+00 3.196177361370554859e+00
5.739787865403142675e+00 5.139621919016850171e+00
8.570229019395592118e-01 2.901949129230814606e+00
7.762927433962422963e-02 3.794961445291966218e+00
4.281391165462521187e+00 3.446153918639780933e+00
4.818014064993405121e+00 2.126661131963553664e-01
3.641415627150432321e+00 4.991164930991376814e+00
2.613013438088558349e+00 7.578545985015955333e-01
4.695387986928271751e+00 3.185596361003004251e+00
1.136630742758851342e+00 5.939839753334609007e+00
5.347185288098837752e+00 3.461305703257160360e+00
6.252685701984082023e+00 9.567806638790763429e-01
3.586280402053682703e+00 6.079294880097342535e+00
3.984072330336059675e+00 4.401444592700525682e+00
2.932897199116438980e+00 2.582124319037167215e+00
3.068067603293390899e+00 2.468166663388027260e+00
6.058598960680579459e+00 1.571449902000635612e+00
2.373316081243752595e+00 2.126053123565234959e-01
1.496149680997720832e+00 1.499670649494357244e+00
5.347136632393773681e+00 1.243646990805568064e+00
2.244183585850353602e+00 3.262929597865440901e+00
5.944662816679532114e+00 2.468356031392099137e+00
1.485927179109153506e+00 1.549257214154715179e+00
3.502705910170513359e+00 5.792497812037933791e+00
6.243798630933036442e+00 4.935937904520885766e+00
3.135636342693633338e+00 3.416784170446930169e+00
4.064000423121663985e+00 1.354383381696527167e+00
4.421200309667025152e+00 3.844936764007045760e+00
1.547412869160219584e+00 1.075524101178420233e+00
5.652346395873054874e+00 6.001850944885708472e+00
1.365288244691253094e+00 1.768246207672888426e+00
2.078070248578355539e+00 8.401885972477594056e-01
9.050147686308761541e-01 7.108577298244149467e-02
2.515107276955773852e+00 2.361056573860700780e+00
5.308839212782659800e+00 5.017644343502684734e+00
2.261089024943808479e+00 9.501076486302674207e-01
6.471666546317303946e-03 2.178328692565181246e+00
3.971044185492869527e+00 5.322054905184534057e+00
3.927973149624461424e+00 2.564165116588200746e-02
1.214666228704577078e+00 4.268443711416660236e+00
5.353575438570627121e+00 2.077725587696278353e+00
4.504293619695213913e+00 1.354598241720582852e+00
4.753620068997618020e+00 5.066213364293598032e-01
3.295131011574435220e+00 4.025263011493361631e+00
5.758555547781305073e+00 2.930754991224913564e+00
4.110720563867740651e+00 1.882868867286082437e-01
1.820402693585804199e+00 3.903145743058244133e+00
4.413990397938364119e+00 2.552788688849108034e+00
2.902499196374680235e+00 4.247350194503593634e+00
1.697378852056061094e+00 2.107427495771171611e+00
4.515504290468111748e+00 5.347290814766906486e+00
1.371650050910200980e+00 3.369370928588308445e+00
5.792804496055740771e+00 5.683518515295221007e+00
3.421285642091875800e+00 3.926166850459276603e+00
5.341350167380373826e+00 1.933339214758658775e+00
1.574748958401451793e+00 1.664526578745602059e+00
4.940210248879584043e+00 3.847351355762126612e+00
3.944550330233036028e+00 3.948022505275569749e+00
5.547641141593027569e+00 4.337900971607257183e+00
6.195378589533548919e+00 1.656152503429081380e-01
1.686203861517817648e+00 4.411652062906763483e-01
2.709883607667563421e+00 3.299356531046932606e+00
5.275340392309106896e+00 3.394174041406257114e+00
3.916517007080758450e+00 2.074417184626246691e+00
5.136242899412811980e+00 5.038477606692606692e+00
3.551016522047215407e+00 5.854999777472229994e+00
2.834171500366409191e-01 6.245679673434627155e+00
5.872872651477718975e+00 4.571999621098402855e+00
5.582257468467010320e+00 1.697471787800193255e+00
2.491948371653998962e+00 3.481943113496909881e+00
4.485267801360213191e+00 1.638676622605510946e+00
5.294752377138927102e+00 4.035183635621276466e+00
3.315807361120352570e-01 2.577910780011829939e+00
4.167714776325449400e+00 3.572675787319222196e-01
6.061231230295635264e+00 7.630517325404760631e-02
3.391955067139423630e+00 1.200353851840913588e+00
4.033228687080653962e+00 6.031964157242699187e+00
5.823832415463186862e+00 5.101880924981744059e+00
2.424465742424956716e+00 2.190385466730377928e+00
4.762833392657565668e+00 5.275697702791766197e-01
1.411056576318332034e+00 2.217475807498874740e+00
3.746202322099525084e+00 5.875347508252447781e+00
4.603763880889530036e+00 1.979424038602786817e+00
4.901645028036527130e+00 3.887368452813827258e+00
4.658862966346598355e+00 5.564807696492837685e+00
5.141338627633514236e+00 2.858608496652340847e+00
2.745628072358311300e+00 5.025685408408135046e+00
2.003390112707889026e-01 4.313906929440824101e+00
2.084346244820594496e+00 2.641220854631857407e+00
1.748940930480154643e+00 2.090076232502191989e+00
6.075904786352085196e+00 6.254322636798308466e+00
5.145010637031153244e+00 1.884447024752033073e+00
1.263182402416888339e-01 1.805133982114041080e+00
2.645120495505914882e+00 3.486396639309207846e+00
2.586725376713230773e+00 4.731228377232816307e+00
3.588931693153228242e+00 6.281506303273502567e+00
5.651363897731432884e-01 1.468490756561213528e+00
1.966193091643380519e+00 2.978459141634386409e+00
1.648131553752083756e+00 1.099820749192470082e+00
5.782742086073197285e+00 4.330452001551269525e+00
5.351583238221122585e-01 6.228360814568227877e-01
1.916760343063349081e+00 6.212591063680372727e+00
3.851190727210367815e+00 5.428041145801188350e+00
4.069487153855641637e+00 1.245032548150198481e+00
3.947737557394833008e+00 6.049495203118816500e-01
3.503822176401634625e+00 2.163751261720868513e+00
1.465199708613684315e+00 5.576598118650082370e+00
3.285869837718458086e+00 8.496438490527560283e-01
2.662291333939792448e+00 3.199066589764429480e+00
