5.821155034625404845e+00 3.700553621976726770e+00
3.228734798929678629e+00 1.418284505963622655e+00
3.338695481897735462e+00 3.036315944261231081e+00
2.037881935725364801e+00 1.555365531500862097e+00
6.145110963977824525e+00 4.732512843689659299e+00
4.070589759769758231e+00 3.750925004086000492e+00
5.712423856648671805e-01 1.400183099359055605e+00
6.234570049833449978e+00 5.636197600608531921e+00
5.559434042714291202e+00 5.478432784580752113e+00
6.139101266401968182e+00 2.623721053407902293e+00
3.198050259954824948e-01 5.369491774986687727e-01
2.813449876537212457e+00 2.753991224879535515e+00
5.635490488220334271e+00 5.259726594777641928e+00
8.234783149313713579e-01 2.640286634553954404e+00
4.421694598830248069e+00 7.781725125628711215e-01
4.464414552856885265e+00 2.605886853923861657e-01
5.039761253037395861e+00 2.730116930337651571e+00
1.508754192618920520e+00 5.490941361997821346e+00
6.111806465383739173e+00 2.982067432405886453e+00
4.752133458629596241e+00 5.615741489905757611e+00
5.125624621432546490e+00 5.851190087896177339e+00
1.608156203460819611e-01 2.641972363791082135e+00
6.259218269288145287e+00 1.353371172057517668e+00
2.742117894449624060e+00 3.000713499779990912e+00
5.534523253985915936e+00 3.311280404261647714e+00
4.835782635001550034e+00 5.074570593090479420e+00
4.835620076990679195e+00 2.228258467467000070e+00
1.248660089516780314e+00 9.082658579129271326e-01
2.882217915742923617e-02 6.095112892342474886e+00
3.432179961074773633e+00 3.457584491195243803e+00
4.046194904432509176e+00 4.354135497712938729e+00
5.753148363775624219e+00 2.675328696840358234e+00
6.010939750932344339e+00 1.316891724221889159e-01
1.115430423417399508e+00 5.035270206431001760e+00
5.997258093127450174e+00 6.204155969662306980e+00
2.830981403056470391e+00 1.565254022624617214e+00
3.926375598959206847e+00 2.231586738657370894e+00
6.275930840765589380e+00 2.975434008677195319e+00
4.101774578277223249e+00 6.183142790617851325e+00
3.069533731049266301e+00 2.112220560826790994e+00
2.068787699641121414e+00 3.482128432396452755e+00
5.747072660339362038e+00 6.649737328493896329e-03
2.174307505114403849e+00 3.189216557820617748e-01
1.080116059748311708e+00 1.268238198736006517e+00
3.903274169981303388e+00 9.947730553759139838e-01
1.425607039676847876e+00 3.576178476510593285e+00
3.149596559331969914e+00 3.898530546201973479e+00
4.283160128698024316e+00 8.564106254996299850e-01
2.967084991761704149e+00 2.171682025714252173e+00
3.053394630360424244e+00 1.893820088748901787e-01
9.768451560954085622e-01 3.566639557105156566e+00
1.418021870485175473e-01 4.958677141490705154e+00
5.180485637601227600e-01 3.376357273566128026e+00
5.448431149987893463e+00 4.241264975467044174e+00
1.609671068715032849e+00 9.346726049252078727e-01
5.941500922193068135e+00 3.999969038282571887e+00
1.897248644781637517e-01 1.180666724145536861e+00
1.490232873970522398e+00 3.601105447357843214e+00
4.893931002831422572e-01 6.273409909422047015e+00
3.315470165927650648e+00 3.313590466824554159e+00
4.159966166080705463e+00 2.595080542898736020e+00
2.241969464458621442e+00 1.359078494487286681e+00
3.141767282394137606e+00 4.569903349784854463e+00
5.826137873096068454e+00 2.401716536073549513e+00
2.820897423364366885e-01 1.574272176348157304e+00
3.201742597559181558e+00 6.280044372925217111e+00
4.161354838116229082e+00 4.870563353847684240e+00
5.376910646133801208e-01 3.534793054989705308e+00
5.284547255450258163e+00 3.123502727024206838e+00
6.424547914786982172e-01 3.395958508527646025e+00
4.015117822356409683e+00 5.076520721234690114e+00
3.283998585336271869e+00 2.789505664685463238e+00
6.073520664355247511e+00 3.576766686006917606e+00
4.281265706419106642e+00 5.619943681774407729e+00
3.901777672988568479e+00 4.397171504182205481e+00
2.816246871522341544e-01 5.742562409126611200e+00
5.420482146817714231e+00 4.112361455721734060e+00
1.802253409531574091e+00 5.293033089985880402e+00
2.533812430800460813e+00 5.234825776882649606e+00
2.555319290614178840e+00 4.684073755142766693e+00
6.989321469852569080e-02 3.285128426869409868e+00
8.623552189948732183e-01 2.093274064131538381e+00
3.430485438205733484e+00 2.494231956312030096e+00
4.785310970033036959e+00 4.568108855327856155e+00
2.320017486110295124e+00 2.921887307185887739e+00
1.720270310243278811e+00 7.904176910300334535e-01
6.814300283273838632e-01 1.989453836641914775e+00
5.668511663959413305e+00 5.050382782800064696e-01
1.015397861938095891e+00 3.254353032055046668e+00
5.930796054027316799e+00 1.114393990286483671e+00
4.702921690789138576e-01 3.983480874449040421e+00
1.271253183646630092e+00 5.405498673132218990e+00
1.710744839426435071e+00 3.350299275968853241e+00
3.114935658838227983e+00 2.161368534557349452e+00
5.665640475545160371e+00 1.162780252606929077e+00
5.539375184976869093e+00 1.955969853631885913e+00
3.965100405901121672e+00 1.916317309490466858e+00
9.274499732670793417e-01 2.126209062475516998e+00
3.449972594772856116e+00 7.865197529828487077e-01
3.707844596193043074e+00 1.832173336256126772e+00
2.741033564592300742e+00 4.159615377348191423e+00
6.080512116745389051e-01 3.971202617505293908e+00
1.231424892444177965e+00 4.881999745380959155e+00
1.863021468019636195e+00 2.757626343889313159e+00
5.312632680090634274e-01 4.989364278688087850e+00
5.904948673009541293e-01 5.408410132546979554e+00
4.222714198602630198e+00 2.302889056071109497e+00
5.878177345679708843e+00 4.496383167873448383e-01
4.056447910239445065e+00 4.888013975951891688e+00
5.389628803389963529e+00 6.004600796163562570e+00
3.953634960242574881e+00 4.971272735456416569e+00
2.608557603684168225e+00 1.324938049757410363e+00
2.843725563482753405e+00 5.105687478040412230e+00
5.421863308828031025e-01 2.397060102580698349e+00
5.181875811494304429e+00 4.441143355763512268e+00
1.361595977026612170e+00 5.189974463012788641e-01
5.125227163540430730e+00 1.367990282205735042e+00
3.912405888613619709e+00 4.852914300840478923e+00
4.877654342402789389e+00 4.653588002879425645e+00
5.417926916750598343e-01 6.212421381657342145e+00
4.492810126186236985e+00 1.846945217460417288e+00
1.442131801721612039e+00 9.914362747769805972e-02
1.598039356218925733e-01 4.251824048608408013e+00
2.663627142393605318e+00 5.769947989958212453e+00
3.437994226361827277e+00 2.003754852354996174e+00
2.968093845795108376e-01 1.158835059543008583e+00
4.329477264061986297e+00 2.720835422944516413e+00
5.728278403666545060e+00 2.157899661470679131e+00
5.908929337537875526e+00 2.249881514497970691e+00
5.005246713368082467e+00 5.304522239259049421e+00
2.148617576715615152e-01 5.957409627027206334e+00
2.292894956044036481e-01 4.302439404269849277e+00
2.165690676683901472e+00 2.689355281731356850e+00
6.980500106064237154e-02 2.642761189734034399e+00
2.009988060470098592e+00 6.068673794704562141e+00
4.716234636942716385e+00 6.241380998103804423e+00
3.289829950648599510e+00 2.609983336997341308e+00
3.825868019600874970e+00 6.002061798198535136e+00
9.728585356922960781e-01 1.340394341154374169e+00
2.246514214240002527e+00 4.363984072122584656e+00
3.620841699747650466e+00 6.189308248838584881e+00
1.379495134193570727e-01 2.575435151885576701e+00
3.212271211020357509e+00 5.899959511903498210e+00
7.438199143914517864e-01 3.064620073361014718e+00
3.982799166401478796e+00 2.875177552560006511e+00
2.735592913585102703e+00 1.201467258239104607e+00
1.340248277432925850e+00 6.100340532094060464e+00
1.049936408509921870e+00 1.177405511106837555e+00
3.078708066201559568e+00 4.404024407260926033e+00
5.630285592976468578e+00 1.649618607188857000e+00
4.717298298776936072e+00 2.390805475123231716e+00
2.718813883230098760e+00 5.200504092970179570e+00
4.725305045925838776e+00 3.802554344615226345e+00
8.284664164934829600e-01 5.659207426703285471e-01
3.291311845721952789e+00 2.660498142951077671e+00
2.058886991647750797e+00 7.882725854288700207e-01
1.286460047948183361e+00 2.814795982599192392e+00
3.741379384454444512e+00 4.906035863547995035e+00
5.087608498637190557e+00 3.905608115019452153e+00
5.923574732061077874e+00 5.248532670884692664e+00
1.247765353017359358e+00 2.335157913689468678e+00
3.569923492015154576e+00 4.215608586871168129e+00
4.066361595642433713e+00 4.491934381332386650e+00
5.427244815355013685e+00 6.278999569405937287e+00
4.047352718569456331e-01 4.431478223811236461e+00
4.520160598795063933e+00 1.846334841661609882e+00
5.821287700139374799e+00 1.268596623328023920e+00
5.667168689020725125e+00 2.300723837965104490e+00
3.944246115004166331e+00 3.304221602902268629e+00
1.603931830767910682e+00 1.921189253957888532e+00
3.205499171775625822e+00 4.744837495058333299e-01
3.501421059832690919e+00 5.128127904267790527e+00
5.226838574541991633e+00 1.329516416533303103e+00
5.706465421416002215e+00 3.555738089631671262e+00
9.133568285895331540e-01 1.394310849183079404e-01
5.974771970211188332e+00 2.985629654916363229e+00
4.608180883820856444e+00 3.770197161953248610e+00
4.149083660240167504e+00 5.476863813471291031e+00
8.597953026252683813e-05 8.054423334222392539e-01
5.799227657052878016e+00 4.558105334064869396e+00
2.367776256405065283e+00 2.426752214515823347e+00
4.328437573185715870e+00 4.751350655127635214e+00
4.349406645770464763e+00 1.907111975654990577e+00
3.101275747623088552e+00 1.082658277469109809e+00
4.412215583948526643e+00 5.754140910056658065e+00
4.865138985086694845e+00 4.103696233291297624e+00
2.902162599120575504e+00 4.645211277636900782e+00
2.815366275674526353e+00 2.495369428137039769e+00
5.849580261856817565e+00 5.548151595792675472e+00
5.185014288129411675e+00 4.877594498337748941e-01
4.603749095856012885e-01 5.197496019294604253e+00
3.160433356238802727e+00 2.356400749446068144e+00
2.538030167238416901e+00 4.518423424592844739e+00
6.247788757830414319e+00 5.600162791756827296e+00
3.731235673940827557e-01 2.577595949580203882e+00
2.306014647436180010e+00 3.884687981520184241e+00
1.805506986769342737e+00 3.255693180941159337e-01
4.278652531157858263e+00 2.828348594900306434e+00
4.282100325144516662e-01 2.058387347156327429e+00
2.835057160873202808e-01 2.187730900533847223e+00
4.716312292659715411e+00 1.598794926904549607e+00
4.975030653499457500e+00 1.306647996119808974e+00
4.588353311884085350e+00 5.830090453444458198e+00
4.221657492602622241e+00 1.614991578611942424e+00
6.696747468089928601e-01 4.211984860247297568e+00
4.540693744833063650e-01 5.469584852298823741e+00
2.239020922014018922e+00 5.202944460016022177e+00
7.669294360418001943e-01 2.067029035066735076e+00
3.315480725126824790e+00 5.319351618434672524e+00
5.501303068795980522e+00 3.006047555906579127e-01
1.779233212794643526e+00 6.222925670946528598e+00
3.099791532120092175e+00 1.511092740849392158e+00
1.019731702981901078e+00 3.362255755457526529e+00
2.748888443613231924e+00 5.301703462698717395e+00
1.784195899064458635e+00 3.742838282424602703e+00
6.121597227937793484e+00 2.272848552519824317e+00
1.957121467321272235e+00 5.425824948373626277e+00
1.466348966730288417e-01 5.122235685339691535e+00
5.021241603661457553e+00 5.304725077340916251e+00
3.321824072739851808e-01 1.036379316883221158e+00
2.733616139475464557e+00 2.973154008864102860e-01
1.490302125954518386e+00 5.428353691980953855e+00
3.213002535325704123e+00 5.961409170080968600e+00
7.974079452669469159e-01 1.382790567993680719e+00
4.896231400449053695e+00 4.528881203787955556e+00
2.069775716014821576e+00 3.530375227885269140e+00
6.078279036662073143e-01 1.291077156498790623e+00
3.035530521464655518e+00 5.413771180572211073e+00
2.105304780439155365e+00 3.802235904662179422e+00
1.948744974554516840e-01 5.404197101110032264e+00
5.099673163071281934e+00 2.775313836425148839e+00
3.419831129244530477e+00 5.003799093329040382e+00
7.956511025362785761e-01 3.227170511817821552e+00
4.681600903189672813e+00 3.637359162014774494e+00
5.802713179124876497e-01 5.909831027965468664e+00
2.301014564644320082e+00 2.912679646739164685e+00
1.492576637019817243e+00 3.387691040865828729e+00
5.749976254714357360e+00 5.771470512650641815e+00
1.270319858773102384e+00 4.537030025990308746e-02
3.701093637630634703e+00 3.167950121728526636e+00
5.523079747598943712e+00 1.821748493562585836e+00
1.331422625489794509e+00 4.829549177132743232e+00
4.999382335438461666e+00 5.657829342569504760e+00
1.937738527678482425e+00 4.408185575530679579e+00
2.051816979853117395e+00 6.141106201138413212e+00
1.635872076776387685e+00 2.050031660049918436e+00
1.625076343270350998e+00 3.775780850968608604e+00
2.360063610726310213e+00 5.759649780549463749e+00
2.101181397172859899e+00 1.427364442392251576e+00
4.471283962519249755e+00 1.026126562038499390e+00
3.755412366524464307e+00 6.211905935780136723e+00
3.507494512301222223e+00 2.396119573693428428e+00
4.756232994231394784e+00 1.604723058353787701e+00
3.997770287415511881e+00 3.060320691154973183e+00
2.525166633272289296e+00 6.078404640494281530e+00
3.072292605158801759e+00 5.876206778601926750e+00
3.393674766566571854e+00 2.095835502581276710e+00
3.596856850643696646e+00 5.157954642934140743e+00
2.801935684119984060e+00 1.289065113376552940e-01
2.377225506954065093e+00 3.339934432105790663e+00
1.946935556865052597e+00 4.616421349884173964e+00
4.087323718807370554e+00 4.826466834734126188e+00
6.099010420502061436e+00 2.441199577485508421e+00
1.563469905642169921e+00 4.242152397184495882e+00
4.642657733869963721e+00 1.779332599100969858e+00
1.237978221645153809e+00 6.249110307332139680e-01
1.149172828256066703e+00 2.666199262865405206e+00
3.894317933864908543e+00 6.211800254768115259e+00
4.445919874050598963e+00 4.823064302078734933e+00
4.311561267870552605e+00 2.947302313076029190e+00
2.061783206506346833e+00 4.105921162697591775e+00
1.490010478323950116e-01 5.283228559319894657e+00
4.048832209649532388e+00 3.840680301208106329e+00
4.496885862553842372e+00 5.133865755485214954e+00
2.226544965739785997e+00 2.030577329113137264e+00
1.526412087413491658e+00 3.373512163239728689e+00
4.790803748476843538e+00 7.871088551172610304e-01
4.299026287751633646e+00 6.807837808744999775e-01
1.888704452630377117e+00 1.566861655545450094e-01
2.812915224891396004e+00 5.580802907627235854e-01
1.621770876660440841e+00 6.166877584357327358e+00
4.324866980591385301e-01 6.026557779494331690e+00
8.100231267076537511e-01 1.190512864277139427e+00
3.298523423688826117e+00 3.081443722001396157e+00
4.291046401173211677e+00 2.596837986295605916e+00
3.250084853231783644e+00 2.748513222182160654e+00
4.726782975074227622e+00 8.198653959330343133e-01
5.138943194039780060e+00 4.046633588048296204e+00
5.060897124747485876e+00 2.739321285958703722e+00
1.846929530104801653e-01 4.969465134093512759e+00
2.637623227377615009e+00 1.723005048889420410e+00
1.846978962748943021e+00 3.505071569728918313e+00
1.836271982131138625e+00 2.221659317446877058e+00
4.339737534657063245e-01 3.838925320666065399e+00
8.796634753031273846e-01 5.307107963937469641e+00
1.222607798739731244e+00 5.725032611844452113e+00
4.646865432783739425e-02 3.629312129893163430e+00
3.846656364582920595e+00 1.938018926171217737e+00
4.322508912451506369e+00 5.215779085578681418e+00
5.519041661990817360e+00 6.143337123392612398e+00
1.924092880088575264e+00 4.281435607957789991e+00
4.547244143075804601e+00 5.208665483917666705e+00
5.816729854257052246e+00 3.358561950118931883e+00
1.907253656455100421e-01 1.518746754716097103e+00
2.003208860724317475e+00 4.670238407024353222e+00
5.944493586936051344e+00 5.049909048635048414e-01
7.058587892748318104e-01 2.983827114660074553e+00
4.161517794784094448e+00 5.217451655680862999e+00
3.013570980912184893e+00 1.285582671058758564e+00
4.720122467496702390e-01 6.041491463212114610e+00
4.162312815461503668e+00 2.843665633539304238e+00
3.576536556700042335e-01 3.255195685530723804e+00
6.256431882094807051e+00 5.931907648683449885e+00
5.218951824586350874e+00 6.202561426655642585e+00
1.723824111525933844e+00 5.961745133313762324e+00
4.561455434040266432e+00 6.120365443179403009e-01
4.928119340303785734e+00 2.583164393966313366e+00
2.287867520636180263e+00 5.147944444665224495e+00
4.155340639620103360e+00 5.273067480914624738e+00
4.930969432732434043e+00 1.541492415526127591e+00
2.319430812604744485e+00 1.345495575989945181e+00
3.661263602372075265e+00 6.102392093354033875e+00
3.422445138036311008e+00 5.011511926282204321e+00
2.639707229257406862e+00 1.374141548617699327e+00
2.941709794938637490e+00 3.658483193944796152e+00
5.677734977786649040e+00 5.709323809909027325e+00
5.103411270110893572e-01 3.805580551212627061e+00
8.680348385969877123e-01 2.421489834926809082e-01
4.924953603022700577e+00 3.540542543069850723e+00
3.742689387135840207e+00 1.955227251064467708e+00
3.083594606521897319e+00 7.999489391053599130e-01
4.510821279488530955e+00 3.200064335812134786e+00
1.005164603465275475e+00 2.382906862171318085e+00
2.181770411060415249e-01 3.551054026279832243e+00
2.441124619069651391e+00 5.126213939701584010e+00
5.894051128870005485e+00 4.444923942629770974e-01
1.403669555953055426e+00 4.508655094606648817e+00
2.903100208235081858e+00 5.056780548878032633e-01
5.180227180081835581e-01 5.091744379253301034e+00
4.112896064756842662e+00 2.030447932237863018e+00
5.999162075295654262e+00 3.230413312296369188e+00
4.607054133402659346e+00 6.005544659019951936e+00
4.106183882003743513e+00 5.757391996958472369e+00
1.060950322564972126e+00 7.565065428615421750e-01
3.667757702794780528e+00 3.588766873988622041e+00
3.926509332894098314e+00 5.138474841879390631e+00
3.216440175747527608e+00 3.681411638542241072e+00
6.029821615283631253e+00 3.596024795849063427e+00
6.091976613899971582e+00 2.273306336710217312e+00
1.294629860462841675e+00 6.040529995733021629e+00
1.753093119037489656e+00 6.177957671850462518e+00
1.673393049253763532e-01 3.515604326370274979e+00
5.845511814554510188e+00 2.311226155950628858e+00
1.204445223997804293e+00 5.256711736842215821e+00
6.074632194845739797e+00 4.041967639602026985e+00
1.930131170142642016e+00 2.247973459664414503e-02
5.266854563774533426e-01 6.040703481513993722e+00
3.944884883128588537e+00 3.826138864679814677e+00
3.809671009520552598e+00 4.666947598774000561e+00
9.657546883186447495e-01 5.717808719020240460e+00
2.869183084950872153e+00 5.394618403098828452e+00
4.995397363916544431e-01 2.201733112370137135e+00
5.057131081398524408e+00 3.447015393446413611e+00
5.086745572369725465e+00 2.490290251160353296e+00
1.899023317999497529e+00 4.073435250971359167e+00
5.755819920652726296e+00 3.864678186868375054e+00
5.721927367617255733e+00 4.367632771461654961e+00
5.208052436163987942e+00 2.095850961676619217e+00
1.457986227950374802e+00 1.162478876636747982e+00
4.565916754597060923e+00 2.552668751007829417e+00
5.439705253500131121e+00 5.362075228697428919e+00
5.679033133536706579e+00 1.485871197511581698e+00
7.092241969659989209e-01 5.294043314670769718e+00
3.244727559178111953e+00 3.778850047282950042e-02
1.260844966006046786e+00 9.716819657094255547e-01
2.554944067646495176e-01 4.680410401486227556e+00
6.408475555281094305e-02 5.915217968759471034e+00
2.367571048301302383e+00 4.099405083553691043e+00
4.777762131622843356e+00 7.496914526861004902e-01
3.651177337484311725e+00 2.174095695050088928e+00
1.848682180428472099e+00 1.336220325104038986e+00
5.395244227995600994e+00 5.026760374604328785e-01
2.093167741025204975e+00 4.660688626142624469e-01
3.397259579779347227e+00 1.445623088628388730e+00
1.106430132634681041e+00 5.877070286369906249e+00
5.326321522585405255e+00 1.564960546030049748e+00
3.911741164945126137e+00 4.444053561141196873e+00
4.752262119757379999e+00 4.464722170907718279e+00
5.714760038920243979e+00 5.234275634163650714e+00
2.506797765065534311e-01 1.708893335186305817e+00
8.005537544563282593e-01 4.555136308026981773e+00
1.001658437854003214e+00 5.849242042248083528e+00
1.842942059835342317e+00 4.217835359275360574e+00
1.880903772109540739e+00 5.302306720005987906e+00
5.894313445581240707e+00 5.862914138256053675e+00
6.945980585779666372e-01 7.848450425365570693e-01
5.954149251473147331e+00 1.150403395392746164e+00
6.097860226343337686e+00 2.455823578900492521e+00
5.878775353015840643e+00 3.333617417751188139e+00
1.456969363177972099e+00 4.495554026056761465e+00
1.728915465454275158e-01 4.886267107654640007e+00
5.401517203579169202e-01 4.510024141629346062e+00
4.633325142003749342e+00 8.647399814505523086e-01
1.700851305958535065e+00 3.772657479322397034e+00
9.570740713686272105e-01 2.715676760282464963e-01
2.831532882864731260e+00 4.701083805338669208e+00
5.018689699797377557e+00 8.920485596016372032e-01
3.162472906604079093e+00 5.112505803496733670e+00
2.467832897535251480e+00 3.636119158844871357e+00
2.849076448158494035e+00 1.377257428638618775e+00
5.322809500349814371e+00 4.359043199515300615e-01
2.671628564358249580e+00 2.405913723594415021e+00
4.645616000723832073e+00 9.288265377374287368e-01
5.496911417369738651e+00 1.075324803647376815e+00
5.299107875285050007e+00 5.162684119243257541e+00
2.510355080688316587e+00 3.970272923562931044e+00
3.940307196886730257e+00 6.113289475825926189e+00
3.046551743562717185e+00 1.414198102646621269e+00
4.475343597031370635e+00 5.523784307591200538e+00
5.515136923482285347e+00 8.482787070524714368e-01
2.950184920075803685e+00 5.110700832482902634e+00
1.231627200574781034e+00 2.580012361060007642e+00
1.188411737008121305e+00 2.164651510398117873e-01
2.901812592762320175e+00 6.228124016187850387e+00
5.366127663607750398e-01 3.974406510266194736e+00
3.461153811826390481e+00 6.693335680609995286e-01
3.225954784506356532e+00 8.853859580555852871e-01
8.145368120248962507e-01 3.273311042491995781e+00
2.970653283219563345e+00 3.864249580012330210e+00
4.429163967449886385e+00 8.180632357640821306e-01
3.214737685096880959e+00 3.834179003738944935e+00
1.067532328576880740e+00 1.979565596718259934e+00
5.464186901269195040e+00 5.240157997517087551e+00
1.528646617315207124e+00 2.832031187022591157e-01
2.865701690744804520e+00 1.665497831613846902e+00
5.465971619926568437e+00 1.689455419124549218e-01
1.692742623832870885e+00 1.767321445350405362e+00
5.773221574209751239e+00 5.761014045140245621e+00
4.207619099298743670e+00 5.995313718002705627e+00
4.199489915141289664e+00 6.003421236983333742e+00
4.515868863594718619e+00 4.620995291777037495e-01
4.242804062794807152e+00 2.004796649077847728e-02
3.830006148837726609e+00 4.885162073869494748e+00
4.424762405682460376e+00 5.985330449527888952e+00
5.714455875996844458e-01 3.322922539796458796e+00
2.030819975746464667e+00 5.958195048799239224e+00
4.533585827444257532e+00 3.656293920420277566e+00
3.960353553875691990e+00 7.303939261857362863e-01
5.661381226114590604e+00 4.092802756595830260e+00
3.725175722404048262e+00 8.826458528236688084e-01
2.204446427008956988e+00 3.612513928432874000e+00
2.872568482020204428e+00 2.371135013771398459e+00
6.073431936643259199e+00 5.701059051950416290e+00
2.786327149535376080e+00 1.712469778544240429e+00
3.716220552725612247e+00 1.527524572583027762e+00
3.194118822704564042e+00 2.721896199950335937e+00
1.135217507821301153e+00 1.049849018318561367e+00
3.869412143415786431e+00 5.080004622124341118e+00
5.717990061940395385e+00 4.763198760002751442e+00
6.876391949768139930e-03 3.705036870090337331e+00
2.576226236168725148e+00 5.119079317125013739e-01
5.417969914032883416e+00 2.950343296572011553e+00
5.752026942163276230e-02 4.378349040273772808e+00
1.915722913908774139e+00 2.837922687557484114e+00
3.880364731905029618e+00 1.319237338989909469e+00
6.125610315196595046e+00 4.478411696106961770e+00
4.451643456563342482e+00 1.470079455704126348e+00
3.201443224173704749e+00 5.491788200388082686e+00
1.829170701371441776e+00 5.217367223662596309e+00
3.707953572809902787e-01 2.175199450407611756e+00
5.558615719774317121e+00 5.033464131694566746e+00
2.326585021391144537e+00 5.141608766580953116e+00
2.042118102321357931e+00 3.626228157845842404e+00
6.049578867189834952e+00 1.692582694191554354e-02
1.196951829808293732e+00 3.629448073004324371e-01
3.899583503983626298e-01 2.200381241210918493e+00
8.678885564012903675e-01 2.847112565356841873e+00
2.234079394813751396e+00 4.605938906925890031e+00
4.985009152563648627e+00 5.893918151394847094e+00
5.222999291519998977e+00 1.963787254560521944e+00
4.624481278503900228e+00 3.984593745265456732e+00
4.498739054117409708e+00 1.123584443336592464e+00
1.995015948564976771e+00 5.397350798863206123e+00
6.127165321172270751e+00 3.764400036790106707e+00
3.720190961800610374e+00 3.909139633037197026e+00
5.753280017960937798e+00 1.371427241391433682e+00
2.858207493518427178e+00 4.597554061869674413e+00
5.537392069268623374e+00 5.152342026212505921e+00
2.240725549463628841e-01 1.691336032871141981e+00
5.148047118093023400e+00 5.771547890142017856e+00
5.276268702355146445e+00 4.384725579473240487e+00
7.878985375226511545e-01 3.406964911975263632e+00
1.731115318494480082e+00 5.929903213889133440e+00
5.715522944669349847e+00 4.770146778259682918e+00
6.064331462358308222e+00 1.089917948797120423e-01
2.572796070901327337e+00 4.324458701008340178e+00
4.545497816462871654e+00 3.214599604527317744e+00
1.607941281311098036e+00 5.247986053083608660e+00
4.565201790558701234e+00 9.767114839763819667e-01
1.061257685090331915e+00 4.288290679764766189e+00
4.623293692602415739e+00 5.744626127450514375e+00
2.792321566334567073e+00 3.340242266332292598e+00
1.756304565648936666e+00 5.423676441854085262e+00
1.050128422280732776e+00 2.594704426282659959e+00
3.193001680280843857e+00 3.775645407297250067e+00
3.081538541487852889e+00 6.272480125981377164e+00
3.945093942661654474e+00 2.032729395525164406e+00
6.216980519150391515e+00 1.494083176518683054e+00
2.952599965869485921e+00 4.875532389858252102e+00
4.982553568629238150e+00 5.071926645552522039e+00
2.284678551923249756e+00 4.549681971870833230e+00
2.990666984063093281e+00 5.820448501707756073e+00
5.302538310409703470e+00 5.891427722782932364e+00
4.142250460307575821e+00 1.351567693891722932e+00
2.879019963091574708e-01 2.400858459360583341e-01
3.155363973903237529e+00 1.226227552595575032e+00
5.682828458040896535e+00 4.031946009056588842e+00
1.864672298112889592e+00 2.666760451878278815e+00
5.462940323271846310e+00 3.969104062599282834e+00
7.243604173920447087e-01 5.542074721706926610e+00
2.902197853625649859e+00 5.696170958438998788e+00
6.233168758819084943e+00 4.397040809795816685e+00
5.078724453659640758e+00 4.944207272617244797e+00
3.990954439916996943e+00 6.247320437562782658e+00
7.593560519636276540e-01 1.455410317699066036e+00
3.210034324711569020e+00 4.732608314362837021e+00
2.030828494170894949e+00 4.477774579154018220e+00
2.813675053408566828e+00 9.299657409487261939e-01
2.806346795184515575e+00 1.383601482082044587e+00
3.079653185619822597e+00 4.735131597549850468e+00
1.856080285651353634e+00 5.263823651016110716e+00
1.776873629620726813e+00 6.159381099793137970e+00
3.076378973209539680e+00 2.142353534506336477e+00
5.890806226479366359e+00 3.624159435117603856e+00
7.952046346963959067e-01 3.390927031136878433e+00
5.403539286873666470e+00 5.456778445074500716e+00
5.638701724925843983e+00 2.946129605562064935e+00
3.325356166325745821e+00 7.679884390415301354e-01
1.166250933522645861e+00 3.666561165619731000e+00
4.398945132945351055e+00 4.058402246172865963e-02
1.655353097387586569e-01 1.725711372113329034e+00
1.009983546493940620e+00 4.271903104056407052e+00
8.279023986068634322e-01 4.258414370048395625e+00
2.527954761170933207e+00 4.080445959070108763e+00
5.075474365140763000e-01 2.224597295161051314e+00
1.621206167444057877e+00 6.194245799312151135e+00
4.592785346572567207e+00 3.749237258266523654e+00
5.448493659139204581e+00 2.840095314691802209e+00
6.224991225735529987e+00 3.860059644899777265e+00
2.926215663987037363e+00 8.900243601258377435e-01
1.254865636887256830e-01 1.026400394916440639e+00
6.054139069643547089e+00 2.485053709216294759e+00
6.020525721847548972e+00 5.626099376802917718e+00
5.156011817181350487e+00 1.820264607333393236e+00
4.347948159175446747e+00 4.201888813569474301e+00
6.135585817625653249e+00 2.125672231018522762e+00
1.300378380677471801e+00 3.414245170933784657e+00
8.276639961865385198e-01 5.315484083406132321e+00
3.983256990177176160e+00 4.600962997236286434e+00
5.802584683180350922e+00 5.185631869893638779e+00
3.718249669327142182e-02 4.963912225404019940e-02
2.649253352425023245e+00 1.212267409786994099e+00
1.820183884413900444e+00 2.440501995128672608e+00
5.629822493647077764e+00 5.370684456725694389e+00
3.790517870456339811e+00 1.223009065483696478e+00
4.257223328570344911e+00 5.265354239426792482e+00
5.261688800694130919e+00 2.667324560230946329e+00
5.607803919850205432e+00 2.698842947935485626e+00
3.199964179354069405e+00 2.109331704489893489e-01
5.687221270692650599e+00 4.804481056462805988e+00
9.984054104173649691e-01 4.236853509623211167e+00
9.392144289898212151e-01 4.468318964267070648e+00
4.288305311946074561e+00 5.857749795704534357e+00
1.802247876367135015e+00 2.929110268256589933e+00
2.586029081725190526e+00 4.646079858945081575e+00
2.926811149569862547e+00 5.679360519693632092e+00
6.246359955441362910e-01 3.304212316997930721e+00
4.156454010410465472e+00 2.354021178321048957e+00
2.916426636696960895e+00 2.768175222805561386e+00
5.243460785649649125e+00 5.554778735769229314e+00
1.634066829802877763e+00 4.182227227018426308e-01
2.971447323750779024e+00 3.372706494269954725e+00
2.634803460107529194e+00 4.056459476683848209e+00
4.313724142106133641e+00 2.762407870277046040e+00
1.637699871674818675e-01 2.371546534838482323e+00
6.133763437253629824e+00 2.960932081692081219e+00
6.258672042045538397e+00 4.016147587455176193e+00
2.125187740496311761e+00 1.152332318565448599e+00
4.953668459248660838e+00 5.105379777814826880e+00
8.896514221800579936e-01 8.614026037868646180e-01
5.321720018088902826e+00 2.272319622473927936e+00
4.466571593258843009e+00 4.344422502699428534e+00
1.724029051498125575e+00 1.839756568562622929e+00
2.193981446486634290e+00 5.103596316148702350e+00
1.410326924768802836e+00 5.614865479547135330e+00
2.479088788301851753e+00 2.797577516042915935e+00
4.418580448018579965e+00 5.626146406765863084e+00
1.291318793012139754e-01 9.753253100571067646e-01
3.695256748522359747e+00 3.328417842725197140e+00
1.955631374080200491e+00 6.212983438507113654e+00
5.110349497602389768e+00 4.729509301999953230e+00
1.883635824528358427e+00 5.648788619682727052e+00
3.800920310683798320e+00 5.983647638124260482e+00
4.676140602446632322e+00 5.468487392374250966e+00
4.001865763795808384e+00 5.959760204840133468e+00
3.690225543273075282e+00 5.795555737377445560e+00
5.022389268141533414e+00 5.926634442287642024e+00
3.031391100869917921e-01 4.770404989389877670e+00
4.100902812211818294e+00 3.270450858035068631e+00
2.852414800699547559e+00 3.737264864676717924e+00
1.832616848921900354e+00 8.192626900916716304e-02
6.855556476229042462e-02 9.537513235766740261e-01
1.204273496890390982e+00 5.833698221275751550e+00
5.166823366351262159e+00 4.267685901154682604e+00
5.031581349902952915e+00 3.608836257247311496e-01
1.217870662128355264e+00 6.127222056670396100e-01
3.443863926228465933e-01 2.591464376527050195e+00
1.599479233693411828e+00 4.311132806355002955e+00
5.845231322240713290e+00 1.079113084711253778e+00
6.023836221503863442e+00 4.306099441339273248e+00
5.803587947156121807e+00 5.835950574978814309e+00
4.188533238805847603e+00 2.083575339600749476e+00
3.746393456545251688e+00 5.750558110711149418e+00
1.707464826326251295e+00 1.993303363559884245e+00
7.559743608898005229e-01 1.395504571611152045e+00
2.110837612678946318e+00 1.952566060345288790e-01
4.067910986881488888e+00 7.393679259041870955e-01
2.345430624273769915e+00 2.494915738649614134e+00
2.555555892720058786e+00 5.188610212012037870e+00
2.058006238677055677e+00 1.172803806494743917e+00
5.532055214346175198e+00 5.779819814078585694e+00
2.202281829811480462e-01 4.988232614021963940e+00
3.000291333428145357e+00 5.646625207908279265e+00
2.076130015922389660e+00 4.447988474247785540e+00
5.748786376952827126e+00 3.408675346459122846e+00
1.698981576736579235e+00 5.516540868120221042e+00
3.606074062255395507e+00 4.366965611092512134e+00
3.058221103123404672e-01 4.088050265388602611e+00
3.569852072323400627e+00 3.594371120664678898e-01
7.465406829502033714e-01 5.605132562922118034e+00
5.978422638962397784e+00 3.320894424495525854e+00
3.327082672535399688e+00 1.297899076466691448e-01
5.577336573630535810e+00 2.092685568818258013e-01
1.334724793344802318e+00 5.068338670951320069e+00
5.881191516262734176e+00 3.615631806066520681e+00
1.672897224555049078e+00 2.345477170677675860e-01
4.820910077246021608e+00 5.461531058860906285e+00
5.986168749286186141e+00 6.161315203978088739e+00
4.637666053313641790e+00 3.772335087060831871e+00
2.463880321483016278e+00 1.795906823854055867e+00
6.049440361329986082e+00 1.417289348683625771e+00
5.479917702418511283e+00 3.079021964868864369e+00
5.330973828018004568e+00 3.346708293736300188e+00
5.625961846869069305e+00 4.975895276995733418e+00
4.034081994053786424e+00 4.678346781654766140e+00
2.338747688875013608e+00 4.880573645107026515e+00
8.524990038124018454e-01 2.147212623377102503e+00
5.921578388844266350e+00 1.347128988819829232e+00
2.737289341346868174e-02 5.622586593864220106e+00
1.939455437870226673e+00 1.685714695162845667e+00
4.182703163538461943e+00 1.600126894824563051e+00
2.330313315762015058e+00 5.217337658145360990e+00
4.032017938919176814e+00 4.246609758924207334e+00
2.034662242309115410e+00 4.388058406812573864e+00
2.339848256831924544e+00 1.834974395941626701e+00
3.598760264804333087e+00 1.036981544072393513e+00
2.826830075300145406e+00 6.182935639869538313e+00
4.813597893554526053e+00 5.847444934728476262e+00
5.935512865887831779e+00 5.738601242758675447e+00
5.929935109588592823e+00 5.796251462402136623e-01
2.822515542433843283e+00 5.686225513821574040e+00
3.010177716178839002e+00 9.754638466482893344e-01
1.407558725155793722e+00 4.654121630204024918e+00
4.285858481982968371e+00 6.151054146310622528e+00
1.400929074751800174e+00 3.995321383715458641e+00
2.929501287955232680e+00 2.561896562262449883e+00
5.954313710491080158e+00 1.342312757362706943e+00
8.693778007112180628e-01 6.024943273747981110e+00
1.576950717205676700e+00 1.042769581326649542e+00
7.237875564048710242e-01 1.331291258833056768e+00
2.643925324858813930e+00 4.931870430686190687e+00
9.593537986698611464e-01 3.187615196392225680e+00
1.257965506895796226e+00 2.947639570595243619e+00
1.543899077043264345e+00 6.022050881207113848e-01
2.245650274542347002e+00 3.930802391022494735e+00
3.103280374099885108e+00 3.405763496934426371e+00
3.137491069984987835e+00 1.817369597869999964e+00
5.097418710620416071e+00 3.632700380017797048e+00
2.609597219823649450e+00 8.042875053205947866e-01
1.588446527468901470e+00 3.310415781829115112e+00
1.861622218372473547e+00 3.762685338399494039e-01
3.725373750562127606e-01 2.549350242277118817e+00
4.643283045346847437e+00 2.613324432570013123e+00
4.031267509251155623e+00 1.524880291987274816e+00
1.385800633959083372e+00 2.662813729385845374e+00
4.114931820038196797e+00 5.019859097099731216e+00
6.222230023710313418e+00 2.014222022281038527e+00
1.147673243911728314e+00 4.937974438218459383e+00
1.912562039801770419e+00 1.213898349846557867e+00
3.511536992619455066e+00 2.500815111677841429e+00
2.047626816568036023e+00 3.789901528399870045e+00
5.870588750423788582e+00 1.362161225565045708e+00
4.670074827961549602e+00 2.896549651328731656e+00
3.359275072723075795e+00 7.504107498802046194e-01
5.991693104637988654e+00 4.289313033078660631e+00
4.307150812106958604e+00 7.926275436256013940e-01
5.832841651800208638e+00 5.097401617099921012e+00
2.466713149128497040e+00 3.306842137839643758e+00
2.376721884851618949e+00 1.130301232827439106e+00
5.155492029587074754e+00 5.174738748421879864e-01
5.956867365436774975e+00 2.221306211974640732e+00
4.369996712832737273e+00 2.457684167961242228e+00
4.224586656499284665e+00 1.975055840998586332e+00
1.066250071094956953e+00 2.936889914267621360e-01
1.297484447200517310e-01 2.050204158573814883e+00
4.746304639391176750e+00 2.740676294996426510e+00
4.489250200224634835e-01 4.823373150043217539e-01
4.953891999634894461e+00 5.210241174051617463e+00
1.962867967535320002e+00 3.165757432040404495e+00
2.952640880682927182e+00 5.874134549235582092e+00
5.922998995330257088e+00 2.581052238390014741e-01
2.442146871052371271e+00 2.650837743168685368e+00
4.183179852039662805e+00 2.576323425658011868e+00
4.146659384808733861e+00 3.471659960878728413e+00
4.293897227111890480e+00 1.324138323175798881e-01
1.188231735796064781e+00 1.683614288677142135e+00
2.916209429109562379e+00 4.427053785106069839e+00
3.858195470701623053e-01 2.845397858092869048e-01
1.622137370829132674e+00 5.831244953017187704e+00
5.503224923583577066e+00 5.711021015705216364e+00
3.899787426913102095e+00 3.101286079833828757e-01
2.881765855020483436e+00 3.346142481950704184e+00
6.089648616576504025e+00 6.028201190099436779e+00
5.836519785791347559e+00 3.037384985526395020e+00
6.163757167131405090e+00 3.828229910995109009e+00
5.503825249064181691e+00 4.732861308602295480e+00
4.305956905626827869e+00 2.373716927743650285e+00
5.935269761851360570e-01 1.327576617474768739e+00
3.334486186354478576e+00 4.735808314153750587e+00
3.308851323418480206e+00 2.303409789994184109e+00
4.335120889772092312e+00 3.483904707096577624e+00
2.103712566872347534e+00 1.038679478899747100e+00
1.329640184731210484e+00 3.554124385641970640e+00
3.124502401601044532e+00 6.682163969139764959e-01
3.983654764189533459e+00 8.034225397680542224e-01
1.563169909473831165e+00 4.228944723254451921e-01
5.580285369582325128e-01 2.474512161359578410e+00
5.898414069886478650e+00 3.273898005646546316e+00
3.282281320067751196e+00 4.415262044690925869e+00
5.110014780216400432e+00 1.238642491500652199e+00
4.515033923907723512e+00 6.183371343762056327e+00
4.931198022211166432e+00 3.707532067405260534e+00
6.120655374975714658e+00 3.850436432161762346e-01
2.986619298528588207e+00 2.298390881023659738e+00
1.642399026801767192e+00 2.951944671674886944e+00
3.198757145291709847e+00 3.260613546300445975e+00
4.292196191237700909e+00 3.793144791982181463e-01
2.774402521101337005e+00 4.992609439659724480e+00
3.983796491216951008e+00 5.698031875421859738e+00
4.317488727914367885e+00 6.249624866466342077e+00
3.980442558486121385e+00 4.518020192436715377e+00
4.233364742092644128e+00 5.940083890098786235e+00
2.078388279570624775e+00 3.040735765450846007e+00
5.864551073497594302e+00 1.004855204167777405e+00
1.245355140205480549e+00 5.705221090215012225e+00
4.830458583434739772e+00 9.555583282431409087e-01
1.559138188396925084e+00 5.692972604407654735e+00
5.761836327137324965e+00 3.603046323049839739e+00
4.924237038204732464e+00 1.223310342006858509e+00
3.159832120065914296e+00 6.242382204958262015e+00
4.402114842058378663e+00 1.383106735512241503e+00
3.209720117506415171e+00 1.508985867418803029e+00
5.400876382911078188e+00 1.486125927439938543e+00
3.835056967632996638e+00 3.480052055066026107e+00
4.879462894250911731e+00 4.956508069878665879e+00
3.392107034385142494e+00 1.769028149710652587e+00
1.700122340351344630e-01 5.631450388191455714e-01
4.471686529896694573e+00 6.247900101743970147e+00
2.067866460567982845e+00 5.773282835818424052e-01
2.209004907710617527e+00 3.732625035057708818e+00
4.517079705032552184e+00 4.012226969886253158e+00
2.953835865623386958e+00 3.819535993298565302e+00
5.978612151737086933e+00 4.946309675148710561e+00
2.082912743705540581e+00 2.675524092152378408e+00
3.154495073343365874e+00 2.333233386941340637e+00
5.016568986120442553e+00 5.025828007650230411e+00
5.935495792670442139e-01 1.200247074698384431e+00
3.985497294907563770e+00 3.774967933508495133e-01
3.421630710943524889e+00 4.547505032792522606e+00
2.244643323770339371e+00 2.408597235519527313e-02
6.126535729971495314e+00 3.694064771093121369e+00
5.217322326990821324e+00 4.852779299692024040e+00
4.451082219039333765e+00 3.236040524715715350e+00
4.037746727769775390e+00 5.952032726309509414e+00
5.508339250430570821e+00 5.803062518765005784e+00
5.705073210485629431e+00 5.903939237513025518e+00
4.851684009392296382e+00 3.910187392347401314e+00
4.439838125782739731e+00 5.476838923764637101e+00
1.799061414871850673e+00 1.062611913711747569e+00
5.183443378951209546e+00 2.595153466225742722e+00
