-1.909988017380236869e+01
-1.910138604044913180e+01
-1.909994719624518922e+01
-1.910031968951224002e+01
-1.910159704983235329e+01
-1.909899155199528664e+01
-1.910161399245261649e+01
-1.910074957609176138e+01
-1.910195744931698059e+01
-1.909945472478867856e+01
-1.910117313265799766e+01
-1.910095117688178590e+01
-1.910142153799532849e+01
-1.909675699472428434e+01
-1.909723979532717664e+01
-1.909746719896792300e+01
-1.910003699362279406e+01
-1.909295047521592892e+01
-1.909918275773524599e+01
-1.909934601485729999e+01
-1.618077954798936702e+01
-1.909954467415810342e+01
-1.910123208463191702e+01
-1.910121203660964895e+01
-1.910175926089286591e+01
-1.910127951502798993e+01
-1.618096190094948028e+01
-1.909568461775781145e+01
-1.910115526914596273e+01
-1.909424676597117099e+01
-1.910093228816987221e+01
-1.909670412838460507e+01
-1.909565614759921814e+01
-1.909257844686506900e+01
-1.909722722172738330e+01
-1.910123468041419770e+01
-1.910029374361038634e+01
-1.909919653534887729e+01
-1.909973213076590071e+01
-1.909680072963237407e+01
-1.909903171062470051e+01
-1.910171155631542206e+01
-1.910055724382401365e+01
-1.910054617524146892e+01
-1.909523501098155407e+01
-1.909840872585774108e+01
-1.909958054721354870e+01
-1.910074348449708026e+01
-1.910135195851326628e+01
-1.910112167000771421e+01
-1.910151799321175403e+01
-1.909608097970485119e+01
-1.909865627884865802e+01
-1.909927775859833687e+01
-1.909890724718571064e+01
-1.909624093174934600e+01
-1.909368408620357016e+01
-1.910151570141315247e+01
-1.909851864278317279e+01
-1.910087359249591898e+01
-1.909737132191657949e+01
-1.910125627219676048e+01
-1.909888169467450680e+01
-1.909714706838130382e+01
-1.910173212289810252e+01
-1.909959392547607493e+01
-1.910147656202316568e+01
-1.909752502441406818e+01
-1.910030561089514478e+01
-1.909583402872085856e+01
-1.910128656029701943e+01
-1.618070462048054026e+01
-1.681616475582123016e+01
-1.909945740401743919e+01
-1.910103544890881366e+01
-1.910091369152068097e+01
-1.910130645334720967e+01
-1.910163311064244240e+01
-1.910159505903720145e+01
-1.910080121755599691e+01
-1.910080286562441998e+01
-1.909611274600029418e+01
-1.909850412011146759e+01
-1.910169486701488850e+01
-1.909945020675660032e+01
-1.910046162307262918e+01
-1.910051046311856382e+01
-1.910175256431102042e+01
-1.909834136068820243e+01
-1.910070085227490111e+01
-1.909707402884960459e+01
-1.910141352415084981e+01
-1.909885370731355181e+01
-1.910136399567126020e+01
-1.910071392357350817e+01
-1.910066086649894856e+01
-1.910186255872249106e+01
-1.909940008521081367e+01
-1.910097675323485333e+01
-1.909930596053600738e+01
-1.910014726519585082e+01
-1.909583630859851411e+01
-1.909895859062671164e+01
-1.909699975252150139e+01
-1.910070333778857687e+01
-1.909147816598413883e+01
-1.910036808848380474e+01
-1.910187202394008210e+01
-1.910144744813441875e+01
-1.908761028051375774e+01
-1.910151832997798849e+01
-1.909892355501652261e+01
-1.680549556612969297e+01
-1.909996207654477018e+01
-1.909998763501645413e+01
-1.909074946939946571e+01
-1.681482173502446287e+01
-1.910018743872641878e+01
-1.909959425330161764e+01
-1.910053679347038624e+01
-1.910186156332493468e+01
-1.910133129060268331e+01
-1.909979389011860818e+01
-1.910174526870250133e+01
-1.910125963389874570e+01
-1.910140194594859153e+01
-1.909284789860248921e+01
-1.910064939260482575e+01
-1.910196530222894040e+01
-1.910118844211103095e+01
-1.909877061843871004e+01
-1.910116986334324096e+01
-1.909990142583847472e+01
-1.910126933455467224e+01
-1.910026000738143281e+01
-1.909632896184922046e+01
-1.909755767881869915e+01
-1.910093486309052935e+01
-1.681564530432224558e+01
-1.910100940763951272e+01
-1.910210642814635662e+01
-1.910037524998188374e+01
-1.910088130235671144e+01
-1.910034685730934001e+01
-1.909712749719619751e+01
-1.909822436869145079e+01
-1.909485066235065531e+01
-1.910046578049660582e+01
-1.910053704679013364e+01
-1.909884422421454175e+01
-1.909854904115200824e+01
-1.909961136281489047e+01
-1.909473010599612408e+01
-1.910154614150523855e+01
-1.909179829657078997e+01
-1.910013051927089478e+01
-1.910178125202656219e+01
-1.910156275331973319e+01
-1.909610291421412853e+01
-1.910014879107476560e+01
-1.909651539623737193e+01
-1.909856891334055362e+01
-1.618035129457712173e+01
-1.910094601809979764e+01
-1.909401838183402589e+01
-1.909812090396881601e+01
-1.910073712766169862e+01
-1.909908030927180889e+01
-1.618006252944470091e+01
-1.908931349515915343e+01
-1.910163230299949433e+01
-1.909842036068438986e+01
-1.910000082850455527e+01
-1.910032627582550901e+01
-1.909996129274368570e+01
-1.910191156864165407e+01
-1.910016184747219370e+01
-1.910000570118426566e+01
-1.909876472949981618e+01
-1.909910801053045759e+01
-1.618052495718002604e+01
-1.681525487005711383e+01
-1.910152613520622822e+01
-1.618004774898290421e+01
-1.909994731247426003e+01
-1.909958846271037558e+01
-1.909847447276116128e+01
-1.909861473441123891e+01
-1.909969363212586657e+01
-1.909977011382579448e+01
-1.910187770128249696e+01
-1.910149201154708365e+01
-1.910072948634623913e+01
-1.909964346289633497e+01
-1.910020646154879742e+01
-1.909896515011786988e+01
-1.909872526228429379e+01
-1.909406349956988436e+01
-1.909413727521895510e+01
-1.910148746371267947e+01
-1.910094570517540902e+01
-1.618099177181720094e+01
-1.910188197791576670e+01
-1.909963771104813901e+01
-1.909875790476798585e+01
-1.909771433174609712e+01
-1.910173734426497560e+01
-1.909650610983371521e+01
-1.909985703527926404e+01
-1.910024152696132305e+01
-1.910066064894199656e+01
-1.910188004970549613e+01
-1.910191708207130645e+01
-1.909876184463502113e+01
-1.910137426853180642e+01
-1.909990128576754387e+01
-1.909807133078575703e+01
-1.910046063065529509e+01
-1.910017623901368466e+01
-1.909484821259975362e+01
-1.909554512798787584e+01
-1.910116308629513782e+01
-1.910163358747959350e+01
-1.910146654248237752e+01
-1.909457946419716023e+01
-1.617931732237338949e+01
-1.910113214552403349e+01
-1.910074613988399506e+01
-1.909810564219950990e+01
-1.909291985929013435e+01
-1.909554713666438985e+01
-1.909882843792438223e+01
-1.910057023465634174e+01
-1.909782839715479952e+01
-1.909143265783785992e+01
-1.910136078894137057e+01
-1.910115904211997062e+01
-1.681128241717816252e+01
-1.909779617190362444e+01
-1.618099838942289637e+01
-1.909123905003069765e+01
-1.910001965463160545e+01
-1.910177737474440818e+01
-1.909806380867958708e+01
-1.910149320662020855e+01
-1.910197339653969806e+01
-1.910181981027126241e+01
-1.909141987264156270e+01
-1.909905909895896770e+01
-1.910050837099552012e+01
-1.909939347207546945e+01
-1.910101218521596067e+01
-1.910018582344055460e+01
-1.909826624393462424e+01
-1.910087070763109907e+01
-1.910087154507638019e+01
-1.910051070451736166e+01
-1.910174548625944979e+01
-1.910080555081366427e+01
-1.909768674969673796e+01
-1.618057677298784469e+01
-1.909807871580123617e+01
-1.910075512826443500e+01
-1.910031713545323839e+01
-1.910172725021840634e+01
-1.910088619589804892e+01
-1.909478954672812989e+01
-1.909734693169593100e+01
-1.910048877894877606e+01
-1.618074007183314222e+01
-1.910120522677897625e+01
-1.910150465965270072e+01
-1.909923844039438734e+01
-1.910188147723675556e+01
-1.910180509090424650e+01
-1.910132437944411166e+01
-1.910142573416232636e+01
-1.909788106679915032e+01
-1.909724231362341840e+01
-1.909816422760485821e+01
-1.910149111449717907e+01
-1.618069138675927832e+01
-1.909625199139117768e+01
-1.910156241655350584e+01
-1.909565904736517794e+01
-1.909704066216945151e+01
-1.681601705551148385e+01
-1.909613153934479612e+01
-1.909917662143706707e+01
-1.909822365343570283e+01
-1.909002569317816977e+01
-1.910005056560040160e+01
-1.909986042976380460e+01
-1.910013285577297992e+01
-1.909941982328891541e+01
-1.909965135157107596e+01
-1.910030052661896249e+01
-1.910103280544281290e+01
-1.910120632648467165e+01
-1.910192250013351867e+01
-1.910020223855971366e+01
-1.909836163222790972e+01
-1.909902989268303131e+01
-1.908290714323520731e+01
-1.909885113239287335e+01
-1.909715980887412456e+01
-1.909575912058354774e+01
-1.910116801261902708e+01
-1.909612382054327995e+01
-1.909926053881644847e+01
-4.176182328490541273e+00
-1.909991090595723051e+01
-1.910144140720366579e+01
-1.909322225749492574e+01
-1.618086537271737768e+01
-1.909841422438621450e+01
-1.910063062012195445e+01
-1.908951365947723744e+01
-1.910023222863672743e+01
-1.910077467262744122e+01
-1.910027016997336347e+01
-1.910070506930351897e+01
-1.910098403692246904e+01
-1.909448281526566049e+01
-1.910065728724002199e+01
-1.909378060102461916e+01
-1.910083294212817151e+01
-1.910137217640878049e+01
-1.909834767282008983e+01
-1.910062163174153227e+01
-1.910131822824477865e+01
-1.909324809610844298e+01
-1.909781581759453672e+01
-1.618074247837066792e+01
-1.910138798356056000e+01
-1.909988422393799112e+01
-1.909333456158637432e+01
-1.910045737624169604e+01
-1.910121294260025238e+01
-1.910126465260982798e+01
-1.909738833010197467e+01
-1.909990392327308584e+01
-1.910191924273968311e+01
-1.909734746515751524e+01
-1.618075257390738031e+01
-1.909915397763250411e+01
-1.908893409669400754e+01
-1.910144338905810457e+01
-1.909459865689277791e+01
-1.910054820179939483e+01
-1.909978380203246218e+01
-1.618057537376880717e+01
-1.909059962928295917e+01
-1.909508242309095039e+01
-1.910197471678257841e+01
-1.909985590875148276e+01
-1.910142479240893820e+01
-1.909505489170551940e+01
-1.910120872259139446e+01
-1.681554373204707176e+01
-1.909039629995823262e+01
-1.618069618195295334e+01
-1.618066811114549353e+01
-1.909491853415964613e+01
-1.909971120357513996e+01
-1.910019153952599424e+01
-1.910156539082526805e+01
-1.910065782070160623e+01
-1.909928270876406842e+01
-1.909988497495650250e+01
-1.910039403438569039e+01
-1.909970128536224365e+01
-1.618039333224296428e+01
-1.910070651769638062e+01
-1.910169127583503013e+01
-1.910155662596226733e+01
-1.910022783577442951e+01
-1.909902710616589516e+01
-1.909142037630082811e+01
-1.910133238732815286e+01
-1.910144757628441781e+01
-4.549786408245565461e+00
-1.909743952453135662e+01
-1.617969969660044072e+01
-1.617918039113282092e+01
-1.909625827670097920e+01
-1.909882300198078298e+01
-1.909878122508527198e+01
-1.909444469511510434e+01
-1.910157894194126271e+01
-1.909916820526122194e+01
-1.618042138218879344e+01
-1.910138237476350298e+01
-1.910033411085607113e+01
-1.910084856450556856e+01
-1.909854101538659066e+01
-1.909609602987766053e+01
-1.910086115002631146e+01
-1.909992684423922427e+01
-1.910011458694933850e+01
-1.910125994682313433e+01
-1.910117847919465106e+01
-1.909893265366553550e+01
-1.909925274550915830e+01
-1.909991016387939311e+01
-1.910111027359961611e+01
-1.909640811085700918e+01
-1.910110253691672710e+01
-1.909980455636977581e+01
-1.909820383489131856e+01
-1.908387052118778371e+01
-1.910108292698859955e+01
-1.909956004619599312e+01
-1.909732612967491860e+01
-1.909790531992911511e+01
-1.910189770460127789e+01
-1.910053369998931316e+01
-1.909331152737141579e+01
-1.909227140545845458e+01
-1.910180742442607027e+01
-1.909895251095294455e+01
-1.680478157103062031e+01
-1.909770149290562813e+01
-1.909482245445250115e+01
-1.910070347487927123e+01
-1.910107932686805299e+01
-1.910082406103611063e+01
-1.909545931220055337e+01
-1.909769207239150290e+01
-1.910117320716380718e+01
-1.910161579251289510e+01
-1.909864555001258069e+01
-1.910004007518292823e+01
-1.909906050860882587e+01
-1.909918085634707907e+01
-1.909561074078083109e+01
-1.909587877988814242e+01
-1.910156042873858340e+01
-1.910151668488979837e+01
-1.910062835216523069e+01
-1.910035598576069660e+01
-1.910058532655238750e+01
-1.909402526617049389e+01
-1.910190859138964825e+01
-1.909984013736248798e+01
-1.909719054102898639e+01
-1.909615352153777224e+01
-1.909954516887664511e+01
-1.909899037182330872e+01
-1.909963865578173525e+01
-1.909483911097050068e+01
-1.618084826618433425e+01
-1.909517095386981467e+01
-1.909905974268914264e+01
-1.909898828268051219e+01
-1.910047570765017966e+01
-1.909835266172886747e+01
-1.909500018656253317e+01
-1.910175718069076467e+01
-1.909728470146655255e+01
-1.910153600275517505e+01
-1.909623132348061247e+01
-1.910148823559282860e+01
-1.910040905475615602e+01
-1.910082927942275077e+01
-1.909997890591622394e+01
-1.909939917325972658e+01
-1.910183530747891822e+01
-1.910138361752032310e+01
-1.910100962519647183e+01
-1.910148632824421000e+01
-1.909665164351464028e+01
-1.909838269352913898e+01
-1.909571891129017018e+01
-1.909993592500687498e+01
-1.909721772670744855e+01
-1.618021924197674011e+01
-1.910099154412746358e+01
-1.909510706663131430e+01
-1.910085652768612974e+01
-1.909897382259369536e+01
-1.909504182040692299e+01
-1.909961517453193736e+01
-1.909916566908358604e+01
-1.909430222511291220e+01
-1.910065959393978119e+01
-1.909962879717350148e+01
-1.909902718067168337e+01
-1.909512765705585835e+01
-1.910049853622912863e+01
-1.909723797738552875e+01
-1.910088058114050824e+01
-1.910179388225079933e+01
-1.910087619423864780e+01
-1.909915318489073499e+01
-1.910024684071540690e+01
-1.909867186248302673e+01
-1.910040646195411540e+01
-1.909911453425884176e+01
-1.909706926941871075e+01
-1.910170085132122253e+01
-1.910040449202061197e+01
-1.910045159161090567e+01
-1.910149428844452757e+01
-1.909787832498551552e+01
-1.909992136061191914e+01
-1.680744680166244009e+01
-1.909628094732762449e+01
-1.910068112015724040e+01
-1.909851556718350452e+01
-1.910147559642790327e+01
-1.910122722387314553e+01
-1.617999013066292235e+01
-1.910180537998675376e+01
-1.909980128109454611e+01
-1.910105386674404215e+01
-1.618094825446605256e+01
-1.909659093916415173e+01
-1.910118005871773761e+01
-1.910075853765010478e+01
-1.909949000179766543e+01
-1.910189083218575590e+01
-1.909852099418641558e+01
-1.910005371272562158e+01
-1.909136311113834950e+01
-1.909317308962344129e+01
-1.910026361048222654e+01
-1.909503374397755593e+01
-1.909372471570966923e+01
-1.909922612011433074e+01
-1.910088648796080690e+01
-1.909455400109292356e+01
-1.909751674234867735e+01
-1.910138407945633077e+01
-1.909661297202111285e+01
-1.910037717819214365e+01
-1.909749609529972858e+01
-1.910169230401517027e+01
-1.909850240647793029e+01
-1.909915445148945423e+01
-1.909121606945991090e+01
-1.618069602102041316e+01
-1.909980252087115815e+01
-1.909830041229723818e+01
-1.910125621259212991e+01
-1.909183066785336180e+01
-1.909034828245640725e+01
-1.909739248752595131e+01
-1.910197443068027567e+01
-1.910157174766063193e+01
-1.909478397369386116e+01
-1.909154671728610708e+01
-1.910096402168274210e+01
-1.910132250189782255e+01
-1.909985974431037903e+01
-1.910156551599503416e+01
-1.910189063847064617e+01
-1.910019692182540396e+01
-1.910038212239742705e+01
-1.910169987976550843e+01
-1.910158256888390227e+01
-1.910016186237334068e+01
-1.909152978062629558e+01
-1.909088397324086017e+01
-1.909957548677922290e+01
-1.909928214848040184e+01
-1.910090763866902108e+01
-1.910085721015929039e+01
-1.910097429752351061e+01
-1.910017222166062467e+01
-1.910105393528938933e+01
-1.909949224889278341e+01
-1.909375661611557362e+01
-1.910146425664423830e+01
-1.910112830996513722e+01
-1.910110549330710938e+01
-1.909813499748706178e+01
-1.909646534025668885e+01
-1.909960279762745827e+01
-1.909893379509448863e+01
-1.909932647049426535e+01
-1.909474289119243906e+01
-4.549845664575696169e+00
-1.910143339931964945e+01
-1.910151520371436362e+01
-1.909967280626296571e+01
-1.909838361740111523e+01
-1.618061129599810144e+01
-1.910060344934463217e+01
-1.910195170640945150e+01
-1.910015699267387035e+01
-1.909775039255620044e+01
-1.910151507854460817e+01
-1.910059992671012452e+01
-1.909895589351655687e+01
-1.909482270181180041e+01
-1.910117834806442261e+01
-1.910013128817081807e+01
-1.910164760351180746e+01
-1.910015138685703917e+01
-1.618067396283149506e+01
-1.681376128196716380e+01
-1.909618896245956066e+01
-1.618076054602861547e+01
-1.910020941793917970e+01
-1.910089763998986001e+01
-1.910141413509845520e+01
-1.909855827093125313e+01
-1.910043737590313384e+01
-1.909429072439670350e+01
-1.910148383677006123e+01
-1.910146722495555238e+01
-1.910194782912730815e+01
-1.910168694555760638e+01
-1.681077862381935617e+01
-1.910155524015426920e+01
-1.910194188356399536e+01
-1.909975923597814429e+01
-1.909959966838360046e+01
-1.909839513301850644e+01
-1.910111373960971903e+01
-1.909945340454579465e+01
-1.909871648252011056e+01
-1.909979785382746797e+01
-1.910027006566523866e+01
-1.909944014549256153e+01
-1.909986118078231243e+01
-1.909475532174109347e+01
-1.909485764801501162e+01
-1.910005300045014565e+01
-1.618093047142028951e+01
-1.910133400261400993e+01
-1.910028367936611104e+01
-1.910116185545920331e+01
-1.910136524736882180e+01
-1.910109004676341371e+01
-1.910021810829639577e+01
-1.910184379816055866e+01
-1.909810133278369193e+01
-1.618043437004089569e+01
-1.910050996541976076e+01
-1.909870634675024803e+01
-1.618082167953253148e+01
-1.909689486920833801e+01
-1.909993899166584086e+01
-1.910159052312375039e+01
-1.910171884298323519e+01
-1.909727853238583606e+01
-1.909968839883804392e+01
-1.909986163675783999e+01
-1.909934408366679648e+01
-1.910203339159487612e+01
-1.910177296400069125e+01
-1.909886077046395769e+01
-1.910124488174915669e+01
-1.909220868945120841e+01
-1.910092989504336813e+01
-1.617976429164409424e+01
-1.909653702080251136e+01
-1.909667820334433230e+01
-1.909600776433945768e+01
-1.910196190178394460e+01
-1.909760102033613904e+01
-1.910177458822725782e+01
-1.910071727931500263e+01
-1.909911805987359301e+01
-1.909958019852638600e+01
-1.910009760558604341e+01
-1.909890113174914461e+01
-1.910163710713386109e+01
-1.910053211450576782e+01
-1.910081858336925720e+01
-1.910016887187958545e+01
-1.910113825201987936e+01
-1.910023428499698284e+01
-1.910007429420948100e+01
-1.909944051206112903e+01
-1.910096060633659221e+01
-1.910113383233546713e+01
-1.910156408548356310e+01
-1.909754287302493125e+01
-1.910077459812164591e+01
-1.908856976330278954e+01
-1.910067652463914101e+01
-1.909674305915832804e+01
-1.910148777663708231e+01
-1.909599226415157958e+01
-1.910104134082795113e+01
-1.618000339567661072e+01
-1.910040802955627015e+01
-1.910015347599981794e+01
-1.910072091817855267e+01
-1.910000607669354267e+01
-1.909938117563724802e+01
-1.909981614649295167e+01
-1.909887126982211569e+01
-1.909819569587705956e+01
-1.910102397203444724e+01
-1.909429214894771221e+01
-1.909471071064471914e+01
-1.910082554519176412e+01
-1.910090147554875628e+01
-1.910083778500557372e+01
-1.910063591301441832e+01
-1.910157977640629312e+01
-1.910146296322345094e+01
-1.910037809908390827e+01
-1.909941398799418621e+01
-1.910100939571856316e+01
-1.910191688835620738e+01
-1.909671765863896553e+01
-1.910047430694103454e+01
-1.909759283661842488e+01
-1.910124350786208680e+01
-1.909874785840510114e+01
-1.910062917470931154e+01
-1.910097665190697569e+01
-1.909453487396239524e+01
-1.909992112517357299e+01
-1.910020748376847166e+01
-1.910121037065982108e+01
-1.909812601208687255e+01
-1.909868129193781172e+01
-1.910059343576429924e+01
-1.909774949252605225e+01
-1.909675653278828023e+01
-1.909818649590015482e+01
-1.909907228350639485e+01
-1.909764808118343282e+01
-1.909714901745320148e+01
-1.910144843459129049e+01
-1.909902236759663197e+01
-1.910002681910990319e+01
-1.909789700210093244e+01
-1.910045256614684206e+01
-1.909701326191425963e+01
-1.909101749956606753e+01
-1.910188158452509910e+01
-1.910008695125578626e+01
-1.909062665402888115e+01
-1.910176558792591450e+01
-1.910154179632662164e+01
-1.909545552730561369e+01
-1.909462995827196963e+01
-1.909628369510174295e+01
-1.910089010000230303e+01
-1.910099149346351410e+01
-1.909267606139183471e+01
-1.910082997977732688e+01
-1.910077635645867389e+01
-1.910108708143232903e+01
-1.618079777806997299e+01
-1.909785356521605593e+01
-1.909547792375088804e+01
-1.909209740161895397e+01
-1.909949708282946546e+01
-1.910010709166527576e+01
-1.910025018751622028e+01
-1.909844103455542452e+01
-1.909942394196987792e+01
-1.909570708870888112e+01
-1.910166150629519066e+01
-1.910005335211754485e+01
-1.909946199357509045e+01
-1.909950640201569172e+01
-1.909641585052012758e+01
-1.910070334374903922e+01
-1.910195084810257526e+01
-1.618079989701509902e+01
-1.909762983918190926e+01
-1.910183550417422182e+01
-1.910000803768635436e+01
-1.910164582729338534e+01
-1.909759027659892183e+01
-1.910140648782252626e+01
-1.909691644906996544e+01
-1.910161957442761249e+01
-1.909889802932740110e+01
-1.909502086937428444e+01
-1.910100206136704060e+01
-1.909902904033659965e+01
-1.910107669234276528e+01
-1.909666275978088379e+01
-1.909743699729443378e+01
-1.910021432936190422e+01
-1.909812467694283455e+01
-1.909679502844812049e+01
-1.910183425843716876e+01
-1.910069026648997337e+01
-1.908853169381617931e+01
-1.910112211108206637e+01
-1.910164872109889700e+01
-1.909583388864993836e+01
-1.910090212225913220e+01
-1.909917661845684833e+01
-1.910020585656167214e+01
-1.909999564290047402e+01
-1.910086276531218630e+01
-1.910128908455373065e+01
-1.909844090640546810e+01
