-1.758318043053150248e+01
-1.757758045196534269e+01
-1.758302496075629762e+01
-1.499020428508520020e+01
-1.757708811163903206e+01
-1.758619685471058958e+01
-1.758018710017205422e+01
-1.757984642982482626e+01
-1.758515214920042524e+01
-1.757660610973834991e+01
-1.758045931458473277e+01
-1.530726785659790146e+01
-1.690199999809264497e+01
-1.529721530675887919e+01
-1.694289042949676727e+01
-1.757985740005968722e+01
-1.690025812089444557e+01
-1.757670758664608712e+01
-1.695931537747383189e+01
-1.758367320597170647e+01
-1.758339776694772993e+01
-1.758576896786689048e+01
-1.758662177026271678e+01
-1.758432218730450103e+01
-1.758483611941338509e+01
-1.757739727199078672e+01
-1.758579208850859388e+01
-1.758066868782044523e+01
-1.757817155420780963e+01
-1.690374332666397095e+01
-1.696688223183156197e+01
-1.690256347060203623e+01
-1.728274369239808195e+01
-1.757892525494098734e+01
-1.758450464904307253e+01
-1.757647889852524870e+01
-1.758575209379196735e+01
-1.758430763483048054e+01
-1.758012469410896017e+01
-1.698126568198204467e+01
-1.529740173220634958e+01
-1.758538843393326090e+01
-1.758595500886440988e+01
-1.757725777328014871e+01
-1.758691934347152852e+01
-1.758388933539391275e+01
-1.757703943550587056e+01
-1.758458570837973056e+01
-1.758380740880967252e+01
-1.758476166427134402e+01
-1.758382731080056161e+01
-1.758182330429553986e+01
-1.757609436810015424e+01
-1.757941352427004844e+01
-1.758288631141184766e+01
-1.758003494441510028e+01
-1.758494265973567394e+01
-1.758625955879687552e+01
-1.758557494282722189e+01
-1.757705604434014290e+01
-1.757780692577361492e+01
-1.690853055417537831e+01
-1.756822614967823171e+01
-1.690392420589923361e+01
-1.758498299121855979e+01
-1.757672211825848407e+01
-1.498901847004890087e+01
-1.757218337953091947e+01
-1.757609129250049307e+01
-1.758556914627552104e+01
-1.525879741162061976e+01
-1.758213487565516786e+01
-1.757889940738677126e+01
-1.758626224398613402e+01
-1.689384226799010591e+01
-1.758466460704802969e+01
-1.756793250143526564e+01
-1.758132186830042798e+01
-1.695240707397460156e+01
-1.757504612803459310e+01
-1.757442056834696587e+01
-1.758620449900627847e+01
-1.758631849288939719e+01
-1.757668199539185139e+01
-1.758557885587215353e+01
-1.757056711018086759e+01
-1.687521767616272683e+01
-1.757775369882584116e+01
-1.758309001922607706e+01
-1.758484827578068987e+01
-1.758217796087265938e+01
-1.758520200550556467e+01
-1.758315626382828256e+01
-1.525891226679086721e+01
-1.699543181955815285e+01
-1.758730273246766274e+01
-1.758670973777772062e+01
-1.757983946502207573e+01
-1.758274997472762635e+01
-1.758662772178649902e+01
-1.688283236920835151e+01
-1.758053983747960203e+01
-1.758197945356367953e+01
-1.758391638100147603e+01
-1.757857764065265727e+01
-1.718980811536313169e+01
-1.758667640089988282e+01
-1.758444407284260436e+01
-1.758611200451852241e+01
-1.758651236295701281e+01
-1.758287861347197989e+01
-1.758397758007048139e+01
-1.758470694422721436e+01
-1.758355260789394592e+01
-1.756933523714542744e+01
-1.726985614895819765e+01
-1.757736083865165000e+01
-1.757657298445701244e+01
-1.714628139734268331e+01
-5.527144504711033468e-01
-1.758489332199096467e+01
-1.525272027254104579e+01
-1.758513827621937864e+01
-1.725467847585676395e+01
-1.757642141878605813e+01
-1.757656196057795128e+01
-1.758527271747588117e+01
-1.757752611339093463e+01
-1.757978385984897685e+01
-1.758606425821781372e+01
-1.698372702598571138e+01
-1.757629950344561820e+01
-1.695185950696469135e+01
-1.758602040112017661e+01
-1.758536329567433043e+01
-1.758177497684954815e+01
-1.758663052618504352e+01
-1.757701452672480613e+01
-1.757676926553251207e+01
-1.757778067290782431e+01
-1.757878246009349965e+01
-1.758332018256186302e+01
-1.758301405310631438e+01
-1.758253116905689595e+01
-1.757806978225707439e+01
-1.758649482429028055e+01
-6.167075513303279521e+00
-1.758597618639469218e+01
-1.499000150561332845e+01
-1.757704131305217388e+01
-1.530529095530510020e+01
-1.758609739542006878e+01
-1.757866767048836465e+01
-1.757552562952040276e+01
-1.758459489643573548e+01
-1.758623874187469482e+01
-1.757932704389094170e+01
-1.687930408120155334e+01
-1.758400720953942908e+01
-1.758545034825800712e+01
-1.757863780856132152e+01
-1.757598006427287984e+01
-1.758299675881861290e+01
-1.758565989434719867e+01
-1.757752579450608366e+01
-1.758354325890541503e+01
-1.757942447662354013e+01
-1.757647308707237954e+01
-1.504520537257194235e+01
-1.758230163455010597e+01
-1.758561241328716562e+01
-1.758303725123406736e+01
-1.757713782191276408e+01
-1.758486092686652214e+01
-1.757194457352161976e+01
-1.757458374798299161e+01
-1.757798350155353262e+01
-1.758368768692017170e+01
-1.758649818897248096e+01
-1.758578965067863109e+01
-1.758495765924452670e+01
-1.499216452389955379e+01
-1.758490010797978798e+01
-1.499311867803335296e+01
-1.758448977768420463e+01
-1.758008201420306449e+01
-1.758554845750332163e+01
-1.758687924444675588e+01
-1.757811608612538024e+01
-1.757321870923043150e+01
-1.758380016684531810e+01
-1.758628055155277892e+01
-1.757657743692398000e+01
-1.529782009720802272e+01
-1.757921199798582634e+01
-1.757958386838437193e+01
-1.758399526476860686e+01
-1.757813963890076181e+01
-1.758604538440703990e+01
-1.758499226868152121e+01
-1.726736188530922078e+01
-1.757939735054970498e+01
-1.758482971489428337e+01
-1.758067884147168414e+01
-1.757978234589100452e+01
-1.758469276428222372e+01
-1.758473590910435291e+01
-1.697549687325954437e+01
-1.757803410887717988e+01
-1.724778261482716246e+01
-1.758370889723301289e+01
-1.757820684313773896e+01
-1.757802452445032060e+01
-1.757446705400943898e+01
-1.758471011221410052e+01
-1.758619995117186718e+01
-1.689499655663967204e+01
-1.758669247627257448e+01
-1.757871864140033225e+01
-1.757595413029193665e+01
-1.758623765110969117e+01
-1.757518414855002931e+01
-1.758436842858792559e+01
-1.758735133707523701e+01
-6.167063556611537045e+00
-1.757863672971724966e+01
-1.526037882119417155e+01
-1.696014782488346739e+01
-1.689708355963230346e+01
-1.757684948742390318e+01
-1.757914071679114087e+01
-1.690330141484738036e+01
-1.757845071554184457e+01
-1.758556100726128335e+01
-1.498586541414261220e+01
-1.689927472472191283e+01
-1.689300738573075478e+01
-1.757804771363736762e+01
-1.758524963557720966e+01
-1.758355928361416076e+01
-1.758381045162678191e+01
-1.757939612567423637e+01
-1.501340747475624049e+01
-1.758630777895451658e+01
-1.758002679049968364e+01
-1.758619975447654937e+01
-1.758172631263734331e+01
-1.757871817350387289e+01
-1.757670758068561057e+01
-1.758220354020595977e+01
-1.758646791875361259e+01
-1.758148015439510559e+01
-1.757957040071487143e+01
-1.757646589577197105e+01
-1.525111032128334365e+01
-1.758624617159364689e+01
-1.690435892641544413e+01
-1.758555255830287933e+01
-1.758591559827328510e+01
-1.758315871059895841e+01
-1.716434707045555541e+01
-1.757644500434397727e+01
-1.758523778617383115e+01
-1.757747941911220124e+01
-1.692699024975299338e+01
-1.758402560055255037e+01
-1.758364164531230145e+01
-1.529353588521480845e+01
-1.757855311930179099e+01
-1.758414446115494911e+01
-1.758340752124786377e+01
-1.758671637177466351e+01
-1.757784545421601408e+01
-1.757664609253406596e+01
-1.757803255319596403e+01
-1.758551846146584552e+01
-1.757823108434678261e+01
-1.757652328014372500e+01
-1.757639032602311246e+01
-1.757818320393563027e+01
-1.689909398257731254e+01
-1.758276702165603567e+01
-1.757676331996916730e+01
-1.757619584202766916e+01
-1.758458572626113892e+01
-1.758519256711005596e+01
-1.757723990082741494e+01
-1.530332308113574769e+01
-1.758259257972241585e+01
-1.690675798058509471e+01
-1.688933644294739622e+01
-1.758317295610905973e+01
-1.758362509310245869e+01
-1.757802744507791104e+01
-1.758557662963866619e+01
-1.758657549023627098e+01
-1.757393028736115426e+01
-1.758652656376362700e+01
-1.757856198251248614e+01
-1.757583675384521271e+01
-1.758637564182281210e+01
-1.499189493060112532e+01
-1.758007608056069060e+01
-1.757458098530769419e+01
-1.758624123632908720e+01
-1.071289624855853884e+00
-1.758221782147883516e+01
-1.757600103318692319e+01
-1.758399131000041038e+01
-1.758308892846108407e+01
-1.727751465141774290e+01
-1.501023655831814452e+01
-1.758449091017245181e+01
-1.758556255102157806e+01
-1.757458562254906553e+01
-1.690100590586663287e+01
-1.758676955699921152e+01
-1.758526828587054069e+01
-1.757705674171447541e+01
-1.757610618174074801e+01
-1.757799021601677936e+01
-1.758447918295859225e+01
-1.758321311175824064e+01
-1.499163418263197478e+01
-1.757639555037022561e+01
-1.757554892599583241e+01
-1.758547378480435341e+01
-1.757826111316681050e+01
-1.757735034823418374e+01
-1.758556346297264739e+01
-1.758502873778343911e+01
-1.758515020608901480e+01
-1.758461361527442790e+01
-1.758477761745453805e+01
-1.757395558059216611e+01
-6.167321272194383752e+00
-1.689762017428875041e+01
-1.758323895931243896e+01
-1.758584113121032999e+01
-1.758203917443752218e+01
-1.758517890870570710e+01
-1.758701241910458180e+01
-1.758570379316806864e+01
-1.758419386446476906e+01
-1.758182877004147926e+01
-1.758584334254263837e+01
-1.757787567675113749e+01
-1.757929718494415994e+01
-1.758645966053008181e+01
-1.758602561950684162e+01
-1.687935598790645031e+01
-1.757690369486809345e+01
-1.758175476193427045e+01
-1.758295694589614300e+01
-1.758623280525208088e+01
-1.757929094433785266e+01
-1.689713410437107299e+01
-1.728172905445098095e+01
-1.757885513305662784e+01
-1.758588337898255105e+01
-1.758679828941822976e+01
-1.758478846549987296e+01
-1.758040021657944507e+01
-1.758299559950828694e+01
-1.758396089375018789e+01
-1.757491555809975381e+01
-1.758256002962589548e+01
-1.757687689065932801e+01
-1.758030152320861106e+01
-1.758683173060418170e+01
-1.758622205257414706e+01
-1.727535546720027071e+01
-1.757349304854868421e+01
-1.758464103937148337e+01
-1.727290875017644467e+01
-1.758079090118408416e+01
-1.758513368070125793e+01
-1.757814481854440558e+01
-1.758679627180098493e+01
-1.758574238419533486e+01
-1.757748450934887785e+01
-1.688884274363516269e+01
-1.499160107523202967e+01
-1.757501690685750262e+01
-1.757886593639851114e+01
-1.757688282430172322e+01
-1.757861938476563424e+01
-1.757664218842982606e+01
-1.498912947475909974e+01
-1.757700193822383383e+01
-1.758522420823574706e+01
-1.757256743311882374e+01
-1.757806368470191316e+01
-1.758652555644512105e+01
-1.758438899219035889e+01
-1.758504694402218149e+01
-1.757837491035461142e+01
-1.757620990872384326e+01
-1.757604744434355837e+01
-1.758063754737377238e+01
-1.758538845777512449e+01
-1.757812692523003051e+01
-1.757995399534701519e+01
-1.758637932837010354e+01
-1.757609799504281156e+01
-1.757903474569321389e+01
-1.691345843970775675e+01
-1.712182008028030467e+01
-1.756359270811081785e+01
-1.758135946691036722e+01
-1.749626208245754100e+01
-1.757849885523319600e+01
-1.758422080278397459e+01
-1.500732265412807642e+01
-1.698023171722889302e+01
-1.755800218880176899e+01
-1.757686577737332101e+01
-1.758523114323615033e+01
-1.691510303318501229e+01
-1.758295456171034843e+01
-1.757813176810742206e+01
-1.758421189785002525e+01
-1.758597738444805714e+01
-1.758640139400960223e+01
-1.758548668026923778e+01
-1.749762673079968067e+01
-1.757054023444652913e+01
-1.758671132326126951e+01
-1.526036933958530639e+01
-1.757649655938148570e+01
-1.757333089113236468e+01
-1.757886886000633098e+01
-1.728171943128108623e+01
-1.758480181992054270e+01
-1.758468973636625776e+01
-1.758237029612064006e+01
-1.758545134365559193e+01
-1.757829619050024661e+01
-1.757829525470732790e+01
-1.758496080935001515e+01
-1.758480754792691059e+01
-1.758557962477208392e+01
-1.758536263704299074e+01
-1.757806239128112935e+01
-1.726109650433063436e+01
-1.689902644455432323e+01
-1.758346238136292428e+01
-1.758581147789956134e+01
-1.758587548136710410e+01
-1.758268603980543077e+01
-1.757450804114342446e+01
-1.758379593491553550e+01
-1.756347454190252932e+01
-1.757546620666981596e+01
-1.758402829468248996e+01
-1.757852424085141152e+01
-1.758451525866985676e+01
-1.757881299853324109e+01
-1.758407132029534736e+01
-1.757814748883246381e+01
-1.758647413849830343e+01
-1.758618718087674537e+01
-1.758681106269359518e+01
-1.757307174205779177e+01
-1.757639719247817922e+01
-1.757707857191563150e+01
-1.758506052494049854e+01
-1.758482541143894551e+01
-1.757591501474379214e+01
-1.690550542175770588e+01
-1.758182692825794291e+01
-1.758094529211522428e+01
-1.758134135603903658e+01
-1.725971119999884706e+01
-1.758177835941314981e+01
-1.758464019000530953e+01
-1.758579939305782247e+01
-1.758614100217818432e+01
-1.757506272792817015e+01
-1.758015060722827982e+01
-1.758496106564999550e+01
-1.758336933851241568e+01
-1.758656865358353372e+01
-1.757780081927775484e+01
-1.758358540832995587e+01
-1.721384207904339192e+01
-1.758555337488650849e+01
-1.758687938153742891e+01
-1.758672044277192015e+01
-1.758428808450699421e+01
-1.757727733850478558e+01
-1.724253240227698214e+01
-1.758405959308148425e+01
-1.529616532027721831e+01
-1.757787039875985968e+01
-1.758154750764370178e+01
-1.528904042690992426e+01
-1.758524884581565573e+01
-1.758475009799002109e+01
-1.758393573462964099e+01
-1.757659670412540009e+01
-1.758091485500335693e+01
-1.758627585470675925e+01
-1.692237301766873259e+01
-1.758536658585071422e+01
-1.758635463714600533e+01
-1.758363014459611051e+01
-1.525322519838809221e+01
-1.758085583150387876e+01
-1.758244112730026742e+01
-1.725525452494620637e+01
-1.688432730734347942e+01
-1.757863077223300152e+01
-1.758699202239513326e+01
-1.758359355032444071e+01
-1.757981285750866718e+01
-1.689886497557163736e+01
-1.530562645792960730e+01
-1.727418321669101786e+01
-1.690027443766594928e+01
-1.758303548693656637e+01
-1.757693544328213520e+01
-1.758572043776513283e+01
-1.758472523093222861e+01
-1.698072222173212964e+01
-1.758259165585040762e+01
-1.758645426034928505e+01
-1.701386876106262136e+01
-1.757656114399432923e+01
-1.724051457047461611e+01
-1.757891133725642518e+01
-1.758063060343266315e+01
-1.758323163390159038e+01
-1.757858636379241446e+01
-1.757647485136986987e+01
-1.757835445702075461e+01
-1.758023422360420085e+01
-1.758269280195236206e+01
-1.689807470142841339e+01
-1.758231597840785909e+01
-1.690195801556109600e+01
-1.758556420207022697e+01
-1.757754500508308837e+01
-1.698124988377093203e+01
-1.758649256825446017e+01
-1.695778663456439261e+01
-1.758545409142970684e+01
-1.757549356222152426e+01
-1.758561408221720512e+01
-1.758021516203879742e+01
-1.758420586287976661e+01
-1.757686428427696868e+01
-1.757756065726280781e+01
-1.758463142812252045e+01
-1.757893910706042817e+01
-1.758457472324372617e+01
-1.757227319180964997e+01
-1.758558628857134565e+01
-1.688751232028008431e+01
-1.758506796061993782e+01
-6.151607416570187503e+00
-1.758576454520225241e+01
-1.498673509061337050e+01
-1.757818123698233492e+01
-1.757784102261067360e+01
-1.757679870426655100e+01
-1.758310630619525128e+01
-1.757624696195124869e+01
-1.758174969255923514e+01
-1.757792122960089998e+01
-1.758316400647162325e+01
-1.758477868437765679e+01
-1.757944105565546167e+01
-1.757694476842880249e+01
-1.525168230533599711e+01
-1.758696124851703146e+01
-1.758607959747314098e+01
-1.757860288918018909e+01
-1.758329529464245056e+01
-1.757851326167583395e+01
-1.711060767769814106e+01
-1.690258474051952930e+01
-1.757882559299468284e+01
-1.758549762070178346e+01
-1.758415933549403221e+01
-1.529597609639168176e+01
-1.758252005577086408e+01
-1.692615582644939920e+01
-1.757819071114064258e+01
-1.757673453390599505e+01
-1.757838365435599570e+01
-1.758106347322464558e+01
-1.757785858213901165e+01
-1.757861016392706333e+01
-1.696235637664793927e+01
-1.757625042200089283e+01
-1.757680606245993005e+01
-1.757545620501041483e+01
-1.758557151854039091e+01
-1.758452111780643534e+01
-1.720672347545625058e+01
-1.758421685397625467e+01
-1.501558165848254944e+01
-1.758712077736853985e+01
-1.697094626426697062e+01
-1.758395258784294768e+01
-1.757840961515904254e+01
-1.758600846230984516e+01
-1.758150576353072836e+01
-1.757904979884625263e+01
-1.757701399624347260e+01
-1.757830702066421225e+01
-1.758527221977709942e+01
-1.757758961021900390e+01
-1.758475987017153486e+01
-1.758527844548226327e+01
-1.757674130201339224e+01
-1.758597128689287814e+01
-1.689936629831791848e+01
-1.758441682457925381e+01
-1.757813562750815706e+01
-1.757144256830216023e+01
-1.757641156613825828e+01
-1.758423848748206808e+01
-1.758163309991359924e+01
-1.695816221535206481e+01
-1.758528035581111837e+01
-1.697810774743556905e+01
-1.724656718969344382e+01
-1.758592192232609008e+01
-1.758079782426358051e+01
-1.757789609432220956e+01
-1.758541115224361207e+01
-1.758053023815155669e+01
-1.757180568277836841e+01
-1.758244451284409138e+01
-1.758357003033160737e+01
-1.758438154459000202e+01
-1.758424865007401650e+01
-1.758544357120991108e+01
-1.758110054433346292e+01
-1.689589493274689858e+01
-1.758574844300745710e+01
-1.726907312572002340e+01
-1.757667544484137068e+01
-1.758454204499720319e+01
-1.695436569154262330e+01
-1.757667969465255808e+01
-1.757804398834705140e+01
-1.758562806844709669e+01
-1.758585720658301454e+01
-1.757781281769275239e+01
-1.758053848743437797e+01
-1.757894853949547809e+01
-1.758124765753746388e+01
-1.529505954384803346e+01
-1.758523267209530516e+01
-1.758680180013179140e+01
-1.758449257612228678e+01
-1.696986040472985380e+01
-1.758614368140697337e+01
-1.719399648606778541e+01
-1.758331182897091693e+01
-1.758599358201026774e+01
-1.757452033162117999e+01
-1.728040986359119913e+01
-1.757788485586643290e+01
-1.758390059471129518e+01
-1.758406546413899818e+01
-1.758271135687827424e+01
-1.695586575269699736e+01
-1.758659148216247203e+01
-1.758025691509247324e+01
-1.757924349308012779e+01
-1.758405938446522399e+01
-1.757884313762187389e+01
-1.757783208191393598e+01
-1.758360429406165082e+01
-1.758647485375403718e+01
-1.758406881093977603e+01
-1.754920722544194689e+01
-1.758207530677318431e+01
-1.499430097341537582e+01
-1.688240075409413521e+01
-1.757692202329636189e+01
-1.529699549674987580e+01
-1.758574100136755902e+01
-1.758632153868675374e+01
-1.692655954360962767e+01
-1.691471034288406727e+01
-5.156915798783303639e-01
-1.758567734658718607e+01
-1.725515303313730797e+01
-1.757585569620131949e+01
-1.691743436753750274e+01
-1.499203318804502771e+01
-1.757790436744690510e+01
-1.758457452952861289e+01
-1.758597906529902488e+01
-1.695954971611499218e+01
-1.689854082167148519e+01
-1.758550715446470747e+01
-1.757637144327165046e+01
-1.758634333610535805e+01
-1.689478025734424804e+01
-1.758433128595352457e+01
-1.757665564119816182e+01
-1.758475555777550525e+01
-1.758866219222546690e+01
-1.757792666852474639e+01
-1.758198101520538614e+01
-1.757856808304786966e+01
-1.757878221571444755e+01
-1.758702498972415285e+01
-1.757208485305309154e+01
-1.758385354280472512e+01
-1.694455306231974490e+01
-1.688723533749579531e+01
-1.725067078769207285e+01
-1.758121492564677624e+01
-1.758616156280040599e+01
-1.757793348729611438e+01
-1.758320406079291232e+01
-1.757877493500711097e+01
-1.758544778823851829e+01
-1.757807985544203433e+01
-1.758330692648889482e+01
-1.695224044322967671e+01
-1.758532814383506349e+01
-1.757807401716709705e+01
-1.757805832028388693e+01
-1.498978085070848465e+01
-1.690374909043311646e+01
-1.503682951033115778e+01
-1.757689817249776354e+01
-1.758357924818991691e+01
-1.758588233590127103e+01
-1.526278171241283133e+01
-1.758439200222492005e+01
-3.278782256180420296e-01
-1.758656161427499143e+01
-1.757696956992148429e+01
-1.526585256308317362e+01
-1.757607568204402781e+01
-1.757868573367594678e+01
-1.758331641256808453e+01
-1.758657563924788647e+01
-1.757764526605606648e+01
-1.757735232710837536e+01
-1.758343864083291308e+01
-1.758643472492694926e+01
-1.694507175087929340e+01
-1.758473533987999815e+01
-1.758549355864525410e+01
-1.758182384073734994e+01
-1.758475838303564842e+01
-1.758486234843730145e+01
-1.499086412489414144e+01
-1.757949182391165976e+01
-1.758312734365463825e+01
-1.726801712214945894e+01
-1.691315528452397388e+01
-1.758458048403262453e+01
-1.758436879515648599e+01
-1.758462899029254700e+01
-1.757429147660731417e+01
-1.758693853020668740e+01
-1.758442214429378936e+01
-1.758661589622496990e+01
-1.756717484593392697e+01
-1.689818488955496534e+01
-1.757875296175478752e+01
-1.758578474521635826e+01
-1.758541716635225782e+01
-1.758565604984759290e+01
-1.758524438142775992e+01
-1.757782190144061829e+01
-1.758461021780967926e+01
-1.563141930103302180e+01
-1.757648922204971598e+01
-1.499140895307064270e+01
-1.757686262130738442e+01
-1.726270680129529111e+01
-1.757703690528870766e+01
-1.758295769989489798e+01
-1.757661908864973555e+01
-1.758478640317916231e+01
-1.758141821026800855e+01
-1.758601254820823456e+01
-1.758573414981364280e+01
-1.531050035655498398e+01
-1.526263862252235803e+01
-1.690273292958735851e+01
-1.758474016487598490e+01
-1.757723865807055930e+01
-1.757460504472255280e+01
-1.757518986165522534e+01
-1.758659656643866498e+01
-1.757566139996051646e+01
-1.689937979578970939e+01
