-1.110900031551718747e+01
-1.682412436604499106e+01
-1.682876748144626688e+01
-1.682818581163884275e+01
-1.682821896672249906e+01
-1.682611581385134514e+01
-1.682549693584443773e+01
-1.682944864034653421e+01
-1.682873798906803486e+01
-1.682712624371051291e+01
-1.682772412002085716e+01
-1.682705726623535725e+01
-1.682837517857550580e+01
-1.682898164093493421e+01
-1.682822032868862649e+01
-1.682772014439105845e+01
-1.682412934005261818e+01
-1.682799594700336598e+01
-1.110876494422554650e+01
-1.682684679031371289e+01
-1.682796874642372842e+01
-1.682680614292621257e+01
-1.682848411202432004e+01
-1.682896855175494721e+01
-1.682786920666695707e+01
-1.682783158719540140e+01
-4.894282726943494310e+00
-1.682569912075997109e+01
-1.682187657058238628e+01
-1.682928271889685590e+01
-1.682717743515969033e+01
-1.682888596653937796e+01
-1.682544833719729027e+01
-1.682859135270117434e+01
-1.682740250229836221e+01
-1.682795702815054639e+01
-4.097767735831437719e+00
-1.682503502368927073e+01
-1.682774223983286177e+01
-1.682858439087868874e+01
-1.682934822440147826e+01
-1.682708921730517559e+01
-1.682950453758240172e+01
-1.682567665576935312e+01
-1.682486367225646973e+01
-1.682832868397236226e+01
-1.682139991223811748e+01
-1.682171882390976236e+01
-1.682873044610022006e+01
-1.682607801854612362e+01
-1.682853048443793043e+01
-1.681935773491859365e+01
-1.682513812780379681e+01
-1.682243308126927417e+01
-1.682977115213872210e+01
-1.682943922281264904e+01
-1.682724495828151134e+01
-1.682967195510862624e+01
-1.110892492756247840e+01
-1.682854985594749309e+01
-5.483160157501695942e+00
-1.682964366376400278e+01
-1.682941421866416221e+01
-1.682845029830933470e+01
-4.840064870938658892e+00
-1.682685130238533588e+01
-1.682892707884310113e+01
-1.682543311715125256e+01
-1.682800478041172099e+01
-1.682907113134861632e+01
-1.682653712332248119e+01
-1.682625184059142143e+01
-1.682825652956962870e+01
-1.682772376835345796e+01
-1.682699165940283947e+01
-1.682412392199038109e+01
-1.110890694260597122e+01
-1.682942509055137137e+01
-4.549262962862849591e+00
-1.682873967885969790e+01
-1.682705529332160310e+01
-1.682463116049766683e+01
-1.682473520338536233e+01
-1.682454305589198995e+01
-1.682332358062268085e+01
-1.682924785614012819e+01
-1.682899444103240683e+01
-1.682818424999712548e+01
-1.682603970170021768e+01
-1.682960215210913546e+01
-1.682875127792357617e+01
-1.682610011994839283e+01
-1.682725819647312804e+01
-4.994754510372878542e+00
-1.682099249958990939e+01
-1.682822771668433148e+01
-1.682767091095446332e+01
-1.682760773301124502e+01
-1.682951895296573142e+01
-1.682891096770762474e+01
-1.682772500514983705e+01
-1.682907956838607788e+01
-1.682692099809647956e+01
-1.682813576161862201e+01
-1.682946324050425346e+01
-4.098001545388251898e+00
-1.682236602008342174e+01
-1.682876854538915978e+01
-1.682766484022140219e+01
-5.670148583874104808e+00
-1.681945237815381233e+01
-1.682304418981075855e+01
-1.682764887809754839e+01
-1.682705660760401756e+01
-1.682725730240345996e+01
-1.682878580987453887e+01
-1.682812233567238636e+01
-1.682867335975171130e+01
-1.682918637394904948e+01
-1.682773211896420307e+01
-1.682903620004652723e+01
-1.682700870931148174e+01
-1.682682884335519446e+01
-1.682846108675004615e+01
-1.682940162420271690e+01
-1.682754907310008363e+01
-1.682468914687634154e+01
-4.443649833649395475e+00
-1.682786894738673666e+01
-1.110888531729579398e+01
-1.682748475670814869e+01
-1.682874231636523277e+01
-1.682650125324725110e+01
-1.682440365850925801e+01
-1.682796615958215369e+01
-1.682950885891914794e+01
-1.682946226298810188e+01
-1.682835688591003986e+01
-1.682638711929320152e+01
-1.682670454680919292e+01
-1.682517364621162059e+01
-1.110913837105035462e+01
-1.682851982116699219e+01
-1.682615697085857320e+01
-1.682701172828675595e+01
-1.682848770618440071e+01
-1.682851393222807701e+01
-1.682290726006030113e+01
-1.682848008275032825e+01
-1.682352608144283224e+01
-1.110887634158134851e+01
-1.682708611488343564e+01
-1.682393344938754254e+01
-1.682632138729095672e+01
-1.682868327200414527e+01
-1.682562581896781140e+01
-1.682976464331151334e+01
-5.670103962719441171e+00
-1.682933544516563273e+01
-1.682565674185751448e+01
-1.682913697659968477e+01
-1.682654058635233696e+01
-1.682637995183468149e+01
-4.418160922080276443e+00
-1.682895630300044942e+01
-1.682477652728556095e+01
-1.682637356817721042e+01
-1.110899075567722072e+01
-1.682979685366153788e+01
-1.682896369993686747e+01
-1.682859588563442088e+01
-1.682853048741817403e+01
-4.368640909343956658e+00
-1.682543609142303964e+01
-1.682899258732794934e+01
-1.110896881371736278e+01
-1.682866080999375669e+01
-1.682938427329064979e+01
-1.682878359854220918e+01
-1.682906752824784746e+01
-1.682906205058097981e+01
-1.682864596247672395e+01
-1.682764759361742080e+01
-1.682526138424872642e+01
-1.682509059906007209e+01
-1.682815155088900738e+01
-1.682426285147666789e+01
-1.681500818431376842e+01
-1.682927133142948506e+01
-1.682747969031334279e+01
-1.682723498344421387e+01
-1.682691102921964088e+01
-1.682886461913584242e+01
-1.682854827046395130e+01
-1.682912350594996909e+01
-1.682838168144225222e+01
-1.682958034276963488e+01
-1.682666234970092489e+01
-1.682781831026076702e+01
-1.682889091372490142e+01
-1.682752049267291028e+01
-1.682214327752589966e+01
-1.682775369584561176e+01
-1.682738914191721946e+01
-1.682907115221022920e+01
-1.681987522840500660e+01
-1.682868582606315755e+01
-1.682909855246543174e+01
-1.682904183268546561e+01
-1.682762865126133889e+01
-1.682822331190110532e+01
-1.682968252003193754e+01
-1.682940725982189889e+01
-1.682832291424274018e+01
-1.682752720415593473e+01
-1.682895512580871866e+01
-1.682872218787669283e+01
-1.682891716361044843e+01
-1.682834071815013388e+01
-4.894457699358463643e+00
-1.682843274474144835e+01
-1.682831822335720773e+01
-1.682834484577178102e+01
-1.682963952720166034e+01
-1.110902872607111824e+01
-1.682470655441283114e+01
-1.682643565833567934e+01
-1.682759303450584554e+01
-1.682562265694142312e+01
-1.682712458074092510e+01
-1.682506321370602365e+01
-1.682586050927637800e+01
-1.682953470349312752e+01
-1.682951101064683286e+01
-1.682555793523787102e+01
-1.682268036007879886e+01
-1.682939255833625225e+01
-1.110897066444158376e+01
-1.682466238439084449e+01
-1.682734742760656843e+01
-1.682910560369492359e+01
-1.682201601266861957e+01
-1.682948558926581839e+01
-1.682937313020228487e+01
-4.894355242699387709e+00
-1.682827787995338298e+01
-1.682096542119978722e+01
-1.682638559639454812e+01
-1.682800130546093342e+01
-1.682421075403690836e+01
-1.682880389392377296e+01
-1.682618834078311565e+01
-1.682529311180115883e+01
-1.682817008793354674e+01
-1.682548022270201571e+01
-1.682803182005881482e+01
-1.682735371887683939e+01
-1.681450118124483950e+01
-1.682883053123950745e+01
-1.682691606879232182e+01
-1.682879922091961689e+01
-1.682804061770438153e+01
-1.682793580293656532e+01
-1.682711424529552957e+01
-1.682846023440360028e+01
-1.682981318533421700e+01
-1.682839077115059823e+01
-1.682583758533001372e+01
-1.681955996751785776e+01
-1.682920894324780292e+01
-1.682619040906430286e+01
-1.682887570858002846e+01
-1.681817814409732037e+01
-1.682333073914051980e+01
-4.894249398261309558e+00
-1.682860833108425069e+01
-1.682631248235702870e+01
-1.682830074131489440e+01
-1.682928195595740561e+01
-1.682910331487656208e+01
-1.682940804958343506e+01
-1.682783822119235140e+01
-4.364731099270285242e+00
-1.682858492434024100e+01
-1.682891900837420707e+01
-1.682933393120764975e+01
-1.682863730788232104e+01
-4.994833831489086329e+00
-5.483114695549010875e+00
-1.682850329279900237e+01
-1.682259449362755532e+01
-1.682830068171023186e+01
-1.682885626256465272e+01
-1.682577192187309478e+01
-1.682307455241678795e+01
-1.682568587064744392e+01
-1.682970270216463859e+01
-1.682908080518244631e+01
-1.682841624319552309e+01
-1.682876802980901232e+01
-4.894403703510759485e+00
-1.682811301648618141e+01
-1.682811654210092200e+01
-1.682671388983725791e+01
-1.682841434478758558e+01
-1.681964499056340046e+01
-1.682888010144234414e+01
-1.682668735086917522e+01
-1.682731235325336527e+01
-1.682872456312178855e+01
-5.482961381226778563e+00
-1.681937037110329669e+01
-1.682600271403789449e+01
-1.682373391389846518e+01
-1.682883805334568805e+01
-1.682890710532666034e+01
-1.682856452465056307e+01
-1.682625131607055380e+01
-1.682879437208175943e+01
-1.682129304409028592e+01
-1.682483695745467855e+01
-1.682576016485691994e+01
-1.682271658480167886e+01
-1.682798236310482665e+01
-1.682775840461253480e+01
-1.110882932692766545e+01
-1.682921248674392700e+01
-1.682283454835415881e+01
-1.682768308222293285e+01
-1.682572741508485592e+01
-1.682719278931618234e+01
-1.682824512720108601e+01
-1.682907992005348774e+01
-1.682637232244013958e+01
-1.682920933663844920e+01
-1.682839109301566083e+01
-1.682667620778084228e+01
-1.682957996129988842e+01
-1.682745156884193349e+01
-1.682643029093741660e+01
-1.682824658155442421e+01
-1.682592540383339852e+01
-1.682946229577063590e+01
-1.682817044854163413e+01
-1.682331770062445386e+01
-1.682914406359195070e+01
-1.682345291376114460e+01
-1.682534915506839468e+01
-1.682961497008800578e+01
-1.682796764075756002e+01
-1.682850339710712717e+01
-1.682617987692356820e+01
-1.682949437499046041e+01
-1.682766787111758688e+01
-1.682126078903676358e+01
-1.682882332205772258e+01
-1.682476318180562558e+01
-1.682332247793675606e+01
-1.682950369715690897e+01
-1.682830501496793119e+01
-5.483225040882825141e+00
-1.682494771778582532e+01
-1.682735408246517750e+01
-1.682593293786049315e+01
-1.682860827744006826e+01
-1.682892769575119019e+01
-1.682630379796029274e+01
-1.682475888431072164e+01
-1.682966036796571174e+01
-1.682926827371120027e+01
-1.682725067436694033e+01
-1.682125483751297068e+01
-1.110878062918782305e+01
-1.682833163738249738e+01
-4.549259176105259428e+00
-1.682671239078043968e+01
-1.682605804502963309e+01
-1.682762717306613709e+01
-1.682797196805477924e+01
-1.682920203506946066e+01
-1.682377585470677062e+01
-1.682812721133231193e+01
-1.682799772322177390e+01
-1.682274034321307710e+01
-5.483084908872843499e+00
-1.682642149627207218e+01
-1.110828915610909462e+01
-1.682712141871451550e+01
-1.682515878379344088e+01
-1.682651126086711812e+01
-1.682636325061322324e+01
-1.682732312083243897e+01
-1.682790488600731038e+01
-1.682652383446692568e+01
-1.682346318364142945e+01
-1.682769422531127645e+01
-1.682400604784490028e+01
-1.682180909812449698e+01
-1.682985660433768160e+01
-1.682764567732810335e+01
-1.682469798922538473e+01
-1.682840723693371743e+01
-1.682935397028924385e+01
-1.682767267525195720e+01
-1.110902955904602862e+01
-1.682802633345128029e+01
-1.682928680479526307e+01
-1.682271296083926870e+01
-1.682815764248372048e+01
-1.682860515117645051e+01
-5.482953708618880206e+00
-1.682178275287152758e+01
-1.682664017677307200e+01
-1.682261978089808352e+01
-1.682899458110333768e+01
-4.424221735447645187e+00
-1.682871670126914054e+01
-1.682348598241806314e+01
-1.682821985185146829e+01
-1.681637579798698212e+01
-1.682778744399546511e+01
-1.682600295841693949e+01
-1.682662595510483783e+01
-1.682923285365104249e+01
-1.682742581665516823e+01
-1.682917287647724791e+01
-1.682774872183800241e+01
-1.682795698344708057e+01
-1.682719826698304288e+01
-1.682979707419871573e+01
-1.682923799753189087e+01
-1.682837240993977090e+01
-5.483216518163681386e+00
-1.682594319880010403e+01
-1.682830972075462128e+01
-1.682358805239201516e+01
-1.682460622489451296e+01
-4.365146833471955645e+00
-1.682414631247520020e+01
-1.682870660424233478e+01
-1.682833548188208539e+01
-1.682432003021241229e+01
-1.682898829281329611e+01
-1.682917936444283669e+01
-1.682822448909282542e+01
-1.682814618647097760e+01
-1.682815321981907530e+01
-1.682784446775913878e+01
-1.682670689821242149e+01
-1.110887001082300962e+01
-1.110841385647654533e+01
-1.682918943166732717e+01
-4.418159621581436269e+00
-1.682008120715618915e+01
-1.682755674421786551e+01
-1.682820699810981324e+01
-1.682619988918305509e+01
-1.682617155611515969e+01
-5.670167517801747437e+00
-1.682427852153778502e+01
-1.682787162959577287e+01
-1.682945925295352652e+01
-1.682703158855436953e+01
-1.682969013750553700e+01
-1.682855073511600708e+01
-1.682947498559951782e+01
-4.894330281019210638e+00
-1.682341822087765237e+01
-1.682820929884911365e+01
-1.682496100664140215e+01
-1.682843717038631937e+01
-1.682911986708640484e+01
-1.682569787502288250e+01
-1.682486171126365093e+01
-1.682866814136505695e+01
-4.994737400114536818e+00
-1.682839209735392672e+01
-1.682555069029330141e+01
-1.682099203765393014e+01
-1.682613226473332091e+01
-1.682918473780154045e+01
-1.682753365039826221e+01
-1.682514458298684090e+01
-1.682028763890266987e+01
-4.994827845692633161e+00
-1.682274591326712709e+01
-1.682275829017163815e+01
-1.682537159621714551e+01
-1.682298324108123211e+01
-1.681902887225152199e+01
-1.682539312541484122e+01
-1.682967730164526898e+01
-1.682931146323682370e+01
-1.682895209789275270e+01
-1.682671787142754383e+01
-1.682874600589276426e+01
-1.682575510144232567e+01
-1.682943312227726196e+01
-1.682450642883776837e+01
-4.438905608095228494e+00
-4.894485196471216604e+00
-1.682851054966451443e+01
-1.682966588735580160e+01
-1.682740048170089153e+01
-1.682507609128951742e+01
-4.549315852299331553e+00
-1.682218159139155134e+01
-1.682622343003749421e+01
-1.682955242097376924e+01
-1.682868186235428709e+01
-1.682615433335305255e+01
-1.682957932651041588e+01
-1.682466600239277099e+01
-1.682201116979123512e+01
-1.682972621619699893e+01
-1.682616585493086703e+01
-1.682453470528125905e+01
-1.682721315324307554e+01
-1.682958722710608157e+01
-5.670143912732600988e+00
-1.682937225401402870e+01
-1.682841135263441856e+01
-1.682670594453810509e+01
-1.682967627346514305e+01
-1.682741862833501401e+01
-1.682925907075405902e+01
-1.682421600222586022e+01
-1.682601253092289539e+01
-1.682730394303797183e+01
-1.682887518703936180e+01
-1.682632243037223674e+01
-1.682845605611801432e+01
-1.682596386969090574e+01
-1.682205547094344666e+01
-1.682756772041321724e+01
-1.682858944237231569e+01
-1.682865173518656832e+01
-1.682848994731901726e+01
-1.682900996208190847e+01
-1.682944639325140912e+01
-1.682629119753837799e+01
-1.682953370511531332e+01
-1.682801050841809243e+01
-1.682850834429263287e+01
-1.682501758038996797e+01
-1.682859221696852359e+01
-1.682804551124571901e+01
-1.682874305844307372e+01
-1.682923630177975838e+01
-1.682785395681858986e+01
-1.682208761870862190e+01
-1.682626767158507519e+01
-1.682657665610313202e+01
-1.682676182985306923e+01
-1.681068114936351421e+01
-1.682736997306346183e+01
-1.110904920697212184e+01
-1.682435944378376647e+01
-1.682474271357057916e+01
-1.110890453159808899e+01
-5.483134528994560775e+00
-1.682917614579202237e+01
-1.682434987425805417e+01
-4.418213828280567412e+00
-1.682938731610773786e+01
-1.682932849824427990e+01
-1.682882757186888867e+01
-1.110899489894509351e+01
-1.682142057418823100e+01
-1.682856349945069496e+01
-1.682083750963210633e+01
-1.682743742763996408e+01
-5.670115080941470431e+00
-1.682534701228141572e+01
-6.368764398992059483e+00
-4.894473714381456730e+00
-1.682970969080925983e+01
-1.682892365753649955e+01
-1.682295454442502702e+01
-1.682805635035038350e+01
-1.682926031649111209e+01
-1.681421348154544049e+01
-1.682676808238027988e+01
-1.682465789616108864e+01
-1.682930344939232725e+01
-1.682882743775844503e+01
-1.682528473436832783e+01
-1.682832092046736605e+01
-1.682427061796188994e+01
-1.682882892489433146e+01
-1.682025265693665972e+01
-5.670103575056417711e+00
-1.682982018887995324e+01
-1.682812938392161328e+01
-1.682829350233076582e+01
-1.682892649173737709e+01
-1.682715604305268187e+01
-1.682577561438082725e+01
-1.682762109935283590e+01
-1.682570968270301037e+01
-1.682729825079442776e+01
-1.682835329771043220e+01
-1.682562566399574777e+01
-1.682431158721445996e+01
-1.682668101787566783e+01
-1.681855780482292317e+01
-1.682613801360128747e+01
-1.682712959051130497e+01
-1.682782608568669502e+01
-1.110900522544980085e+01
-1.682911942005157968e+01
-1.682823503613470706e+01
-1.682840973436832144e+01
-1.682801212966442250e+01
-1.682911292016508042e+01
-1.682330539226532196e+01
-1.682577845156191998e+01
-1.682732611298560244e+01
-1.682317064404486473e+01
-1.682974422276021542e+01
-1.682854634225367363e+01
-1.682539305090903525e+01
-1.682635215222833835e+01
-1.682931207418440778e+01
-1.682722149789333344e+01
-1.682733978331088665e+01
-1.110886160880327544e+01
-1.682426236569882505e+01
-1.682183480262756348e+01
-1.682795082926750041e+01
-1.682886082828045105e+01
-1.682206778228282928e+01
-1.682818742096424458e+01
-1.682329775094986246e+01
-1.682953658103943440e+01
-1.110905333310365606e+01
-1.682595571577548199e+01
-1.682056540548802204e+01
-1.682469998002052236e+01
-1.682674647867679951e+01
-1.682808073163031182e+01
-1.682693668901920958e+01
-1.110909935012460181e+01
-1.110907158106565618e+01
-1.682788485288618929e+01
-1.110902574360370387e+01
-1.682760876715184750e+01
-1.682955951690673402e+01
-1.682957062125206349e+01
-1.682951318025589416e+01
-1.682720454633235008e+01
-1.682508107721806923e+01
-1.682611368000507568e+01
-1.682944144308566337e+01
-1.682754068970681516e+01
-1.682894586622716204e+01
-1.682611449062823894e+01
-1.682841798067092398e+01
-1.682909455597399528e+01
-1.682868514358996137e+01
-1.682875019311903841e+01
-1.682917676568031951e+01
-1.681930640935897259e+01
-1.682621400654315735e+01
-1.682942298650741364e+01
-1.682770854234696500e+01
-4.994743146747349982e+00
-1.682680830657481508e+01
-1.682646664977072959e+01
-1.682863811850547364e+01
-1.682973699867725514e+01
-1.682046916782854495e+01
-1.682845947146417487e+01
-1.682905704081058573e+01
-1.682318348288536214e+01
-1.681858455240726968e+01
-1.682513647675514790e+01
-1.682940500676631856e+01
-1.682798522710801592e+01
-1.682766446173189578e+01
-1.682855905592441559e+01
-1.682858398258686705e+01
-1.682884230017663540e+01
-1.110904748290777100e+01
-1.682754102349280600e+01
-1.680823348760603864e+01
-1.682469007074833911e+01
-5.670156350452452365e+00
-1.681822620630264709e+01
-1.682955715954304310e+01
-1.682593382894991763e+01
-1.682951008677482108e+01
-1.682698787152767395e+01
-1.682709194421769539e+01
-1.682725776135922757e+01
-1.682507486343384429e+01
-1.682422674596309875e+01
-1.682793934643267519e+01
-1.682125694751740497e+01
-1.682672080099581891e+01
-1.682418894767761230e+01
-1.682023074924945050e+01
-1.682880591154098227e+01
-1.682647250592708232e+01
-1.682851822376252571e+01
-1.682823186516762703e+01
-1.682897787988185101e+01
-1.682780927717685771e+01
-1.682818534672260924e+01
-1.682656854391098022e+01
-1.682875192463398051e+01
-1.682025588750838807e+01
-1.682930462062357435e+01
-1.682123267054558013e+01
-4.994769354909658787e+00
-1.682980325818062539e+01
-1.682896949052810953e+01
-1.682954608500005023e+01
-1.682821909785272041e+01
-1.682771643996238353e+01
-1.682667181789874888e+01
-1.682747318148613402e+01
-1.682958084344864957e+01
-1.682739673852919182e+01
-4.994725022464992392e+00
-1.682856214046479337e+01
-1.110864261314272561e+01
-1.682158013284205467e+01
-1.681736623346804294e+01
-1.682810148000717732e+01
-5.438732133060693918e+00
-1.682944305539131591e+01
-1.682572471499442202e+01
-1.682393952906133094e+01
-1.682661541104317848e+01
-1.682895060181616742e+01
-1.682293010056020321e+01
-1.682923831641674539e+01
-1.682886480391025330e+01
-1.682705760896206115e+01
-1.682651090025902718e+01
-1.682845470011234923e+01
-1.682842188775540748e+01
-1.682924776375294584e+01
-6.368991282209755411e+00
-1.682787936925888062e+01
-4.994506677240130976e+00
-1.682580618560313823e+01
-1.682935053706169981e+01
-1.682492985129355034e+01
-1.682794415950775146e+01
-1.682962953448294741e+01
-1.682669271826743440e+01
-1.682723905146123400e+01
-1.682729066610335167e+01
-1.682455449998378683e+01
-1.682918383181094413e+01
-1.682536683976650238e+01
-1.682489881515502006e+01
-4.417015349864959362e+00
-1.682838820219038567e+01
-1.682886164486408020e+01
-1.682904581129550436e+01
-1.682650831341742759e+01
-1.682969485521315178e+01
-1.682399806678294496e+01
-1.682746112048625875e+01
-1.682595742940901573e+01
-1.682617062926292206e+01
-1.682917214632035652e+01
-1.682839848995210019e+01
-5.483035606890917180e+00
-4.097326231375335581e+00
-1.682804152071475201e+01
-1.682866389751434610e+01
-1.682849431931971296e+01
-1.682807640135287741e+01
-1.681917451918125295e+01
-1.682501516640185812e+01
-1.682801117897034260e+01
-1.682479762136934909e+01
-1.682935966849327514e+01
-1.682917211055754692e+01
-1.682552554905413444e+01
-1.682194747030734661e+01
-1.682699848711491697e+01
-1.682889483869076130e+01
-1.682954574525355795e+01
-1.682940480113028414e+01
-1.682586732804776020e+01
-1.682905717790127298e+01
-1.682484615147112805e+01
-1.682591468393802003e+01
-1.682916377484797721e+01
-1.682954406738280184e+01
-1.682794897258280642e+01
-1.682680226266383627e+01
-1.682911509573458986e+01
-1.682933410406113950e+01
-1.682922507226465925e+01
