-7.777852338552475153e+00
-7.778923559188842596e+00
-7.779656159877777810e+00
-7.678952711820602239e+00
-7.779281020164489746e+00
-7.779751205444336293e+00
-7.779592138528822254e+00
-7.779634505510331977e+00
-7.779462212324142811e+00
-7.779099607467650834e+00
-7.779865473508836615e+00
-7.768651908636091896e+00
-7.772825342416762595e+00
-7.779193937778472012e+00
-7.779583787918091353e+00
-7.779587495326996560e+00
-7.778986483812333041e+00
-7.738615226745605646e+00
-7.779651159048080800e+00
-7.779618293046953070e+00
-7.778784358501432905e+00
-7.779490888118743896e+00
-7.779557108879088467e+00
-7.779785126447678500e+00
-7.777582347393034112e+00
-7.779635632038115922e+00
-7.779493153095244473e+00
-7.778778719902040173e+00
-7.779748249053956677e+00
-7.779751610755922364e+00
-7.779733622074126664e+00
-7.778240114450452936e+00
-7.779023003578183548e+00
-7.609672915935517423e+00
-7.779880410432815196e+00
-7.779264402389527433e+00
-7.778744995594023770e+00
-7.779740822315215354e+00
-7.779654073715210671e+00
-7.779441207647323608e+00
-7.778390866518019919e+00
-7.777742552757261230e+00
-7.778555363416669977e+00
-7.779589194059372659e+00
-7.777607637643813909e+00
-7.776033598184584505e+00
-7.777648943662644143e+00
-7.779015952348708574e+00
-7.768666115403175532e+00
-7.778370159864424593e+00
-7.778999435901642556e+00
-7.778765070438382168e+00
-7.779743176698686646e+00
-7.779800009727478205e+00
-7.779176288843154374e+00
-7.778361648321152622e+00
-7.774241679906842784e+00
-7.779016315937042236e+00
-7.779073882102965243e+00
-7.779713904857634255e+00
-7.778772985935209938e+00
-7.778470498323440729e+00
-7.779424595832824529e+00
-7.776039099693297985e+00
-7.779663532972337592e+00
-7.777705568075180764e+00
-7.779867184162140958e+00
-7.778720837831498258e+00
-7.779432934522630738e+00
-7.779834169149397738e+00
-7.779858034849167048e+00
-7.779842108488081109e+00
-7.777843606472013782e+00
-7.776745378971098077e+00
-7.779449915885924938e+00
-7.779392647743225808e+00
-7.779160714149473854e+00
-7.779023665189741976e+00
-7.779854816198349177e+00
-7.778305929899214988e+00
-7.779744124412537154e+00
-7.779859048128128229e+00
-7.779749864339827070e+00
-7.779276514053345970e+00
-7.779675084352493108e+00
-7.779229044914246494e+00
-7.770501869916914828e+00
-7.779429721832275213e+00
-7.778822046518325983e+00
-7.779334759712217995e+00
-7.779911726713180542e+00
-7.779756242036819813e+00
-7.778620797395706887e+00
-7.778965127468110197e+00
-7.778481578826905718e+00
-7.777827286720277122e+00
-7.779298198223113303e+00
-7.779695093631745273e+00
-7.779044502973558650e+00
-7.779777002334595792e+00
-7.779648345708847224e+00
-7.777845972776414207e+00
-7.779246062040328979e+00
-7.774185505509374927e+00
-7.770673769712447054e+00
-7.779455292224886520e+00
-7.775162649154662375e+00
-7.779621547460554787e+00
-7.776868253946306098e+00
-7.779517972469331077e+00
-7.779362881183624623e+00
-7.779634237289428711e+00
-7.779801493883130803e+00
-7.779269737005233054e+00
-7.779620033502578913e+00
-7.778612184524536843e+00
-7.779041182994843595e+00
-7.779441893100740302e+00
-7.777699583768844072e+00
-7.779151165485384212e+00
-7.779824703931807584e+00
-7.779783344268799361e+00
-7.779337507486345338e+00
-7.779656678438185757e+00
-7.779652249813080012e+00
-7.777830028533935902e+00
-7.777132940292356800e+00
-7.779440546035766957e+00
-7.775986146926879172e+00
-7.779896855354309082e+00
-7.774966099858285240e+00
-7.779765325784684826e+00
-7.779518282413481423e+00
-7.779807835817336148e+00
-7.776298552751541138e+00
-7.779351896047593584e+00
-7.776819360256196134e+00
-7.779097324609755226e+00
-7.774328938126563671e+00
-7.778760200738908281e+00
-7.779423230886458818e+00
-7.779799640178682196e+00
-7.777994263172147704e+00
-7.775607407093048984e+00
-7.779668003320693970e+00
-7.779173839092252685e+00
-7.768119087815286150e+00
-7.779465925693513029e+00
-7.773439252376557640e+00
-7.778078693151473821e+00
-7.775107049942017845e+00
-7.779698479175569226e+00
-7.777812147140502397e+00
-7.778296244144439875e+00
-7.776886177062986683e+00
-7.779906612634658991e+00
-7.779590898752212880e+00
-7.779726761579515149e+00
-7.779134869575502265e+00
-7.776799345016478959e+00
-7.775597164034843800e+00
-7.779595297574998014e+00
-7.779179722070693970e+00
-7.779144978523254927e+00
-7.779734480381010897e+00
-7.778846168518066762e+00
-7.779654896259309282e+00
-7.779214572906495206e+00
-7.779883849620820691e+00
-7.777242630720140326e+00
-7.779470980167388028e+00
-7.779505985975267102e+00
-7.778823173046112593e+00
-7.779531371593473743e+00
-7.779494756460189286e+00
-7.777495858073233848e+00
-7.779521292448044356e+00
-7.779161059856415150e+00
-7.779419767856597723e+00
-7.779171103239060692e+00
-7.779658222198486683e+00
-7.779013931751252109e+00
-7.779673737287521540e+00
-7.779253041744231822e+00
-7.778546047210692649e+00
-7.777375167608261641e+00
-7.779584056138991954e+00
-7.778237354755400901e+00
-7.775317019224166515e+00
-7.779914444684981945e+00
-7.779782480001448342e+00
-7.779624652862549894e+00
-7.778908807039258910e+00
-7.779423761367798562e+00
-7.779776912927627741e+00
-7.779463726282121350e+00
-7.779549592733382646e+00
-7.774895608425138605e+00
-7.779397577047349799e+00
-7.779175144433975397e+00
-7.779736202955245261e+00
-7.775041130185127436e+00
-7.779833513498306985e+00
-7.779871970415115356e+00
-7.779794818162920400e+00
-7.779416561126708984e+00
-7.779479646682740501e+00
-7.779646033048631004e+00
-7.779121166467667159e+00
-7.778898704051973922e+00
-7.779177069663999688e+00
-7.779352980852126898e+00
-7.778321701288223977e+00
-7.775488752126692660e+00
-7.776007682085036343e+00
-7.776450848579405495e+00
-7.779273921251296464e+00
-7.777983540296556697e+00
-7.779333221912384744e+00
-7.778765839338301902e+00
-7.779858273267747926e+00
-7.773435455560683494e+00
-7.779741668701173118e+00
-7.778954881429672064e+00
-7.779877597093582509e+00
-7.779157465696337148e+00
-7.777032774686811756e+00
-7.775867372751235962e+00
-7.779367208480835849e+00
-7.779233485460280484e+00
-7.779802358150482711e+00
-7.778932189941404118e+00
-7.779788255691526544e+00
-7.779509651660919900e+00
-7.779505258798598888e+00
-7.779718571901321766e+00
-7.779704952239989701e+00
-7.778806942701341320e+00
-7.779766875505448098e+00
-7.779293775558471680e+00
-7.778640556335449041e+00
-7.779745745658874334e+00
-7.779462862014769442e+00
-7.777904605865477272e+00
-7.779069328308104936e+00
-7.779356175661087391e+00
-7.778846269845962169e+00
-7.778890407085420122e+00
-7.777828168869017844e+00
-7.778888744115827869e+00
-7.778246229887009200e+00
-7.777789330482480779e+00
-7.777387422323228883e+00
-7.779401612281797718e+00
-7.779607236385345459e+00
-7.778395199775696156e+00
-7.779622554779053623e+00
-7.774465620517730713e+00
-7.771580666303634644e+00
-7.778368920087815219e+00
-7.779553812742234342e+00
-7.779062527418137307e+00
-7.779851585626602173e+00
-7.779440027475358121e+00
-7.779797214269636996e+00
-7.779326683282850929e+00
-7.778741884231568093e+00
-7.779532229900359752e+00
-7.779553109407424394e+00
-7.779491734504698996e+00
-7.777983427047728604e+00
-7.779031038284302646e+00
-7.779864352941512351e+00
-7.779003953933713689e+00
-7.779817920923233210e+00
-7.777895349264145608e+00
-7.778806203603744862e+00
-7.779516470432281672e+00
-7.778789710998536222e+00
-7.779746568202972945e+00
-7.778746908903121593e+00
-7.779515779018401744e+00
-7.778875112533569336e+00
-7.778706336021424583e+00
-7.779667586088182318e+00
-7.778802204132079900e+00
-7.779287487268447876e+00
-7.779880332946778054e+00
-7.779727315902710494e+00
-7.779786199331283569e+00
-7.778018331527708717e+00
-7.779755944013594160e+00
-7.779835402965546542e+00
-7.779553204774856567e+00
-7.774076628684996493e+00
-7.776488029956817094e+00
-7.779098170995712103e+00
-7.779695409536360629e+00
-7.779717290401459096e+00
-7.779836183786392745e+00
-7.779603958129883701e+00
-7.779275101423262839e+00
-7.778630292415618541e+00
-7.778376168012620440e+00
-7.779858624935149791e+00
-7.779564613103866932e+00
-7.779547488689423140e+00
-7.778456866741180420e+00
-7.779342085123062134e+00
-7.779788553714751309e+00
-7.779806679487228038e+00
-7.778621697425844417e+00
-7.779089736938476385e+00
-7.779763543605805687e+00
-7.779157030582426913e+00
-7.775720703601838757e+00
-7.779449892044065784e+00
-7.778777927160262173e+00
-7.779841917753218539e+00
-7.778587239980697454e+00
-7.779636269807815196e+00
-7.779527413845061190e+00
-7.779277300834655406e+00
-7.778806078433989413e+00
-7.779770195484160489e+00
-7.778932529687882180e+00
-7.778261333703993863e+00
-7.779668420553207397e+00
-7.778469187021255671e+00
-7.779609495401380137e+00
-7.779539805650709461e+00
-7.779099738597869518e+00
-7.779764932394028776e+00
-7.778325605392455877e+00
-7.779530936479568837e+00
-7.779346925020217185e+00
-7.779556906223295876e+00
-7.779694020748137540e+00
-7.778699755668639249e+00
-7.778576052188875600e+00
-7.779722905158996227e+00
-7.779819673299789962e+00
-7.776992958784104459e+00
-7.776347827911377131e+00
-7.778123438358306885e+00
-7.779765623807907815e+00
-7.776629894971848422e+00
-7.778954023122787831e+00
-7.777201795578003285e+00
-7.775754320621492077e+00
-7.779796749353409702e+00
-7.779479312896727450e+00
-7.778548538684844971e+00
-7.779566544294356234e+00
-7.779043674468994141e+00
-7.779707324504852473e+00
-7.777523159980773926e+00
-7.779884046316144719e+00
-7.779765766859055631e+00
-7.779565709829332043e+00
-7.711231124401092707e+00
-7.779726558923721669e+00
-7.775000268220900956e+00
-7.779775089025497081e+00
-7.778720164299009809e+00
-7.779829210042954912e+00
-7.778879976272583541e+00
-7.779625838994980391e+00
-7.779625135660171331e+00
-7.779040151834488270e+00
-7.770957773923873546e+00
-7.778930586576461081e+00
-7.779686510562897617e+00
-7.779655307531356812e+00
-7.779433691501616899e+00
-7.779251271486281816e+00
-7.779202944040298107e+00
-7.779329752922058638e+00
-7.779718691110611317e+00
-7.778551810979842607e+00
-7.778805857896803566e+00
-7.775930380821227672e+00
-7.779264616966248269e+00
-7.716902408003806002e+00
-7.777549195289610751e+00
-7.779164516925813011e+00
-7.777789682149885309e+00
-7.610574150085449574e+00
-7.779162079095839566e+00
-7.779869437217711514e+00
-7.776784574985504683e+00
-7.779569512605665871e+00
-7.779659920930861894e+00
-7.779248589277268700e+00
-7.779603952169418690e+00
-7.778896123170853549e+00
-7.778782910108566817e+00
-7.777450507879257735e+00
-7.775559449195861283e+00
-7.779516506195066405e+00
-7.778154683113098322e+00
-7.778676342964170765e+00
-7.779762476682663852e+00
-7.779621881246566062e+00
-7.779686182737349576e+00
-7.779142278432847668e+00
-7.779885464906691972e+00
-7.777962881326676126e+00
-7.779600191116331942e+00
-7.779342001676560869e+00
-7.779893183708191273e+00
-7.778910100460052490e+00
-7.778138935565949375e+00
-7.695363596081733704e+00
-7.779766649007795465e+00
-7.779527127742766446e+00
-7.777316802740097401e+00
-7.779647815227509255e+00
-7.779708617925644276e+00
-7.777760773897171909e+00
-7.779877394437789029e+00
-7.779645943641662065e+00
-7.779381406307219748e+00
-7.779491877555847701e+00
-7.779656994342803777e+00
-7.777685016393663275e+00
-7.779799658060072787e+00
-7.768342527747153170e+00
-7.779777717590330433e+00
-7.777113392949103421e+00
-7.778714573383331832e+00
-7.778796303272247137e+00
-7.779899144172669700e+00
-7.777809083461761475e+00
-7.778455317020416260e+00
-7.758942627906798783e+00
-7.779903554916382191e+00
-7.772112968564034219e+00
-7.778883451223372880e+00
-7.779637748003005449e+00
-7.779863458871842496e+00
-7.777611762285230768e+00
-7.748387503623963113e+00
-7.779741960763930209e+00
-7.771488654613497360e+00
-7.779473692178726196e+00
-7.778751218318936900e+00
-7.779367130994796042e+00
-7.779413026571273093e+00
-7.771549290418625411e+00
-7.779759150743483787e+00
-7.779024261236190618e+00
-7.778148728609084905e+00
-7.751986116170883179e+00
-7.779505270719528021e+00
-7.779815936088563255e+00
-7.778344678878784002e+00
-7.779150265455244906e+00
-7.778483694791793468e+00
-7.778413993120192771e+00
-7.774942034482956288e+00
-7.778070104122162931e+00
-7.778071326017380827e+00
-7.778446924686432062e+00
-7.779776382446290661e+00
-7.779523104429244995e+00
-7.779245948791502663e+00
-7.772070217132568182e+00
-7.779613184928894754e+00
-7.778201454877853749e+00
-7.779629689455033414e+00
-7.779057687520980480e+00
-7.779289728403091964e+00
-7.779507350921631037e+00
-7.779712420701978104e+00
-7.778076922893524703e+00
-7.779758620262145818e+00
-7.778022396564483465e+00
-7.779627156257628684e+00
-7.779233270883559648e+00
-7.766229584813118869e+00
-7.777796339988710450e+00
-7.779712259769440585e+00
-7.779630839824677402e+00
-7.779829627275466564e+00
-7.765774327516554720e+00
-7.778698217868805109e+00
-7.761256414651871438e+00
-7.779206758737565508e+00
-7.775820332765578158e+00
-7.749299597740174406e+00
-7.777422678470610862e+00
-7.779713630676268643e+00
-7.779867935180662997e+00
-7.779698193073274481e+00
-7.779617035388946888e+00
-7.779517221450807263e+00
-7.779356867074966431e+00
-7.778932285308838068e+00
-7.779922866821288530e+00
-7.779874193668366189e+00
-7.777553498744964600e+00
-7.779626673460005470e+00
-7.777999693155288163e+00
-7.766157191991806208e+00
-7.779423099756241022e+00
-7.779779201745985695e+00
-7.778206104040145341e+00
-7.779061996936798451e+00
-7.779202640056611884e+00
-7.779736840724945424e+00
-7.779827666282653986e+00
-7.778545498847960538e+00
-7.724795848131179810e+00
-7.779852992296219405e+00
-7.779349958896637496e+00
-7.779554581642150524e+00
-7.779786407947540283e+00
-7.779666215181352484e+00
-7.779709786176681519e+00
-7.779650950431823198e+00
-7.779338866472246039e+00
-7.779834777116773736e+00
-7.779153019189833707e+00
-7.779785484075546265e+00
-7.779626023769379728e+00
-7.778250104188918712e+00
-7.779246044158934836e+00
-7.779448127746580788e+00
-7.779794228076935880e+00
-7.779689890146255671e+00
-7.779146611690521240e+00
-7.779702538251876298e+00
-7.778774285316466752e+00
-7.779303151369095559e+00
-7.778960710763932695e+00
-7.779349392652513018e+00
-7.779684203863143743e+00
-7.778124880790711515e+00
-7.779467171430586525e+00
-7.779684793949129151e+00
-7.779825425148009010e+00
-7.778834265470504050e+00
-7.779655700922012862e+00
-7.778608757257462258e+00
-7.770662289857863669e+00
-7.779799079895020064e+00
-7.779821026325226541e+00
-7.779638278484346081e+00
-7.776606082916261542e+00
-7.779212260246276323e+00
-7.779097920656202980e+00
-7.777041590213775279e+00
-7.779191780090331854e+00
-7.779743283987047064e+00
-7.779590201377867942e+00
-7.775139909982678788e+00
-7.779173201322553410e+00
-7.779487901926038340e+00
-7.769855511188506370e+00
-7.779848355054856057e+00
-7.779808354377745871e+00
-7.779713302850724155e+00
-7.779458677768706032e+00
-7.774878442287445068e+00
-7.779321640729903287e+00
-7.779800742864608765e+00
-7.779477071762084250e+00
-7.779894745349884566e+00
-7.779830050468445002e+00
-7.779599446058274026e+00
-7.768710339069367699e+00
-7.779695951938627729e+00
-7.778558814525602827e+00
-7.756086593866348800e+00
-7.779154992103574529e+00
-7.772030636668205261e+00
-7.779564505815504738e+00
-7.779081457853315840e+00
-7.778988474607468895e+00
-7.775985175371170399e+00
-7.779648727178573253e+00
-7.779427117109299239e+00
-7.777210915088653920e+00
-7.778842824697495217e+00
-7.779344439506532538e+00
-7.779157465696334484e+00
-7.778530335426331099e+00
-7.778841155767439730e+00
-7.779026502370833818e+00
-7.779113978147508490e+00
-7.779000401496887207e+00
-7.779105514287948608e+00
-7.764802423119544272e+00
-7.779320985078810757e+00
-7.779107528924940951e+00
-7.712086427211762185e+00
-7.779400956630707853e+00
-7.778533691167830888e+00
-7.777726078033445845e+00
-7.775070038437843500e+00
-7.779867136478426204e+00
-7.779508554935455678e+00
-7.779268866777419689e+00
-7.779590779542923329e+00
-7.779661941528319247e+00
-7.779485762119294101e+00
-7.779393118619918113e+00
-7.779836547374726408e+00
-7.779283440113068160e+00
-7.779765540361402110e+00
-7.778857553005217973e+00
-7.777190959453582408e+00
-7.779842710494996538e+00
-7.779806357622146784e+00
-7.779744893312454224e+00
-7.779288810491561179e+00
-7.779232871532440363e+00
-7.779620224237442372e+00
-7.779658567905427091e+00
-7.779705661535263772e+00
-7.743341058492662299e+00
-7.779685962200165505e+00
-7.779818040132522761e+00
-7.776198858022688398e+00
-7.770391646027564825e+00
-7.779782015085220159e+00
-7.779106193780898515e+00
-7.779750519990920488e+00
-7.775397729873656516e+00
-7.779673206806181796e+00
-7.774840021133422319e+00
-7.779849243164062678e+00
-7.779422938823699951e+00
-7.778369593620299227e+00
-7.779890966415404563e+00
-7.779725790023803711e+00
-7.779717570543290606e+00
-7.779836136102677102e+00
-7.779671323299406360e+00
-7.778352642059325639e+00
-7.779230362176895675e+00
-7.777134412527084706e+00
-7.779641008377077505e+00
-7.778163594007494019e+00
-7.779858267307282027e+00
-7.779646354913711370e+00
-7.779333090782166948e+00
-7.770005810260771639e+00
-7.779826474189756702e+00
-7.778649681806562910e+00
-7.778952640295028864e+00
-7.777999359369276888e+00
-7.777576214075089034e+00
-7.775797200202940296e+00
-7.773750472068787332e+00
-7.775800082087516607e+00
-7.778760057687761353e+00
-7.779886811971663541e+00
-7.775521397590637207e+00
-7.779831933975221325e+00
-7.764707207679748535e+00
-7.768849608302116572e+00
-7.779360693693162965e+00
-7.779593515396117986e+00
-7.779787349700925780e+00
-7.779844480752945657e+00
-7.774786627292634478e+00
-7.779224705696103470e+00
-7.779868012666702803e+00
-7.779691034555435536e+00
-7.779297739267348355e+00
-7.778285855054855702e+00
-7.778591936826706466e+00
-7.779501008987428357e+00
-7.779732304811476595e+00
-7.779857552051544722e+00
-7.779013657569885609e+00
-7.779575300216674982e+00
-7.779030758142472024e+00
-7.778480964899064709e+00
-7.779621422290801114e+00
-7.779411900043486483e+00
-7.779907774925232111e+00
-7.777546966075898460e+00
-7.779900497198102727e+00
-7.778250038623808926e+00
-7.779576319456099398e+00
-7.779682064056396840e+00
-7.779839754104614258e+00
-7.778500092029572599e+00
-7.778627771139144720e+00
-7.779808592796327638e+00
-7.779840093851090543e+00
-7.779203081130982689e+00
-7.778898841142654952e+00
-7.779193133115767544e+00
-7.778455901145933105e+00
-7.778171974420546420e+00
-7.779566717147826438e+00
-7.779900366067885820e+00
-7.778248459100723267e+00
-7.779808247089384565e+00
-7.779845505952834195e+00
-7.779105824232100730e+00
-7.779481506347657671e+00
-7.779490399360656561e+00
-7.779781967401504517e+00
-7.779703015089036278e+00
-7.777011197805403953e+00
-7.779602038860319979e+00
-7.778311586380004528e+00
-7.775675439834594194e+00
-7.779732096195221658e+00
-7.776290768384932939e+00
-7.779778355360032371e+00
-7.778926980495453947e+00
-7.779245221614836225e+00
-7.778260719776152854e+00
-7.771892333030701039e+00
-7.778366923332213467e+00
-7.779554635286331177e+00
-7.779216521978377763e+00
-7.770444697141646095e+00
-7.779828041791915005e+00
-7.779363298416137162e+00
-7.779601597785950062e+00
-7.779076582193375167e+00
-7.779768979549408492e+00
-7.771277558803559415e+00
-7.779746192693709261e+00
-7.778541201353075252e+00
-7.769595819711685891e+00
-7.779112070798873901e+00
-7.779363512992858887e+00
-7.779537779092787098e+00
-7.779782235622406006e+00
-7.779546600580214744e+00
-7.779430210590362549e+00
-7.778947919607161587e+00
-7.779762107133866955e+00
-7.778769755363465599e+00
-7.779683136940002797e+00
-7.779525792598724898e+00
-7.778203839063643876e+00
-7.779370284080504128e+00
-7.779131937026976473e+00
-7.771055793762207564e+00
-7.779800701141355468e+00
-7.779372507333753184e+00
-7.758853432536125361e+00
-7.779647004604338889e+00
-7.779127389192581177e+00
-7.774439609050749489e+00
-7.779522442817687455e+00
-7.779425340890883334e+00
-7.779903537034988936e+00
-7.779786306619644876e+00
-7.779801440238952814e+00
-7.777858364582060702e+00
-7.779550385475160645e+00
-7.774736499786376598e+00
-7.777161145210266469e+00
-7.779361915588380860e+00
-7.778277379274367576e+00
-7.779407829046249390e+00
-7.700715160369871803e+00
-7.778392344713210171e+00
-7.779393815994261274e+00
-7.778383690118791272e+00
-7.779564452171325861e+00
-7.777965015172960683e+00
-7.779152595996858821e+00
-7.779539817571640370e+00
-7.777298617362975008e+00
-7.779392284154891257e+00
-7.779910141229628096e+00
-7.779200375080109531e+00
-7.779807806015014648e+00
-7.779846549034116876e+00
-7.778615957498550948e+00
-7.779392898082733154e+00
-7.778920477628707530e+00
-7.779381352663038207e+00
-7.778685337305069503e+00
-7.779632294178011165e+00
-7.779842823743820190e+00
-7.779707372188568115e+00
-7.778500860929489669e+00
-7.779384076595306396e+00
-7.778100419044495339e+00
-7.778144693374632546e+00
-7.778526669740678301e+00
-7.778750491142272239e+00
-7.778515875339507168e+00
-7.779410207271574507e+00
-7.778549015522003174e+00
-7.779816824197770764e+00
-7.779627072811125643e+00
-7.779482924938201371e+00
