1.462369208158210032e+00 1.524073708076544076e+00 1.461070024481603724e+00
4.821463919988716817e+00 4.758262349355922183e+00 1.119192674576019869e-01
1.683155847645242176e+00 6.330857464104474808e+00 1.685289791339635190e+00
6.172526711915945263e+00 3.094276170042765006e+00 3.028761733132195655e+00
1.679619628044129120e+00 3.188554747663708611e+00 1.102952198734645228e-01
-1.088640283957858362e-01 4.665647926497218378e+00 4.601231532614028730e+00
6.173815634408343023e+00 4.664985322431555836e+00 4.600925956890282720e+00
-1.097760559444895673e-01 4.666463729734295462e+00 3.029766323491303481e+00
4.602756898734465807e+00 6.236864345640921847e+00 4.600358730668746787e+00
1.680178028027800918e+00 4.758102484901828966e+00 3.252644917701416283e+00
4.602730925835256670e+00 4.665140362213116454e+00 6.170908137979271402e+00
-1.094118091526881942e-01 4.665080524971638276e+00 3.029910602402760222e+00
6.392788010013091160e+00 1.617948078466095563e+00 1.113494807292412375e-01
4.602687263441971766e+00 1.523928461648744070e+00 4.600350910323807163e+00
1.461874177244757433e+00 1.524522183288318233e+00 4.601432312232554445e+00
6.174313138282554903e+00 6.236750131819523979e+00 1.459686852802858370e+00
1.678755734898550012e+00 6.329273822936070992e+00 4.822865413693437020e+00
1.096369854176651726e-01 3.189170134286651415e+00 1.684726837532641852e+00
1.094619703271249578e-01 1.617374776357942912e+00 1.117370948598295360e-01
3.251661364951127897e+00 4.759364667181361419e+00 4.824933133062594415e+00
1.680174010154765307e+00 4.757776930124582471e+00 1.681903504751921297e+00
1.677770783184925563e+00 1.616279030379082604e+00 4.822365447639823444e+00
3.251406354920860053e+00 4.759743210290215742e+00 1.123393962260387097e-01
1.087948128695233191e-01 1.616985938469641004e+00 1.680760236680100439e+00
3.032220077870784181e+00 6.236679073463212042e+00 4.601708999744386297e+00
6.393213819310373580e+00 3.188896179615707815e+00 3.253950832124719472e+00
1.461260416566922071e+00 1.524155482723772437e+00 1.458385963266993768e+00
1.462122836915880075e+00 4.665863499607571185e+00 3.030481636731969797e+00
4.603273188018226492e+00 4.666238692821018219e+00 1.459602692856996287e+00
1.679703529246463711e+00 1.616892550488775226e+00 1.681593529301039558e+00
6.392912511728460423e+00 3.188107137753205755e+00 4.823279671066331709e+00
3.033149013533492422e+00 -4.673422365640533815e-02 -1.126894218579635176e-01
3.031727009883682822e+00 4.666143885856817164e+00 3.029918624265220295e+00
4.603977055613129643e+00 1.525278297895645174e+00 1.462399607813912761e+00
3.032504234417930267e+00 -4.655259736208947757e-02 6.172841867288584083e+00
3.028180191377130015e+00 6.234913841514841515e+00 3.025120756149386914e+00
1.680103745866192488e+00 4.758018185126259958e+00 4.822508297710116132e+00
4.603042896397348649e+00 3.094543818517222267e+00 4.601463682659728605e+00
4.602286873481830298e+00 1.524396069003941978e+00 1.459658963149505162e+00
4.822001716495556423e+00 1.616573111543500696e+00 1.683242592381409164e+00
1.461522647845059364e+00 3.095056423864969375e+00 -1.109764926212260527e-01
3.250267210001575702e+00 3.187715383287896831e+00 1.680776844017990657e+00
4.604243384865553068e+00 3.095817247065805855e+00 6.175011361800097021e+00
3.033458990151841395e+00 1.524461519430424961e+00 6.172671002759148706e+00
1.462127511428085835e+00 1.524546619885480903e+00 4.601424641116072856e+00
-1.099617427632536976e-01 6.236567124315899768e+00 6.171279669655127975e+00
1.678375116913898513e+00 4.758224122069015571e+00 4.822081770097332409e+00
1.679633252040157343e+00 4.758424101591786304e+00 1.111110764358172326e-01
4.603065485692452441e+00 1.524808852607152820e+00 6.171560878317093213e+00
1.107566822742732104e-01 4.704801937089077291e-02 1.683081551343420079e+00
1.087743233648565400e-01 1.617025390130536033e+00 1.106957645814539148e-01
1.073159038234694773e-01 4.758604139572634395e+00 1.680678134410617641e+00
4.603787937446187861e+00 1.524203566803373988e+00 6.172128680255568156e+00
1.460183531981348759e+00 6.236492713599491644e+00 3.029321763010246471e+00
4.820630081795285626e+00 4.758471391274545326e+00 4.822135109248825380e+00
1.461401457972281603e+00 1.524405430894383739e+00 6.172869955331105274e+00
4.601727017794196684e+00 6.236011209326099980e+00 4.599058635429809527e+00
4.820985089426995884e+00 1.617031918111234923e+00 4.821751868134628083e+00
6.394209903911364457e+00 4.759302579618503337e+00 3.253863423537784794e+00
1.460688116948653414e+00 -4.653427315348501736e-02 -1.104705626967813908e-01
1.460540136015947787e+00 3.093878396659908603e+00 4.601139878195954047e+00
3.030721789104162234e+00 3.093911428047787293e+00 1.458085232010394749e+00
3.032336073673494781e+00 1.523810955295263669e+00 3.030191132316421676e+00
1.461235574899824252e+00 6.236955991375119801e+00 3.030058201255785288e+00
1.679532854368869232e+00 3.188048391523292668e+00 1.681834140113857234e+00
3.244704633756008594e+00 3.185897335581560075e+00 1.676073681847781938e+00
3.031229363058028259e+00 -4.739592416156625937e-02 3.027926425275851763e+00
4.603623977661378319e+00 6.236570726898957417e+00 4.601930569524453674e+00
1.460748867212801283e+00 3.095183354723591851e+00 4.599793014522944645e+00
1.678883875901143075e+00 4.612201665153761038e-02 3.252073319884371649e+00
6.176247193165513849e+00 3.095971758568153653e+00 6.173279200582569182e+00
1.088737922919248147e-01 3.187543175421083674e+00 4.822947882115748541e+00
1.094526080946317398e-01 4.759126047184666142e+00 3.252458227253711254e+00
6.172700128829180954e+00 4.665622370971113320e+00 6.171146782856101076e+00
1.460954637409174417e+00 1.523734110833313782e+00 4.600762916865481778e+00
6.174194355254375211e+00 4.666344430398899235e+00 3.030508586827227013e+00
4.821494511623332535e+00 4.631682865563382934e-02 1.112818879028066865e-01
1.460530405539762544e+00 -4.688881948737927408e-02 1.459716019085784300e+00
1.680210873384196502e+00 4.759205887616063002e+00 4.823246356087074638e+00
6.394252383751802604e+00 6.330024801923396893e+00 1.126082357283543223e-01
3.032970215310642370e+00 4.665131447826272648e+00 3.030876246881990976e+00
1.680268673924320888e+00 4.645655876865424638e-02 1.113062186367138051e-01
1.680270886217521742e+00 3.189137794774247414e+00 4.823429439506496941e+00
3.036553417518277342e+00 1.526564435464578651e+00 6.176074904268137544e+00
1.679495278391863078e+00 4.759451045318431106e+00 6.395196459860692961e+00
3.250452113605388771e+00 1.617257995472981991e+00 6.394397341039788962e+00
4.602168357188373804e+00 -4.751890359917592538e-02 3.029364034130557215e+00
1.460684264283312661e+00 3.094737070936252277e+00 4.601940657984975758e+00
1.682149825566009893e+00 4.665808693575709820e-02 6.395769949713492331e+00
1.461977438779679783e+00 6.236540186101543704e+00 1.459995797752088542e+00
4.821042999700175358e+00 4.758961039402619164e+00 1.681476925234081099e+00
4.821355725588814423e+00 3.188259149698660533e+00 6.394650624844258502e+00
1.091446008630635872e-01 4.759303032507244069e+00 6.394543698178945412e+00
1.679913003662413251e+00 3.188244089356979227e+00 1.114389050791022573e-01
6.391356570021195616e+00 3.187976705558662527e+00 4.823180405225723888e+00
1.679037382580010673e+00 4.653390636321335511e-02 4.822541682539735142e+00
1.463133895178638566e+00 -4.592364152642094272e-02 3.031175867187085426e+00
3.033721467531884208e+00 1.524238210414300854e+00 6.174045758520988691e+00
6.174216556651550114e+00 4.665295909226731652e+00 1.459872048027310631e+00
6.173201564309808376e+00 6.235921435626305964e+00 1.459057558553709333e+00
4.821565536873986701e+00 4.603152292708645454e-02 1.108518927450935082e-01
6.173985529707989528e+00 -4.663635919862575002e-02 3.030108297612859047e+00
4.821724971238451118e+00 3.188040634558492847e+00 4.823884868588397268e+00
3.250988718992716908e+00 4.758853900501344825e+00 4.823595411918448761e+00
6.172985745221712506e+00 1.523520739457222550e+00 6.170806850168165880e+00
3.032484863109528472e+00 3.095456242171639616e+00 1.459444793296891918e+00
6.172242426088260459e+00 3.094117716857117895e+00 1.457972864649534683e+00
-1.097284933493711673e-01 3.094886209941352107e+00 6.171125447299852240e+00
4.602824547104638953e+00 -4.704100884906951136e-02 6.169823283711872719e+00
4.822145162320006229e+00 1.617784942268959414e+00 6.395805926820138154e+00
1.459330775665837132e+00 4.666864575998673992e+00 6.170637645762052870e+00
1.097590523953167890e-01 4.759434984819408854e+00 6.395069928787184388e+00
1.680319346461401242e+00 4.758728980151374799e+00 1.681636055026091148e+00
1.679735324959051423e+00 3.188132513286911607e+00 1.110712340025522410e-01
4.821923098019355258e+00 4.758997524522588840e+00 1.681248317969751493e+00
3.250126198715241443e+00 1.616896280764211768e+00 4.822569823175650860e+00
4.821389313899918427e+00 1.616561228379014947e+00 3.252742205484468130e+00
6.174241912358821693e+00 4.664873386501274588e+00 1.459435513494918402e+00
1.459907572930782438e+00 3.094397346432168572e+00 3.028131244035841885e+00
3.250115147242756741e+00 3.188213062829197142e+00 1.681675958303763041e+00
1.679773817277445014e+00 3.188450531117640541e+00 4.823321969266292975e+00
4.821713430358128605e+00 6.330174038019618976e+00 4.823322113280667622e+00
4.602979891725389017e+00 1.524309247664918487e+00 -1.117717695478919193e-01
4.603905296728433072e+00 -4.644335689491850550e-02 1.460664217797082554e+00
4.600062176591957375e+00 4.664974670743616159e+00 4.598182074128860819e+00
-1.102898808055137042e-01 1.524458258332005656e+00 3.028118332012781355e+00
1.461534559898391761e+00 -4.692823025981047308e-02 6.172384286445831592e+00
1.680382951562130911e+00 6.329247281552339288e+00 3.253043040344348658e+00
4.602303823778266967e+00 3.094830209039204139e+00 1.459035962081795867e+00
-1.085506588734231614e-01 3.095183330929542898e+00 4.601877636327179388e+00
1.679001271288013575e+00 4.758486477677791981e+00 1.681163174113179393e+00
3.032595550868535383e+00 3.095092642702576669e+00 1.459507489202317876e+00
1.679473111440948019e+00 1.617286853022047000e+00 1.681734560406728862e+00
3.034448794593450405e+00 3.096114063244411962e+00 4.603269825252632508e+00
3.251215275041828168e+00 4.759133470476873740e+00 1.123802178206124713e-01
6.391998747896931121e+00 3.187985205520630139e+00 4.823318237981117917e+00
3.250714506826740013e+00 6.329218442837960978e+00 6.394235502341852673e+00
3.032307537368378547e+00 3.095492180596896681e+00 4.601281716079300921e+00
4.606193049853848365e+00 6.238152016821296719e+00 1.462878489287526174e+00
4.601020742705066446e+00 4.665231717517307253e+00 -1.134540784388679696e-01
4.602833847920464905e+00 3.094293745130454187e+00 4.600462309605541478e+00
4.821561457597039357e+00 4.671217589563132766e-02 1.113751065879576979e-01
4.604773282032884829e+00 -4.622598571714719301e-02 6.173144670184881555e+00
1.679784644814263261e+00 6.329603354507192137e+00 1.111642790572687639e-01
1.462225680701053632e+00 4.666395196198284800e+00 4.601494784694684093e+00
4.602657416373781452e+00 3.094974289590886496e+00 3.029903028568049272e+00
1.679361434829939492e+00 4.758917241567062639e+00 1.108098560765882479e-01
4.603883741474458446e+00 -4.651592074883946493e-02 3.030341214536051542e+00
6.172316411194453067e+00 1.523531635143288376e+00 1.457142540585250945e+00
1.463070522638987514e+00 4.666319442381107407e+00 3.030670845230601707e+00
1.107620749630247037e-01 3.189221079219488164e+00 3.253273234264300484e+00
1.078041190503973845e-01 1.617026786772612468e+00 1.094067960607483514e-01
1.091757336546890500e-01 1.617365357956446204e+00 1.111092331329304878e-01
6.176709560789655384e+00 4.666431242826450720e+00 6.174526838690793440e+00
4.821865677378833759e+00 3.188337532961033283e+00 4.824812034753898971e+00
4.821597545707396293e+00 3.188270624481880144e+00 3.253038650688852229e+00
3.033141302637356151e+00 1.523835208128462293e+00 4.601124041561911682e+00
4.821224415501815130e+00 1.617479485728398059e+00 3.253043078260368759e+00
-1.089297056782135009e-01 1.524426930086962617e+00 6.172299679244428461e+00
4.603087314375598815e+00 1.523499912816054902e+00 3.030202746082880427e+00
6.174054918139664672e+00 6.237089239884297420e+00 3.031267939888751428e+00
3.250036488888151887e+00 6.329811955760742848e+00 1.682471331786447255e+00
1.679198475995435702e+00 1.616928727757030337e+00 1.099852704202405884e-01
-1.091018504281701107e-01 1.524116566788519700e+00 4.600909076009335408e+00
4.603292921084816136e+00 4.665932024484423124e+00 4.600765260538552504e+00
1.091149416254776905e-01 4.759086296274960937e+00 3.252538220802310587e+00
4.603635294888122509e+00 1.524983534596779489e+00 3.031543596416668152e+00
1.680691553607422950e+00 4.758796661331061273e+00 1.682420567587832982e+00
4.603573878766066940e+00 3.095255745864297747e+00 3.030791654329349161e+00
6.392818230430703963e+00 1.617194869922633949e+00 1.129625433592201939e-01
3.032777427867669573e+00 6.236986791773865058e+00 3.030615220473833915e+00
6.174371551544225234e+00 -4.579232717246253109e-02 3.030624197718577939e+00
3.034140897292298078e+00 3.096528405044831622e+00 1.462574660414652783e+00
6.390771556988167568e+00 6.329447317876901735e+00 1.680768190759939218e+00
6.175220337375864510e+00 3.095429245688253062e+00 4.601278027341739296e+00
1.462895661845801110e+00 -4.500184757514608114e-02 3.032370711053165913e+00
4.821007017003312356e+00 4.758497511996874429e+00 1.681076886401705384e+00
4.817336075168579868e+00 3.186393653914090685e+00 3.248936809257988667e+00
4.603762733206768765e+00 3.095353067375553380e+00 4.601828231269464275e+00
6.171685006128500461e+00 1.522265233654453986e+00 1.456557617548465133e+00
3.031978237617243721e+00 4.664425842187704063e+00 4.598828103949815116e+00
1.681561824131135419e+00 4.780563297262364897e-02 4.824619454168629140e+00
3.032595472620908339e+00 3.094796631526571584e+00 6.172071033735587520e+00
1.098059963991418198e-01 1.616720034495948921e+00 4.824228238172031169e+00
4.603460730449823401e+00 4.666289269024095354e+00 1.459477416234215896e+00
1.679530854740075130e+00 6.329117214063809449e+00 4.823632702290459484e+00
3.251189740437846698e+00 4.759511496008890674e+00 1.681034171053058968e+00
1.086557535092688431e-01 4.759123416553774355e+00 1.117734667781290492e-01
4.603371571946955676e+00 1.524013065970940772e+00 4.601175471085007018e+00
1.680395581149245032e+00 1.617624835193823163e+00 1.682371249883968023e+00
3.033296052276803323e+00 -4.589651045509995225e-02 6.173303342366989632e+00
1.461744937436258773e+00 6.236738153372892057e+00 3.031439270770164285e+00
1.076184546060007380e-01 1.616449076888634373e+00 1.093598348051162544e-01
4.821355658875433825e+00 1.617507953954776090e+00 4.823126576670701660e+00
1.091312850572381948e-01 3.188365349821565609e+00 4.824038898169806799e+00
-1.088603875352356781e-01 4.666038173339460471e+00 3.030877186574857607e+00
-1.084510705277183379e-01 4.666234048106383092e+00 -1.102254300197771653e-01
1.462198810585632280e+00 4.666117769180380570e+00 1.460405117120547436e+00
1.679656192398781389e+00 1.616560092337548937e+00 1.108208901669203855e-01
1.678702647863631991e+00 3.188014699443296518e+00 4.823561039374675730e+00
1.462277348291720624e+00 -4.709204277018113477e-02 4.601571185753774884e+00
1.461470541917024191e+00 6.236403931113082777e+00 4.601158004574357641e+00
1.461965781412144283e+00 1.524346637756689216e+00 4.602680887998858772e+00
1.079013958655520161e-01 1.617234814105859675e+00 4.822453992314670757e+00
3.033593458571929968e+00 -4.638744469074504440e-02 6.174092145296300238e+00
1.681128092658579209e+00 6.330095555417246445e+00 1.683716955812282201e+00
1.676666017783727813e+00 4.538054683609998863e-02 4.820735423739195724e+00
4.821638581008590663e+00 3.188525056600294505e+00 3.253028406476382361e+00
1.460499790709413714e+00 4.665340862736029770e+00 6.170194771880202822e+00
-1.083382789082018571e-01 1.524809043977570999e+00 3.031170169450425167e+00
6.174042861838830554e+00 4.665858089200408010e+00 -1.109663705241908382e-01
1.678511956872218214e+00 1.616717004670591207e+00 1.681133511193553254e+00
1.559959241858683177e+00 1.566521638142983619e+00 4.702112457852439142e+00
6.173824254044040671e+00 1.524608810439815443e+00 1.459177288658613625e+00
4.602936332714845591e+00 3.095025696350659494e+00 4.600803217140803092e+00
1.096784322436884923e-01 4.711326532202859962e-02 1.122940312370208082e-01
6.175068466938843592e+00 3.095658700863914703e+00 4.602404465807828693e+00
1.461982806027931625e+00 6.236796296317911548e+00 4.601145654432624355e+00
1.461795413183704762e+00 3.095509626384430835e+00 4.601835349827957167e+00
3.032348783632031530e+00 3.095123558680518361e+00 1.459022849761300478e+00
6.393657357427703580e+00 4.673414646065385258e-02 1.128509854946580654e-01
4.602928965139411410e+00 6.236136924641122015e+00 6.172011797189629334e+00
6.174266020309708836e+00 -4.582771202525327825e-02 1.459984454173497204e+00
1.061345079768641203e-01 4.757354017292527715e+00 4.820055102065246011e+00
3.246290107882969789e+00 3.186556971832559260e+00 3.245743363204192100e+00
6.173436473958243909e+00 -4.687063744430348261e-02 1.458908161478449372e+00
1.680097987844055396e+00 3.188787683729101818e+00 1.682820477645959878e+00
-1.082382055539960891e-01 4.665840128298236245e+00 1.461503278710386322e+00
3.252103510866447778e+00 3.188472446916784886e+00 1.682753846119927177e+00
4.821412598883196843e+00 3.188207533826528550e+00 3.252339689157410785e+00
4.823353912070511562e+00 6.330304640732079768e+00 4.828618692927222789e+00
1.073984478541203935e-01 4.529458165034450784e-02 1.097245847093170357e-01
1.462357857004269679e+00 3.095471061125276258e+00 6.172685958325247135e+00
4.821226938384890914e+00 1.616562842022160496e+00 1.104224212222332108e-01
4.601619212857427144e+00 6.235916055600847940e+00 4.599764920390712497e+00
1.084477448626068319e-01 4.622793588504781059e-02 1.681237457380617251e+00
1.462833592009552985e+00 4.666469792188651766e+00 3.032301614687707314e+00
4.604990051121709449e+00 -4.645314957490803004e-02 4.602491581490564698e+00
3.251647219817112688e+00 4.759511300333949535e+00 1.120051904141681626e-01
4.821545385735782396e+00 3.188207081350792560e+00 1.114028000411256825e-01
6.173823799242835086e+00 6.236956226760603350e+00 3.030728133031038052e+00
3.250057074132094659e+00 3.187994210204103673e+00 1.681272142733198915e+00
3.250790605312997350e+00 4.758880743898173726e+00 4.822986957321867330e+00
6.174080363836503160e+00 3.094800480208506510e+00 3.030492543350107759e+00
1.090515194438588659e-01 1.617741062062062696e+00 4.823130261270697439e+00
1.461679401395648448e+00 4.666081529046938847e+00 6.172258998673561869e+00
3.249997462992531005e+00 3.187840301881680549e+00 4.823101716793955163e+00
1.679324576743528974e+00 4.758668902044659532e+00 3.251901835326734602e+00
3.250759460569534021e+00 1.617763674201052826e+00 4.823805813695384082e+00
3.033358087824018945e+00 4.666034059318834082e+00 4.601710991185109734e+00
6.175167546877628588e+00 3.095426250090702158e+00 3.031684747882082309e+00
9.310598437216585310e+00 3.094287612376176000e+00 1.455282624577492134e+00
3.033796282685143897e+00 -4.420229610642241458e-02 4.603689445819296289e+00
-1.110334099039643474e-01 6.235482248449220499e+00 6.170472518743958190e+00
1.086108016953139105e-01 4.759133325545866100e+00 4.823479659649790641e+00
1.092588944056528122e-01 3.188556829235087431e+00 3.252350742373666392e+00
4.821150106402757984e+00 1.618043866205865822e+00 1.112054621728364584e-01
4.820246833610068116e+00 1.616724592731322074e+00 6.393225437024877778e+00
4.603123179096528794e+00 6.236565591313223855e+00 3.029290400267026229e+00
1.677453728165444913e+00 3.186369344491684075e+00 1.678383349306819650e+00
3.031886497445582584e+00 6.235983740345869997e+00 3.029616714837272351e+00
3.250722849423488992e+00 4.758683352278895384e+00 3.252551194418325409e+00
-1.679519588294011712e+00 4.666164229880892300e+00 1.459942571707852244e+00
6.173482675130419040e+00 4.665736123666787805e+00 4.600642020131800791e+00
6.173953832645061368e+00 1.524589007455785739e+00 1.460135908478763289e+00
4.602863712611086733e+00 -4.631172099391080155e-02 4.600898453982757985e+00
1.679433308702870331e+00 1.616724918370571862e+00 3.252458430201804251e+00
3.033267649527350951e+00 4.666041501952086890e+00 6.172035798142304408e+00
3.249784522646754770e+00 4.655923181629932628e-02 4.822755677365131888e+00
4.822024171626733136e+00 6.329758399164894911e+00 1.133500602575946703e-01
4.820161248541818821e+00 6.329232428210911365e+00 4.822782989821512878e+00
4.823176706199022057e+00 4.741511397401251132e-02 1.683288828652083957e+00
1.460900985068782409e+00 6.235267775257507417e+00 4.600104483712097014e+00
1.459815442760842519e+00 4.665657052095730783e+00 1.458593259064705938e+00
1.677709825891017470e+00 1.616599822675467868e+00 1.677932849738152710e+00
4.603398914934374808e+00 1.524423030402271673e+00 3.029440422694245072e+00
3.032244005880885052e+00 3.095851652837994461e+00 4.600363717217138770e+00
1.073157746274591012e-01 1.616918047603211450e+00 1.090010415264856813e-01
4.602540461220846701e+00 1.523984010348577556e+00 4.600441610850682927e+00
1.461541498417251450e+00 6.236333383795303220e+00 6.171823055638578026e+00
6.392368930688846262e+00 3.188098096515330937e+00 3.252955380289201059e+00
3.032689602884961033e+00 6.236561405949989201e+00 3.031439807644417783e+00
4.819892092591501864e+00 3.187746844293632975e+00 4.823101843313905235e+00
1.460860816424369046e+00 1.524070652500826961e+00 6.171839647711943044e+00
1.679787004097887948e+00 1.616906169041512742e+00 1.681639665183859211e+00
4.603105547515529139e+00 6.236630897343914626e+00 1.460662261076614232e+00
4.821839628577200720e+00 1.617611082821182045e+00 3.252415815481849659e+00
6.174538386083217922e+00 1.525241801912771811e+00 6.173211376572309561e+00
6.391848681436395729e+00 1.616745715027250174e+00 4.823144966132222322e+00
6.392082736655797959e+00 4.646340461637722685e-02 4.823304204219402536e+00
1.462548452205727934e+00 3.095208062992860221e+00 4.601814501631527499e+00
3.250049044837006296e+00 1.617172001415829286e+00 1.681872372781735736e+00
6.390971919847094007e+00 4.758913622855597048e+00 4.822688289297299313e+00
3.251145669930742610e+00 4.617496103921360506e-02 1.114597567264597050e-01
1.461341377206186953e+00 6.236512937604754114e+00 4.601149403631271007e+00
1.679281487190802835e+00 1.617079219346260865e+00 1.105337498513906669e-01
3.032466937461804068e+00 4.664904929747114792e+00 1.460291397060939467e+00
1.463516088933679571e+00 1.524266335823981855e+00 -1.095584795684632767e-01
6.393288126706066166e+00 3.188420163073333757e+00 4.825079918610778229e+00
4.603792445396923227e+00 3.095570280795182594e+00 3.031673429518962681e+00
1.462120996456019117e+00 4.665719156846672711e+00 3.030744205541977987e+00
3.032747421284172962e+00 4.666621498998196671e+00 6.172819597829207972e+00
6.173029518690078099e+00 1.523446079741715087e+00 4.600860114068678008e+00
3.031121982558191874e+00 4.665511433802381980e+00 3.029059180072056545e+00
1.088550113815642123e-01 6.329934752594153835e+00 4.822748228378221924e+00
3.031664033908791467e+00 3.094883550496241309e+00 1.459296906921539350e+00
1.679844036248314243e+00 3.188338159406406191e+00 6.393919856860267537e+00
1.111373418408407032e-01 3.188989756074803061e+00 1.684431883167146760e+00
-1.096108694344718748e-01 1.524518682872001873e+00 -1.114116224158719359e-01
6.174837394659638434e+00 -4.732169842134201915e-02 6.172689292891143431e+00
3.032095324122581648e+00 3.095211207815020682e+00 -1.106570856984382956e-01
6.173061952148601428e+00 3.094348187988885446e+00 6.170613593833325083e+00
1.678514245507066294e+00 3.188084289099715196e+00 3.252087140660440578e+00
6.174746968264900104e+00 4.665916902564869240e+00 4.602041660284290181e+00
4.601962905677145166e+00 -4.584195598219095030e-02 3.030800707047130782e+00
3.033186821359866947e+00 4.665488382595358807e+00 6.171964259092249883e+00
3.034166750344369667e+00 4.666632784649412002e+00 6.174212922767937428e+00
1.461179944212817050e+00 1.523759211812968362e+00 3.029376449927244863e+00
4.821655115171299855e+00 6.329785928023405894e+00 1.683302470487475277e+00
6.175172504421373887e+00 3.095771462012048225e+00 4.601993318703277325e+00
3.032546000519487084e+00 6.236273683346174046e+00 6.171309411804885237e+00
4.819969697632885186e+00 4.758325266153454081e+00 3.251396675114002210e+00
4.604588185537774159e+00 1.523916686270923693e+00 6.172079802809924409e+00
3.249392932624076913e+00 1.617695022360664536e+00 4.822317167831502438e+00
1.681294405947412640e+00 3.188350324175980965e+00 3.252934408497499152e+00
1.679317687458907971e+00 4.758531752789612490e+00 4.823309047324511489e+00
4.821099373440699942e+00 4.758179860803891437e+00 3.252791654558310874e+00
6.390260539423020525e+00 3.187978248257665292e+00 3.251030948776292284e+00
4.822363932382569551e+00 1.617986565245661978e+00 4.825080053288171911e+00
3.031796178689166510e+00 4.665876487043353116e+00 3.030391330037160547e+00
1.462862905428473637e+00 4.666389231000263926e+00 1.460910629209503320e+00
3.251156812372728133e+00 4.758662860222474755e+00 3.253147015915835993e+00
6.391715163333493877e+00 1.616923495111045606e+00 3.252464856523304970e+00
4.605039342678105108e+00 1.524417678491277073e+00 6.172929430590558653e+00
4.602317769626210087e+00 4.664911098757800190e+00 1.457956987293792750e+00
4.821290274194021563e+00 1.617078253177271385e+00 3.253885600827714164e+00
1.679630459912412110e+00 4.759803385116640584e+00 3.252047664982199660e+00
1.094464002396265262e-01 4.697513926531881462e-02 1.117590363286467825e-01
3.249621668539441011e+00 3.187609450613982265e+00 1.106272808455396606e-01
3.250274069194243776e+00 6.329601972867574311e+00 1.682708534782824561e+00
3.033005969745726560e+00 3.095564937868930944e+00 1.459912817735862678e+00
4.603060764067180344e+00 4.665941614170312057e+00 -1.117808891891050871e-01
3.251623329674711016e+00 3.189811494289929605e+00 1.682672224627869806e+00
1.681570555539269929e+00 4.666804613547985425e-02 4.824644689912904738e+00
1.461255840844700060e+00 -4.637478991146277291e-02 6.171543637217679290e+00
1.461226310449692756e+00 6.236905759006181604e+00 6.170921686998660505e+00
6.173043668173369802e+00 6.235832733684431695e+00 1.458578480840736269e+00
1.460578639985693039e+00 1.523552878492441698e+00 3.029801011748857853e+00
4.603184115268912358e+00 3.094888782316860265e+00 4.601486602370785661e+00
6.174565686586459101e+00 -4.659639544724321347e-02 3.032291138741538550e+00
6.175471216495727056e+00 1.525160656807927673e+00 4.602401177107457109e+00
1.678341552661824831e+00 3.187444584198804165e+00 3.252013311514692084e+00
4.821428548144459647e+00 4.758998122205529313e+00 3.252942232229361075e+00
3.032961088859669196e+00 4.666150841291966778e+00 1.460462531394143726e+00
4.603358424983056807e+00 1.524500370469138222e+00 6.171991238830451643e+00
3.251463825101059690e+00 4.758828856190254974e+00 1.682225951347849247e+00
6.174027255318891072e+00 3.095362665759850529e+00 4.601107254987319095e+00
3.033705696124820772e+00 4.665551948180326036e+00 4.601654244708347719e+00
3.251942922156923377e+00 1.617410778022428497e+00 4.823840898074974071e+00
4.822232225449194054e+00 1.616972605456207912e+00 3.253032081631301864e+00
4.820926634113719800e+00 4.758472789772675959e+00 4.822823947776519127e+00
6.173062258758261756e+00 4.664618847334971008e+00 6.170638014096342161e+00
3.032439271920302826e+00 4.665515236443571467e+00 -1.119977279530973702e-01
1.680634656201206223e+00 1.616549209178065327e+00 1.681451506270839058e+00
3.250731888570204120e+00 6.329527521467957385e+00 4.823788101260293892e+00
1.681631569256974768e+00 3.190544807057936527e+00 3.255942162229563674e+00
1.463044468975695178e+00 6.236957105728214934e+00 3.032615760358375656e+00
4.603781752414813688e+00 3.094924640172014296e+00 3.031005396504870220e+00
1.679121917392971897e+00 3.187907952583298954e+00 1.680089142137811242e+00
4.602952719629301193e+00 4.665770802132896300e+00 1.459613465754356909e+00
3.252569969941681016e+00 4.685762294887908797e-02 1.132329462929130420e-01
4.603475422172470743e+00 3.095296794107202487e+00 4.601895794802527639e+00
1.087687377680848083e-01 4.638452762822487668e-02 3.252189196030351503e+00
4.821064364492150922e+00 3.188070673532625854e+00 4.822930925827228599e+00
1.462835311440308539e+00 4.666473160167054601e+00 6.173494107882175896e+00
6.174325028118579972e+00 -4.646680133487984116e-02 6.171813471960311936e+00
4.602606626310589810e+00 3.094626571775649815e+00 -1.117685343421941507e-01
3.032597179096759188e+00 3.095886145989569016e+00 3.029818592016207734e+00
4.604001165885993174e+00 4.666324391547608030e+00 1.459018000514635593e+00
1.090849002073761287e-01 1.617724534320169605e+00 3.252613561293082434e+00
3.251621303837303412e+00 1.617564733447893532e+00 1.115359978453656226e-01
1.463021797436504734e+00 4.666019922141290799e+00 6.173424592802293276e+00
4.603412270243911308e+00 6.237377243074221589e+00 4.601766145643135353e+00
4.598032981131283670e+00 4.664542019516289884e+00 4.596761405302331127e+00
1.680935940392809691e+00 3.187976681506563104e+00 1.683605038785197960e+00
1.103909129588440396e-01 1.617641773175302555e+00 4.824408709892514580e+00
4.821094653668352770e+00 4.758246159067712533e+00 1.681847111835929942e+00
1.680190085753014761e+00 1.616634454706506796e+00 4.823943382981997097e+00
-1.081233302091686999e-01 3.095598948988014687e+00 6.173138155438159913e+00
4.822549236023852437e+00 3.188246620507815710e+00 4.824860556884198459e+00
4.821867982571574451e+00 1.617051600043887927e+00 3.254222693296533464e+00
3.251345995559555835e+00 1.617519510025290819e+00 1.682579305088496069e+00
3.032678086012532859e+00 1.523115612501346083e+00 3.030548305136252285e+00
4.821498073346017321e+00 6.329926189715441964e+00 4.823926832840401246e+00
3.251646735046875847e+00 4.623563419685127601e-02 4.823726486288593129e+00
1.086972889977620704e-01 1.617431796613760575e+00 3.252334726761216821e+00
3.250156781079294177e+00 4.638068255074588586e-02 1.681508224118135164e+00
1.681556004646230118e+00 1.617929165857827201e+00 1.129528371023611338e-01
1.084883728257526325e-01 4.758440141044289362e+00 3.251204771864765419e+00
3.033316312276119753e+00 1.524493650570085235e+00 3.032160783686314698e+00
3.031454567259420863e+00 -4.620597369740833682e-02 6.171857407395887840e+00
3.032951554292249607e+00 4.666173973439682321e+00 6.172677737265994224e+00
1.679159274386314626e+00 3.187460073979256236e+00 4.823016241738055321e+00
1.679182032447365636e+00 3.188049658135083675e+00 4.822959081263414660e+00
3.031442494993060510e+00 -4.596897125311723287e-02 4.601577142045584878e+00
6.173775537881253328e+00 1.524497826558131264e+00 4.600117490243722074e+00
6.175627359128353255e+00 3.095603899648580182e+00 3.032311264783524862e+00
1.679157034691055372e+00 4.758331268848143836e+00 3.251530190675006704e+00
3.250537819867585831e+00 4.758796503911830733e+00 3.253061097531086077e+00
1.103600092086126500e-01 4.759028843594903968e+00 1.682872425394619897e+00
1.101917987648778352e-01 3.188671561215456141e+00 3.252467908752123105e+00
3.255517752564231149e+00 4.761777330172467515e+00 4.829110518937876684e+00
1.088737755951255520e-01 4.758764527877615613e+00 6.393607056857719684e+00
4.821185721789150946e+00 1.617342726588864688e+00 6.394962049911000257e+00
3.031567828216719551e+00 4.665526356268266284e+00 1.459059206623925409e+00
1.073576098632803844e-01 4.757837701949543252e+00 1.087969130298095111e-01
3.036909086320537909e+00 4.667163502863886038e+00 4.606246367731304581e+00
3.250222688170502749e+00 3.187678421555657948e+00 3.251724338393276792e+00
4.603157908178240554e+00 6.237376701235707088e+00 -1.114560848426777578e-01
4.600862040317776014e+00 3.094191219825584316e+00 1.457569185815544399e+00
4.821737079196260822e+00 4.758858595445639494e+00 3.252394270606436599e+00
3.032590055829439191e+00 4.665819001381253273e+00 1.459931376443226902e+00
3.031097952775592130e+00 4.665122756082422661e+00 1.457984178988577684e+00
1.678948241658252627e+00 3.188263622556957166e+00 1.100910772663941106e-01
4.820338916377196803e+00 4.577401830975269537e-02 4.822757904688146802e+00
6.390458104368735626e+00 4.615303271789900769e-02 1.680542777246627928e+00
1.073095933981146333e-01 6.329292629649305724e+00 4.822148019707296562e+00
4.821564835864243115e+00 4.758911718006649139e+00 4.822765813308197203e+00
3.251173376177382224e+00 3.190039044675772928e+00 3.254077331660120809e+00
1.679985752567866975e+00 3.187976829967882786e+00 1.681894355858222667e+00
6.173084324271678192e+00 3.094642813264169678e+00 1.458409386859267132e+00
1.460284303614768575e+00 1.523641237348946742e+00 3.029019647979358076e+00
1.681506963547945155e+00 4.759520709180456777e+00 1.120707571117652984e-01
4.821295968659788045e+00 4.759495624021431226e+00 1.109381863749371033e-01
6.173259383634028374e+00 6.236168376717332151e+00 6.171601759668484455e+00
4.815954113071798659e+00 4.501047999151395335e-02 4.817686539741214524e+00
1.460054647598469701e+00 4.666068548480613032e+00 1.458771537057646839e+00
1.092751961657686816e-01 3.187969786911136527e+00 1.683210321733862314e+00
1.459986924527168606e+00 4.664748674777205117e+00 3.028718291275027230e+00
1.088980644297305594e-01 1.616784987066146595e+00 1.683021114646082284e+00
3.029278225023840143e+00 1.524009802261652613e+00 4.598244854733957609e+00
1.077174573020834303e-01 4.759177513578660701e+00 3.252075807155144993e+00
1.462283024581588098e+00 3.095340145849156066e+00 3.030648498899623178e+00
4.820997869510154743e+00 4.758948208747268538e+00 4.822907175447732619e+00
6.174330853685471077e+00 4.665277892964044604e+00 1.459999683216022914e+00
1.461381351489781544e+00 1.523664365966685086e+00 4.601029802581350303e+00
6.172943142652420612e+00 1.524376659385017208e+00 -1.114467765367861962e-01
3.251398296478356542e+00 4.656113842637674138e-02 1.682622615731041105e+00
6.174285688030671793e+00 1.525086514099325719e+00 1.459690882421204483e+00
6.173424810142982722e+00 6.236359573122112643e+00 6.172052393488821842e+00
1.680064439311930391e+00 1.617527854019403133e+00 6.394899476633364444e+00
4.600663225242736409e+00 1.523646955298154415e+00 3.028924233740943439e+00
3.030045395823325549e+00 4.665327263546635628e+00 -1.132941437091139342e-01
1.462122735925358130e+00 1.524261688352243960e+00 3.029625533875083043e+00
1.460387453017352843e+00 3.093937232775552104e+00 3.029035129608473653e+00
1.083801417875278894e-01 3.187767517099902914e+00 1.107307338305213579e-01
1.093945857754947820e-01 1.617663400408245522e+00 1.682873503046123043e+00
4.822712987395360251e+00 4.759129356276353029e+00 3.252508723677284941e+00
3.247953791211025454e+00 4.553533773029341120e-02 3.249866809066173978e+00
1.462932313069704726e+00 4.666350447145322100e+00 3.031415646982619005e+00
3.250542549877210252e+00 3.188701734768530471e+00 1.115231309049447145e-01
3.249994973893984174e+00 4.758671735941075731e+00 4.822971944525882293e+00
1.678693217266410853e+00 1.616895534794081879e+00 3.250165573845547495e+00
1.103158409748342395e-01 4.712470951588048490e-02 1.682137938165411573e+00
4.823091424553353157e+00 6.329817211811501920e+00 1.683406135493005218e+00
6.391459590091467469e+00 1.617344090453705974e+00 1.681365002555609278e+00
1.680465433261849162e+00 4.759614155055548856e+00 1.121708314760381936e-01
4.602362175352742391e+00 3.095309141563016730e+00 4.600887456759283900e+00
4.602696219848657400e+00 -4.726605250002789693e-02 1.458260123882228365e+00
6.173928273283076251e+00 3.094691741930491791e+00 4.601478053789963774e+00
1.684278000317944723e+00 4.761284068754516596e+00 6.398739671094607395e+00
1.085133982591908741e-01 4.759386502978050437e+00 1.682164170181742024e+00
6.392595012416223632e+00 4.668566281934921625e-02 4.823499924909556924e+00
3.250284372834840063e+00 6.329534499262452485e+00 3.252117141872006290e+00
6.393299281775816745e+00 4.759480005096291322e+00 3.253823154156804787e+00
4.599999103212251583e+00 3.093975973272561131e+00 3.027060440500438432e+00
1.091224321147486187e-01 4.759048134117206175e+00 4.824230114899676458e+00
1.679630723536919668e+00 1.617369952631448005e+00 6.394323654727879891e+00
1.678676153634942603e+00 4.758477328585023258e+00 6.393722152537207215e+00
3.250914757861556481e+00 4.639058918981879553e-02 4.824567272837699150e+00
4.603306487747532927e+00 1.523641221324561146e+00 3.029754985219490937e+00
4.822259564943661481e+00 4.689162411144515846e-02 1.682522400983438748e+00
6.172889069208975954e+00 4.665392002544687777e+00 6.169853639273195967e+00
6.178123866301051592e+00 3.096289252668813496e+00 1.463648057348519771e+00
4.603159406403268150e+00 1.524243726865541326e+00 1.459898042027417020e+00
4.822286494073964036e+00 4.759623109231604587e+00 3.253542867860633070e+00
1.461769469040360869e+00 1.522693461621945632e+00 3.030274462629543031e+00
6.391242731794752885e+00 3.187529918062155687e+00 3.251828876492213638e+00
-1.079074596379832329e-01 3.095563140147077785e+00 6.173541174190236624e+00
3.251447246593005769e+00 6.329787540439731686e+00 1.117628230285820923e-01
6.174046251486562831e+00 4.665448481750237519e+00 6.172717716894494444e+00
4.821182462052690632e+00 6.329301218701451681e+00 3.252779433022018551e+00
3.031805014045491742e+00 1.523676999548154720e+00 6.170630326835880197e+00
6.174301597600576841e+00 1.523644230064711058e+00 1.460100766096436242e+00
4.604346860184005408e+00 3.096135469670417528e+00 3.031134960911758380e+00
4.824593476793687330e+00 7.901513760767036487e+00 6.396563326055932919e+00
4.603443479239636815e+00 3.094842576482301322e+00 4.602036231037971881e+00
3.032311311615243365e+00 4.666098103424874743e+00 4.600596935872308002e+00
4.601899941930664539e+00 6.236097173150988660e+00 4.600777964390287522e+00
1.461237099922250149e+00 -4.766562677361702721e-02 1.459174119319742946e+00
4.601463339840644373e+00 1.523231532895816809e+00 1.457005033077253486e+00
1.678865066839416942e+00 4.758249345025002519e+00 1.107378430724517138e-01
1.461266971723816921e+00 1.524546833360149289e+00 6.171018622457656200e+00
1.679948617692200941e+00 1.617799215451123152e+00 1.122527691710604042e-01
4.820599173190280418e+00 3.187523874205685281e+00 3.251056515617651854e+00
6.390951993578477541e+00 3.187530091167607882e+00 6.393995288433885982e+00
1.090947065546931383e-01 1.617444787492424707e+00 3.253843348883274089e+00
1.678893814732246526e+00 4.758613298829110327e+00 1.680821030602975830e+00
6.174639838469283326e+00 4.666070683745453529e+00 4.602152403668544167e+00
1.098288419407677241e-01 1.617244321069462032e+00 3.252951490583581240e+00
-1.099269977556760064e-01 6.235891401143251578e+00 3.028947008237823368e+00
3.250519625968385284e+00 3.188372913204938985e+00 1.682493312219593751e+00
3.249857599008831865e+00 1.617493367414924554e+00 4.822271298800919759e+00
3.033025327119434067e+00 1.524259912418963969e+00 6.172733186709177033e+00
6.175655011331774524e+00 4.666759839558161538e+00 4.602692962604982618e+00
3.251113432623528698e+00 4.759544937986752267e+00 1.118764500317024485e-01
1.063342856137989428e-01 4.758057745949389350e+00 1.679510517272482906e+00
4.600297342132333434e+00 3.093647809877425381e+00 1.456100898835373192e+00
3.249917917431996095e+00 4.684002102968237713e-02 3.250920312652202160e+00
4.822159566540491049e+00 1.617540150555111911e+00 3.253288034417408436e+00
6.174508194669087402e+00 1.523726180209579617e+00 4.602098749487723239e+00
3.250116853707319287e+00 3.188242311202102552e+00 4.821063256849484446e+00
6.175079148518993755e+00 3.095370296038102431e+00 6.173416182361480153e+00
4.604404942528336875e+00 4.666384449546324475e+00 3.031840800200733543e+00
6.392167108239626749e+00 1.617428778338413142e+00 1.109553681587254759e-01
3.030966037402958335e+00 4.665857934062123569e+00 -1.125265950003751930e-01
1.463720156502242631e+00 3.096225362170230255e+00 4.604902431015241326e+00
4.821028088187329530e+00 4.658773139759786464e-02 3.252005829169178686e+00
3.249750451926159300e+00 3.187244690812833792e+00 6.392880085569547788e+00
4.603995927836929347e+00 6.236416248946830443e+00 4.601158122388819827e+00
3.251907518048882562e+00 3.189388110700678514e+00 1.683622292761389305e+00
4.604099313911413027e+00 1.524287230302167950e+00 6.171714323293259419e+00
1.461221049748631318e+00 1.523712481743872305e+00 1.459325632981670617e+00
1.462380219352330313e+00 3.095131883308302356e+00 4.602110209116744954e+00
6.174041926078484899e+00 4.665727797953021394e+00 3.030164513153655204e+00
1.462881712814206203e+00 3.095278937005688569e+00 3.031050162090537015e+00
1.462461251164489662e+00 3.095087774474050590e+00 6.173052658664872183e+00
1.459681600906504562e+00 3.093457508779850595e+00 4.600789059534393211e+00
1.460425537543296404e+00 4.665674853806193845e+00 3.029414681207433180e+00
1.461735940051353211e+00 4.667085384657590375e+00 3.030124191005625356e+00
6.174755941773212520e+00 6.237067629623489040e+00 4.602497893273983287e+00
3.033477645546561963e+00 3.095603911099761962e+00 4.602005020535754554e+00
4.819741741694276271e+00 1.616662428533054863e+00 1.680628688912029656e+00
3.251742894007936702e+00 4.759489418241113157e+00 3.253409654093136094e+00
-1.094958212306381407e-01 -4.685442124584951462e-02 1.459677972558515613e+00
1.461855508662488035e+00 3.095481244170608992e+00 1.459572981689799986e+00
1.074849796831498089e-01 4.564502705603615262e-02 1.680806071979865646e+00
6.173703171859039607e+00 1.524539623442040748e+00 1.458181169563096402e+00
6.392945742652054619e+00 4.759003286228638885e+00 -3.029611762127208952e+00
1.461131884540830539e+00 3.094967647190416837e+00 1.458986529178410763e+00
3.033226132481299242e+00 1.524257255019618951e+00 4.601170346277831058e+00
3.250845249496309819e+00 4.758777672319050467e+00 1.681252039670915632e+00
1.090994188930120845e-01 6.330090973665345899e+00 4.823888278589481438e+00
3.032754692468794921e+00 3.095250903704529932e+00 3.031387874755182565e+00
3.033365393252857256e+00 3.095178881095897339e+00 6.172786103809227320e+00
3.251192632919336578e+00 1.618012356738825375e+00 1.116660001449081008e-01
1.070582439056073365e-01 3.188023600585646378e+00 3.252549758668758617e+00
6.174190344802537922e+00 1.523921092971034286e+00 4.601265291892787879e+00
1.680421908448483936e+00 4.759161702556362172e+00 3.254330487836694097e+00
1.680146034508867681e+00 1.617384071877961293e+00 1.130308019852985651e-01
6.173695538307057085e+00 6.237026907247339658e+00 4.601811062786444140e+00
4.820832543276584836e+00 3.187329080337828469e+00 1.681154279259999829e+00
1.678104210110307637e+00 1.616492312317757252e+00 4.821751806336580515e+00
1.091842767647964174e-01 1.617065570724254053e+00 1.683019712951753677e+00
1.680516516668747462e+00 1.616868888019308503e+00 4.824493727607905846e+00
1.679515550798421852e+00 1.617123363400260860e+00 1.680840067081765588e+00
4.820983498132469514e+00 4.758524221125931319e+00 1.681672414857991127e+00
1.091477090833827129e-01 4.758037838451261159e+00 4.823439156474630174e+00
1.679167542436597271e+00 1.617728125478143486e+00 1.100738033369604435e-01
1.461250397691119307e+00 3.094913018311327590e+00 6.172057144556495345e+00
3.032763625712865174e+00 3.095165310079355248e+00 1.461023797040081673e+00
1.678545508744466286e+00 4.621074030786487957e-02 4.822207397913286897e+00
4.821378120735784201e+00 4.758705904510335927e+00 6.393785761925501632e+00
3.032863005612512985e+00 -4.615903016533456221e-02 1.460623164362303106e+00
3.032517384805208494e+00 6.236379503498831411e+00 6.172456538510447288e+00
1.083762555765086788e-01 4.759073598996950594e+00 3.251834053175584049e+00
6.392215428494757212e+00 6.330142936788152319e+00 4.823622876932446069e+00
1.459983196514414994e+00 6.235318128486726508e+00 4.598631359353108294e+00
3.251775165495056186e+00 3.187894086925392223e+00 1.681969808515539455e+00
-1.088058243962015392e-01 6.236382071049451525e+00 -1.107066303654860445e-01
1.678073734657531846e+00 6.328981277949610629e+00 4.821507110625889325e+00
3.033983432596725649e+00 1.524660226155160281e+00 3.032021134152054653e+00
1.076435319904606863e-01 3.187639443108143400e+00 1.108505170634187798e-01
6.174938925130332379e+00 4.666045383794303447e+00 -1.106586164458960436e-01
1.679836006249482816e+00 3.187626440310015408e+00 1.104391584002604731e-01
3.033006001289147324e+00 3.094974385338276068e+00 4.601145901515629966e+00
6.174378746369733939e+00 3.095162567194701175e+00 3.030093373209916230e+00
1.460250074485120786e+00 4.665277437589681497e+00 1.457316766845737632e+00
6.173156211446122477e+00 1.523726823372652195e+00 3.029263835750609868e+00
4.605064292758735078e+00 3.095747740823344252e+00 1.460495113164161696e+00
1.101640930483312186e-01 4.759547289169535844e+00 3.254435338981885195e+00
3.031450724712224432e+00 6.236370051463646647e+00 1.458478875021095522e+00
3.250139574972074286e+00 1.617188520528914486e+00 4.822993712570355918e+00
-1.091078857057072582e-01 4.665012509273561037e+00 4.600665321777456462e+00
4.603739047670916129e+00 3.095281066110755042e+00 3.031040950591161298e+00
6.173846996143902643e+00 4.665824375599770590e+00 -1.101414030405051120e-01
1.096887357411689828e-01 1.618290767490102811e+00 4.824363428616890381e+00
4.604461451135819949e+00 4.666218725512224275e+00 4.602982144651204699e+00
3.255924235806440858e+00 1.619231517270355969e+00 3.259060266324294908e+00
4.603327527517824258e+00 3.095153717878732724e+00 3.030531555420987289e+00
3.034666940777481781e+00 -4.644922482231288174e-02 6.173501851157555009e+00
1.461382797482446039e+00 3.095386705928096394e+00 1.459547697624378415e+00
1.101414065375015128e-01 4.668724557449090845e-02 3.253351794538481112e+00
3.250925639324766525e+00 3.187987732303953159e+00 6.394222734433658850e+00
1.680015618835793978e+00 3.186820034716529637e+00 3.250836470514624210e+00
6.172718187581438087e+00 4.665398989231936966e+00 6.171892891719435781e+00
4.600355086785856251e+00 3.094376094070905747e+00 3.028266225133543710e+00
1.088282898517606012e-01 4.627225995151808269e-02 3.252470277629611495e+00
6.176555526015369502e+00 -4.681106538097983688e-02 3.032901041328845082e+00
3.031288301890306958e+00 1.523975124223313493e+00 3.029664887085053770e+00
4.603819525235439691e+00 1.524607173622508860e+00 1.460804602912552763e+00
-1.090252414311921603e-01 1.523946888192374782e+00 3.031092714486351980e+00
1.088507000698666627e-01 3.188272246276802946e+00 3.251987230623377467e+00
3.032464216113599953e+00 3.095272154119105501e+00 1.459144923838600283e+00
-1.090764352810987964e-01 3.095470382096079831e+00 4.601545620014372950e+00
1.100428449036741640e-01 4.657913138481022813e-02 3.253705459649654852e+00
7.744474916319859403e+00 1.524491321404086053e+00 4.600852406024632302e+00
1.679320601363044174e+00 3.188354059693538023e+00 1.108228781498540871e-01
4.822028194402534496e+00 1.617508002028020142e+00 4.825737279532568813e+00
3.032428974626777407e+00 -4.580929820388526807e-02 4.602267855870791458e+00
3.248336591648907312e+00 4.757917079163472174e+00 4.821941495571625325e+00
1.463150395810541182e+00 3.094908313966713731e+00 1.461121060039796804e+00
1.680828357834461828e+00 6.330276203393454537e+00 1.111823472846975858e-01
3.033472142235872582e+00 4.666139008646027264e+00 3.031064674308469709e+00
3.032438732804454862e+00 1.524899880179948042e+00 3.031179505456684797e+00
1.679435643254156618e+00 4.758467907497345273e+00 3.252431753274135584e+00
4.821553654159502322e+00 1.616825555451425700e+00 1.111205890280397013e-01
4.821000055052451216e+00 4.758391586014837138e+00 6.393054685200126208e+00
6.393784627002517595e+00 1.616756209397740562e+00 3.253455654419951326e+00
6.393489565572451738e+00 4.687992781803873577e-02 4.825614561967639382e+00
3.033434838793198196e+00 3.095442514818299351e+00 4.601051310505353875e+00
1.680414067248544141e+00 1.617772834254152414e+00 4.823696583760377798e+00
3.251237332388354329e+00 4.686812411325793487e-02 1.683148180845715380e+00
1.075454539595435272e-01 6.329278111527689710e+00 1.103564905886941783e-01
1.080875394561321007e-01 4.758610281357311678e+00 1.095807520956149500e-01
1.678987787642802321e+00 1.616619877847179421e+00 1.681296290796069126e+00
1.679375200204796137e+00 4.759660778769879919e+00 4.823257341342535476e+00
1.461650007526777983e+00 1.524545473836678600e+00 4.601052155587422199e+00
1.459597245794211684e+00 4.663929369011771797e+00 3.028702044033461327e+00
1.462628870326158959e+00 3.095429226097502706e+00 -1.112962892575112550e-01
4.601777810072643859e+00 6.236053436923196358e+00 4.599697808945130362e+00
1.461422201078651728e+00 1.523846699258362358e+00 4.601216650893001692e+00
1.091072348778187318e-01 6.329635355165865285e+00 3.252991394363184074e+00
4.602893750718609844e+00 3.094539557279885056e+00 3.030409598005375571e+00
4.602926448337780307e+00 1.523246580197747724e+00 1.459600372116540923e+00
3.032759869345591941e+00 4.665496372600684616e+00 4.601178905380062467e+00
3.033090761244810807e+00 6.237088561813305176e+00 4.603125196563184751e+00
3.248181328764178311e+00 6.327824056639512307e+00 1.679542837860605875e+00
4.822967145647811371e+00 1.617946920550422885e+00 1.683040043919568740e+00
3.031245830506130279e+00 3.094771448449066931e+00 6.171356815279747110e+00
4.605958362843943554e+00 6.237952299774457643e+00 -1.087047564003692651e-01
3.032336150127142638e+00 6.236378120111598200e+00 1.459049529118190858e+00
1.069116158326552796e-01 3.187264978192698717e+00 1.680533927410066131e+00
1.680882677497462785e+00 3.188874613952986881e+00 1.681822901642274992e+00
4.603136206753638326e+00 1.524837939450181201e+00 4.601540333360786050e+00
1.462795856322017363e+00 6.236158770627242554e+00 1.459679348001431842e+00
3.249351492308250933e+00 3.187154439791672456e+00 1.101788164244200396e-01
1.681065198124256144e+00 6.329781054138400087e+00 1.682946837390183248e+00
1.679793561359114396e+00 4.758903649237410605e+00 4.823376184524973631e+00
1.678310901355974050e+00 4.757934364949951700e+00 3.252839776366643676e+00
3.032792216592140822e+00 3.095434727395125929e+00 4.602303693429795395e+00
6.173919004280859824e+00 3.095199575197335573e+00 1.460125892633374445e+00
3.032616380240751752e+00 6.236345398776353299e+00 3.030506709852632596e+00
1.680959723738675748e+00 3.188880218706335867e+00 4.824902533677647654e+00
4.602473396676907136e+00 1.523928972999238018e+00 4.599902378451951712e+00
3.250641732677847173e+00 4.624338024955396836e-02 1.682097893672530819e+00
1.461489500957179777e+00 6.236515623881147441e+00 -1.119117328793876459e-01
6.172623782954627103e+00 4.666108041890384861e+00 1.458774656985084128e+00
4.821411173441801701e+00 4.758293074335502582e-02 6.394570235452158968e+00
1.682872326275536512e+00 3.188917473649565348e+00 1.684923401246292807e+00
4.820549649711665552e+00 4.758715178589576489e+00 3.251613360215428461e+00
4.822395123032966247e+00 4.758613363986884615e+00 3.252462675174909279e+00
1.462935089135035005e+00 1.524778406311126489e+00 1.461265001454430834e+00
3.032045091613367216e+00 4.665751253553158229e+00 4.601340274920053375e+00
1.461788976491688263e+00 6.236801965239978429e+00 3.030613841395839447e+00
6.172313109950844812e+00 6.236144512237088655e+00 6.169544055412693240e+00
1.101450183974926750e-01 4.660886269665721893e-02 4.824496248598650894e+00
1.679425637922609793e+00 1.617761884217121970e+00 3.252438014688211698e+00
4.821672215353352442e+00 4.758951747135599319e+00 1.112614473359740258e-01
1.106553264840189066e-01 3.187409859207840590e+00 6.394616998326835500e+00
3.030503215000803774e+00 4.664581681925197287e+00 1.456387263634157270e+00
3.032380757728921683e+00 1.523372340870020381e+00 3.029194706150677430e+00
3.034269660932175761e+00 6.237626495716237507e+00 3.032464472831463365e+00
4.602486460726341377e+00 3.095558543154657283e+00 1.458471402140590678e+00
1.461323081388018696e+00 4.665511566501473695e+00 3.030615269175640059e+00
3.029813745064891872e+00 1.523462139047074615e+00 3.028313290800257462e+00
4.602497816180514789e+00 1.523916633867120396e+00 4.600364336597873915e+00
4.603749070000760391e+00 4.665426710484623207e+00 3.031003480793148963e+00
6.172539171350531539e+00 3.094321913755913478e+00 1.458917236123421501e+00
4.602888014959666485e+00 3.093598044682489778e+00 6.170745375562341373e+00
4.821303027583255130e+00 3.187806339755561158e+00 1.113296348731216134e-01
3.243409837447856159e+00 4.756907814043898064e+00 3.247815186235565754e+00
3.033387746045164146e+00 4.666645981431921442e+00 1.460619723323496766e+00
4.821929554911663196e+00 4.719176349006439647e-02 1.682408728016059341e+00
4.822931207544662868e+00 1.618609334161299929e+00 1.117883090790686984e-01
3.031337376242083437e+00 4.665691186787546130e+00 4.601310541900766715e+00
1.106186041401043818e-01 4.759528229299774260e+00 1.683754933287712419e+00
1.109642074896056568e-01 3.187375394933870787e+00 4.823539755427211695e+00
3.250452171468094065e+00 6.329739897046746222e+00 1.681464454466810921e+00
3.032624101886013168e+00 3.096082568152847880e+00 6.171627501987760667e+00
1.094860515924503258e-01 4.759437427181359759e+00 1.684066337296709071e+00
4.602350842079864002e+00 4.665258775469713903e+00 6.169449245300019591e+00
1.101380533226381242e-01 4.759283907129482571e+00 3.253440561603080816e+00
3.034071680366717594e+00 1.524076941310434696e+00 1.459619255792285353e+00
6.174613060911393170e+00 3.094724077916570781e+00 3.030013262025632592e+00
3.247598140418443080e+00 4.759163790356457646e+00 4.818981487773239536e+00
-1.093150360623738465e-01 6.236509163705659553e+00 -1.112378198623941578e-01
6.171559853793528561e+00 1.526042965278724184e+00 4.598620389931693531e+00
6.173749080226580865e+00 1.524590287534608901e+00 6.171045522304678954e+00
3.248716118997603708e+00 4.758402037190558431e+00 3.250746531806425477e+00
6.174012072168142851e+00 1.523966399444190323e+00 6.171406035103480292e+00
1.679257266576753338e+00 1.616785521842243334e+00 4.823446578146761254e+00
3.249383666334166421e+00 6.329235472814650265e+00 3.251173264350696979e+00
3.032764426929430712e+00 3.094516166850209249e+00 1.460146667687871380e+00
4.824723672801708219e+00 4.759360852284260091e+00 4.827194205687492357e+00
1.680345503065082902e+00 3.188779756448780756e+00 1.118243882894768143e-01
3.032074191555758524e+00 3.095518762924967415e+00 3.031066174703391347e+00
4.604410752510736948e+00 1.523930298534301064e+00 -1.104722097015003318e-01
4.823455821623903184e+00 4.709055773772852227e-02 3.255109886381671203e+00
1.081063792703152865e-01 4.759333907007269993e+00 4.824446529976498255e+00
6.175327212672698352e+00 1.524678348642318326e+00 4.603489292094518959e+00
3.032708080977839948e+00 1.524427163069895119e+00 6.172283146919752106e+00
3.249169604003760536e+00 3.187408427434041958e+00 3.251227499086052131e+00
3.249393477154256971e+00 3.187574683327238922e+00 6.391519471942790354e+00
3.031803344830871438e+00 3.095205464633050685e+00 1.458540381708386402e+00
1.462546086607151796e+00 1.524416669259922363e+00 3.030220951877713897e+00
6.173790455578019198e+00 1.524497469202608313e+00 4.600541134558340239e+00
7.963808420991119519e+00 1.617663171822904644e+00 1.682653287868420389e+00
6.171438288193707322e+00 3.094581843457548942e+00 3.029109615026412072e+00
1.098057901066031988e-01 1.618312333417460280e+00 1.683043191145645157e+00
3.031268632926684692e+00 3.094625782050579588e+00 1.457243930814160260e+00
3.033897285456457649e+00 4.666043680307211616e+00 6.173164309799001437e+00
4.820802292547928580e+00 3.188167490974555207e+00 4.822957277929857511e+00
4.821557636307419514e+00 3.187418863702629945e+00 4.822527033311101441e+00
4.606208463634510863e+00 6.237666937018474300e+00 3.033022576743121146e+00
3.251711737217995335e+00 4.684136041307431636e-02 4.825008047815866341e+00
3.031907347994484692e+00 3.094593360690422568e+00 6.171211849653273518e+00
-1.088091418154286949e-01 3.095354761662553855e+00 4.602062600907320444e+00
1.461335980158230852e+00 1.524457559911239324e+00 3.031023910831980750e+00
4.820926409952405400e+00 4.758570127552541607e+00 1.682246412776256639e+00
1.678654083509065975e+00 4.758923491326822131e+00 1.680463078415428413e+00
1.461984621446048571e+00 6.236325812867259621e+00 1.459917960413341431e+00
1.463844077875383398e+00 4.666487602087035391e+00 3.033541251705261121e+00
3.250120662928421389e+00 4.759012830343110956e+00 4.822677290002443051e+00
4.822628847987045830e+00 4.759103628848071921e+00 6.397001517694000050e+00
3.032293232085986556e+00 1.524076982849108530e+00 1.458821937678201452e+00
6.173995766980371336e+00 4.665879932218790493e+00 4.601007576904294183e+00
1.074860523961074232e-01 3.187833999445550681e+00 1.100653219602999583e-01
1.680330782754883678e+00 3.187694167841320425e+00 6.395247053154284878e+00
3.251079183701321540e+00 6.330574696336265461e+00 1.682074309209702800e+00
1.461620104139160992e+00 6.237208259736606308e+00 1.459579082824321139e+00
4.604001705554463086e+00 3.095043794487485123e+00 -1.102042846018827377e-01
1.100860667414917393e-01 4.758589084779320189e+00 1.682560397764311766e+00
1.121302401386847086e-01 1.617778796566825772e+00 6.395574478441254485e+00
1.096434753949105251e-01 4.643241314541542153e-02 1.682746831187789782e+00
4.821224478642742284e+00 1.617617185935530610e+00 1.113918541987835437e-01
3.251885458561857067e+00 1.618237543641704468e+00 1.682213341882540014e+00
6.173403065922148159e+00 1.523657639671462061e+00 3.030409748474470977e+00
3.034070164646653911e+00 4.665972551514276034e+00 -1.095012802546064395e-01
3.031602513963270962e+00 -4.621694914958373451e-02 3.029620491065617038e+00
1.460709748978228362e+00 3.093996516023663546e+00 4.599641686682855557e+00
6.173284812403754707e+00 3.094768780474801861e+00 6.171207473349043404e+00
6.392221477546855546e+00 4.759159552390413772e+00 1.681902313070030797e+00
4.603421864167787092e+00 1.524139538945889605e+00 4.601685750322269008e+00
4.602824714442345311e+00 1.523902652926841350e+00 4.600053934897218255e+00
-1.090512955177904836e-01 3.094751559358988935e+00 4.601436285888455657e+00
4.601831562648613705e+00 3.093572298030880408e+00 1.456700525615703068e+00
1.089495653046301665e-01 1.617457864373698317e+00 4.823531298621255736e+00
3.037849559752370254e+00 4.667537326108148754e+00 6.176130330451091055e+00
1.461397946929405611e+00 1.522521617306941799e+00 6.172515171389841626e+00
4.824074378316248968e+00 4.759863705214266716e+00 1.684082434999957911e+00
1.102709399807135504e-01 3.188306730375300102e+00 1.684365284360235471e+00
1.092570284406840092e-01 3.188665349576952579e+00 3.253385815188853947e+00
1.461746760985475291e+00 3.095025961042367157e+00 -1.114068162200096690e-01
4.603258518703759350e+00 1.523985199980584682e+00 6.171383767262800468e+00
3.032121938856734200e+00 3.094328765885088650e+00 6.171243007011227633e+00
4.604718538791060745e+00 1.525785499177175319e+00 -1.084550716535064435e-01
4.821227294671281527e+00 4.758657723217899260e+00 1.680968593630125074e+00
6.390450941810889240e+00 6.329347233657305338e+00 1.096609891834785105e-01
1.462286216067083311e+00 4.665785499185540530e+00 3.030613865772580073e+00
1.679423889304792139e+00 4.684935176226275033e-02 6.394362506309589911e+00
3.032981875584928044e+00 4.666217768413811307e+00 3.031551563552830508e+00
4.604095774406573582e+00 3.095517370764046206e+00 6.172972639153284646e+00
1.093017645829989920e-01 1.617336790464543039e+00 1.682318361323771772e+00
1.092194013932391849e-01 3.188611604132161048e+00 1.682316410552691766e+00
4.821798233127863931e+00 1.617382383864658824e+00 3.251417397039808588e+00
1.462054217773194331e+00 4.666280824823241247e+00 4.601676889823489880e+00
6.391532356889775279e+00 4.758612845320454809e+00 1.681863328267657831e+00
3.032317380730189527e+00 -4.689739803980828153e-02 1.460075422992713978e+00
1.679243611945070436e+00 4.758807176728957700e+00 3.251872138479573682e+00
-1.078742589025985937e-01 1.523946005942104387e+00 4.602224612113690938e+00
1.085335881980423467e-01 3.187693585099192539e+00 1.111770293433329421e-01
1.068891591385228712e-01 1.616426416505063912e+00 1.679206736425134183e+00
1.460888005612304585e+00 -4.628574376633258491e-02 4.599549149533901371e+00
6.173710041081782229e+00 3.093892447593470152e+00 1.458293070968075700e+00
1.090513460163580473e-01 4.644521589982240212e-02 4.824233105315870240e+00
6.175299386082082620e+00 1.524221545910217079e+00 -1.115309749175219800e-01
1.094170677898917976e-01 1.617503967579894342e+00 3.253855016992833527e+00
4.603819418919089301e+00 1.524151669182201241e+00 3.030981006690459889e+00
1.462119564434442687e+00 1.523471306284065685e+00 1.458745987001212940e+00
