4.811567617473182956e+00 4.754916523924316962e+00 1.672139343018876900e+00
4.612111001207993333e+00 3.099577138659694864e+00 6.181518231905567262e+00
3.042766852571229474e+00 4.670485913184567295e+00 1.471033340560667035e+00
9.952953971209309303e-02 3.184477687488699083e+00 3.242427858170617849e+00
-9.831170011757857374e-02 -4.129623095705326624e-02 1.470355297428330044e+00
6.182935376076573952e+00 4.668999738793704779e+00 3.039684527963440352e+00
4.811393819600647603e+00 1.613532173802092462e+00 1.671832939069423096e+00
6.184637057979945673e+00 4.670601964933683625e+00 4.612194415564499828e+00
4.613188163386838347e+00 1.528905825244315064e+00 4.611990822358641218e+00
4.611968868222334983e+00 1.527997763140398257e+00 3.040224659222000358e+00
4.612237527928933822e+00 3.098670027164160956e+00 -9.996673300845969334e-02
4.811187944400828087e+00 3.183514916365985048e+00 1.005479490542241644e-01
1.473034023683744476e+00 6.241827219775890612e+00 3.042512510645266843e+00
9.904644789067336419e-02 1.612910644662635118e+00 1.000717513665503183e-01
4.811896861670216019e+00 6.325491740943716579e+00 1.672541628831693439e+00
3.043378413074134148e+00 1.529154820440013607e+00 -1.002473602568562661e-01
3.240063291092825981e+00 6.324570971389730012e+00 1.008052804983019662e-01
3.043480829190177595e+00 3.100392877914608825e+00 1.470899204735629962e+00
4.612933024828695494e+00 4.670909432543552953e+00 1.469936629809488471e+00
4.614528027877971006e+00 1.529291815318654102e+00 4.612287111205531254e+00
1.671285355345066836e+00 6.325332135198527439e+00 3.244829599025795375e+00
4.808873576678469597e+00 4.754263343754052684e+00 9.937729550906004850e-02
-9.943496035204071881e-02 4.671111561125359302e+00 3.040975873748639646e+00
3.042103025335094912e+00 3.099298408651080639e+00 3.040513021659001058e+00
4.811629782139688061e+00 4.754694421059483922e+00 1.001780161329734326e-01
1.472311000070266385e+00 -4.192291057800837800e-02 6.182756621087966309e+00
3.240548306274314783e+00 4.755368767393058249e+00 1.009810744782427411e-01
3.042608173777167302e+00 4.670472361065836076e+00 1.470418936044286085e+00
1.670315531375369700e+00 1.612983473282893376e+00 1.018493587633703817e-01
3.041412174798560297e+00 1.528517648312051058e+00 1.469200476813053768e+00
-9.566943201423894205e-02 -4.120378916133760061e-02 3.044509783455472629e+00
4.810799619706635610e+00 1.612459695121469139e+00 1.669296261452008601e+00
3.041392156421204973e+00 1.527752525838472319e+00 1.468339621126823813e+00
3.041657220110264515e+00 4.669712970785131034e+00 1.469442893931045324e+00
9.983213452587005876e-02 4.323686777075706061e-02 4.814137240674890350e+00
1.473679891859881685e+00 4.670473242898278698e+00 1.471424411401547117e+00
1.667034145981189930e+00 1.612348915154301787e+00 1.668343544933085676e+00
4.811676456075796082e+00 3.183181044309044694e+00 6.383485680201642865e+00
6.182272821786811257e+00 1.528041867524942532e+00 4.610677703480118517e+00
9.505841944830951962e-02 3.182418783628175873e+00 4.809042014895777761e+00
3.239398771141723365e+00 4.231258277170148185e-02 4.812300193506482415e+00
6.183152250993282806e+00 -4.305567368570757669e-02 3.040208138511653946e+00
4.812348607700492664e+00 3.184385287194838376e+00 1.011199402507663297e-01
4.614486392002138615e+00 4.670859065098669660e+00 4.613876362267706810e+00
1.472950608224280256e+00 1.528697532627569800e+00 4.613703920259339064e+00
-1.475566578817041896e-02 3.133921324906880468e+00 6.269019014748990593e+00
3.241908963083279804e+00 3.184603855675167239e+00 3.243583502338800884e+00
4.610234134979194209e+00 -4.150877616584761759e-02 1.468437482379661541e+00
3.044003002875148134e+00 4.669923519062607831e+00 1.470540416914408954e+00
9.882004300366546701e-02 4.753672921735186740e+00 9.957827088582384134e-02
1.474703497236905525e+00 4.671145941250443911e+00 6.185104547060689129e+00
4.613150773610258604e+00 4.669345900240164937e+00 6.181349228588040035e+00
3.241576614149721536e+00 3.184570665998503802e+00 3.243291649828536460e+00
4.611547472366454237e+00 3.099330568766986538e+00 1.468282379498645041e+00
1.670142968002829464e+00 4.175820936222525426e-02 4.813487891092761650e+00
3.243062260617160852e+00 1.613173817418459111e+00 6.385620969295857208e+00
1.471129943300649057e+00 4.669875258943708474e+00 -1.009444280780590897e-01
1.670898850792845725e+00 3.183724181589509428e+00 1.014305342425051298e-01
-9.905517290688994891e-02 1.529321055348143332e+00 4.611489323338378021e+00
6.187591588290823452e+00 4.670835953297575394e+00 4.614912103757326634e+00
1.671112747033152379e+00 4.143751287211470957e-02 4.814140742691527919e+00
3.042292406300227903e+00 4.669268537603993074e+00 6.182079608318737485e+00
6.184373794538944757e+00 3.099669635844958471e+00 3.040981460783888757e+00
3.239585192875688691e+00 4.753789145407809613e+00 3.241156644308479162e+00
6.184848544879083754e+00 1.528972516443179774e+00 3.042225377432408173e+00
3.039182225723663144e+00 3.099615733004668972e+00 3.038047631450948582e+00
3.241748257698118252e+00 4.754964410762438476e+00 1.672065068439999358e+00
1.468227806338099350e+00 6.240751941575817696e+00 6.180466825502983319e+00
1.669511763278701988e+00 4.754235078675603354e+00 1.000747707860238506e-01
4.615984912665238582e+00 4.671092203131071763e+00 1.471821708274132057e+00
6.184674655037473379e+00 4.670763750079827581e+00 4.613822278963464640e+00
4.810710036123905908e+00 3.183126804495402862e+00 1.671053832956384433e+00
3.043823840172062756e+00 6.242268106424909924e+00 6.183846015966231846e+00
4.811477982215948579e+00 3.183866714537170406e+00 4.813110934246938477e+00
-1.669624870919298454e+00 4.671068078811709157e+00 3.040552930778098073e+00
4.613266222645964199e+00 1.528712828346270758e+00 3.040141800942047112e+00
-9.998106039612249252e-02 4.669580568201707749e+00 1.468846079088164336e+00
3.042233642039588570e+00 3.099294131757800219e+00 3.040775564771500239e+00
6.379542811486075493e+00 1.612981969432730089e+00 3.240261928226692234e+00
3.042660749780456531e+00 6.241139608695730701e+00 6.182456011555176545e+00
4.611587720742053698e+00 6.239805046699810731e+00 6.181319269609229394e+00
6.184082893611726028e+00 4.669187776729707195e+00 3.040955312172359815e+00
6.183390366975785035e+00 4.670256105940151947e+00 3.040926661189376379e+00
3.045370815530872299e+00 4.671278501678189699e+00 3.045059370528684806e+00
1.668839718270607841e+00 4.754608204863016496e+00 6.383072561542459056e+00
4.812089695425807889e+00 1.613128732091344775e+00 1.672103032265518152e+00
9.979218898611745547e-02 4.754676624135039553e+00 1.671813191118226127e+00
4.809635581795202341e+00 4.753607664872702365e+00 1.669616097971744706e+00
1.663707918237365524e+00 4.753260828681487915e+00 1.663703227834468779e+00
6.183504320304207269e+00 3.099818762458332877e+00 -1.013540133291555428e-01
4.813350092194452756e+00 4.310159100255377129e-02 4.815468044534176428e+00
9.632617205833247931e-02 4.752647568627866193e+00 4.809975944646483370e+00
3.242331075683712704e+00 3.184333888457131945e+00 4.814466597039213980e+00
4.610744229508609848e+00 1.527186004911039285e+00 6.179474943492352601e+00
1.670113279041962162e+00 4.228257725622700663e-02 1.671112885255376490e+00
4.812433462765721259e+00 4.754113751795209453e+00 4.813024081327344383e+00
6.392662013594859971e+00 1.614142058061478258e+00 1.680765615567712201e+00
1.007508033838852984e-01 4.755198725295077367e+00 3.245333891130942394e+00
3.242169413929883781e+00 4.754487522324323479e+00 1.672337542297083868e+00
3.046052674456996456e+00 3.099108323182896196e+00 3.043509503160389595e+00
4.614790721588702738e+00 3.100374124920112440e+00 3.042060969573954221e+00
6.382353247375174732e+00 6.325442660119815486e+00 1.672226226473762400e+00
1.472177525424819500e+00 -4.218671769339134986e-02 -1.006699903900193649e-01
4.810685442662332001e+00 1.612696044325857780e+00 3.241948664916871614e+00
1.471291659637794957e+00 1.527934781839056511e+00 1.469516770337882861e+00
3.042657342052468739e+00 4.669244060716716049e+00 6.183193926037894528e+00
9.763603476356880195e-02 1.612374063916900191e+00 1.670855786965400602e+00
4.810995928571607294e+00 1.612099306964626999e+00 4.812357767587548629e+00
1.669071122182870459e+00 1.612436562288777964e+00 3.241819834343708795e+00
1.472002359601140897e+00 3.099260478323479173e+00 3.040712232278830918e+00
4.612849675673542649e+00 3.099616936613542872e+00 4.612784227327384023e+00
4.810550826188738860e+00 4.753980657841194279e+00 9.979158626033086954e-02
9.855613310092807555e-02 1.612627233854777575e+00 9.997446506345010475e-02
4.811272564713022781e+00 4.754175873044520273e+00 1.000765242272773359e-01
6.185901942275390475e+00 1.529267454597595055e+00 3.042627934697428316e+00
1.668698291873865536e+00 4.149452388485580512e-02 4.812265458628929515e+00
4.613369348388097535e+00 6.241524471915759875e+00 3.041127848400203781e+00
6.381908080154445884e+00 1.613393990335139749e+00 4.814101768571766193e+00
1.669680841045229291e+00 4.753696039207111923e+00 3.241744182057192170e+00
1.473679956153422399e+00 6.241249453795349567e+00 4.613306988148295318e+00
-9.827229365171123721e-02 1.528635823652617853e+00 -1.004448365349498717e-01
9.987251831553514703e-02 4.311004785146908130e-02 4.814288333563784050e+00
3.240977679286090485e+00 3.183493285931459305e+00 4.813641711635591847e+00
3.240185880516901928e+00 3.183360744103246986e+00 1.671020079625249899e+00
9.921307116775746060e-02 1.612901950968221199e+00 1.010590930022898654e-01
6.182808371035845241e+00 6.240825898173028463e+00 4.610861858648751088e+00
3.043227412941965859e+00 -4.147598007804854242e-02 1.470010703265035801e+00
1.470723575380102899e+00 4.669920932814440206e+00 6.182025369046407093e+00
1.006451694284455634e-01 3.183464313517894162e+00 1.671502325782387999e+00
-9.927635974336682101e-02 6.241823248400140578e+00 1.469311844716145510e+00
4.811070000193126361e+00 6.325869235561749626e+00 4.813268008422344479e+00
1.671619421517159587e+00 6.324915615483589271e+00 4.814602043195420400e+00
3.240545971405873527e+00 1.612682418916452143e+00 1.671009167767287806e+00
3.239850306269333124e+00 3.182278603517451732e+00 4.811838112015897728e+00
3.041011919319251078e+00 3.099635750488200170e+00 6.181095445672681876e+00
4.809885845566395979e+00 1.611911282506183651e+00 4.811053842011972392e+00
-9.725068232426828385e-02 1.528926986457867621e+00 6.183941094471008704e+00
3.241589540774544087e+00 3.183539997097851959e+00 1.008899876164471576e-01
4.613669830637699754e+00 -4.282565776532909485e-02 4.611836953731072164e+00
1.470993033894648860e+00 4.670247283419540985e+00 3.040314489009812160e+00
1.470439333062932841e+00 4.669684512135374277e+00 3.040468879446667660e+00
3.043219264780061994e+00 3.099873324130203667e+00 6.183307227843377163e+00
9.949859008861036691e-02 4.193293735868421079e-02 1.002154558740274010e-01
4.610662368587003179e+00 -4.285317486050991415e-02 3.037503853459134096e+00
3.240286498745470034e+00 6.325885276093753617e+00 1.670808321408471242e+00
4.613646696216419762e+00 3.099985113708067619e+00 4.612978140729212306e+00
9.590818788125983485e-02 1.611920601739362802e+00 1.666813781240266801e+00
1.670693649849811502e+00 4.227871247781741365e-02 1.672049315271512349e+00
3.041115593848097820e+00 3.099152963736584887e+00 4.610653299515868220e+00
6.187698902219429975e+00 3.100334966469699083e+00 3.045647860216338820e+00
6.383330736538889383e+00 6.325830228390659116e+00 6.384559634559815677e+00
4.612053549127028695e+00 6.241067830494261059e+00 3.040629321570333499e+00
1.669865400895022445e+00 1.613302948219025534e+00 1.017166532987360261e-01
1.003425211683595941e-01 1.613864591282053729e+00 4.814395823941822528e+00
4.812600112012267672e+00 3.183353730481895738e+00 1.014692194779301532e-01
4.613344515417297842e+00 4.670138135067173124e+00 1.470612033113657846e+00
1.471584978423642998e+00 3.099129905853901690e+00 6.181586900740545509e+00
4.812374053173072319e+00 4.754928316491864315e+00 4.812780142287063079e+00
1.471958240186086897e+00 3.099586152716010456e+00 3.041716562966083170e+00
4.612826818607083545e+00 3.098466766498037206e+00 6.181618652346779541e+00
3.233622152288035956e+00 1.610821707917950985e+00 1.663259884952362988e+00
3.044634334929066544e+00 6.243022179684897921e+00 4.614632611859908806e+00
6.185289075300480555e+00 3.098505043086538624e+00 6.183307135505388352e+00
6.382458360991819291e+00 3.183907844990035763e+00 4.813637793737306936e+00
6.184002880159481741e+00 -4.176392637903024452e-02 6.182169092467379556e+00
6.383214638625452686e+00 1.613304092465121409e+00 4.814212362240562371e+00
9.893982267236678396e-02 6.325302924600484822e+00 4.812082364046815108e+00
3.042598790987200985e+00 -4.204804233852925399e-02 6.182628043659589068e+00
9.901196560099066735e-02 6.325039606722616448e+00 4.812540546642188666e+00
4.612090475354085228e+00 4.670221905621700031e+00 3.039707552099335075e+00
3.042139184530748164e+00 3.098966067521435441e+00 6.182269232154837368e+00
3.243423664149371444e+00 4.269824079897616836e-02 4.816424927772683162e+00
4.811524318844967674e+00 3.183747233435738622e+00 4.813450769701521637e+00
4.811144541029425348e+00 4.754405805951671837e+00 6.382745210513292022e+00
3.043676352688029496e+00 4.669765532147214238e+00 6.183742080725616930e+00
3.041636604836473357e+00 4.670178865614050601e+00 4.610335691071490771e+00
1.471384209129259490e+00 4.669730949216044813e+00 1.470404257655294700e+00
3.042554243179320661e+00 1.528253001427089419e+00 3.041233962650423006e+00
3.242954194600271123e+00 4.296020274642102510e-02 1.673894942357562421e+00
3.042368585589478869e+00 3.099095402539708832e+00 -1.008411790223532750e-01
3.239898018131979196e+00 1.612356855431278824e+00 1.671674389678036388e+00
1.470423964691035312e+00 3.098760697845299283e+00 -1.009288240984521495e-01
1.469696894871916459e+00 1.528074258480236702e+00 3.039827093195773156e+00
4.613255736536400420e+00 -4.246529032150158506e-02 -1.012336998413369687e-01
3.240350391316713541e+00 4.754156904881480017e+00 4.812404423616992943e+00
1.469934926506099471e+00 3.099060624515022955e+00 1.467875538642988031e+00
4.811163760110936494e+00 4.158119867894961852e-02 1.671366838342076555e+00
4.617030167256398698e+00 4.673167980594433502e+00 1.473196325462220235e+00
4.616756842315591136e+00 3.100821406177958650e+00 4.616515037765791085e+00
3.240187738362555692e+00 3.183657777961625523e+00 1.006411046661299658e-01
9.874112368750158353e-02 4.754295080715082555e+00 1.006289548429937508e-01
3.240402482057124001e+00 6.325919416279754515e+00 1.671787321221636091e+00
1.672517677816581116e+00 4.755476092698290635e+00 1.673940146269605522e+00
1.669505644416011014e+00 1.612094730665930564e+00 1.670911486315576289e+00
3.039669157264332178e+00 6.239715382540812705e+00 3.037359033686877208e+00
6.182972095383703959e+00 4.670169308800121932e+00 3.040208617886421827e+00
4.612328629824709481e+00 4.670203915235176417e+00 4.610940849482505044e+00
6.382910653839769743e+00 1.613406463800432844e+00 4.813304082339477930e+00
3.041839938840590563e+00 4.669881035257191115e+00 4.611470746687171385e+00
4.610032494728114827e+00 4.669896280161063729e+00 4.607690849111959253e+00
1.667877969384262915e+00 3.183170263132045097e+00 9.795597053626142747e-02
3.240800293784198871e+00 4.755110378936800331e+00 4.812487959349330602e+00
1.670028043964980613e+00 1.612807583306383963e+00 1.671939942943586832e+00
6.180601634174371917e+00 3.098071626869379536e+00 3.037134368434680542e+00
3.041441073067316037e+00 1.528965290500421181e+00 3.040385829282056029e+00
4.812347744379395387e+00 4.754609835379021376e+00 4.814100088637155217e+00
3.041123969836083241e+00 4.669932620025456949e+00 4.611059367524637409e+00
9.897911760904186396e-02 1.613039382487299944e+00 1.671461669909838355e+00
3.240749741123257532e+00 3.183369951776856777e+00 3.242341496547803459e+00
4.609956306489128686e+00 3.099158102733718501e+00 3.038091460395622612e+00
1.669851068708485542e+00 4.162215676448201979e-02 3.242094009656677489e+00
1.471483920266338341e+00 3.100318425193318017e+00 6.182968388070618104e+00
1.471916084684573578e+00 -4.228435812308755509e-02 4.612318315151763493e+00
9.750520450930391658e-02 4.134612661517324261e-02 1.670311065727079436e+00
1.670411859092019169e+00 4.754004845245173527e+00 3.241694376701468094e+00
4.614482988446830802e+00 1.529259963592589200e+00 -9.926069528907983941e-02
3.043475944901397501e+00 6.241420085970676546e+00 1.470718015160132897e+00
3.241039072718247649e+00 4.753765080506075158e+00 1.671989430964323065e+00
1.670980415800200403e+00 4.754723442698255198e+00 6.385268723651044809e+00
4.811099458930672590e+00 4.753736498335574545e+00 4.812662608765855943e+00
6.382318475487585907e+00 4.754448065252038447e+00 4.812905814104892599e+00
6.182489564230813528e+00 1.529156337440099156e+00 3.039487174503868516e+00
4.612242573240958876e+00 6.240548585518907565e+00 3.039625680326118129e+00
1.472383263807572673e+00 -4.168632844445106789e-02 4.612424504775276546e+00
1.669547794459480317e+00 1.613164095483972105e+00 1.001343348063903488e-01
6.183789580881144943e+00 4.669647943009567648e+00 1.469879826552545010e+00
1.672589401671872533e+00 4.755888289577618444e+00 1.020597041179718695e-01
6.185771864185659830e+00 4.670396993356755289e+00 4.612641137812624414e+00
4.811161589348033729e+00 4.205258732228489560e-02 4.812459415373379734e+00
1.670235299607156998e+00 3.183919553362049459e+00 1.003613247159284155e-01
3.042552951846591025e+00 6.241485789765981451e+00 4.612129505918518113e+00
6.181930963808724755e+00 3.098357884530551054e+00 -1.026768190371549622e-01
-9.719853658459286228e-02 4.670807555303374770e+00 6.184185887166790074e+00
3.042508065891891267e+00 -4.225612579834488874e-02 1.469710722685587889e+00
6.183083793853263899e+00 1.528092196520028034e+00 6.182533789317165684e+00
1.471373744243536175e+00 4.669499541067279935e+00 4.610695688684369742e+00
4.612869716077874216e+00 -4.129815898671141544e-02 1.470811129413790441e+00
1.669472228248838785e+00 3.182806081918373220e+00 1.670421857679993183e+00
1.003614422549778534e-01 4.756180023072978713e+00 1.673099443090344307e+00
6.378016745262009124e+00 3.181210326486428652e+00 1.666868534207374131e+00
1.474440801556728298e+00 -4.204403238885729560e-02 6.186260665621829524e+00
4.612149630318839399e+00 1.528116029937441223e+00 1.469058925724817666e+00
6.380958196708529151e+00 3.183276399879981344e+00 6.382300733221415889e+00
6.186544490600492274e+00 -4.149443290026186976e-02 4.614516190506813942e+00
3.042062926945675816e+00 1.528497628818145548e+00 1.470100606807446253e+00
9.907397764754080627e-02 3.183705953919114595e+00 1.003709728980208687e-01
1.670928186095075318e+00 4.228294757705265000e-02 4.813724661948392658e+00
4.813167082788107010e+00 1.613690858492914604e+00 1.013581196125965256e-01
3.039779552456204570e+00 3.098773009225548325e+00 6.181120903684621304e+00
1.472853890603377680e+00 6.241789819472516321e+00 1.471068487961862736e+00
1.670617313436761453e+00 3.185485590531752287e+00 1.018957754933691173e-01
1.670603383963231714e+00 4.755014809375530227e+00 4.814285891337289236e+00
1.472190371498058648e+00 4.670638065043494436e+00 1.470453608067435081e+00
4.613393274790337450e+00 3.099711959057539712e+00 4.611558776109487390e+00
4.614482358981710775e+00 6.240727222237502758e+00 3.041375383579597358e+00
6.181881671619229301e+00 1.528383705122685399e+00 6.179641477218528856e+00
3.041192835398544680e+00 6.241896195352440557e+00 6.182129513324261083e+00
3.240403956949694297e+00 3.182961742676592820e+00 4.812581792436873229e+00
3.240764351800970111e+00 1.612521692346469804e+00 6.383837450204917552e+00
1.472901729193351716e+00 4.670910133806370546e+00 4.613269715586621800e+00
3.042605606760282022e+00 6.240995141696827453e+00 6.182115868887963828e+00
4.613804292595115264e+00 3.099635165528508818e+00 4.612053864918692625e+00
3.240083396960776074e+00 1.612512956318477020e+00 4.812603995673788937e+00
9.893957931720660792e-02 4.188586522318789307e-02 3.242037857516596233e+00
3.042918897596101235e+00 4.670504524003624702e+00 4.612014953234851333e+00
4.812999450732351470e+00 6.326342566160319869e+00 6.384749693748643651e+00
3.039947241986308057e+00 3.097982673201136627e+00 3.038718047717765547e+00
1.471023524243428193e+00 -4.274712409884357661e-02 4.611371041233380375e+00
4.811165181780496347e+00 6.325035230339158154e+00 4.812869838231230268e+00
1.668280922999959781e+00 3.182910165821661863e+00 3.240305155049579167e+00
4.808788158571477567e+00 4.753717653274286192e+00 3.239814393077459886e+00
1.669775606251167721e+00 1.613311103187640816e+00 1.671313499824110815e+00
3.241726126540661834e+00 4.242206650846824106e-02 3.243591982513858163e+00
3.240743994905397773e+00 6.325745041553346937e+00 4.811893297373555534e+00
1.669748294543891953e+00 4.754207957464315015e+00 4.812265567525161991e+00
3.241221720607095236e+00 3.184132648496701190e+00 3.242977886814926158e+00
9.930758588954521904e-02 4.215180808809682739e-02 6.384829412338773658e+00
4.613546472699246337e+00 4.670292740229639250e+00 1.470471522334104497e+00
1.669632381897284912e+00 4.754486985305231173e+00 1.671187396895563060e+00
3.242507378164481313e+00 3.184805457030539522e+00 4.814452032724719999e+00
-9.711672701741209945e-02 3.099530353050094611e+00 1.472521852858571734e+00
1.471100453134803088e+00 1.528595684225952489e+00 6.182595073302258548e+00
1.470676556317647155e+00 4.669991063109385721e+00 4.611071279880759377e+00
3.043217237006587972e+00 1.529224771002833938e+00 -9.909993953993702365e-02
1.473230073715173116e+00 3.099849205002406460e+00 1.473215345886202954e+00
9.881582507979844165e-02 1.612458174840294634e+00 1.670839698097822845e+00
1.471098947300432336e+00 3.099595450358913151e+00 -1.000926644390620068e-01
6.184806148541916571e+00 -4.153344106966546517e-02 6.184025747393341099e+00
3.240914448559286232e+00 3.185094642324138192e+00 4.814794320849194342e+00
4.811309865904031646e+00 4.266575074104603238e-02 1.672304865625065418e+00
6.383696686544437782e+00 1.614147467928152890e+00 6.385322148387681196e+00
4.612712268615795530e+00 -4.245403128374736906e-02 6.181827956144960723e+00
9.900836111317541655e-02 1.613417535883428622e+00 3.242036822446780597e+00
3.241299348088956478e+00 3.184476214405012495e+00 4.815254770933019124e+00
9.604037278571225800e-02 1.607451353396249338e+00 3.238482866083290723e+00
1.669785101489523083e+00 3.183200297088385256e+00 1.671291956782374521e+00
1.670326525370594561e+00 3.182229134278522942e+00 1.671585337575311803e+00
1.470882720400993993e+00 3.099008823286423464e+00 3.039549159928060629e+00
1.471331324493497128e+00 1.528692404554840234e+00 6.181585088766200720e+00
3.241820870588623560e+00 4.754941405653480224e+00 4.814336205285619563e+00
1.468966759301450375e+00 4.669414824364280570e+00 6.180508681753020817e+00
3.042153046259410409e+00 4.671111842290240901e+00 3.041039759426311218e+00
1.473271523460520038e+00 6.241603282724599744e+00 3.043255301289511827e+00
4.813655973448116576e+00 3.183883743529283272e+00 1.673155377910071628e+00
4.613369500234230536e+00 3.098970899119142697e+00 4.611293171084064113e+00
1.472506070635262176e+00 1.528074016764130016e+00 1.470644789468227298e+00
1.470719634437337886e+00 1.528189881170488373e+00 -1.018632040349741752e-01
3.240924666334918935e+00 4.754528105070650490e+00 1.671334102723433190e+00
1.670402957436309732e+00 3.184487488494982532e+00 1.672634210809017086e+00
6.183564193587191227e+00 4.670270257448446927e+00 1.470563552956954956e+00
3.242745478152034622e+00 3.183618415098991239e+00 6.388583516193047984e+00
4.813028015360846013e+00 4.754671614080691278e+00 6.384547310614411941e+00
3.042197694070000846e+00 1.528759648385093595e+00 6.181670466328110791e+00
4.615016984742406514e+00 4.670512661823889466e+00 4.613319200937532116e+00
4.612854099876184222e+00 4.670096674254603286e+00 4.611410174207062340e+00
4.613578714307236872e+00 4.670306363585910781e+00 4.611807877605575534e+00
1.464851600771949647e+00 3.097446042397709931e+00 3.035092013308088976e+00
1.669873818128786214e+00 3.183206012360020765e+00 6.383782722896112816e+00
4.610792955350666134e+00 1.528528723283691937e+00 3.038965898249306630e+00
6.183390083888258282e+00 3.099985001207252733e+00 4.611723090426077754e+00
3.042078245043270623e+00 4.670431852329484101e+00 6.181980072546454430e+00
1.672224208943636992e+00 4.755311381200113985e+00 1.672737273423376081e+00
4.811153062962299387e+00 1.612746463894281890e+00 3.241350487453770413e+00
6.181898547708577496e+00 3.098921056525484996e+00 1.467980942183056747e+00
1.472035696500756385e+00 4.670439972849544041e+00 1.471578399686916727e+00
3.244706724967032940e+00 3.184494242962073951e+00 4.815678732068206180e+00
1.670960458363148771e+00 4.754283738714515373e+00 3.243315942324151990e+00
-9.776494791636143600e-02 4.670718083562637624e+00 6.183893978760677257e+00
1.471988580130281443e+00 -4.229000494690249995e-02 3.041535918796204108e+00
1.473059111897809359e+00 6.241354201564561777e+00 1.470735882981493603e+00
1.669200819597001173e+00 4.753350542767882381e+00 3.240039625532893819e+00
-9.822682044847300120e-02 3.098652043018171653e+00 4.612239446772883333e+00
4.812640425911583364e+00 6.326268227855388560e+00 4.813661964086255018e+00
6.183367551112949556e+00 -4.240696884289092000e-02 1.469629676724528489e+00
1.471328270382916914e+00 3.099385750127494621e+00 3.040838760079193293e+00
6.381295033591734445e+00 1.612494428197847718e+00 1.670795502162806923e+00
1.005779692480054527e-01 1.613969139851462842e+00 3.243120657486014746e+00
3.241043451410038134e+00 3.183889346416110655e+00 4.813596326735322783e+00
3.042518649799176522e+00 1.528887106301303866e+00 3.042229101398273627e+00
4.612867451606405211e+00 1.529473054995212022e+00 3.040661357220658001e+00
3.040985941424840355e+00 -4.230975794583306110e-02 6.181134362420218409e+00
1.668082585518100514e+00 1.611896909433629510e+00 1.668935317918630590e+00
6.381374066501365405e+00 3.183686002335840204e+00 1.004258930741610545e-01
4.807722156106743583e+00 4.753478296136365522e+00 3.239177897443939802e+00
1.670744001405865875e+00 3.184189991056469271e+00 3.243715436421118703e+00
1.470495837625120261e+00 1.528090025950078923e+00 6.182117419905047484e+00
4.811352678734541755e+00 1.613689553270224675e+00 1.007567467982108667e-01
6.182290047019585622e+00 -4.202059438881957515e-02 6.180842220931110020e+00
1.669192190916598095e+00 3.183162135378029056e+00 1.001866773024951002e-01
4.612360789713779496e+00 -4.261311426010003234e-02 1.468928676104997111e+00
4.611966921770435768e+00 3.099281808556659801e+00 6.181508426850909288e+00
6.182538258889240801e+00 6.241046943788957968e+00 4.610619894675065389e+00
4.812908124933186649e+00 4.304873780550083628e-02 6.383119090396371931e+00
4.611778534986853195e+00 1.528093762205908757e+00 -1.014406381143375668e-01
6.184255300210041995e+00 3.099551271102285455e+00 3.040951844287025807e+00
4.614758178588758142e+00 4.670378804134338147e+00 6.183253219279252200e+00
1.469629837073957335e+00 3.099003575150802270e+00 4.609143954708439850e+00
3.240992473589975997e+00 6.325688749558165291e+00 4.813565643230847790e+00
1.469946783833926407e+00 6.240553719542464961e+00 6.181307106422063491e+00
4.811587377790729647e+00 3.184590177023280955e+00 6.383146044896625959e+00
1.669340299756774337e+00 3.183626723746174836e+00 1.670582973448989650e+00
6.385940283597429712e+00 4.754635686090772140e+00 1.044618510246776710e-01
6.381031663984888525e+00 4.213271159339564836e-02 1.004771514687812228e-01
9.956376263172247998e-02 3.184194379221999327e+00 3.243203300267864186e+00
3.042112842992872324e+00 1.528907493441519883e+00 1.471099411015534875e+00
1.669975159851977420e+00 1.612681419198350952e+00 1.670114595324067475e+00
6.383145613594214396e+00 4.754784794585126484e+00 4.814114428630584364e+00
3.240191866405714993e+00 3.183347501158765969e+00 4.812742234396895746e+00
4.614912887127531782e+00 4.671165931446167541e+00 6.184433881652255494e+00
3.044556543992223752e+00 -4.016264501249953295e-02 4.615306577804426880e+00
3.042910927820634548e+00 4.670086032565468059e+00 3.040547309519014973e+00
4.813019436032291765e+00 3.182654802039060371e+00 3.241259189959646569e+00
1.472173996588464373e+00 4.670350301505989066e+00 4.613364360947630693e+00
4.809651907465672060e+00 1.612520089576207960e+00 9.860736041891916825e-02
6.183377943706628521e+00 4.670444094068671781e+00 1.469674414203355317e+00
3.240771139050761196e+00 4.219959602511663688e-02 1.671779151308367517e+00
3.041682099684459573e+00 4.669652904971266949e+00 1.469654193227801331e+00
4.811486547800011948e+00 3.184867888668332370e+00 1.672444998433680219e+00
3.041740626845919504e+00 4.669657440967186268e+00 4.610323115549345374e+00
4.811373494561237862e+00 6.325336886302229900e+00 6.383588846785440474e+00
4.812238782506073953e+00 6.325809380303652141e+00 4.812965276278651672e+00
4.810218198529754297e+00 3.182679966322742526e+00 3.241369164370385469e+00
3.243970741242841349e+00 3.183621300925614239e+00 1.037689441172979649e-01
9.961947809469785808e-02 6.325476797083128488e+00 4.813882915897982784e+00
3.042107958824702862e+00 1.528620756127524016e+00 4.611698829459188964e+00
-9.879938070026478281e-02 4.669887392837646090e+00 4.612233182225669914e+00
1.669422014395335996e+00 4.754681432078636583e+00 1.671465886810373336e+00
1.670122202969892555e+00 1.613126566601094325e+00 4.812790526370973154e+00
6.182843476158963902e+00 -4.195861645338114926e-02 1.468965049401104173e+00
6.185075851088314813e+00 4.670411259942727433e+00 4.611947869349350526e+00
1.470128597134149562e+00 3.099138694501138769e+00 3.038870454520323339e+00
4.812205818579571748e+00 4.754698791738612762e+00 4.813019952393090328e+00
1.470135292388282222e+00 4.670198530681399340e+00 6.180874879264593780e+00
4.810732808574821107e+00 4.229306348080170280e-02 3.240816462094501027e+00
9.901359376770349496e-02 4.754389989739891575e+00 1.672033009382524860e+00
1.670069350215149573e+00 6.325331072854929459e+00 1.671652307286124461e+00
3.242476020755206800e+00 4.291439500971959420e-02 3.243187749765291006e+00
1.669610190602293542e+00 4.754073317135802945e+00 1.006403329372575761e-01
4.615055025865667737e+00 6.241920895764462074e+00 6.184482440197430542e+00
1.671795569800591075e+00 1.612706646334313820e+00 1.671756622958630256e+00
4.810157830056613903e+00 1.612154011016222022e+00 3.241304272949937726e+00
-9.982551624991192751e-02 6.240652417092547921e+00 6.182318812670430042e+00
3.241609062008797615e+00 1.613962538104024125e+00 1.672182212189479822e+00
6.382233557294036075e+00 1.613400659069853305e+00 1.672125423572096592e+00
1.037275138301170102e-01 3.185035354800700880e+00 6.388184538323455008e+00
3.042122570792139324e+00 -4.229706773639901884e-02 4.612001020842935617e+00
-9.800980497010830517e-02 3.099293429128260335e+00 4.613037660276718022e+00
1.669912811912309003e+00 4.754850273642998282e+00 1.670479194639546749e+00
3.240890053239214197e+00 6.325350128279862538e+00 3.242678187801003808e+00
6.384376767443172618e+00 4.755120579321135743e+00 1.673805734035395787e+00
6.186578215868960839e+00 4.670929042982494117e+00 4.615382830033172290e+00
3.243304186583786830e+00 3.184707895444126358e+00 1.674637492527527138e+00
1.472007350960906402e+00 4.670446464466009751e+00 3.042057568078252228e+00
3.040589070824943008e+00 6.241281305551353853e+00 6.182095524837157186e+00
1.669693046970437633e+00 4.754963526684429453e+00 4.813516952952919148e+00
3.042419908116529292e+00 1.527882185319370478e+00 1.470056772510144549e+00
-9.925882087405246690e-02 4.670339402573048027e+00 3.040486792270248095e+00
6.186127439572018716e+00 3.099331507982094891e+00 1.471212126924930752e+00
4.811825474999074537e+00 3.183701817823007651e+00 1.671702736077380624e+00
1.669031004664528473e+00 4.755293922647977567e+00 1.671451370305263584e+00
3.043254063097533546e+00 -4.154833557930580346e-02 3.041548788981059737e+00
4.812104060808088057e+00 3.184254516619043240e+00 1.671706848926678646e+00
3.042502243791634253e+00 1.528263135210090162e+00 1.469734394959458124e+00
1.471471828236571522e+00 6.241232248091890256e+00 1.470825428608959040e+00
4.613179669928865856e+00 4.669995820019560817e+00 1.469712581323558531e+00
3.239976871283337001e+00 1.612255397063818707e+00 9.902884112392257299e-02
1.471431109168657603e+00 4.669708167909797147e+00 4.611473480366827360e+00
1.668791690267412253e+00 4.189375207179595745e-02 6.383299891073047405e+00
6.379842402682743163e+00 4.753424182543684928e+00 9.929137418308577046e-02
1.672221855616580433e+00 1.612865487797566555e+00 3.244727740392755688e+00
1.673643869317753552e+00 3.185737839000024607e+00 4.816322023709333600e+00
4.811678393613723514e+00 3.183250299774651904e+00 1.004344779033980312e-01
9.811898426748533186e-02 4.754473942855830693e+00 4.811895683054189021e+00
-9.953132806543900368e-02 3.099263730660087202e+00 1.469952728089664484e+00
3.239929223796766955e+00 4.754302212278121331e+00 4.812206087420102918e+00
4.812103173015355395e+00 1.612525454292770943e+00 1.671491954272737113e+00
3.041848729436561261e+00 4.670893294934748141e+00 6.182910700258531733e+00
3.041668419493915643e+00 3.098138648136606221e+00 1.470126084141352152e+00
1.672539323656883070e+00 1.613166801873681999e+00 1.673961950081372496e+00
1.470709719611022148e+00 3.100013738080367620e+00 4.610619694168541116e+00
4.613112435904295872e+00 1.528264215579854035e+00 1.471113330392000540e+00
1.472856902882778707e+00 1.529395235318628865e+00 4.613486600254582903e+00
4.813342570997043879e+00 6.325583906324906636e+00 3.245363527483542398e+00
4.814468183957496095e+00 6.325942231670576454e+00 4.815330914726976275e+00
-9.953489702551242269e-02 6.240818510198135272e+00 1.470101582404177654e+00
4.812477971027412593e+00 4.754497666955365354e+00 3.243281464958056581e+00
6.382454363480604798e+00 3.184686558760740915e+00 1.671465625464902960e+00
3.241807396632840454e+00 4.754260508240722771e+00 1.017751151688312261e-01
3.241821728649992185e+00 4.342243890735526801e-02 3.243789769078469387e+00
4.812084422347918888e+00 3.184647280936040659e+00 1.012715592400915549e-01
6.180043872160770668e+00 6.238550615275989308e+00 3.036560067376526728e+00
1.471628291279686307e+00 6.241072571329180363e+00 -1.015488294178431700e-01
9.880969393200091100e-02 1.612106234346640576e+00 4.812434351028191948e+00
3.241270517429257758e+00 4.432498269150871029e-02 4.813141788442516500e+00
1.000476079535933954e-01 3.184280718471742322e+00 4.813422654366983799e+00
6.182623000839335248e+00 4.669633754942570825e+00 4.610255589922690689e+00
6.182623178768251293e+00 1.527478437061386307e+00 6.181430257215589030e+00
6.179754519103417110e+00 3.095886908760248524e+00 3.036702981692994463e+00
3.239585034133360519e+00 1.612916514756474129e+00 1.001420867755023481e-01
1.475421080612472791e+00 1.531356986101987117e+00 6.186239750844860552e+00
1.471234074791117230e+00 3.098856567034608656e+00 1.468853085287730176e+00
3.041840122398381308e+00 1.529823716882712903e+00 1.470394579734741525e+00
6.183137332554353272e+00 3.099029062510628485e+00 4.612141715516029805e+00
1.471579056706484812e+00 -4.230124681638376682e-02 -1.001788182767044538e-01
4.810311109418267783e+00 4.250816031186571003e-02 1.001260325886772634e-01
4.811305964044779948e+00 3.183107076755538056e+00 4.812693161377825213e+00
6.382456873277170928e+00 4.754795699820435928e+00 1.006811772201095245e-01
3.240193703582181062e+00 1.612544097693049405e+00 9.963770895964031704e-02
6.184699877938465207e+00 1.528965782636955817e+00 -1.006714924191603050e-01
4.806581578604942173e+00 1.611348977743522148e+00 1.664911263233934680e+00
1.470190103623801869e+00 6.240514367481483582e+00 4.609832642813508130e+00
3.239999729733777034e+00 3.183311851211134691e+00 6.381527184419410581e+00
1.472163888651466745e+00 1.528706111175195836e+00 4.611854937892795547e+00
4.613611953331364646e+00 3.100224544657145920e+00 4.612714518816107834e+00
6.383078823251900680e+00 4.138348199296853352e-02 1.014123454514381240e-01
6.379693663246031043e+00 4.229589054270772169e-02 3.240245544412802214e+00
4.810619054554949869e+00 3.183408360283765504e+00 3.240800374820899776e+00
4.810463270482205900e+00 4.754181369846458338e+00 1.670720270212078695e+00
3.239144314206812592e+00 4.162649841452974869e-02 3.240953459947780058e+00
3.241168735647367516e+00 4.754967018072229656e+00 1.012234737885610442e-01
4.812272875554867824e+00 4.754478316503179869e+00 1.012509244060543490e-01
3.241330393870204052e+00 1.613005396662936075e+00 1.017889949996901855e-01
3.044720093342173417e+00 6.243440256515355280e+00 3.043586596892772445e+00
3.241082542285180335e+00 4.754104304593097297e+00 3.241524217005240960e+00
4.613425852842075514e+00 4.670000326619078379e+00 4.611047815882334255e+00
4.614081696933925336e+00 4.670940937160319884e+00 1.470429070838770835e+00
3.042409286819988345e+00 4.670036354032841786e+00 4.611792328461656432e+00
3.044313213038721155e+00 1.528391480049361206e+00 1.470753217681880276e+00
3.041182741637473264e+00 6.241037636183227377e+00 -1.017673636967400680e-01
6.182726718619607098e+00 3.099701388114695533e+00 1.469430096779325234e+00
4.811983139835065870e+00 1.612112322649098539e+00 4.813186049651220877e+00
1.471552682309490656e+00 3.098774499865623699e+00 4.611620161802117757e+00
4.811258275316317778e+00 4.205440145307359073e-02 4.811696075411859397e+00
4.613430764165518561e+00 3.099363800704792116e+00 3.040676171472326494e+00
4.810099184464832867e+00 3.182655113130409497e+00 4.810994414541115205e+00
4.812062835997187094e+00 4.754866124914530090e+00 1.015147732704766437e-01
4.813299624532207055e+00 6.326035085769278865e+00 3.244304831711655179e+00
3.042307206803264830e+00 6.240682949055853079e+00 1.469787498979304941e+00
1.669624675820029269e+00 4.213767098643942527e-02 3.241575477423137563e+00
1.471797186644298483e+00 3.098864987359856382e+00 3.040908989197416368e+00
6.183595006283307605e+00 6.239407102201926847e+00 4.611002762340518757e+00
1.469089030192997525e+00 -4.323583482046377408e-02 6.181125465364706528e+00
1.669549956131682666e+00 3.183848542659860392e+00 3.241183433281188631e+00
1.669482083009233175e+00 4.755062790597905042e+00 4.812683562862607012e+00
4.614690975367506276e+00 4.669967790526016849e+00 3.042268572757763412e+00
1.015950876258879532e-01 4.753607259598733314e+00 4.814110100173447648e+00
9.944661065918246334e-02 1.612474193605208939e+00 1.671666809021286282e+00
4.811468818379024626e+00 6.324987703084569368e+00 1.671364920571897006e+00
9.658129424782281591e-02 4.016859290888093875e-02 6.381916455110022035e+00
6.181908016138504713e+00 4.669147894812833322e+00 3.038164895439782853e+00
6.184032095608036350e+00 -4.244947233260062264e-02 1.470746111874578599e+00
3.241113549510842518e+00 3.183414435658519004e+00 3.242124588527268259e+00
1.473281920682593338e+00 4.670084070563920164e+00 4.612532910338117631e+00
3.042551965299382655e+00 3.100074808041000107e+00 4.612512514691384347e+00
4.811149243362963901e+00 1.612516985008078052e+00 1.671467383752700098e+00
3.242682265981981615e+00 1.613417895618966647e+00 4.815452307820029532e+00
4.615217775546681445e+00 -4.176958988506411508e-02 3.042358622455168859e+00
1.472480789463209261e+00 4.670469196652565991e+00 3.041957070740616054e+00
3.240637070491446003e+00 4.755144117488174338e+00 3.241546176328751194e+00
1.482702840220467833e+00 4.675723768005838110e+00 4.621105495727483969e+00
3.043336732738727068e+00 -4.175719061700986640e-02 6.184144236999721045e+00
3.042857341815299321e+00 4.669886471036876152e+00 1.471494223199053097e+00
1.469703628600632639e+00 1.527357157627688311e+00 1.467767146648234045e+00
3.041833311264060313e+00 4.670233526548258851e+00 3.041333503717267295e+00
4.613832909673776683e+00 3.099968945543419618e+00 -9.987257873834705368e-02
1.669382715553822782e+00 3.183783444273160068e+00 1.671244937828104682e+00
6.382143302743296331e+00 4.219108640529066478e-02 1.007342095271592797e-01
-9.561420677477396046e-02 4.669906537659119117e+00 3.042821735672043726e+00
4.813508488071956748e+00 3.185551168381811404e+00 4.814747530530438802e+00
3.042886161696143343e+00 3.100120978454789622e+00 4.612919296650598966e+00
6.184282602570760012e+00 4.670842297879590710e+00 4.612944025487202282e+00
6.382040758682276937e+00 3.184155850453737280e+00 4.813536798367390901e+00
4.810619738503083553e+00 1.613073624113093407e+00 4.812585482751524424e+00
3.242281320829554225e+00 6.325283728661104554e+00 1.018430066192773931e-01
1.668433486632132867e+00 6.324661252022781177e+00 4.810652691434941453e+00
4.616090596972022730e+00 3.100411172514567770e+00 4.614524013461238638e+00
4.613360647629110467e+00 1.529607708715019720e+00 4.611990684956480457e+00
6.183878151193694883e+00 6.241042171133597272e+00 4.611624313846109047e+00
1.469930108434159610e+00 6.240603521003130538e+00 1.468673043409912449e+00
6.184001101097111430e+00 1.527922762246642474e+00 6.182260675146116213e+00
6.382225391404720227e+00 1.613230041331529696e+00 4.812678513027488947e+00
-9.945334926804659526e-02 -4.241013475444294079e-02 1.470125053117940173e+00
4.813012255442714604e+00 3.183928378060505437e+00 1.672207094484799095e+00
6.184799086546016511e+00 1.528509161184964382e+00 6.181950477340970806e+00
4.613184089092334794e+00 3.100428407775609241e+00 -1.000764324949027367e-01
4.811873403960016837e+00 6.324912014754983325e+00 3.241581784509840247e+00
3.240275242400234124e+00 3.183387693953203534e+00 6.383370277344173616e+00
3.240955567913511359e+00 4.246467777137685057e-02 1.007534047605025268e-01
6.380292681930854748e+00 1.612537436181736172e+00 3.240546260583840876e+00
6.382978152044362474e+00 3.184192315925571393e+00 3.242887631379968383e+00
1.669895959645630423e+00 3.183420433148437034e+00 3.241864716470776564e+00
9.838572845085613583e-02 1.613097923054882088e+00 6.383181767257184447e+00
3.241292841992221341e+00 6.326039626235189672e+00 6.384144492464884024e+00
1.471947415968978268e+00 1.528626759267466273e+00 4.610828042268722449e+00
1.004546665787940801e-01 3.184530189123590649e+00 4.814033105184654993e+00
3.040585446513683454e+00 1.528044949928495155e+00 -9.996413212865741527e-02
3.241043755056133069e+00 1.612812931526118820e+00 6.384422346254377878e+00
1.670281403938312481e+00 1.613281945955169272e+00 1.673143231024414535e+00
4.612557327780325345e+00 1.528607125446784565e+00 3.039451783241655658e+00
4.612838954877453546e+00 3.098875471997156072e+00 4.611643804530424440e+00
4.812863754299836039e+00 4.754370407874826121e+00 1.672546311528976481e+00
3.240434572548441583e+00 3.183494261851622209e+00 1.671188174595546361e+00
4.811305699817854276e+00 4.754133470929500227e+00 1.671520282719032524e+00
4.811840090520032476e+00 1.613079162123887134e+00 3.241524095520133653e+00
3.241196045438615947e+00 6.325524980973373346e+00 1.007973215235311859e-01
3.040990189055524873e+00 4.669924917502560113e+00 6.181575169080628207e+00
3.241320678023063007e+00 3.184373423061973796e+00 4.813137856227084121e+00
6.383481094121750132e+00 4.273622479231251048e-02 4.814356553123507965e+00
6.185516474103518902e+00 4.670503169327742121e+00 1.473441315194078616e+00
1.672489732053136224e+00 4.264235144355187079e-02 6.385658633266301010e+00
-9.872325758339624280e-02 4.670179486361531573e+00 1.470416733446132218e+00
4.613400004418441114e+00 1.528823067300167704e+00 3.040537764899384321e+00
9.680808464581869277e-02 4.227182451913707312e-02 9.768606324291247145e-02
9.938731834265390752e-02 4.754273309978700013e+00 3.241183484401345183e+00
1.666827333668038369e+00 4.753403743406852122e+00 4.809456501846782750e+00
1.034180206530198459e-01 4.755061678830474925e+00 3.248829837120096986e+00
1.471759629047296292e+00 1.528427776577900410e+00 3.040847825869988696e+00
1.471434145915721858e+00 3.099294157596413246e+00 6.182803554349000308e+00
3.242813251853756462e+00 3.183995507273330361e+00 1.019537156036757347e-01
3.042582712169743520e+00 3.099194001695229961e+00 1.470126875535828326e+00
1.469900690670891130e+00 3.098718541001292071e+00 4.611271427383561772e+00
3.043069970110903188e+00 1.528517598340029648e+00 4.612759915118958887e+00
1.670224933935994915e+00 4.210373695309221204e-02 3.242022851577921916e+00
3.243390649651659352e+00 6.325841461285687473e+00 4.815566742972618108e+00
6.182879403602996149e+00 4.670420318489152400e+00 3.040263199482867496e+00
6.183098110680765203e+00 6.241232760888300035e+00 3.041053007524821883e+00
3.040572181173276434e+00 3.099269056321646509e+00 -1.018395060851074313e-01
-9.829046017519312006e-02 3.099708672748340721e+00 6.183683385907917440e+00
4.609824164417795522e+00 6.240517854192293434e+00 4.609241128404214294e+00
1.471206565724661353e+00 3.098589704543785128e+00 4.611719328635170534e+00
1.025492625454228479e-01 3.184971094374169365e+00 4.816733823342437937e+00
4.612868357354251714e+00 3.100445706105464438e+00 3.041850642130562221e+00
1.672159261036213485e+00 4.186373338327686183e-02 4.814968321730208167e+00
3.246523701770246628e+00 3.186067809932676909e+00 1.673880888115514054e+00
4.609543474183405820e+00 3.098331150361120390e+00 4.608266613280781243e+00
6.182652615435081600e+00 3.099445000705892017e+00 1.469647086436207450e+00
-9.858771793868227606e-02 3.098989510315150575e+00 3.041506281079540130e+00
3.043250552666934894e+00 1.528805402248278211e+00 4.611834171693301343e+00
9.908302723061282458e-02 6.325613652438318191e+00 3.242371075626766963e+00
4.812063185477907901e+00 3.184439108941316654e+00 1.019139138203691008e-01
1.669196683389896574e+00 4.755160018429598345e+00 9.971796902845492250e-02
1.471860466631707443e+00 -4.171880563537370967e-02 6.182142156489603302e+00
4.618004368477642174e+00 1.529463911616515182e+00 4.616166680408143819e+00
9.864603964395758651e-02 3.184351403794382307e+00 3.242145293670767092e+00
4.810702237577316964e+00 6.325332044094520434e+00 1.671005872784793622e+00
4.811173663952039270e+00 4.254929093222671599e-02 4.812676675338208199e+00
4.805558861864411391e+00 1.611541128094075459e+00 9.486219704055268154e-02
6.382987280080053338e+00 4.213873717819333758e-02 4.813342740245757589e+00
9.900173438679953086e-02 4.753223191347400345e+00 1.005092601526074297e-01
6.184674599874292689e+00 3.100323625816162387e+00 4.612330290480499251e+00
9.880577684264683913e-02 4.754934083965766334e+00 3.241689569155698170e+00
1.671069555085903602e+00 1.612446435047778293e+00 1.671844086422163533e+00
3.040609736672860830e+00 4.670085158717188101e+00 1.467309205616209367e+00
-1.002720435077390088e-01 6.241033574986574628e+00 4.610006107121890295e+00
3.240684502228631469e+00 6.325260306564311819e+00 1.007300961154575930e-01
9.978708594231779083e-02 4.753956291790561117e+00 1.672900449005834567e+00
3.040542436184476838e+00 4.668954621315104525e+00 1.467762487365494417e+00
1.668868834665818257e+00 4.753755582068720287e+00 4.812336591129729335e+00
6.184002274530158161e+00 1.528945353970543763e+00 1.469720582209506077e+00
4.810267746549899748e+00 1.612461078756675992e+00 3.241232220092353788e+00
6.184229116320990371e+00 3.099365583252286172e+00 4.612493894748441292e+00
4.611619520970139163e+00 6.240600021173526635e+00 3.039913891698753368e+00
3.240710797446339164e+00 4.255026662471571991e-02 4.812492112526334687e+00
1.471312199609219551e+00 1.528987106714218003e+00 1.469307492949924576e+00
4.810783146699285417e+00 4.754417117300963724e+00 6.382843727317358606e+00
1.473471078505134368e+00 -4.160225335238227490e-02 6.184750716655718961e+00
1.670210744205749220e+00 4.239726459042226364e-02 1.671139093091067007e+00
3.041741797554832871e+00 6.240783887343461345e+00 6.180987835864114821e+00
6.380922739625400020e+00 1.612976224670616299e+00 4.812744043934404914e+00
1.471618247125976442e+00 1.528431575916271878e+00 1.470183692084954918e+00
3.040684444232672590e+00 6.240229339086465821e+00 1.467814667791322192e+00
1.005882859750640845e-01 4.277512061797842519e-02 3.243611310407876314e+00
9.975246659952638484e-02 3.184876898683306923e+00 4.813477997586705470e+00
3.039465761134252375e+00 3.099046678717983117e+00 -1.011882831360998852e-01
6.183893445548001466e+00 1.527160216792313063e+00 4.611329511104275802e+00
6.185926593107008209e+00 -4.147142247779777441e-02 1.472257014034523026e+00
-9.932837605846973894e-02 -4.207527372309038255e-02 4.611683656672461495e+00
3.039876038099011968e+00 3.098611443938419807e+00 3.038741369067115450e+00
1.668623476804547812e+00 1.612512963395195786e+00 3.240646428861851280e+00
4.614870923718219942e+00 -4.168938109750463389e-02 1.471150170626731368e+00
3.240780737209394857e+00 1.612523861555601234e+00 3.242511523021271991e+00
9.931599401238382085e-02 3.183444844025430598e+00 1.670819352757628051e+00
3.043048901879688906e+00 1.528814824416322438e+00 4.612182168916304725e+00
1.671297902940640068e+00 4.154006101750326585e-02 1.022330644838881364e-01
3.240586432736706879e+00 1.613653672186333043e+00 1.671890989557210050e+00
1.471706496342333859e+00 -4.075289107846439413e-02 4.612749402536525878e+00
1.668852153147253548e+00 4.158116457796171700e-02 9.989735982878128473e-02
7.754887321014781953e+00 1.527176407943224179e+00 3.039249152027811984e+00
-1.001175369385018665e-01 3.098865454641477779e+00 6.181450829241535772e+00
3.043201840174543538e+00 3.099427151315242934e+00 1.472093620526202740e+00
1.011209832437185152e-01 4.755979682043688150e+00 3.243143088343725999e+00
1.467328766975586118e+00 1.527435508686227683e+00 6.178738840148924716e+00
4.617075756490205407e+00 1.529966151023528953e+00 1.473669681800609865e+00
1.006226792111785673e-01 1.613472129081678252e+00 6.385455089109845161e+00
1.470457360490416976e+00 -4.206973457868912886e-02 3.040474156918802517e+00
6.184223419510308517e+00 3.099465312780237625e+00 3.040926610739240754e+00
4.614373627393551835e+00 1.528068659675854368e+00 -9.996015782741413114e-02
3.042551948576723397e+00 1.528924018130362716e+00 1.470288675616918450e+00
9.760232547682091975e-02 3.183096692121480942e+00 3.239793791772447307e+00
1.470919702578532773e+00 4.670405799923075918e+00 1.469632129610627391e+00
9.875104550080412991e-02 4.201583058583381602e-02 1.671316263448715977e+00
4.813386005271066637e+00 4.316813239935014118e-02 4.815046924765006509e+00
-9.855971639741753498e-02 3.099109776705653019e+00 6.183176419412888869e+00
1.471371269002129667e+00 3.099344365721160344e+00 1.469652655585651946e+00
4.613927080864818286e+00 4.670302345202873795e+00 1.469666293204300977e+00
3.042389834443762542e+00 1.528191755123273099e+00 6.182099450646870942e+00
1.670302515809968691e+00 3.183573724965849117e+00 1.671538118941972018e+00
1.669361497611594913e+00 4.754549706384969099e+00 3.242154691414247836e+00
3.040747619314424721e+00 4.669399757866758094e+00 1.467590478697611278e+00
1.023021019246005692e-01 4.446467908103698269e-02 3.245429846648135719e+00
9.943894701107570955e-02 4.197068944492909209e-02 6.384259578108004263e+00
3.242570017875865851e+00 4.754977371743537518e+00 1.672002964326247287e+00
1.670713167560143653e+00 4.754253797403621640e+00 3.242271758146322291e+00
3.043476686694480016e+00 1.528912987143396629e+00 -9.871359203593874088e-02
1.471844586606259497e+00 3.100136013193475648e+00 1.470242496516789510e+00
1.009483832796172209e-01 1.613589075847998489e+00 1.030592987392008331e-01
1.668545938497422165e+00 4.215866729331723545e-02 4.812931993502384209e+00
1.668907423151114955e+00 4.212208937729258057e-02 1.670142890806209479e+00
-9.770192776820864344e-02 6.242066191668215858e+00 3.042629522324175717e+00
4.614717214693768277e+00 3.099103875381491235e+00 -9.977113943413300212e-02
6.182819721758452403e+00 4.669687910022656929e+00 6.181760849858265239e+00
3.043283231533989053e+00 3.100289557291635578e+00 1.471390491808505230e+00
3.240299019198708219e+00 3.184494173701138298e+00 1.671407677468654818e+00
3.046264461624967002e+00 4.671343738631837716e+00 -9.759311032282005915e-02
1.670153113427830460e+00 4.149947255312825406e-02 4.813092950759315869e+00
4.612988762998613268e+00 3.099882982293898248e+00 4.612163743290818907e+00
6.183586765237423677e+00 3.099847212102880167e+00 3.040011669353938295e+00
4.615255549086261233e+00 1.529885221644132764e+00 1.471168983522075591e+00
-9.673115072358896838e-02 4.671295146259968334e+00 4.613181266829494476e+00
6.185178522083130126e+00 6.241594046067259427e+00 6.183304449810260728e+00
3.242470431495823924e+00 4.755652978851453661e+00 3.245377807104647960e+00
4.714056827670320082e+00 4.713169454463146835e+00 1.023977971733878393e-03
6.383032152527428060e+00 4.147462726441097230e-02 1.672625505581680327e+00
3.044935087550065145e+00 3.099239125727333288e+00 6.185581786456403997e+00
4.612096650535261411e+00 4.670358763056310814e+00 6.181458497840274902e+00
3.042926782147557407e+00 6.241429859909908728e+00 4.611923694442714883e+00
6.183686130966373540e+00 3.099532991631960943e+00 1.469843538877299016e+00
1.670151314022409350e+00 4.754208031862243722e+00 4.812355336483343571e+00
6.183862576505681830e+00 4.670353028580016996e+00 1.470272728686859542e+00
6.186136268681741157e+00 4.671857015786049061e+00 6.184693458212195516e+00
4.612732818085456543e+00 1.528025225626481687e+00 1.470718060457942844e+00
9.909965139378251742e-02 4.754124118359102980e+00 9.994457948293322680e-02
4.614345262414551563e+00 4.670630597918939308e+00 -9.985604703746812916e-02
1.669229843964743276e+00 3.183267395022246316e+00 3.241329851342243717e+00
3.042053417521030756e+00 -4.190051654132411624e-02 3.041044556062344029e+00
4.616756345841875664e+00 3.099913047863633864e+00 1.471629666251669910e+00
4.610849687340969894e+00 6.240116878023345137e+00 4.609045012462395619e+00
-9.913510094600665179e-02 6.241653090114631652e+00 6.181750116149484775e+00
4.614922251602623149e+00 1.528899870776095238e+00 4.612571430674821116e+00
1.471815821459184770e+00 3.099243561969051264e+00 1.469676498019808042e+00
1.670628187775171192e+00 4.754468824354598944e+00 1.671734807148998359e+00
6.382547807080651836e+00 3.182693087186535763e+00 3.241626636813471851e+00
9.650564462752100892e-02 4.753657220447901288e+00 4.810148531807320715e+00
4.612137307014984700e+00 4.670101090835949265e+00 3.039951359163780342e+00
3.240682179396573659e+00 3.183826502306886574e+00 4.812265528562982730e+00
4.615453163761206845e+00 1.529879229435720411e+00 3.043619068604250355e+00
3.240260785717425041e+00 4.754458472055742568e+00 4.812976536404521610e+00
1.667283867031702060e+00 1.611682893533198380e+00 1.669152570359123455e+00
4.612644625686796118e+00 -4.270355599776740063e-02 1.469306300612960525e+00
4.811588179583847769e+00 6.326392863029992597e+00 1.671808889097007533e+00
1.015236043385375486e-01 1.612638547770110842e+00 4.814679015402353102e+00
3.040697940370686858e+00 6.240064488242593299e+00 3.039027528366837316e+00
1.668616192140970789e+00 4.754665750972722371e+00 1.670044219603381563e+00
6.383874687181206653e+00 4.755198173862265953e+00 4.814942357845969134e+00
3.241785856522588993e+00 1.614016124053224921e+00 6.384623245464879915e+00
6.381959712484652769e+00 1.612201182463179672e+00 4.812224428053879066e+00
-9.873501696859861287e-02 -4.223352721487121791e-02 6.183058246029687233e+00
3.039244434642795145e+00 4.668980692449897774e+00 3.036499836985466327e+00
3.239778954495807106e+00 3.183367943637801289e+00 3.241420234216617846e+00
4.609197617759092758e+00 3.099103989959580918e+00 4.605720404578605987e+00
1.001659401517808051e-01 1.613542171390226487e+00 6.384687507657611505e+00
9.955362486699791125e-02 3.183827130328229504e+00 3.242828566644919253e+00
3.042677771483403237e+00 1.528580973706069379e+00 1.470780667175781042e+00
4.614731042542582706e+00 4.670904375424955290e+00 1.471154417513642620e+00
3.042642326318213630e+00 1.528318328237457502e+00 1.470949792424298463e+00
4.612017183216479133e+00 6.238551976782440889e+00 6.180308654041402505e+00
3.041520191959723007e+00 1.528177790852953022e+00 6.181690584339293970e+00
3.244109902081418806e+00 3.187164154910306912e+00 1.008716416427921370e-01
9.822623427854895728e-02 1.612710607762267934e+00 4.813565400949471496e+00
6.182250246538162131e+00 3.097946844143494083e+00 1.468010361907914785e+00
1.000866425155303718e-01 1.613385703146632322e+00 1.671626841535570174e+00
4.613249598264831164e+00 4.670194015018233280e+00 1.470232956835597848e+00
1.668961341973774548e+00 3.182923511592755883e+00 9.917625537158503146e-02
1.472185803773322865e+00 3.099727020828474622e+00 1.470933070503309459e+00
4.611664064151253406e+00 1.527997306738332783e+00 6.180998632501029988e+00
4.810524441062280054e+00 4.267557296571733438e-02 4.812043529459605118e+00
6.184880058652520773e+00 1.529002606304773026e+00 4.612662773113290093e+00
3.245529428295917285e+00 1.616055005060512917e+00 4.819155693935994300e+00
4.611006892843738214e+00 -4.218989474386806299e-02 1.468425247515048548e+00
-9.920725042274773642e-02 4.670199710981009389e+00 6.182946141759457781e+00
4.813262498577145720e+00 4.755618226939419380e+00 4.814185928461132136e+00
3.043096433216962993e+00 1.528966047935660377e+00 3.042081631139727183e+00
4.613265157986495169e+00 -4.175377485570794245e-02 4.611571997884706064e+00
1.471906403091731486e+00 6.240532758343399600e+00 3.041290030011532863e+00
6.383026900145022609e+00 3.183664674127816507e+00 1.017354728528335056e-01
3.043422618478019981e+00 4.670168365771663055e+00 6.181717206330951342e+00
3.240879684853220422e+00 6.325979684340255815e+00 1.020614490111208528e-01
1.669478245496210489e+00 1.612884025983418290e+00 9.990484721781182909e-02
6.383455291859056580e+00 3.184353540477363520e+00 4.813681835889028982e+00
1.471756037105195869e+00 1.528661981420043281e+00 6.182524417342108336e+00
1.001211988920702872e-01 4.754627463502723472e+00 6.386101097497122403e+00
4.811860169693972900e+00 4.754986571097498782e+00 1.671340109739955837e+00
6.183165991974894915e+00 1.528799967761333090e+00 4.610835665230698766e+00
9.704303108787104559e-02 1.612769346454486996e+00 3.239634571341578173e+00
1.468753359493155886e+00 3.098938894886886342e+00 4.609724397269611806e+00
3.241211576424833041e+00 3.183475446705224865e+00 3.242390794403067655e+00
3.043343298732659186e+00 4.670908995306767508e+00 3.043561929526507281e+00
1.471375751220538985e+00 3.100270971896587291e+00 4.611987250876051547e+00
1.668643883612028311e+00 4.194322043180723214e-02 4.812289457218321687e+00
6.184753971976315157e+00 1.528489735416530326e+00 6.183561854785029510e+00
1.473294963535741520e+00 4.671126887286487062e+00 -9.970108511841364873e-02
4.817765387364008944e+00 3.186755762342186049e+00 4.817487173181222992e+00
6.181986306223840266e+00 4.668948075008830578e+00 6.180588170228859646e+00
6.382122529730508198e+00 3.183674236903380805e+00 1.009734059665416267e-01
1.668291223837735204e+00 3.183597991929316251e+00 4.811885135849039763e+00
6.179985923707167039e+00 4.670527932940982119e+00 6.178108646311538443e+00
9.920710369168801723e-02 3.184333545011183819e+00 1.009390666632143108e-01
1.472286111466144298e+00 4.670849910394808902e+00 3.041428695526673387e+00
3.240259475548318058e+00 4.753227771665044621e+00 4.811138520090711523e+00
4.611300823538309501e+00 1.527367411956010557e+00 3.039586144452519623e+00
1.472499132565018964e+00 1.528293038987881269e+00 3.041667756133526801e+00
3.241640515939630429e+00 4.753650580062667608e+00 3.244122650421971787e+00
1.669923989101947059e+00 1.613080698207966623e+00 6.384178033800565366e+00
1.670050889003258821e+00 4.754094510272946827e+00 4.813376671041285526e+00
4.614733033428877640e+00 1.529474665576592285e+00 1.471583223380911409e+00
1.670143476263383109e+00 4.754636908323737643e+00 1.005290723304634315e-01
1.468602869993921534e+00 1.527902061248097576e+00 3.037636808236377384e+00
1.668927694244043192e+00 3.183317426341572443e+00 3.240290385248376204e+00
3.042719104584195033e+00 4.670207690730059369e+00 4.611585986320457131e+00
6.184344463580503160e+00 -4.074928752704458368e-02 4.611894005379798323e+00
3.241477487801665447e+00 1.613125670667952205e+00 1.672172122232450597e+00
1.670575047622627984e+00 4.278825779293686515e-02 4.814215779648221449e+00
6.381670233251182545e+00 1.613463346083724881e+00 1.001660155671945801e-01
3.239779053015662047e+00 3.183294882973978890e+00 3.241084812864727382e+00
9.999909691358745134e-02 3.183597468724367996e+00 1.006696058784874726e-01
4.613409954377821087e+00 3.099572357497673014e+00 4.612917398930255430e+00
4.612977282481541152e+00 1.528205422690070092e+00 4.611323842793573213e+00
6.182081532848428651e+00 4.668934762010639616e+00 4.609104149024367381e+00
3.240842962830560392e+00 4.755178680008400605e+00 3.242934166092593884e+00
6.185420164470039950e+00 1.528647213479301437e+00 1.471702795163885691e+00
