-2.728410666435956866e+00
-5.756941337883472620e+00
-5.756958445906639632e+00
-5.756930711865424044e+00
-5.756960996985434065e+00
-5.756903682649135767e+00
-2.728413002938032239e+00
-5.756925286352633897e+00
-2.728411909192800078e+00
-5.756948134303091713e+00
-2.728411641716957270e+00
-5.756963495910168760e+00
-5.756969764828681946e+00
-5.756900182366370800e+00
-2.728412006795406075e+00
-5.756964190304278084e+00
-5.756958808004855932e+00
-5.756912952661513927e+00
-2.728411285579204648e+00
-2.728409393876791711e+00
-5.756915014982223688e+00
-5.756966489553451360e+00
-5.756907048821449102e+00
-2.728407394140958342e+00
-5.756965951621532795e+00
-5.756968587636947632e+00
-5.756913894414902089e+00
-5.756914149224758859e+00
-2.728409772366285679e+00
-2.728412880748510183e+00
-5.756822782754899670e+00
-5.756964455544947512e+00
-2.728409898281097590e+00
-2.728408958762884140e+00
-5.756950229406357700e+00
-5.756951871514320196e+00
-5.756964804232121757e+00
-5.756870397925376359e+00
-5.756963048875332056e+00
-5.756969073414802907e+00
-5.756885246932506917e+00
-5.756951473653317386e+00
-2.728413084894418805e+00
-5.756959673762321650e+00
-5.756967441737651292e+00
-5.756845332682131833e+00
-5.756964208185673115e+00
-5.756939555704594369e+00
-2.728411765396594912e+00
-5.756965881586074474e+00
-2.728411963582038524e+00
-5.756967242062092538e+00
-5.756963641941545973e+00
-5.756453695893288369e+00
-5.756954678893088762e+00
-5.756952531635761261e+00
-2.728408518433570684e+00
-2.728410135209560661e+00
-5.756900320947170968e+00
-2.728411313891410561e+00
-5.756945748627185111e+00
-5.756966194510459545e+00
-2.728412356972694575e+00
-5.756330503523350295e+00
-5.756946291029453100e+00
-5.756880608201027094e+00
-5.756965667009353638e+00
-5.756921364367008742e+00
-5.756944085657595522e+00
-5.756960341334342424e+00
-5.756921584904193701e+00
-2.728407296538353233e+00
-5.756922516226768316e+00
-5.756947106122972002e+00
-5.756963479518889315e+00
-2.728411922603845685e+00
-2.728408973664045334e+00
-5.756944079697133176e+00
-2.728411935269832611e+00
-2.728399970382452189e+00
-5.756957969069482317e+00
-2.728413058072328479e+00
-2.728411776572465364e+00
-5.756971825659274344e+00
-5.756958861649036585e+00
-5.756954704225063502e+00
-5.756954866647721047e+00
-5.756580430269241155e+00
-5.756924268603325068e+00
-2.728410538285970688e+00
-5.756825023889541981e+00
-5.756806455552578861e+00
-2.728409432619809838e+00
-5.756953172385691708e+00
-5.756960824131965637e+00
-5.756945930421352386e+00
-5.756897285580635071e+00
-5.756947308778762817e+00
-5.755669642984867274e+00
-5.756965778768061703e+00
-5.756951704621315002e+00
-5.756962804496288832e+00
-5.756941679120064492e+00
-5.756969843804836451e+00
-5.756827791035175501e+00
-5.756957873702049255e+00
-5.756959164142608110e+00
-2.728408034145832328e+00
-5.756912742555141627e+00
-5.756964206695556641e+00
-5.756779140233992287e+00
-5.756953534483909785e+00
-5.756948357820511397e+00
-5.756962206959724604e+00
-2.728411833941936315e+00
-5.756947568058968123e+00
-5.756891240179538904e+00
-5.756932078301908007e+00
-5.756947420537471771e+00
-2.728411328047514406e+00
-2.728408171236514690e+00
-5.756937287747859955e+00
-5.756963053345679704e+00
-5.756957367062568665e+00
-5.756943956017494202e+00
-5.756965926289558055e+00
-5.756956918537617263e+00
-2.728412139415740789e+00
-5.756966681778431294e+00
-5.756957900524139582e+00
-5.756962653994560419e+00
-2.728413067013025550e+00
-5.756967505812644603e+00
-5.756912483274937209e+00
-2.728412850201130002e+00
-5.756964291632175268e+00
-2.728412286937237141e+00
-2.728410588204859710e+00
-2.728408619761466980e+00
-2.728410950303077787e+00
-5.756900025904179152e+00
-5.756940467655659255e+00
-5.756966216862202224e+00
-2.728408934921026319e+00
-2.728411874175070917e+00
-5.756946027278900146e+00
-5.756959401071071625e+00
-5.756955035030842716e+00
-2.728411959856748226e+00
-5.756955377757548398e+00
-2.728410674631596144e+00
-5.756961522996425273e+00
-5.756929165124893721e+00
-5.756963860988618009e+00
-5.756963527202605846e+00
-5.756948208808897682e+00
-5.756965535879134066e+00
-5.756967471539974568e+00
-5.756941466033457466e+00
-5.756939962506295139e+00
-2.728411728143691928e+00
-5.756835998594762138e+00
-5.756965084373949715e+00
-5.756957563757895358e+00
-5.756929743289947332e+00
-5.756911337375639981e+00
-2.728410261124371683e+00
-5.756934246420859935e+00
-2.728413224220275879e+00
-5.756919530034064536e+00
-5.756822538375854670e+00
-5.756932033598423537e+00
-2.728411740809679298e+00
-5.756857694685459492e+00
-5.756848572194576796e+00
-5.756868053972721277e+00
-5.756935644149780096e+00
-5.756961418688296916e+00
-2.728412015736102703e+00
-5.756946815550328722e+00
-5.756962773203849970e+00
-5.756620432436466039e+00
-5.756963695585727514e+00
-5.756938041746616719e+00
-5.756880041956901728e+00
-5.756965582072735010e+00
-2.728410853445530027e+00
-5.756938606500624722e+00
-5.756795485317706351e+00
-5.756962260603904369e+00
-2.728409221023321063e+00
-5.756966397166251248e+00
-2.728412202745675419e+00
-5.756849445402621335e+00
-2.728409956395625890e+00
-5.756913730502128068e+00
-5.756922204792499720e+00
-5.756957462430000838e+00
-5.756963385641574504e+00
-5.756957194209100237e+00
-2.728410119563340785e+00
-5.756910942494869232e+00
-5.756962393224239527e+00
-5.756964077055454432e+00
-5.756825712323188959e+00
-5.756958398222923101e+00
-5.756966680288313043e+00
-5.756948113441467285e+00
-5.756897281110286535e+00
-2.728410960733890001e+00
-5.756946200132370350e+00
-5.756912766396997228e+00
-2.728411404788494199e+00
-5.756963802874087932e+00
-2.728410236537456512e+00
-5.756822490692138139e+00
-5.756947022676468073e+00
-5.756831590831279932e+00
-5.756957198679447885e+00
-5.756968514621257249e+00
-2.728412486612796783e+00
-2.728409118950366974e+00
-5.756843559443950653e+00
-5.756954400241374614e+00
-5.756949989497660347e+00
-5.756866419315338490e+00
-5.756927688419819056e+00
-5.756956289708614172e+00
-5.756972418725490925e+00
-5.756966574490070876e+00
-2.728409872949124182e+00
-5.756973192095755643e+00
-5.756945934891701810e+00
-5.756947399675846455e+00
-2.728409319370985298e+00
-5.756875903904438374e+00
-5.756962390244006578e+00
-5.756833387911319377e+00
-5.756852765381336390e+00
-5.756940971314907785e+00
-5.756950470805168862e+00
-5.756925126910211077e+00
-5.756647840142249173e+00
-5.756946341693401692e+00
-2.728413009643554599e+00
-5.756916274130344569e+00
-2.728411949425936012e+00
-5.756892678141594111e+00
-2.728413483500480741e+00
-5.756962896883487169e+00
-5.756931009888649697e+00
-2.728410635888575797e+00
-5.756957995891570867e+00
-5.756949245929718018e+00
-5.756958112120629245e+00
-2.728410414606332601e+00
-5.756962363421916251e+00
-5.756956234574318820e+00
-5.756957024335861206e+00
-5.756963241100311990e+00
-5.756967870891094741e+00
-5.756965018808841705e+00
-5.756900547444821825e+00
-5.756946101784706116e+00
-5.756962612271308899e+00
-5.756959487497806727e+00
-5.756964556872844696e+00
-5.756967438757418343e+00
-2.728408984839915785e+00
-2.728410140424966546e+00
-5.756908299028873799e+00
-2.728411512076855061e+00
-5.756878635287285384e+00
-5.756963114440440954e+00
-5.756964887678623910e+00
-2.728412894159555346e+00
-5.756970773637294592e+00
-5.756961587071419473e+00
-5.756956736743449987e+00
-5.756673656404017514e+00
-5.756826776266097845e+00
-5.756949917972086439e+00
-5.756963853538034748e+00
-5.756971065700054346e+00
-5.756947949528695929e+00
-5.756963102519510933e+00
-5.756969235837459564e+00
-5.756934273242949374e+00
-5.756946609914302293e+00
-2.728410422801971436e+00
-2.728406573086977094e+00
-5.756945642828942056e+00
-2.728413197398185996e+00
-2.728411677479743336e+00
-5.756959205865859630e+00
-5.756956782937051820e+00
-5.756939986348150740e+00
-5.756824287027121123e+00
-2.728411787748336703e+00
-5.756958028674125316e+00
-5.756958141922951633e+00
-5.756958641111850739e+00
-5.756964439153671620e+00
-5.756974270939825722e+00
-5.756966650485992432e+00
-5.756924366950988414e+00
-5.756965331733225888e+00
-5.756971034407615484e+00
-5.756912545859814045e+00
-5.756967385113238578e+00
-5.756910592317582065e+00
-5.756958612799644825e+00
-5.756943467259406866e+00
-5.756935089826584750e+00
-5.756960920989514285e+00
-5.756965690851211903e+00
-5.756834240257740376e+00
-5.756956373155116324e+00
-5.756961756944655839e+00
-5.756947101652622578e+00
-5.756960970163344626e+00
-5.756963197886943107e+00
-5.756947328150271659e+00
-5.756837615370749894e+00
-5.756891322135926359e+00
-5.756897588074206595e+00
-5.756961311399936498e+00
-2.728408401459456289e+00
-5.756966927647590992e+00
-5.756935989856719615e+00
-5.756968548893928173e+00
-2.728410052508115857e+00
-5.756960301101209154e+00
-5.756964527070522308e+00
-5.756961111724375080e+00
-5.756975452601909460e+00
-5.756961537897586467e+00
-5.756851635873316830e+00
-5.756962217390536374e+00
-5.756966701149939247e+00
-5.756953372061253127e+00
-5.756935754418374351e+00
-5.756966954469681319e+00
-2.728413019329309464e+00
-5.756948108971118749e+00
-5.756961442530156070e+00
-2.728411405533552880e+00
-5.756965720653532514e+00
-5.756961759924887900e+00
-5.756844748556613212e+00
-5.756941382586955314e+00
-5.756920127570628765e+00
-5.756944403052330017e+00
-5.756932048499583843e+00
-5.756955201923847021e+00
-5.756963466107845484e+00
-5.756838051974773052e+00
-5.756834265589713340e+00
-5.756966204941272203e+00
-5.756886246800423379e+00
-5.756956370174885151e+00
-5.756959973275661113e+00
-5.756973077356814628e+00
-5.756892944872380014e+00
-5.756963007152080536e+00
-5.756830586493013158e+00
-5.756953562796116586e+00
-5.756943030655383708e+00
-5.756954947113992027e+00
-5.756968259811401367e+00
-5.756931690871715190e+00
-5.756971666216850636e+00
-5.756918618082999650e+00
-5.756951563060284549e+00
-5.756955285370349173e+00
-2.728408004343509941e+00
-5.756823239475488130e+00
-2.728408443182706922e+00
-5.756834127008914948e+00
-5.756966373324394759e+00
-5.756938055157662326e+00
-5.756953638792037253e+00
-5.756957055628300068e+00
-5.756966066360474699e+00
-5.756953933835029069e+00
-2.728413000702857971e+00
-2.728408983349800199e+00
-5.756835147738456726e+00
-5.756929126381873374e+00
-2.728412045538425090e+00
-5.756960918009281336e+00
-5.756955333054066593e+00
-5.756961719691753743e+00
-5.756948176026342345e+00
-2.728410695493221017e+00
-5.756972254812717793e+00
-5.756973288953303403e+00
-5.756958064436911826e+00
-2.728412781655789043e+00
-5.756907619535923892e+00
-5.756961598992347717e+00
-5.756934587657450919e+00
-2.728409215062856497e+00
-5.756967306137084961e+00
-5.756591628491877444e+00
-5.756966455280780437e+00
-5.756920380890369060e+00
-2.728411965072154555e+00
-5.756973615288735857e+00
-2.728413203358650119e+00
-5.756965667009353638e+00
-5.756964835524558843e+00
-5.756964391469956865e+00
-5.756962518393993200e+00
-5.756939683854579215e+00
-2.728411898016929626e+00
-2.728408779948949814e+00
-5.756934970617293423e+00
-5.756973531842230152e+00
-5.756896059215069528e+00
-5.756869973242282335e+00
-5.756951673328877028e+00
-5.756939347088337655e+00
-2.728413136303425190e+00
-2.728409089148044142e+00
-2.728411316871643066e+00
-5.756898258626462095e+00
-2.728410650789737435e+00
-2.728411231189967090e+00
-5.756939299404621124e+00
-5.756821745634079335e+00
-2.728407339006662546e+00
-5.756937816739082336e+00
-5.756886908411979142e+00
-5.756826525926589611e+00
-5.756829378008842646e+00
-2.728411564975976589e+00
-5.756967034935952299e+00
-2.728411272913217278e+00
-5.756969560682772880e+00
-5.756861223280430373e+00
-2.728411622345447984e+00
-5.756944657862187675e+00
-5.756959979236126124e+00
-5.756868667900562286e+00
-5.756965450942516327e+00
-5.756959159672260462e+00
-2.728409964591264725e+00
-5.756872238218783799e+00
-5.756962421536446328e+00
-5.756955346465110424e+00
-5.756970903277395912e+00
-5.756963501870631994e+00
-5.756824111938477984e+00
-2.728408619016408743e+00
-2.728411374241113574e+00
-5.756827023625373130e+00
-5.756965421140193939e+00
-2.728411220014094862e+00
-5.756920871138572871e+00
-5.756964869797229767e+00
-2.728412085026503231e+00
-2.728409165889025267e+00
-5.756935769319533769e+00
-5.756949520111084517e+00
-2.728411620110273272e+00
-5.756956012547016499e+00
-5.756924547255039215e+00
-5.756972004473207782e+00
-5.756944052875041073e+00
-5.756957833468914210e+00
-5.756932015717030282e+00
-5.756966382265090942e+00
-2.728411990404128851e+00
-2.728408106416464030e+00
-5.756864382326603469e+00
-5.756936757266521987e+00
-5.756926505267620620e+00
-5.756972588598728180e+00
-5.756869529187678580e+00
-5.756965912878512448e+00
-5.756940768659114305e+00
-5.756965464353561046e+00
-2.728410182148218510e+00
-5.756964258849621707e+00
-5.756961798667907360e+00
-2.728409300744533805e+00
-5.756965985894202831e+00
-2.728410267829894931e+00
-2.728413000702857527e+00
-5.756800961494446867e+00
-2.728413252532482236e+00
-5.756960447132586367e+00
-5.756961417198181330e+00
-5.756978553533554255e+00
-5.756877742707730228e+00
-2.728409466147422524e+00
-2.728411085158587213e+00
-5.756958925724029896e+00
-2.728409145772456856e+00
-5.756713923811910938e+00
-5.756964763998984935e+00
-2.728411763161421089e+00
-5.756886750459671021e+00
-2.728408209234475912e+00
-5.756950914859772617e+00
-5.756876192986966068e+00
-5.756959365308285115e+00
-2.728411772847175065e+00
-5.756826096773147050e+00
-5.756961557269097085e+00
-5.756955410540103735e+00
-5.756238703429698234e+00
-5.756968387961387990e+00
-5.756967191398143946e+00
-5.756950274109839505e+00
-5.756948094069958444e+00
-5.756913420557975947e+00
-5.756933721899986089e+00
-2.728411832451820285e+00
-5.756843426823615495e+00
-2.728407698124647229e+00
-2.728412421047687442e+00
-2.728410139679908752e+00
-5.756964290142059681e+00
-5.756890735030173900e+00
-5.756965944170951310e+00
-5.756967972218989260e+00
-5.756959822773932700e+00
-5.756965145468711853e+00
-5.756962461769579598e+00
-5.756971089541911724e+00
-5.756954221427440288e+00
-5.756957609951495414e+00
-5.756843107938766302e+00
-5.756858401000499725e+00
-2.728409888595342725e+00
-5.756950739026069463e+00
-5.756955461204051439e+00
-2.728411452472209842e+00
-2.728409995883702699e+00
-5.756964927911758068e+00
-5.756907263398170826e+00
-5.756965146958826551e+00
-5.756966438889503657e+00
-5.756964707374571333e+00
-5.756950345635414301e+00
-5.756948831677436651e+00
-5.756937454640866925e+00
-5.756960822641849163e+00
-5.756962156295776012e+00
-5.756960780918599418e+00
-2.728409314900637206e+00
-5.756901822984218597e+00
-5.756948707997798564e+00
-5.756946876645087308e+00
-5.756960147619247792e+00
-2.728408791124821153e+00
-5.756895186007022325e+00
-2.728412012010812848e+00
-2.728412029147147866e+00
-5.756922979652882688e+00
-5.756938253343106382e+00
-5.756936138868332442e+00
-5.756888628005982333e+00
-5.756948968768119457e+00
-5.756962002813815538e+00
-2.728412303328513921e+00
-5.756965214014053700e+00
-2.728411172330379220e+00
-5.756964863836764756e+00
-5.756970557570458169e+00
-5.756963504850864055e+00
-5.756909841299057362e+00
-5.756958124041557490e+00
-5.756968212127685725e+00
-2.728411981463432223e+00
-5.756942069530485817e+00
-5.756966702640055722e+00
-5.756953100860119577e+00
-5.756967899203299766e+00
-5.756948192417621790e+00
-5.756964875757693889e+00
-5.756934306025504711e+00
-5.756831455230712713e+00
-5.756531694531441090e+00
-5.756852160394191564e+00
-2.728411791473627002e+00
-2.728411529213190079e+00
-2.728411279618739638e+00
-5.756907446682452800e+00
-5.756973567605018438e+00
-5.756968469917775444e+00
-5.756947636604309082e+00
-5.756767915189267448e+00
-2.728412535041571108e+00
-5.756777811050414861e+00
-5.756961943209171650e+00
-5.756954726576806181e+00
-5.756910373270510917e+00
-5.756963570415972953e+00
-5.756907759606838759e+00
-2.728410739451646361e+00
-5.756893597543239594e+00
-5.756845845282077434e+00
-5.756945860385894065e+00
-2.728412114083766049e+00
-5.756896476447582067e+00
-5.756948634982109958e+00
-5.756813667714596683e+00
-5.756951090693473105e+00
-5.756961579620837099e+00
-5.756962008774280548e+00
-2.728409471362828853e+00
-5.756960102915763322e+00
-5.756958559155463284e+00
-5.756852868199349160e+00
-5.756946289539337513e+00
-5.756956984102726160e+00
-5.756950762867927729e+00
-5.756823492050170188e+00
-5.756931968033312863e+00
-5.756827431917189486e+00
-5.756949116289615809e+00
-5.756968358159066490e+00
-2.728409004956483752e+00
-5.756947468221186526e+00
-5.756968773901462555e+00
-5.756802017986775155e+00
-5.756965276598930537e+00
-5.756929415464402844e+00
-5.756953033804893316e+00
-2.728411433100700112e+00
-5.756974208354949774e+00
-5.756951630115509033e+00
-5.756947225332258888e+00
-5.756958742439747034e+00
-5.756956163048744024e+00
-5.756968978047371621e+00
-5.756968975067137784e+00
-5.756940576434135259e+00
-5.756961560249327370e+00
-5.756945082545279924e+00
-5.756961706280708135e+00
-5.756917753815650407e+00
-2.728410477936268119e+00
-5.756858596205711720e+00
-5.756620757281779355e+00
-2.728412982821465160e+00
-5.756962446868419292e+00
-5.756953755021094743e+00
-5.756963095068931224e+00
-5.756968763470649897e+00
-2.728411627560854313e+00
-5.756971631944180601e+00
-5.756939274072648161e+00
-5.756960354745388031e+00
-5.756968560814856417e+00
-5.756958293914793856e+00
-5.756966155767440085e+00
-5.756910568475723800e+00
-5.756965383887291843e+00
-5.756970860064028805e+00
-5.756928557157516835e+00
-5.756963314116000596e+00
-5.756966863572597681e+00
-2.728410532325506122e+00
-5.756960974633693162e+00
-5.756894725561140902e+00
-5.756947119534015833e+00
-5.756962767243384071e+00
-5.756959103047847748e+00
-5.756960272789000577e+00
-5.756963896751404519e+00
-5.756923331320286330e+00
-5.756944173574447099e+00
-5.756964734196663436e+00
-5.756920246779918315e+00
-2.728396523743868318e+00
-5.756817367672920405e+00
-5.756964948773385160e+00
-5.756960469484329046e+00
-5.756958884000778376e+00
-5.756952616572381665e+00
-5.756958429515361075e+00
-5.756970719993113050e+00
-5.756961892545223058e+00
-5.756963866949082131e+00
-2.728410524874925525e+00
-5.756960317492485935e+00
-2.728411982953548254e+00
-2.728411138802766978e+00
-5.756914068758487879e+00
-5.756926961243151730e+00
-5.756971216201782759e+00
-5.756946076452732264e+00
-5.756647786498070296e+00
-2.728409899026155383e+00
-5.756969533860681665e+00
-5.756949229538440349e+00
-5.756864301860331601e+00
-5.756933861970901845e+00
-5.756964652240276870e+00
-5.756967812776565552e+00
-5.756702493131160558e+00
-5.756969347596169406e+00
-5.756949180364609120e+00
-5.756943131983279116e+00
-2.728413148224353879e+00
-5.756967450678348364e+00
-5.756959776580333532e+00
-5.756958220899105250e+00
-2.728412058949470254e+00
-5.756915083527564647e+00
-5.756869627535342815e+00
-5.756964562833307930e+00
-5.756933288276196770e+00
-5.756966632604599177e+00
-2.728411550074815839e+00
-2.728411424905061722e+00
-5.756462046504021046e+00
-5.756839437782764080e+00
-2.728407917916774839e+00
-5.756959351897240396e+00
-5.756880988180638425e+00
-5.756838738918303555e+00
-5.756963634490966264e+00
-2.728407968580723431e+00
-5.756968994438647513e+00
-5.756866939365862912e+00
-5.756956079602240983e+00
-5.756962604820728302e+00
-5.756912915408610942e+00
-5.756962342560290935e+00
-2.728411441296338946e+00
-2.728410249203443438e+00
-5.756958982348443499e+00
-5.756905336678028284e+00
-5.756768155097962136e+00
-5.756964047253132044e+00
-5.756954102218151625e+00
-5.756954647600650787e+00
-5.756954747438430608e+00
-5.756967282295226696e+00
-5.756839667260646110e+00
-5.756925852596760151e+00
-2.728410335630178096e+00
-5.756955933570862882e+00
-5.756963780522347029e+00
-5.756890729069708890e+00
-2.728411084413528975e+00
-5.756950452923774719e+00
-5.756956595182418646e+00
-5.756827917695045649e+00
-5.756948480010033009e+00
-5.756937246024608434e+00
-5.756934118270873313e+00
-2.728413195163011729e+00
-5.756922101974487838e+00
-5.756960290670394720e+00
-5.756966646015643896e+00
-5.756967461109161910e+00
-5.756863009929656272e+00
-5.756960454583168740e+00
-2.728411855548619869e+00
-2.728411175310611725e+00
-5.756972731649875108e+00
-5.756950606405734305e+00
-2.728407401591539383e+00
-5.756966452300547488e+00
-2.728410896658898022e+00
-5.756958453357220229e+00
-5.756843355298042475e+00
-2.728411187976598651e+00
-5.756960073113440934e+00
-2.728409014642238617e+00
-5.756853455305098954e+00
-5.756946927309035900e+00
-5.756875212490557558e+00
-2.728410760313272121e+00
-2.728407704830169589e+00
-5.756872510910033824e+00
-5.756977374851701690e+00
-5.756901605427265700e+00
-5.756950761377811254e+00
-5.756740537285804926e+00
-5.756821213662624892e+00
-5.756964661180973053e+00
-5.756966200470925443e+00
-5.756941601634025574e+00
-2.728412577509880421e+00
-5.756913961470127461e+00
-5.756948310136793978e+00
-5.756956395506859003e+00
-5.756862245500088626e+00
-5.756958793103693850e+00
-5.756876759231089657e+00
-5.756966860592365620e+00
-5.756966346502303544e+00
-5.756970210373400398e+00
