2.268884017654948071e+00 9.598915527369841216e-01
3.889840381903800104e+00 1.786596550558867458e+00
1.526787316731402333e+00 5.068489185045089718e-01
4.699171223637198302e+00 4.547671528135039054e+00
2.909781582120483989e+00 3.041767661100061471e+00
4.331753345434759872e+00 4.138297863383633590e+00
5.238234143316825353e+00 5.229307436805715525e+00
1.685021230822413285e+00 5.610980645851543436e+00
5.666143961055564837e+00 2.614551445503792593e+00
6.698247833048163180e-01 3.427754875167444926e+00
7.616110817548611411e-01 2.571258439094997073e+00
2.114489648627529750e+00 5.923132076400927204e+00
5.476926589909854037e-01 2.463126360781198732e-01
3.609616823354133253e+00 3.202895258785924959e+00
4.381837439541666157e+00 7.369764158933904685e-01
3.205534003909633611e+00 5.972950473105196778e+00
6.252104914285436799e+00 2.902521523988098040e-01
3.551410903274991426e+00 6.208736506169253211e+00
8.432371677893040207e-01 2.241079479037236588e+00
5.612304840262023475e+00 3.682844414896631058e+00
2.872366317214514186e+00 1.276921252913754579e+00
3.897278191250330703e+00 6.249139915809417190e+00
1.905419039251519953e-01 9.402539752233991799e-02
2.076085252055821950e+00 5.654267364111964511e-01
3.309540555931946293e-01 1.421627804644006510e+00
5.194428688169800523e+00 6.080079232594145289e+00
3.087502761778229687e-01 4.468378636752802002e+00
2.130969933035773423e+00 4.720709038774884014e+00
5.345797465288193884e+00 5.206065348757602962e+00
7.198402123081977244e-01 2.644272418634908139e-01
6.043210631564010171e+00 3.454259679917167869e+00
2.832057860075702038e+00 1.238141843935496755e+00
5.515225726732899680e-01 8.527657274710954693e-01
4.614928082779573559e-01 3.920246284311791118e+00
5.445418843041641921e+00 3.534240616309900052e+00
1.484923686207468618e+00 5.452598481506623074e-01
1.323598733617252332e+00 1.675536057196497897e+00
6.271188755311722041e+00 3.814338560783400389e+00
1.450698615467204688e-01 4.765465371653102800e+00
4.539095899046131422e+00 3.984361436438031312e+00
4.907843625520473374e+00 3.221799771535239110e+00
1.756352131022954177e+00 4.425927210618369578e+00
9.377950445490519371e-01 4.081969570154591942e+00
3.205533173129263336e+00 6.054722216556327474e+00
5.865633210995830460e+00 6.273168235828033623e+00
2.971993554182482011e+00 5.683933385929440973e+00
5.648790884766476061e+00 3.759906269679343382e-01
4.411247430530835234e-01 2.777754240930906615e+00
6.595286530214745646e-01 2.191950777042252163e+00
5.414177128971330077e+00 4.571839234183386225e+00
3.795992757844867338e+00 5.388289573045249803e+00
2.482950746553889143e-01 1.617582296864302771e+00
3.397536839340335124e+00 9.135247222539337741e-01
5.119379577595854158e+00 4.327504410908396437e+00
7.780872491049658501e-01 6.237010011447133628e+00
3.197724809391930378e+00 5.916967014919173984e+00
3.711223327543963224e-01 3.996421282663102481e+00
2.108538161136496836e+00 2.407791715126343934e+00
2.140216362235057623e+00 2.983315496777486420e+00
3.632998769989616239e+00 2.260643384472813100e+00
2.857090244035948579e-01 5.565975579072103052e+00
3.505061408821652957e+00 1.773788106113902918e+00
3.624331341983292987e+00 3.719644395152441163e+00
2.761961362450249258e+00 5.245623571400688689e+00
3.198640699175154367e+00 5.245042322357698072e-01
4.622322520081532105e+00 1.658975709554690647e+00
1.795513081184708870e+00 4.686587618205894756e+00
5.556306473464076134e+00 6.071165569539690665e+00
2.007605512561782213e+00 1.963475128646918755e+00
3.454239601627435985e-02 3.170893341031648216e+00
6.264825003556661720e+00 3.424435784448077502e+00
5.392206142772922206e+00 4.972421784677336087e-01
4.482082047962149929e+00 3.387196593566950131e+00
4.860928307475896659e+00 5.260753671274192023e+00
3.435894403770547445e-01 1.339332992918260912e+00
3.737364041656346281e+00 1.162816764498262545e+00
2.240202208928268490e+00 5.345251039780156255e+00
1.284453670153401061e+00 1.325640161313050625e+00
3.446240346110874153e+00 2.345341930759979210e+00
2.240729733526599876e+00 5.994480240676067773e-01
4.442562169471877098e+00 1.400937441925800275e+00
3.620389787768922396e+00 2.039476460066365071e+00
1.986807913192528030e+00 9.851336237979996246e-01
4.230298087705942400e+00 3.062378965466651337e+00
1.762289918112780462e+00 1.428193615423968055e+00
5.086308477387113669e+00 5.250607039118981412e+00
4.561068343842131334e+00 1.671440678561956661e+00
4.387232195978782556e+00 5.063870029870526146e+00
3.420991509065099745e+00 5.697123532414958724e+00
2.162868294503798250e+00 5.520958645452334501e+00
4.713312073456544127e+00 6.240712638965387526e+00
4.536190018332702856e+00 6.241407044399538862e+00
2.415277334908378037e+00 5.025583990980237559e+00
2.374561347739099659e+00 1.742020990409784753e+00
6.115316512740126775e+00 1.078313315467727129e+00
1.761865486200231645e+00 4.025944556107122985e+00
1.778175460443986999e+00 2.718643629262601724e+00
6.194842291527160150e+00 5.233120274857034460e+00
1.368232830910447007e+00 3.507315231073509842e+00
1.272643657552910312e+00 4.851653965813254921e+00
1.289682746302192484e+00 8.642024570288766583e-01
2.167555094211448097e+00 3.392241644227844244e+00
5.957979697182643086e+00 1.865400786226229624e+00
4.637627612032541258e+00 2.290240041952580630e-01
2.531162562297941232e+00 6.073170239235899714e+00
4.492249690882390567e+00 3.664518797958520757e+00
5.673328713439113713e+00 3.509318295406630650e+00
3.750938854314430859e+00 2.174358193113315796e+00
1.140744119138371371e+00 3.618165571484563081e+00
1.604004433287164133e+00 5.078304155999099123e+00
4.461916950959528450e+00 1.224331185080402395e+00
7.208316316419088876e-01 1.739194153440928092e+00
5.395354792003473676e+00 1.453655062080816629e+00
4.033177841780785755e+00 1.320785868305667021e+00
2.375879087193192074e+00 5.330977746838685416e-01
6.243400019825961600e+00 5.372882189969437228e+00
3.809416288086279412e+00 6.060072121717920091e+00
5.986798219255550002e+00 1.811175279354105605e+00
5.242564201559695825e+00 1.916441323922816742e-01
5.041837972192409367e+00 3.912852425305019199e+00
2.227055526170194533e+00 4.107266555204630798e+00
4.375447970267445363e+00 4.896168380390713892e+00
5.778791986655195778e+00 1.995001447508503167e+00
4.941580078786653729e+00 3.341690302097410026e+00
1.424637794727064311e+00 5.350050309563852302e+00
4.422365934111841312e+00 6.053143520896901109e+00
3.287886742290891728e+00 5.493641114471748965e-01
6.391499546179787439e-01 3.553213078231220123e+00
5.119760761623583178e+00 1.677560859574826813e+00
3.501556749666260515e+00 6.216054162394117455e+00
1.656287795173673194e+00 3.355525534362094220e+00
3.894705736584331834e+00 7.002374592899109906e-01
1.732796685318301666e+00 2.147297942878207078e+00
2.985094460285774520e+00 1.236043921281059083e-01
5.603575877685631923e+00 6.854944534762765773e-01
1.879490387395789330e+00 1.186822136473955069e+00
3.835156451722495863e+00 4.327896820667601396e+00
1.074147895450455970e+00 5.455216364402929230e+00
2.103274567862285505e+00 3.902970897987413146e+00
2.259546183086841076e+00 3.595132218907249877e-01
1.398598910369642123e+00 5.125239709069693284e+00
5.811147790184673312e+00 2.475931328641416407e+00
2.841510215570890521e-02 4.116368606938106467e+00
6.976874230383796061e-01 3.736159484205022085e+00
9.155078437120568458e-01 1.016246895745240630e+00
4.641050783680639391e+00 3.402622790250835472e+00
3.886361381880294452e+00 4.741093819363262796e+00
5.992025354790406766e+00 3.344449262799001676e+00
2.303840888872922488e+00 5.073807858344599353e+00
8.119349481170273775e-01 1.695098664275028311e+00
2.290389843593549468e+00 2.535217780262356779e+00
4.500475185401265676e+00 3.772670747803780866e+00
2.414772921858602484e+00 2.486936757192435288e-01
1.657448448715901135e+00 1.592452385191542641e+00
1.009744126408645748e+00 2.843840068082249761e+00
2.102786170231662144e+00 4.444929842232095751e+00
1.645372943043028613e+00 3.244707591905052979e+00
1.764656321687152918e+00 4.416807955167289634e+00
2.861037156982090934e+00 4.798295113703805015e+00
1.440374800919244302e+00 5.850392322067417966e-02
5.561012274186778015e+00 4.075912928531756130e+00
2.682974966855110388e+00 3.650751855391737299e-01
3.308567918880299441e+00 6.127414917767270097e+00
6.507922974493611512e-02 1.597370425413028761e+00
3.033194851828907357e+00 2.319150366654497475e+00
5.012603169563486283e+00 3.246551716088165840e+00
5.349202449448341667e+00 1.069028048827565192e+00
5.905779658120233755e+00 4.551433913283752020e+00
8.883484751324134399e-01 4.131155722672175123e+00
3.027714170643577507e+00 3.441316626760268171e+00
5.036005907229057499e+00 3.171319568782685838e+00
2.930370754854249693e+00 2.898810494925017078e+00
4.174082327161882766e+00 2.175407348111167760e+00
4.524769240970823780e+00 2.826440487448224292e+00
1.925444062037864335e+00 5.848695831445682281e+00
5.694756840157932487e+00 4.423188386099466740e+00
5.957006471617692256e+00 2.610822780754998629e+00
5.878083664405415298e+00 1.601139416791409475e+00
5.242266536184167158e+00 2.191943545545114613e+00
2.922787908394201217e+00 6.867759367680704718e-01
4.717893034294478483e+00 1.419735099300460712e+00
1.301408222290631800e+00 3.278610728985436040e+00
1.240900145749211037e+00 4.477558911243968431e+00
5.846267507849497669e+00 5.099318033292202124e+00
3.687625436855858307e+00 5.034889608267061334e+00
3.667346161652893510e+00 4.496795243798789699e+00
8.776135750444608030e-01 3.605137324700693480e+00
3.362162076746776584e+00 1.942750095456282189e+00
4.729405186898579139e+00 2.470562928766183663e+00
1.009820157724352852e+00 4.597261845862905538e+00
2.302481387669346624e+00 5.095119907907458057e+00
5.092461759223913198e+00 5.205611957664753930e+00
5.494423503236962603e+00 4.290599848143947348e+00
4.254714565967408824e+00 2.924650599564067033e+00
5.662390286190477795e+00 2.214794890564981689e+00
5.844381906443440577e+00 4.067695021446533055e+00
3.841136492098738309e+00 4.986674594297256569e+00
3.908816849428358164e-01 3.636630127973622617e+00
4.804141799992220463e+00 5.290005835415304780e+00
1.529309609548279214e+00 7.116008942428480033e-01
6.959277035954628543e-01 3.568589095134071520e+00
5.242706506614345230e+00 1.353705092756479322e+00
2.946294271506411655e-01 1.488884445428225067e+00
4.422671645174844457e+00 1.327010226563308581e+00
4.853449863348457072e+00 4.111435339654465615e+00
6.129657710541071225e+00 3.516067032090694155e+00
4.436864019415711624e+00 1.128540704042945847e-01
7.671036698219689809e-01 4.740098131800682069e+00
3.122889558958612977e+00 4.555730710110622361e+00
3.577704349187256661e+00 3.803600776068499556e+00
2.434606976058109259e-02 4.901284756156600864e+00
7.783814065288195971e-01 4.955682565879836687e+00
2.095729525115042069e+00 5.451313161987514810e+00
2.726170607129082768e+00 5.510178772323213181e+00
2.282947984550764531e+00 2.657989119672839795e+00
6.161862633749885632e+00 2.586457662042898065e-01
9.289788863076501313e-01 4.918853243071151127e+00
6.066056610233816926e+00 3.376541018342011924e+00
2.718869980468470171e+00 3.538585168199805953e+00
1.940248657542811062e+00 1.732395093991574431e+00
8.253577413149307818e-01 9.068745181810741185e-01
2.479457037395321084e+00 4.167893196615066742e+00
3.992912865155256341e+00 3.278921668308076853e+00
3.929868863120038025e+00 3.138635563993251054e+00
5.190143838361947815e+00 5.988226037808532354e+00
1.928252599149953062e+00 5.872409221628121401e+00
4.913471210303939962e+00 4.196488931425333746e+00
4.779389924163902847e+00 5.408478969988323115e+00
5.120353398477322848e+00 3.056659125136004462e+00
2.086419689927379917e+00 6.251793392070082334e+00
3.830499849152917968e-01 3.951016629792604817e+00
4.911516640083847030e+00 5.346212878575423488e+00
2.875001567201153296e+00 1.811694023138435972e+00
2.227946360087425415e+00 4.570374776977606857e+00
1.091194121467156108e+00 2.510570990253954804e+00
8.904756098285796506e-01 6.158103469557222098e+00
5.077208514645803916e+00 4.271407381861862973e+00
5.980213512954096089e+00 5.540569234271178756e-01
2.545394383723027953e+00 5.945708911802488394e+00
3.505166861892808683e+00 2.579178397608357098e+00
2.040426692725375357e+00 4.527659685947260648e+00
4.733170897564740187e+00 4.868550132290102583e-01
5.060593609203602128e+00 4.499782735919266585e+00
1.271634823068994224e+00 4.341206768480719291e-01
4.144844822752821401e+00 5.773770588600950937e+00
4.427631523528746449e+00 1.187614386347906059e+00
1.041285811774055325e+00 2.223315059593506060e+00
1.687626115066473531e+00 1.533761159434491095e+00
3.792558827219515649e+00 4.114169423572617390e+00
2.221037427196310698e+00 4.913114214185223538e+00
5.044244857357967682e+00 3.383569121791609735e+00
4.853561476138522623e-01 8.247582179457926266e-01
1.629142264051551159e+00 5.289231435855124452e+00
2.911132191865167140e+00 3.309346347352180029e-01
2.847241013729238546e+00 5.744153953327102435e+00
2.266785741024722078e+00 2.110356568819277356e+00
3.309518404955873905e+00 3.985483684433364981e+00
4.902646917694353235e+00 5.913669325976386837e+00
1.720936225343403292e+00 4.053334143156877012e+00
3.228390687015012084e+00 1.596555380853085016e+00
8.010065229352636429e-01 4.480496831946011227e+00
3.926223378835806521e+00 1.504298014102390058e+00
5.006817284890380471e+00 1.432883106179573263e+00
6.259821549341672231e+00 4.836731694743270360e+00
1.144087465716611796e+00 2.019481183902017973e-01
4.603060018281605714e+00 3.482644038054126590e+00
5.026061001682679219e+00 3.604695967468412476e+00
4.603718854834371932e+00 3.023525350902847464e+00
1.977269428344404778e+00 8.452952764816223930e-01
5.289732184720688402e+00 5.326858807106519933e+00
4.417937089239279302e+00 2.059030816961704424e+00
2.425192685591016861e+00 5.152577831811098186e+00
1.447116255885906866e-01 2.785873544225691223e+00
5.173534148120308096e+00 3.266725809713026507e+00
4.558554944837564626e+00 4.278634836049705292e+00
5.541344374077982415e+00 4.163333060547790510e+00
1.334912844049893410e+00 3.724061967753991897e+00
3.362905176438042876e+00 1.256120981576444917e+00
1.510813542472297710e+00 1.711807275208936607e+00
2.905242844930730595e+00 4.371081731380257018e+00
1.634671493892477123e+00 1.649660113542456896e+00
5.255056310420999743e+00 3.496231434357406354e+00
2.645854564928976416e+00 1.400878901341786387e+00
2.037502157312601980e+00 6.186185757064066593e+00
3.744731854939472804e+00 1.525186200302323103e+00
5.203148103830332882e-01 4.459494818949498729e+00
3.851148073390950888e+00 9.461579499223991829e-02
2.770780644289860817e+00 3.427459582289158035e+00
1.901532992048293957e+00 2.234829213759977673e+00
8.172238135246554513e-01 5.206450037128141917e-01
5.725188227827024079e+00 5.906279567821610677e-01
5.093671967207210827e+00 4.491679039149277797e-01
7.656247232384292278e-01 3.478496794254795521e+00
5.323635686607150141e+00 2.368553144957353140e+00
3.423623989209215068e+00 5.379900659939801599e+00
1.347101735583880355e+00 6.094869487969734045e+00
2.681936716304739843e+00 5.352540702810219209e+00
2.061633592078583543e+00 1.907275511785680999e+00
2.031117199413986274e+00 4.002575343739789737e+00
5.579972693800659966e-01 1.276388599102418864e+00
4.255756182086423700e-01 5.026305220710606037e+00
1.459561791264724961e+00 2.814494213674392675e+00
1.793817269941285319e+00 5.747905976443543619e-01
2.621609677745447176e+00 1.344155983404464294e+00
3.437366078358321531e+00 1.336817764424315991e+00
3.221484589999447312e+00 9.209247087550122002e-01
3.331902896712175988e+00 6.182510991951950530e+00
3.386530700004144911e+00 2.166115360551741809e+00
3.100738190240744263e+00 4.489284683690028643e+00
4.899933063877858430e+00 8.427190822839534246e-01
5.065195211422963695e+00 1.324499602930141684e+00
1.565821222326523099e+00 6.233821163375928620e+00
8.828706948577492719e-01 1.618875475720926493e+00
1.547720831910198935e+00 2.799155308369887685e+00
3.281158975960579927e+00 4.924169568457932300e+00
2.870130108449616912e+00 5.493379173219623546e+00
3.736326796135387429e-01 2.759328697968992827e+00
4.368865736235482800e+00 3.357080190819879295e+00
4.526821755761464061e+00 4.747059292248561491e+00
2.772140725295393349e+00 5.191242659424590400e+00
2.072220167288729709e+00 4.846070385153935511e-01
1.834908489396731790e+00 4.207250906838809534e+00
2.197580671459423485e+00 1.812715957134771294e+00
4.419221015791420015e+00 5.055137602450237466e+00
1.334818858786472440e+00 5.907797755043206145e+00
4.995314737922524451e+00 3.230498571875533909e+00
1.786047660432746875e+00 5.999349870199292667e+00
5.266917381736954340e+00 8.863758642221652995e-01
6.280433691677448138e+00 3.414904727035201315e+00
3.072604584176627629e+00 6.181728319524880000e+00
1.890843187935503655e+00 1.045795868528211603e+00
2.469891582023055587e+00 2.534785853332469419e+00
1.600253333785849330e+00 2.248476756518229536e+00
5.769094594284091215e+00 4.955312125189196060e+00
1.645030781536157116e+00 6.216294728440979966e+00
5.406140880694043638e+00 4.778802244223705198e-02
4.024184754302485345e+00 3.134108615459319402e+00
4.433948438070779652e+00 2.143218046763539775e+00
5.141035487326814923e+00 6.080395484251184257e+00
4.086728894887272645e-01 1.251992966798211260e+00
3.150642462103677932e+00 3.341340634391313458e+00
4.776980325005611761e+00 2.006769634233516619e+00
2.883563062489886253e+00 4.495801069191703192e+00
5.317421353802525452e+00 1.046121396011414628e+00
1.957223506048955342e+00 5.997004443000820473e+00
6.755441917288219633e-01 1.739316101803270564e+00
2.173029074922387061e+00 4.009133641510745250e+00
5.042453437154753360e+00 1.478690269590236639e+00
3.052001116783070067e+00 5.365753517602011691e+00
1.121537641470506941e+00 3.310535631193944894e+00
6.733398028985063677e-01 3.002410004108993835e+00
3.706670261786129572e+00 3.136839218465885537e+00
1.513353429986569854e+00 2.881690423647162547e+00
1.957967840889568878e+00 9.688878774273923522e-02
3.394442329550321436e+00 5.405209374792598886e+00
3.929029581519070669e-01 2.793975461838697605e+00
4.193308738768030786e+00 1.177682316404212726e-01
2.737892639167315068e+00 4.154175270288421373e+00
2.879520108555675861e+00 1.217335877854504256e+00
2.360547137902783366e+00 1.677819683400421091e-01
1.402503436106913304e+00 1.668009190637769867e+00
4.671776889501978225e+00 9.845706829555785911e-01
1.089535728116359348e+00 4.889642939597679039e+00
4.620904580014907559e+00 1.288412418490104683e-01
1.922617123641428893e+00 6.182117762753858159e+00
5.224382939420920913e+00 4.629854092358356432e+00
3.544475449758371255e+00 1.118650581826295287e+00
2.719691918686978571e+00 4.708505288487618401e+00
5.703406588589997384e+00 5.989204368798689337e+00
1.622681967354085542e+00 2.130261810945117684e+00
9.356806771673986667e-02 3.668917651929572532e+00
5.107668204164585113e+00 6.099122268885063924e+00
3.563321263082596779e+00 3.572595301580205884e+00
4.117140024463578629e-01 4.209948516344831582e+00
3.271121519393881627e+00 2.287442577395806254e+00
6.677162228493291884e-01 2.718519653698112215e+00
4.668578445506351926e+00 7.579491843120845784e-01
1.204619479339963606e+00 2.423633366435581138e+00
2.692359179402323832e+00 5.933982773629571383e+00
5.283679661165682440e+00 6.229201644970757457e+00
5.843174024807158418e+00 2.973107543738862990e+00
2.728269189084734370e-01 5.033732996996566067e-01
6.153046209896110064e+00 4.730910882142985940e+00
4.599965070037033144e+00 3.593083144704470322e-01
1.505829893412456766e+00 6.169883190719909649e+00
4.790233747109005069e-01 3.934955129022376763e+00
9.167498007519103709e-01 5.614555651056944541e+00
2.481755787311288319e+00 4.962020006410275741e+00
6.950243769810736660e-01 4.995596741342685831e+00
5.605329225589442466e+00 5.151873835611784358e-01
5.663321030325885630e+00 4.305996571319115063e-01
1.630795388294535408e+00 5.965234662980886782e+00
4.777653412660510135e+00 4.772270266650034287e+00
3.108810450758872523e+00 8.851272627380418756e-01
3.719510615050213520e+00 7.349485631680161557e-01
2.019960362940762977e+00 4.881937260953190361e+00
1.608601993674076081e+00 3.374420439044771403e+00
1.678991146720799854e+00 4.402124561177228834e+00
3.704555370222688992e+00 9.938785485563739197e-01
4.687602403578463139e+00 3.247646093740048645e+00
3.306515279285909159e+00 2.684896482941016238e+00
1.839945673724784347e+00 3.124473054491565538e+00
2.467630965108479568e+00 3.805889362481165161e+00
2.911946962586026810e+00 2.358707537449650504e-01
2.328773470724245342e+00 1.729849392352498016e+00
4.563073099474564742e+00 1.410963147031002896e+00
3.225264526141496280e+00 1.873156878896536481e+00
5.556132545315768390e+00 2.570460272959706138e+00
5.674404945894687025e+00 1.960229383380650281e-01
5.272254403585641569e+00 5.389521626468319226e+00
5.460026568767228916e-01 1.776910184659114211e+00
2.704263261555390208e-01 1.174444601502721008e+00
1.710837619245162866e+00 1.047901773410649051e+00
3.185429177190246541e+00 3.123081935526909714e+00
5.766474226297527927e+00 4.817548843311956652e+00
7.401740566641626939e-01 3.593817976760907973e-01
2.463090799222958260e+00 4.135381437682199568e+00
3.604003434245427684e+00 6.261070724707878732e+00
3.281312656341029754e+00 5.361768531174933017e+00
3.316285622064263805e+00 5.877750893718513225e+00
7.624645481610157205e-01 1.186306966030843957e-01
3.112491838179917814e+00 2.526392262684857837e+00
4.221677262881040171e+00 4.460266298584600442e+00
5.454267895912841446e+00 1.006916206352111987e+00
3.637578664437295384e-01 2.243291630345469301e+00
1.017108745593939823e+00 4.392526974864813805e-01
7.937081340553087117e-02 4.554979956683215647e+00
1.005674232011428249e+00 8.729593504568250451e-01
5.364876738911344312e+00 4.336259868981099941e-01
1.481824270963755019e+00 7.126909445395948062e-01
2.890492274951200091e+00 4.158640092348258932e+00
2.297455006062201210e+00 4.135821409732552967e-01
2.907453394281973580e+00 1.281068208432911693e+00
4.841087484647165873e+00 2.359723768568827040e+00
5.535875612699098919e-02 3.461166558001257609e+00
1.942852544422486671e+00 4.907680712526555133e+00
7.359818444552015393e-01 2.615624911593703139e+00
3.213635442097201311e-02 4.041810210132224412e+00
5.637515590987681513e+00 4.453072786366920610e-01
1.437841713914250086e+00 7.916113942193916397e-01
2.593861096003307942e+00 4.335933442560016005e+00
5.222987106429259008e+00 2.337848275349408311e+00
4.400721816375106066e+00 1.284355801349085002e+00
6.039182385539786146e+00 4.673123201614311384e+00
4.723905757518261694e+00 8.535083024026282050e-01
4.947671465904245558e+00 6.111660536306410485e+00
4.513175293611321415e+00 4.647413268137572828e+00
5.286929146627139531e+00 5.937827108624177397e-01
1.865776585885493333e+00 5.817988791898851098e+00
4.483868494510980796e+00 2.046250156026768963e+00
9.664156362255049704e-01 1.272135504440527587e+00
3.094334136590891404e+00 4.885226143368297080e+00
4.543186275487348880e+00 1.632083887049672555e+00
2.859659855943233353e+00 5.470789811608669950e+00
2.468624555531766962e+00 4.051211746825416959e+00
2.270701544431393604e+00 4.072600453506655782e+00
5.359360275538957552e+00 4.856739684680881020e+00
5.148050737683999678e+00 5.130430410432611943e+00
3.885280031887630603e+00 4.422411700229921472e+00
1.446604194973923674e+00 2.415255120762856755e+00
1.379792964234240138e+00 1.498137116837848781e+00
4.023943949096160821e+00 6.871048805762843825e-01
2.294279285006681324e+00 3.294143663809335210e-01
1.791377112672719873e-01 2.977519443974435021e+00
3.519532589323447702e+00 3.343120044246452593e+00
5.522378065499499833e+00 3.497417718138894127e+00
2.925126586170893273e+00 2.159801633903495333e+00
1.211733281630434700e+00 4.453477829266659249e+00
6.235754262164322270e+00 2.624486477515265648e+00
4.207437239370238835e+00 1.485677817775346021e+00
4.505158444279121710e+00 4.442157456340179777e+00
4.140646282189566207e+00 4.700505313732803003e+00
3.191306533765375431e+00 1.226529562331698242e-01
4.201810899281944955e+00 5.681406561658674192e+00
5.776339811879888764e+00 3.830342801440013822e+00
5.031188497665771919e+00 2.871799673453374169e+00
9.874563495671700997e-01 3.084975107676991013e-01
1.504127024589730910e-01 2.829401276811862154e+00
4.854418239783298006e+00 3.203437132967287049e+00
4.966785033221732704e+00 2.995763278559874898e+00
3.620309402730611748e+00 4.876267282171369288e+00
1.786842455055731804e+00 4.296382100086344913e+00
1.564722243353811715e+00 6.214389721496685226e+00
2.462055496414472522e+00 2.609949318889580372e+00
1.295327970094568348e+00 5.778223843240291480e+00
5.399476473068818283e-01 1.935472973262706509e+00
3.663581925921862048e+00 5.613455705286832575e+00
1.933372182259652572e+00 3.432939927443062089e+00
1.039775376075504632e+00 1.107739408568710671e+00
4.906525175348881995e-01 6.658168697441765316e-01
1.376731898852104896e-01 2.294156189540853763e+00
5.761010359128608815e-01 5.440215145055835144e+00
4.888768066628424336e+00 2.838496788462427478e+00
5.973594602697041900e+00 6.142375263335117630e+00
5.033465002634519792e+00 2.935510922153380164e+00
4.597868360156461165e+00 5.079957383308197016e+00
5.308428688221846770e+00 4.273951661149573589e+00
3.882655984124445681e+00 4.407866483467736352e+00
5.765335801537551319e+00 4.086537321219737007e-01
5.764899701442224078e+00 5.422088303497467621e+00
1.978429018975492948e+00 1.952080722627116183e+00
4.397270025359851786e+00 4.153492838237653473e+00
6.764427327714196414e-01 2.243478663998470068e+00
2.004753397034578999e+00 6.116460356647352548e+00
3.775165039723754834e+00 3.696065948094870546e+00
1.179373415353311749e+00 1.948573840727165551e+00
3.096454654282242647e+00 5.251839821066107916e+00
4.396307196013911955e+00 2.260593495401759245e+00
8.100073186892602362e-01 9.396228784415430191e-01
1.804840540981171193e+00 4.114833699726346161e+00
5.847291025669633768e+00 4.469848703498833231e+00
4.726038579078311486e+00 5.607799987926252783e+00
4.085241983143711231e+00 1.819188047869725100e+00
1.619881625840839390e-01 3.639379804439299093e+00
1.796620605136698190e+00 2.399634194101150531e+00
8.298546405713927987e-01 4.943857024881294748e+00
3.347886979841180999e+00 3.899591421059083185e+00
6.257471614368345092e-01 4.956705470135626790e+00
1.946809679794565984e+00 4.853385478545612308e+00
7.518132833657366065e-01 2.347254669940094796e-01
9.730784700790068298e-01 4.825003517261190034e+00
1.076973525663064368e+00 2.588513662045605734e+00
5.655475963972547149e+00 3.821594128089572884e+00
2.249307659561449846e+00 2.433562362641519261e+00
1.766728110162864906e+00 2.533197206518964961e+00
5.498791114287757686e+00 3.168849761248098140e+00
1.707062976618577865e+00 1.650758529675388608e+00
1.674927476054420383e+00 2.457291971937773933e+00
5.672832102886785632e-01 6.187739884212749786e+00
1.665633837512889570e-01 6.702702585378883526e-01
2.485951682130257134e-01 5.511148318910633392e+00
4.864926320742826604e+00 1.064996879442300787e-01
5.888832940043652542e+00 5.792541828529108372e+00
3.394500503422158033e+00 4.119258879086358682e+00
1.146230417487151376e+00 2.723883456497740996e-01
3.091282789242162377e+00 4.810765866021632142e+00
5.525874043942953229e+00 2.410312562225643163e+00
2.725530845886404041e+00 1.555088527915300611e+00
3.498789469583541756e+00 2.146660218300327383e+00
5.254293590603485775e+00 3.780288167519417986e+00
2.663983618556382105e+00 8.259371814041555071e-01
5.747551009415297507e+00 4.254679053692370871e+00
2.654800324380823806e+00 5.040876627826843759e+00
5.142702332249357688e+00 5.474916009894090330e+00
1.785445194146260794e+00 2.393738286639887303e+00
1.721242783684738376e+00 3.612919014872674417e+00
3.940535599559717550e+00 3.289327325749162423e+00
2.013684515535578423e-01 1.342185638290323224e+00
4.217411162822958914e+00 1.849674365529514919e+00
5.037108917822567200e+00 3.513968355269885713e+00
4.291868712422420629e+00 5.026778137759612797e+00
3.182939816879939876e+00 2.160992267526103683e-01
2.273553902324634723e+00 8.188251953533497440e-01
5.084405592052625877e+00 3.121260236281679923e+00
4.827501074782467150e+00 3.067362941135650001e+00
6.238549643289635682e+00 3.234952219756372926e+00
4.254053459483539967e+00 1.580310277311949507e+00
3.453748698988540866e+00 8.047088405314534176e-01
3.412085053010294189e+00 4.459169578619086138e+00
1.032883184219704376e+00 3.985894707797846603e+00
4.141013624031312013e+00 3.776349070672764263e+00
5.349509850624833973e+00 6.249812976823153399e+00
1.743995166791344031e+00 3.970214295370213975e+00
2.662028265036288310e+00 1.976116063093463104e+00
3.727716564678526634e+00 4.560684577044211707e+00
3.041849446403074531e+00 5.130326320945914453e+00
3.031855508577883995e+00 2.347459371552461427e+00
3.434659850951679694e+00 2.311728568750818447e+00
2.881775632432686418e+00 2.033019627424966558e+00
2.060627531641259669e+00 5.315361745521314241e+00
1.004425763117013093e-01 3.558127862939844732e+00
1.188994575495639250e+00 2.037008477658098560e+00
1.971154934135781911e+00 1.524788795841766742e+00
6.126163854380973106e+00 3.624554943728139467e+00
6.235603190874639878e+00 2.229452858337424459e+00
1.893245828204392911e+00 5.987015611980346819e+00
3.848017077699622313e+00 6.215067448955043927e-01
2.994647157669746651e+00 4.830575863502500233e+00
6.050531994937332625e-01 3.328566971748884828e+00
6.270395132345587541e+00 4.602421387143419418e-01
6.083786290458438550e+00 5.303510051380355694e-01
3.711747435550810881e+00 4.277927025564884467e+00
4.421955948963979921e+00 8.930994357621492574e-02
3.245760754478618004e+00 3.226238222689167046e+00
4.698327958960688555e+00 3.154778945210231722e+00
3.466678411035752028e+00 1.644070650008081946e+00
3.381959482037114828e+00 5.002029865860510682e+00
5.487301350112329779e+00 5.734836481578188483e+00
7.492233339654180702e-01 1.112035166665785502e+00
2.328776220866889179e+00 5.579425615976385089e+00
2.709200739976487693e+00 4.180741593233626929e+00
4.223270449672249072e+00 5.660192626865666377e+00
5.860969293585891471e+00 4.223919725163143291e+00
5.082021027879555675e+00 1.853853463244582667e+00
2.220865741918887082e+00 3.437154415090432735e+00
5.313741029739095900e+00 3.862311231590159544e+00
5.077116985588131293e+00 1.897183358869850345e+00
4.374626818474080636e+00 3.177328022484923853e+00
1.437297538061828917e+00 3.849184164736831448e+00
5.164936711875736997e+00 2.681258869823174518e+00
4.424639139333959470e+00 3.608037152892665134e+00
5.513705375634631700e+00 1.901607627851806370e+00
7.896025714322110201e-01 1.215558779716063631e+00
5.105120623609209929e+00 2.612464251992564712e+00
1.425495706770033344e+00 3.328019892712164474e+00
2.803432577604537901e+00 1.418843808216301017e-01
6.428098771418088164e-01 3.898613792490657759e-01
4.601785391131472558e+00 5.820758081423616837e+00
4.939783601341153130e+00 3.690521603214079516e+00
5.646861461373426927e+00 4.522856361987974694e+00
3.392093812806268094e+00 4.027362938393587832e+00
9.190133625201294398e-01 1.900261615207486043e+00
6.008265994409458521e+00 4.058259247608538622e+00
5.775671106191935245e+00 4.771854228856100555e-01
3.457004976823298215e+00 2.175037059191011313e+00
1.989847863098087810e+00 1.168133630264708955e+00
5.165040390301434137e-01 4.529013904179878480e+00
1.930680067068144101e+00 1.869033582407845673e+00
8.576917061086788419e-01 4.522308015335132936e+00
2.591479943815856668e+00 3.328129635004945186e+00
5.125144895327863992e+00 4.711628602877231842e+00
1.311977795223155108e-01 4.098996195840703294e+00
1.522226572085469076e+00 6.123509673719308211e+00
8.338294589596437767e-01 4.589385345760748081e+00
5.799425853335126391e+00 3.146414473133342771e+00
9.460151844833165624e-01 2.150943662397433176e+00
5.562278326213099255e+00 3.384539331808182450e+00
5.165055661009648524e+00 1.330736404910565884e+00
3.685619678548309519e+00 3.619589960170526588e+00
1.630767735928132511e+00 3.189235723907656528e+00
2.665309521967701656e+00 3.704699965484354429e+00
3.083300192459290212e+00 4.478972020198399129e+00
5.753508366703621313e+00 9.523886872338999110e-01
2.261857919558132757e+00 3.206361317466665639e+00
1.681839731927861958e+00 1.488985543485465080e+00
5.339133846215262658e+00 1.860827056057435591e+00
2.315340895222795403e+00 1.451296506443882084e+00
4.613289431552050068e+00 4.924354260083274148e+00
1.684284589618600725e+00 8.898559693429671791e-01
4.691044338089821686e+00 4.418907088250898063e+00
3.647553669388851283e+00 1.232137926614311985e+00
4.536904707089035149e+00 4.846991615591702107e+00
4.587969626337025097e+00 1.483335728267414222e+00
6.028466805681204299e+00 2.829310575961548224e+00
1.257703429733296963e+00 2.180260917350171912e+00
3.971843608780970758e+00 5.813363619234406254e-01
1.624164999382361696e+00 4.037671127505224611e+00
2.451703632308865899e+00 6.183636008781189020e+00
9.846870379317504973e-01 3.937979548816258113e+00
5.296448570276189649e+00 1.827597049531923368e+00
2.557694930238134656e+00 3.345152967479753103e-01
3.271970782569441738e+00 2.737927501905780492e+00
4.567111322814538799e-01 3.130533505965065633e+00
3.754703725290705840e+00 2.513209390565842583e+00
3.163960368226379494e-01 3.105881643959436555e+00
4.957344624963604396e+00 2.155443999544476519e+00
6.134105036240234732e+00 3.322798414051868932e+00
4.885576993143540214e+00 2.691130761162893847e+00
4.308184593776613447e+00 4.793981266221234994e-01
1.631131125741543064e+00 2.984236917341032580e+00
2.719352944526626903e+00 2.725614560069661518e+00
3.784723758664839677e-01 3.537685533795774884e+00
2.894088850533432566e+00 6.198138024836655546e+00
5.490289068110446813e+00 2.908499426510083197e+00
5.944597606699450587e+00 1.829392441939251546e+00
5.621353580749022250e+00 3.211785539237612674e+00
4.190750237373104703e+00 5.220845403225623294e+00
4.761027944887168850e+00 4.991352414708599916e+00
1.823299367998758580e+00 4.335959325342302328e+00
2.984671848276243100e+00 4.237092664812196041e+00
4.022866995351833452e+00 3.275929282266939246e+00
3.109502085215791300e+00 1.706327610486422230e+00
4.876860893036545797e+00 4.925780373233096476e+00
1.599272907566032575e+00 9.409052316015180384e-02
4.788884799865540387e+00 1.515047028254191686e+00
6.042272801204500610e+00 1.195020412911100394e+00
1.291072801426370154e+00 5.270193196697905869e+00
5.224813158256048640e-01 3.582613879758344666e+00
2.268851541444771414e+00 2.150239652040348837e+00
1.165324009033717134e+00 3.246476961933133065e+00
1.698246031868739570e+00 1.885104631112147100e+00
6.261040575793531460e+00 1.102976079109887042e+00
1.408302941046132517e+00 1.053765393613267598e+00
3.018660420993728888e+00 2.334765151000472994e+00
4.247460832565975508e+00 3.192724272571154653e+00
6.054170361179114224e+00 5.492061108940426983e+00
5.102873099632864395e+00 6.098131041603771507e+00
5.763079083642538514e+00 3.653251046348938713e-01
3.972768210702345204e+00 5.606700404749525024e-01
1.818295667324953402e-01 3.467186029798099867e+00
3.737456488468213767e+00 3.811103928367613136e+00
1.155944041687856583e+00 2.268951763378596276e+00
1.760890316802531386e+00 3.965472269637661640e+00
4.381948156503975511e+00 2.104824835880344747e+00
2.988679220742659570e+00 7.488771233556908991e-01
1.136482458477397206e-01 5.399818941231497860e+00
5.550006845763431507e+00 2.960281262719115958e+00
2.140565942388129805e+00 5.393775374814389068e+00
1.784163446269259046e-01 1.974265651558219981e+00
8.000298514946023731e-01 4.766455588037992186e+00
1.347076012037787596e+00 4.187119898086439029e+00
1.699757150761102453e+00 1.393616770409693784e+00
1.717868177200059909e+00 4.742363078676584687e-01
1.972036171684729666e+00 3.249105783426503358e+00
5.271573004566144860e+00 2.710853191293295605e+00
3.931094123512636762e-01 5.092621470460766409e-01
2.847244547672324266e+00 3.071349886136714780e+00
3.944898580347224737e+00 3.024702528972113669e+00
3.676660326406266943e+00 3.857535910662968526e+00
1.931830862598050924e+00 5.403003559121988708e+00
5.668672949510377812e+00 1.630135645573697278e+00
2.221725431112075544e+00 1.982107781800232782e-01
3.568676551632575578e+00 2.449554270926924016e+00
3.065321674516177985e+00 4.875016124666509576e+00
5.923359101038692565e+00 5.037434809176640549e+00
2.435966692577819226e-01 3.195458854502296830e+00
5.048433123319075122e+00 7.154805033369104894e-01
3.649945629563603605e-02 3.293088318450474894e+00
8.137107786015994604e-01 2.789778983878792307e+00
4.274362436644906005e+00 9.692271779741153948e-01
2.085127727779671591e+00 2.922840234952081673e+00
3.606952422426026317e+00 4.757644883151053605e+00
5.382882496243961867e+00 2.222640645443285656e+00
5.820937131835945522e+00 6.250929583574670545e+00
5.071790234235033168e+00 2.642812215726723313e+00
6.078537075346723384e+00 6.700386328397002211e-01
3.411910913489561104e+00 1.056999382172101543e+00
2.872302328805028893e+00 3.948318279525693697e+00
2.088372536935939383e+00 1.168051751492393375e+00
5.311875244901420601e+00 4.719105862820778263e+00
2.118093754065609069e+00 4.653646973336013737e+00
4.293022594564706473e+00 3.318872089205006315e+00
1.031715040192995092e+00 5.952233824189072209e+00
6.039267196168781382e+00 5.790772244448749717e+00
3.412027454733298493e-01 8.926555612150373076e-01
2.398195381174081042e+00 3.707511191247732540e+00
4.732360803475917699e+00 4.088137309551282073e+00
3.744130153979863707e+00 2.770068724170176466e+00
1.745865013502406082e+00 2.622636052699608644e+00
1.309120017209297382e+00 5.372472345614191624e+00
1.740419314103528681e+00 3.899031315725953295e+00
1.887566753418984611e+00 1.005138916953281170e+00
2.519875360864469727e+00 3.316167417524663819e+00
2.042849584231562599e+00 2.800677868221115863e-01
4.790301954250114846e+00 5.054859420767955136e+00
3.166202262196046835e+00 1.013045640177085538e+00
2.565837992713465354e+00 3.839544868325217575e+00
2.498078930461954172e+00 1.525613591465980079e+00
1.627482864040250693e-02 3.716764996324725345e+00
4.672382463042144884e+00 3.667723813233572550e+00
3.843183468074046427e+00 5.226235465979270911e-01
1.981208686826835041e+00 3.165256179888157884e-01
6.248627812293978678e+00 3.437381626712291194e+00
2.648928506764491875e+00 5.970000719363611985e+00
1.194759888871359532e+00 5.727952913240187627e+00
4.992083739385345886e+00 5.162423676154378249e+00
1.430377430617620682e+00 2.017265383072108786e+00
4.175016821927558297e+00 5.761279541993224562e+00
5.913279346014699733e+00 7.419884711222960449e-01
2.154407093884402047e-01 2.103038732060671379e+00
5.285270250388584223e+00 4.679566503752139006e+00
2.681334848910346569e+00 2.867017636341720799e+00
2.007816794808663374e+00 4.418853410782880076e+00
3.522169400549904683e+00 2.514246009922704514e-02
4.409823924722000021e-01 4.062937713216461688e+00
2.441094744266580463e+00 2.567732435028284410e+00
1.253100324846558866e+00 2.199254833105105611e+00
2.091220395748681626e-01 2.175302577207656185e+00
5.422646407564815974e+00 3.970415894407584023e+00
5.183078860885487416e+00 3.938084551128528510e+00
5.442738731434841881e+00 2.465888425879468215e+00
3.526360435556309625e+00 3.216612363058621860e+00
5.921419074350958489e+00 3.551743830743037122e+00
5.379412815999412567e-01 4.157284511967275442e+00
5.456488724908817645e+00 6.109602185175332600e+00
2.412373178568822052e+00 2.766230775021635280e-01
4.090565715943776048e+00 3.424835026577339736e+00
3.114033020760230475e+00 4.122531898040111109e+00
2.976834175420968176e+00 4.820331176686011965e+00
2.606102070797119197e+00 6.323929805424082229e-01
2.404266672292289186e+00 5.401338594016390715e+00
2.419011402134719546e+00 5.954219854368504095e+00
4.669038605382072937e+00 4.557965945582735046e+00
5.110274314128174566e+00 3.120784271916839270e+00
2.819947677861970536e+00 3.449959088185128309e+00
1.803849122069633770e+00 5.371693295989899752e+00
6.068534406201925968e+00 1.071953699582449016e+00
3.263123475027009945e+00 1.685518975607844805e+00
1.290108007022963132e+00 2.845271249459576435e+00
5.259172643072031583e+00 5.964230720941315234e+00
3.044129196315764063e-01 8.042185780331335687e-01
9.310981515116795171e-01 4.814901489445055027e+00
4.138006381940875222e+00 1.115668978310476289e+00
6.239141714834252284e+00 3.992973415721933428e+00
5.608986093720013777e+00 4.671608370338512728e+00
1.040914294087130099e+00 5.089655324625369737e+00
3.761724118793182026e+00 1.820975118941542403e+00
3.164236926971782271e+00 3.865473478761918269e+00
4.804197366799967672e-01 2.682205752444659641e-01
5.300720383968982929e+00 3.227846221657475478e+00
