1.466733360979473932e+00 1.526584869961992164e+00 1.465448362073595412e+00
6.386321462282111838e+00 4.756368484445024691e+00 1.675676744192487133e+00
3.035640691606928954e+00 4.668052050762994121e+00 4.604120137572440541e+00
3.244411650995207452e+00 3.184463850926754436e+00 6.387611005645471351e+00
3.245241120078778074e+00 4.414792898323605802e-02 4.818224874360099719e+00
1.468189794448583108e+00 6.239590306367062134e+00 3.037763064035502225e+00
4.608455764877514405e+00 3.097573816643697242e+00 4.607183496354817720e+00
1.674505717214916922e+00 4.756989576668822828e+00 6.390112179519999103e+00
1.466071076712759158e+00 1.526940727755703220e+00 3.036016391088671718e+00
1.673910548214791572e+00 1.615173322132499090e+00 6.388595612903249510e+00
3.036513572654307769e+00 1.525957159091060333e+00 4.605349786257329825e+00
1.040499684138846415e-01 1.614730773762131477e+00 1.676599052159299053e+00
9.634038211916995387e-02 6.326046257395367078e+00 3.240521134882127008e+00
1.040941149528970822e-01 1.613848668114558960e+00 6.388121643484153900e+00
3.040896759752361955e+00 1.528607352610801939e+00 1.467804788644670788e+00
4.608432864332245416e+00 6.239381471342738017e+00 1.464869477898478545e+00
1.044233517823736773e-01 1.615284919183442858e+00 4.818431125331966491e+00
-1.015843215341299677e-01 4.669498072990468707e+00 1.467596195601766684e+00
1.465963028165745641e+00 3.097312141257539508e+00 4.605790533473339110e+00
1.035437169705827193e-01 1.614244776563640515e+00 4.818628164901978650e+00
1.465609035583857134e+00 1.526058875621932653e+00 1.463705985469588411e+00
1.674121956453679116e+00 4.376300350208583989e-02 4.817493046897062037e+00
6.180553810335001508e+00 1.527831873629499126e+00 1.467234200419838430e+00
1.674578152629710326e+00 1.614392910479476084e+00 1.054720322613231925e-01
4.817183032522499353e+00 1.614862247315750565e+00 1.679048453992523227e+00
4.816779412300291163e+00 4.345858409669763750e-02 1.056802654474587738e-01
1.465812829394040895e+00 3.098458836333035649e+00 6.176124784969617032e+00
6.387676369965823220e+00 3.186360132038130732e+00 4.818868895029735810e+00
3.243791434620908021e+00 4.755622735996608341e+00 1.039848894958541187e-01
1.057365535078441943e-01 4.755673576817414094e+00 1.678143323323493918e+00
1.673863177674109748e+00 4.358563957876744610e-02 1.676185066448887984e+00
6.387077450424890834e+00 3.185629933416354032e+00 4.818350578766938952e+00
4.607669528440800022e+00 1.526871304738110835e+00 3.034974477896218659e+00
4.816600608839949338e+00 4.756738062911601617e+00 1.064633654289717929e-01
1.676675500593216128e+00 4.757052876899434679e+00 6.390574406727157708e+00
6.384905839423178797e+00 4.756293753844820671e+00 6.387021148646131685e+00
4.607938501584719404e+00 1.526821058435043454e+00 -1.062631679782691935e-01
-1.674240112812011683e+00 4.668499382433092038e+00 1.465956669088610109e+00
1.674277622362433160e+00 3.185535180738439553e+00 6.389177350790555820e+00
3.037091381894830189e+00 1.527062084350123694e+00 6.176984691991919796e+00
1.030841572378804333e-01 4.381001395900399609e-02 3.245829876218803811e+00
1.465754286308952992e+00 6.239575166654518945e+00 3.034925792831644653e+00
1.044071715387057536e-01 4.756318989516385543e+00 4.818449967519693011e+00
4.816520781248181393e+00 4.756701552134254385e+00 4.818660372625961585e+00
6.180338335510585424e+00 4.668530370823344988e+00 4.607106006946305676e+00
1.465723664532175841e+00 3.097593760132115737e+00 4.606380854627459165e+00
3.246247766674371871e+00 6.327752355339358203e+00 1.677662602529806035e+00
-1.067667732521586782e-01 4.667984127084261026e+00 6.175348491648110283e+00
6.179247133582106422e+00 4.668531523976397146e+00 3.035750340932171554e+00
4.609283864009056764e+00 3.098337843275464909e+00 3.036378665911688479e+00
1.466207055935922376e+00 4.667998447565889997e+00 1.464444956480220439e+00
4.607924688120796475e+00 4.670303748510391095e+00 4.607706045852109078e+00
1.676034125222885418e+00 1.613101390118816258e+00 1.079783189776948871e-01
3.244138113853853422e+00 4.755093152973079995e+00 1.675224204276258178e+00
4.608986916881979035e+00 4.669187691870834378e+00 3.035448189615121528e+00
3.246634561877005165e+00 4.388274830350656630e-02 6.390000449962361273e+00
1.673378104339546146e+00 4.756170363315769478e+00 4.817039675480465633e+00
6.387871092954288343e+00 4.755971788572556314e+00 3.247394471364585034e+00
3.242684806765154804e+00 3.184510610976354350e+00 1.674649778308367587e+00
-1.032685335840254209e-01 1.527290284148301147e+00 1.465283229698918221e+00
4.817240260114149741e+00 3.185899597838116382e+00 1.677776718204658124e+00
1.020173602484102937e-01 4.755455207420339114e+00 1.674709582095426974e+00
1.672221811754483589e+00 6.324669147101296574e+00 1.674864944349898854e+00
6.180765467374863320e+00 6.240143953748238381e+00 1.466170697438473614e+00
3.240953584677334742e+00 6.325318369224654624e+00 1.014539170461938172e-01
3.150806483860401297e+00 3.144879168348960974e+00 1.580799377196741240e+00
6.387858230230428980e+00 1.614632764656183994e+00 1.067361909385349944e-01
3.039901640581621045e+00 4.669814881353768321e+00 3.037751434796060579e+00
4.609256148510140427e+00 6.239604439324947904e+00 6.178672790298715967e+00
1.560281834268948176e+00 4.706861933309816060e+00 1.559844771637522109e+00
4.815469488763379324e+00 1.613468125465753022e+00 3.247379031456227860e+00
4.815394077072628676e+00 4.755927888345704346e+00 1.674421268488559988e+00
3.038363712514740023e+00 -4.341179656384100416e-02 3.037007981054808070e+00
1.467444361812428433e+00 4.668763363447522963e+00 3.036523269735212249e+00
1.674331173103766002e+00 6.327044702789425656e+00 3.246959777932902469e+00
1.465658294772039794e+00 -4.416685550127306265e-02 4.605174371820915269e+00
6.386343349221309751e+00 4.343716947003872786e-02 6.388194102934565244e+00
4.608400923772884461e+00 3.098167984280098430e+00 6.177340652332453885e+00
6.178617877443418394e+00 3.096873329584276302e+00 -1.060389040701015251e-01
4.816357506907744224e+00 3.184846987904068616e+00 4.817313977554542603e+00
1.674770878005841013e+00 1.614656080560303186e+00 4.818497479581440146e+00
4.609057186984038879e+00 1.526846854502516448e+00 4.607837211983203396e+00
6.179991901503039564e+00 4.668023526807557388e+00 -1.045188935980271572e-01
1.467202042175774768e+00 4.668235224912448800e+00 6.177842259699254157e+00
3.247253338567361425e+00 3.186119209915544648e+00 1.080474501877845411e-01
-1.032384690780892150e-01 4.668427558118672493e+00 1.465555503855282327e+00
3.038116094815096258e+00 1.526290292710993146e+00 4.607323153472412613e+00
4.815849105304069511e+00 3.186060067433118981e+00 1.675007702608428017e+00
4.607138261930844081e+00 4.668389806522380781e+00 3.034640787613119617e+00
1.469029029116262874e+00 6.240831905532152390e+00 -1.035760205684353036e-01
3.037046955920915892e+00 1.526707302585642578e+00 3.035815743511842690e+00
1.467265515943888987e+00 1.526938012203266304e+00 1.464838499795357407e+00
4.608921913552417315e+00 6.239633374387480558e+00 6.177192769139530526e+00
1.036923593452542258e-01 1.614605349081983388e+00 1.676792467220800997e+00
4.607720927145897427e+00 3.097132010766537213e+00 6.175875645726034868e+00
-1.052272003400391981e-01 -4.365536904119649009e-02 4.605610064932577963e+00
6.179092528516024529e+00 4.668183668060079228e+00 1.465004302001534420e+00
4.815172413755452574e+00 4.755636399760732047e+00 4.815578405041930132e+00
1.032902535262222726e-01 4.756502413992897971e+00 1.676946435593455131e+00
3.244955474598363754e+00 1.614596914690022755e+00 1.047170293243936123e-01
6.180211305644250253e+00 4.668992754253714850e+00 1.465092577013749731e+00
6.387500414147058159e+00 1.614391375744111734e+00 3.246874977446869259e+00
6.178423588305552272e+00 1.526246028959386658e+00 6.176322345504013711e+00
3.037797881381363752e+00 3.097580070708815914e+00 3.036178460760821984e+00
1.674421359989338942e+00 3.185168553027536653e+00 4.817607306089917607e+00
1.676359223346393090e+00 3.186431051954059956e+00 1.679388991216464344e+00
4.607969451240971459e+00 -4.330434097499518548e-02 3.034898003145380940e+00
1.673956957188893924e+00 3.185252303520233141e+00 3.246936519908065311e+00
4.609956528734713288e+00 4.669628998745566584e+00 4.606816601272433864e+00
4.608946693911471826e+00 4.669147745918899695e+00 4.607367847416402817e+00
3.134878060639927355e+00 3.137983876514261361e+00 6.274172313870601592e+00
1.038217575300065809e-01 4.756376148892908162e+00 1.057796292014928502e-01
1.467201062468091788e+00 -4.400915695694770924e-02 1.464421651106379896e+00
4.611352152964297346e+00 6.240487159121292926e+00 1.468270799519818093e+00
1.466236496873606576e+00 3.097970987895868777e+00 3.034273378973373347e+00
1.677577917694891951e+00 1.615864990237193100e+00 4.822497674542927548e+00
1.677318555468802153e+00 1.615696660143997265e+00 3.249702102665867454e+00
1.466260722340452460e+00 6.238711319815996248e+00 3.034383466316214140e+00
3.244907981655318796e+00 4.756904115207984063e+00 1.049316929768516343e-01
4.605620109461536771e+00 1.526634926240275414e+00 3.032502429870148397e+00
-1.034836959794770278e-01 4.669525771270110148e+00 -1.047480127996685967e-01
1.676163452431441492e+00 4.756397596216260126e+00 1.677577745383752372e+00
4.608247312126501072e+00 -4.382314620645646336e-02 6.177125230902391628e+00
1.673942535710637003e+00 4.755907035533585514e+00 3.246723853119934056e+00
1.466338637790264077e+00 4.669258720672030627e+00 4.606457982903586768e+00
3.246487324458919410e+00 4.756710874096317099e+00 1.071025472108523419e-01
-1.019729155362183309e-01 1.527702517127631499e+00 4.609076760047969401e+00
1.468105582296323153e+00 6.239961209395332276e+00 6.178614014328110748e+00
1.674719673689256005e+00 3.186245888259190195e+00 3.248018431419344765e+00
3.245261277770118635e+00 4.348010789072186133e-02 1.676294394463079707e+00
1.468288933584417588e+00 6.239192364258840939e+00 1.465015733496753514e+00
1.469978477227094738e+00 1.528458672124919371e+00 4.609651576846876431e+00
1.674326986875891432e+00 4.755870574441058096e+00 1.050631165255172944e-01
4.607071865830767443e+00 1.526477084794192640e+00 6.175824781160455856e+00
1.013498683009332185e-01 4.288516266687868866e-02 4.816477393097568616e+00
4.608929786932768558e+00 1.527099249780190959e+00 4.606553721492361753e+00
1.121271894119369589e-01 1.615802062415794271e+00 6.393985264859717077e+00
6.386380195289063089e+00 4.755840119095159579e+00 4.817924194252417358e+00
1.466838865149628246e+00 4.668150475523869858e+00 1.464884801904108746e+00
3.038830422976829482e+00 3.098665494857587799e+00 3.036560312522880167e+00
4.609214555012269621e+00 6.239322865739421964e+00 6.178247853209679619e+00
4.817184078432282135e+00 4.756039991244046305e+00 3.248556097072243354e+00
1.676101734179431535e+00 1.615652192592780700e+00 1.073525893425614636e-01
1.040894282991368519e-01 4.756142428615651063e+00 4.818518559182291661e+00
1.040338695218727683e-01 1.614870219996142220e+00 4.818305158403036970e+00
1.017749619155784435e-01 1.614254887989208020e+00 3.246007040689058432e+00
4.817653125239766965e+00 1.615629032167426704e+00 1.677301080808491385e+00
4.815618826186335966e+00 6.327883836459713862e+00 3.247441214520227160e+00
1.467369737774266047e+00 1.526645543590942289e+00 6.176942803268319793e+00
1.674614072097732276e+00 4.756944307954278806e+00 4.818426384953251151e+00
4.816762820915847954e+00 1.614790411189251262e+00 3.247598314395902186e+00
1.036288604436418903e-01 3.185079676900549828e+00 1.676194695739611218e+00
4.607902660238925918e+00 1.527582082226029314e+00 1.464586803295681694e+00
4.818902745266540499e+00 3.184749227797590176e+00 4.820282862785437494e+00
6.385795401796626081e+00 4.755795994456251563e+00 3.245695212026106002e+00
1.463930462163297586e+00 -4.561540502723256119e-02 6.174307391096063746e+00
3.038717510590472681e+00 4.669350933152125904e+00 1.465339577394763504e+00
3.246355048417775446e+00 1.614443017828883775e+00 3.249367193082303817e+00
1.039453513248247973e-01 1.615371218759201088e+00 3.247982183456152860e+00
3.245827870373508617e+00 4.342131994149194679e-02 4.819613313946041977e+00
6.386500277326652153e+00 4.294076745569079534e-02 3.247060158772154814e+00
4.609041394646167689e+00 1.526625138676288573e+00 3.036288270559106994e+00
1.050210384246046125e-01 3.186565943543841595e+00 3.248153472211841919e+00
1.672059439251601054e+00 3.184879086275041349e+00 3.244499320144331289e+00
1.043232924279223484e-01 4.756729792913819033e+00 4.819256308510253106e+00
4.718232184667260576e+00 1.573475678650809062e+00 6.405708695687406529e-03
4.817153386188206099e+00 1.614775966499819804e+00 3.247968589420779040e+00
3.245847002754480126e+00 4.265099680724772357e-02 3.247373462850561943e+00
3.246484838537216255e+00 3.185484990135429850e+00 1.063477280658981922e-01
1.040669043116147219e-01 4.755835964602748156e+00 4.818885942028988012e+00
1.019492473051716447e-01 4.274089632090463664e-02 6.387366869548465331e+00
4.817163249806505121e+00 6.327311571581581973e+00 6.389953606834954059e+00
1.044251634464812978e-01 6.325953886649366531e+00 1.050842298437187766e-01
4.609307532026705623e+00 1.527531901154406180e+00 4.607108573120898498e+00
1.674729741988317810e+00 1.614518568908456908e+00 1.056418291348467098e-01
3.037755153143596232e+00 -4.419770623614203975e-02 4.605566879400956104e+00
1.467814164939564847e+00 1.527519051433467112e+00 1.465889837022534392e+00
6.178214821305386906e+00 3.097497863868134083e+00 1.463652123428744067e+00
4.815874084185442605e+00 4.756138061738774958e+00 3.247402306841833841e+00
1.677761185713756875e+00 3.188190376991971053e+00 3.250976130475660142e+00
3.245456335998119446e+00 4.347328650894067420e-02 1.676425128081205473e+00
1.051912987911641784e-01 3.185559637213885242e+00 1.064727048999558612e-01
1.019271800432245412e-01 4.385510806919281496e-02 4.816520582669168604e+00
4.815643894635422306e+00 3.184343782757307562e+00 3.245966485571629256e+00
4.816265024085725877e+00 3.186084821893041319e+00 1.675973748761819371e+00
4.815428278157916075e+00 1.614250283967762378e+00 4.816592877352537272e+00
4.815900148960214011e+00 3.185135166613609847e+00 1.048303887513085952e-01
4.814539924106460589e+00 3.184344917702786049e+00 4.816402407468341806e+00
6.387202362691916768e+00 1.615356812494146643e+00 1.676903039850778265e+00
3.244149800882800694e+00 3.184207028058763100e+00 4.816506691744789848e+00
3.038278763311693442e+00 3.097820274797915996e+00 1.465442707032541536e+00
6.178746941188588693e+00 -4.314357983621826265e-02 3.035154320935295580e+00
1.675271561844531742e+00 3.184846337527592830e+00 4.818090790560187742e+00
4.816836716674681718e+00 1.614087749404928163e+00 3.248183651028193175e+00
3.244793820113047289e+00 3.185097635704163821e+00 3.246223627190166994e+00
1.675023632994748546e+00 4.755324774812132560e+00 4.818267347545944546e+00
6.180090399738744189e+00 1.527704722421064920e+00 6.178139385072875633e+00
3.247875054151516672e+00 3.187125162154727409e+00 4.821127895162866217e+00
1.467537810238808360e+00 4.668933368061457756e+00 1.465882348874956387e+00
-1.053463164118541434e-01 1.526892156588076865e+00 -1.074804482237882025e-01
1.673504226585248666e+00 4.755671587012302304e+00 4.817409716368882044e+00
1.466800861543714030e+00 4.668592772981553729e+00 -1.058692603413222827e-01
4.608708884571970366e+00 -4.357876918409588074e-02 1.465268411150773664e+00
4.611182671293549973e+00 4.669225173984002275e+00 4.608329922622726116e+00
3.245378564201596205e+00 4.756016141035950717e+00 4.818450223125561926e+00
4.608291044220441002e+00 3.097649162284571212e+00 -1.052028355038258228e-01
1.466244916195589720e+00 6.239572290523133447e+00 1.464636296835693852e+00
3.037936170097994104e+00 -4.364726466485696621e-02 1.466319632649460303e+00
3.245834176562688356e+00 1.614227979743345420e+00 4.819342605996891571e+00
6.178773888816835758e+00 4.669516980996144540e+00 1.464721202291210611e+00
4.608722599618338300e+00 1.527469478516487955e+00 1.465017771411703418e+00
3.244902972046622036e+00 1.614749734511667922e+00 4.817847124307628626e+00
4.610579283629043346e+00 4.668706539844873937e+00 4.607712506923877349e+00
4.607950362087239959e+00 6.238987062184055965e+00 4.605717151998725001e+00
1.467458804789909976e+00 4.668679589045149569e+00 3.035992107006031393e+00
1.466998015505258213e+00 3.097384902499376924e+00 4.606936287311580891e+00
4.820153705439948588e+00 1.615660282770776890e+00 1.085343091652003489e-01
4.816796521790748464e+00 4.755495813187175180e+00 3.247436568289685077e+00
6.177674597525544264e+00 3.096860970601297947e+00 4.605073652426799669e+00
4.609025693179364502e+00 4.668237751485077247e+00 -1.057073875625779841e-01
1.465939124668409477e+00 -4.484775159127885047e-02 1.464450826685896656e+00
1.468050083138327411e+00 3.097306695736999682e+00 4.606594837655573649e+00
1.466655237354048236e+00 1.527263549684981347e+00 4.604897027338019200e+00
4.607349490062778052e+00 1.527661962088117775e+00 6.176902353065002238e+00
1.673484734796231388e+00 4.755161685130302907e+00 3.245331466358359229e+00
1.465589699201352403e+00 4.667707759846390303e+00 6.175671792405130311e+00
3.037537755580278276e+00 6.239324422189499231e+00 3.035854980259276470e+00
4.818075274063513547e+00 4.412086818410572431e-02 4.819780357437187135e+00
3.038120743669277868e+00 3.097811922715620003e+00 6.177273774388456040e+00
3.037972739325406568e+00 6.239412554603890548e+00 -1.049874937363196870e-01
4.608110930174277975e+00 -4.402267881544348616e-02 3.036053081888092198e+00
6.179186812201046486e+00 4.668562366121876472e+00 1.465581581657902976e+00
1.465902295632320884e+00 3.097463966165800997e+00 1.463004816880288272e+00
6.178740903768468407e+00 6.239370336636729242e+00 1.464487114749702279e+00
4.815394205267375938e+00 4.757044605628538037e+00 1.053591349161217966e-01
6.181140308387762516e+00 -4.323929204993961356e-02 4.608270667340398141e+00
1.036411464448221825e-01 4.756345434621877644e+00 1.054490186530115808e-01
4.609011703926908510e+00 -4.354873129412913796e-02 3.035691075182016974e+00
4.820438794734984711e+00 1.615480900149191656e+00 1.093151829763345101e-01
1.465108108383898156e+00 3.096949248860155546e+00 -1.075109326085734590e-01
4.610069881542492531e+00 6.239651578342916061e+00 6.178898004026135204e+00
4.817666866995617525e+00 3.185819466961655078e+00 3.249455590815458983e+00
1.043040895531654327e-01 3.185925819425483141e+00 4.819129982197045692e+00
6.180107777206456099e+00 -4.345004310765956945e-02 1.464994401056634699e+00
1.673948204926591021e+00 1.614628810886689747e+00 1.046071209910229560e-01
1.467160377565418283e+00 1.526695549282941489e+00 4.606821165691351361e+00
3.038452252263144970e+00 -4.306413107792982087e-02 6.178567168449969671e+00
1.675435262560761807e+00 3.185764948703080357e+00 3.247332308232919740e+00
1.466482067244834653e+00 1.526991189531698767e+00 3.035363464244458687e+00
6.177682221355770054e+00 1.525816032265331579e+00 6.176361146181174711e+00
1.467816371355419536e+00 3.098185561366386231e+00 3.036909962139879848e+00
6.180320341288607189e+00 3.097964526613010694e+00 1.466631811473279257e+00
4.607500241354995474e+00 4.668244705401336070e+00 6.176317099893887885e+00
6.387176760659963648e+00 4.431552025146737184e-02 1.055066624522561503e-01
3.246591959387645776e+00 3.185937402153737441e+00 3.248883368136919803e+00
3.244669578251307751e+00 4.756112911091061157e+00 4.817591388015435072e+00
3.037637430818714623e+00 -4.434049653085297971e-02 1.467432669250984034e+00
3.036325907871197494e+00 6.239772063035389671e+00 6.176453120836290722e+00
4.609790208192434235e+00 6.239497089250069628e+00 1.466414052826434444e+00
4.608584864887913746e+00 3.097746300872570746e+00 6.178750052449215602e+00
4.815725193492157885e+00 1.614211414352510587e+00 1.675863297512479644e+00
1.673614870456223036e+00 1.615041695436865377e+00 1.676428544061189685e+00
1.673232383604385642e+00 4.755454920424600829e+00 1.033681950955646217e-01
4.608036183988790668e+00 1.526412562718236332e+00 6.177369861315578525e+00
4.815247829091852338e+00 4.416199657693249681e-02 4.816635938705466913e+00
-1.027615614393469212e-01 4.668738245101550000e+00 4.608120904445136112e+00
3.245766527180655725e+00 3.186025867995585514e+00 1.062325780845948670e-01
6.173033951332450364e+00 3.095148688739724374e+00 1.458823840539205996e+00
1.467002163941873327e+00 3.097841290974538531e+00 3.035430922288795408e+00
1.675290985013561773e+00 6.326733964430259149e+00 3.248038205324849770e+00
4.814133929123057598e+00 1.614244816281997119e+00 1.674904284245375852e+00
4.816877226313434512e+00 4.756769724317951642e+00 1.063939666031984144e-01
1.036132884352065631e-01 3.185318762805379844e+00 4.817548896404918679e+00
1.058235430414779105e-01 4.312590188976745537e-02 4.819608776228562874e+00
1.041553024617934281e-01 1.615062132348766166e+00 3.246917898735083519e+00
6.386255767538171035e+00 3.185020130310190822e+00 4.817380266298163960e+00
3.036137489080623197e+00 4.668545535580698846e+00 4.604825225952086321e+00
1.039747243974034480e-01 4.416041656802620341e-02 4.818527025139713871e+00
1.674362129352169326e+00 1.613682133866987556e+00 6.387367144654864326e+00
1.037850649058359026e-01 4.400863780658003516e-02 3.247518893298131371e+00
3.244906305917788281e+00 3.185835246050835234e+00 3.247066758113895446e+00
1.050163149268523166e-01 4.396026371599206367e-02 1.066985190293122526e-01
4.815860149214735486e+00 1.613654914447857358e+00 1.039801192057261403e-01
4.814981759551024254e+00 4.755830431987198459e+00 3.247006248512769755e+00
1.676354100275801340e+00 4.556890391010944702e-02 3.248420273756100762e+00
6.179499852426175721e+00 6.239414607860183537e+00 6.177467729988636691e+00
4.816335952515353291e+00 1.615715007440184037e+00 4.819081146935387139e+00
3.037717512980072865e+00 6.239223962650769728e+00 4.606633184209421472e+00
1.469403995985460121e+00 1.528710421026159727e+00 1.468278414847190794e+00
1.050755069660825047e-01 3.185661130428970367e+00 4.819245371965521052e+00
4.608419086930597430e+00 4.667581391669501478e+00 3.034529540905976930e+00
6.386866969456889365e+00 3.185850501587494943e+00 6.389505636575165681e+00
1.031540335175246542e-01 4.430328075923720826e-02 1.675793365034644156e+00
1.467043209691136330e+00 4.668034170555580786e+00 1.465312435293609550e+00
1.467469054953332463e+00 4.668863822437400835e+00 1.466000620666858101e+00
1.675297321488523838e+00 4.756725200251712415e+00 1.062927242431119801e-01
4.815807651625335417e+00 3.184901098369135042e+00 3.247019866490278517e+00
1.042939552698337741e-01 4.387755759699159264e-02 3.247971049872152349e+00
4.608339279350971651e+00 4.669233038943824354e+00 3.035485318415430456e+00
1.674726545400360811e+00 4.755723275600856503e+00 4.818310757749655338e+00
3.240700639240699399e+00 1.612305261200003059e+00 1.672184295193589465e+00
1.468044417348860708e+00 3.097316237657270044e+00 1.467208639373762669e+00
-1.055491872427505862e-01 4.668093734387050553e+00 1.463618369451327617e+00
4.609545077190057683e+00 3.098308102453941171e+00 3.037645356466661895e+00
1.676740672427621925e+00 4.756980456966529047e+00 1.068318196732684355e-01
3.035189503926837062e+00 3.097345858352861470e+00 4.605558469256529008e+00
4.608371117537306993e+00 4.668244654639946312e+00 1.465631610590543144e+00
3.037357057968042451e+00 1.527913389066012373e+00 4.606838031086290641e+00
6.180466096135004861e+00 4.669235778598038067e+00 3.036853875472516506e+00
1.466950878851163376e+00 4.669197669343369661e+00 1.465882883809317194e+00
3.245937537606036205e+00 4.366448754077564831e-02 1.677251823785346208e+00
6.386304872144022760e+00 4.428013272365717568e-02 1.044147438391539590e-01
3.243817607917142798e+00 4.756335160306692345e+00 3.244969446530136192e+00
1.674352475346858604e+00 3.184999666990820710e+00 3.246781982784396003e+00
3.038174040710338808e+00 1.526888990666379398e+00 -1.058636334067456913e-01
3.037276657093229471e+00 1.527259086010906097e+00 1.464899856066094852e+00
4.609325751028025664e+00 4.668507593833184366e+00 4.607024853707311074e+00
1.673742391874214031e+00 4.756022420894200131e+00 3.246459330546330069e+00
4.608755575853720643e+00 3.097416153664576566e+00 4.606996397898920570e+00
1.466438185672291006e+00 1.526575681220238678e+00 4.606525042251058188e+00
1.675049076015374450e+00 4.400950004034467206e-02 3.247740566320208799e+00
4.608498105875880491e+00 1.526995082682711891e+00 3.036138131288072639e+00
4.607428571619013091e+00 1.526552094488108358e+00 1.464092672297964581e+00
4.816103040296396465e+00 1.615045399698760598e+00 1.064572014924245885e-01
3.040504037424703210e+00 1.529296061695232023e+00 3.038472843587029182e+00
3.036524845116845839e+00 3.097386264309399007e+00 4.606041453588617607e+00
-1.044148050119035470e-01 1.526795928448485995e+00 1.464803272779617416e+00
6.386189241102787406e+00 4.437876097299658928e-02 1.675276238898980141e+00
4.610064642625042453e+00 4.669277854510879955e+00 6.179076688711830911e+00
1.052952690483111159e-01 1.614604008740990748e+00 1.678396076539527160e+00
3.248778977041107741e+00 4.756355131161769556e+00 4.821884121515477517e+00
1.675181875439074597e+00 3.185579915243581084e+00 1.051869578725270898e-01
1.038992927841630443e-01 4.476263159387136592e-02 3.246373885511259605e+00
4.609307235176117068e+00 1.527267316254132590e+00 4.607681407776444971e+00
4.610210238319470299e+00 4.669141567331993592e+00 6.178324075125891213e+00
3.037839733198496095e+00 -4.363904105523261356e-02 6.177899476918325306e+00
1.467457723841335104e+00 1.526969158017550399e+00 4.606595805705880231e+00
4.815656897388262081e+00 4.756298677838577404e+00 1.054277897620567728e-01
3.038458875302017415e+00 4.669231226177075200e+00 4.607402577417964551e+00
3.243733155606361773e+00 3.184920186127987218e+00 4.817399229380105119e+00
1.034947103577411737e-01 1.614571675701096831e+00 3.246851436775080035e+00
1.675258551317506006e+00 4.335726337617516052e-02 1.677274096708599727e+00
4.608875193819519822e+00 3.097087849718782149e+00 3.035897118495941793e+00
1.469010720214933396e+00 4.668511415982200319e+00 6.179123307782598218e+00
4.816646792573018310e+00 4.756938775083202842e+00 1.070853035242303880e-01
6.178623188289101620e+00 6.239384415872553546e+00 4.605512600434986226e+00
4.814680035969363558e+00 4.410601489497505828e-02 3.246030617655612627e+00
6.177348176330671237e+00 6.240191886983375014e+00 1.463334316868945884e+00
3.037345860319142332e+00 1.524867635567898727e+00 1.463591477967828958e+00
3.045273551665534040e+00 3.099889361377651475e+00 1.470062207852371960e+00
1.466547524106689204e+00 4.668887767755190765e+00 6.178099893764895434e+00
1.040842980957035618e-01 1.614432469394391889e+00 3.247654221200927172e+00
1.039863542847634936e-01 3.185425076503992869e+00 1.052300855800857582e-01
1.466678647506845401e+00 4.667984791161463143e+00 1.464241859350097430e+00
1.466186108001659827e+00 1.527028165375700741e+00 3.035198898929167832e+00
4.608733892569224722e+00 1.527383970149812642e+00 6.178495422214202115e+00
3.245389357046047696e+00 1.615141424457507524e+00 1.047915471172066876e-01
1.674358452913920381e+00 6.327351116559701616e+00 1.676330572697257049e+00
1.468002121229247781e+00 3.097440635335502179e+00 3.037140624666511801e+00
1.044092564895623132e-01 3.186481183359314961e+00 1.677622458253507975e+00
1.467579096636888236e+00 3.098133258977704418e+00 1.465518272209584305e+00
4.815193026566074508e+00 1.614647833984417247e+00 4.816936763572052804e+00
1.470515609709256877e+00 4.668845928839684412e+00 3.038530379306738194e+00
6.178978154854497085e+00 6.239488304728276091e+00 6.177798410991828248e+00
4.816434493687395957e+00 4.393349400930509491e-02 4.817931883695582229e+00
6.178893518540081509e+00 4.668585292705347278e+00 6.177043899126256399e+00
4.815941693464911744e+00 6.327188487742037459e+00 1.676902817585644856e+00
3.037468740965352243e+00 3.097694728368026063e+00 1.464625061116725302e+00
1.466702298975834040e+00 4.668158838635623198e+00 -1.059679586477965396e-01
3.038458162668906226e+00 -4.372646806661990848e-02 3.036006848352324816e+00
1.034049194977995079e-01 4.755805937174446107e+00 4.817257311805696496e+00
6.177233227448763131e+00 6.238977237989092650e+00 3.033512131426852942e+00
1.031774600462637831e-01 1.614409115526792560e+00 1.675832554487488801e+00
1.466941415317267516e+00 1.526737900838504025e+00 1.465426851744926928e+00
3.036951174951377563e+00 4.669012957638766004e+00 4.607391023015903642e+00
1.047245906328811427e-01 4.376980154891555591e-02 4.819692960670761472e+00
6.177636596758228293e+00 1.526826210821136565e+00 3.033874725460388166e+00
1.053864835363732821e-01 4.756679153666861559e+00 6.389785843904371099e+00
1.674054669250734317e+00 4.368826876811110482e-02 6.387745996306892771e+00
3.245406816738418243e+00 6.326671205865127767e+00 1.676070381838574486e+00
3.037517008674111452e+00 6.239143639830906807e+00 6.176655381297900149e+00
4.610595506638768271e+00 1.527163755200062534e+00 4.608351743536363898e+00
4.606978325372973693e+00 3.097993470953313455e+00 1.465018401616130950e+00
4.605231310608723483e+00 4.667271427456086030e+00 6.173941383002438776e+00
1.469016742887474525e+00 4.669598664180838021e+00 6.179319583178388697e+00
3.246217607765318647e+00 3.185435670077774617e+00 1.063150164092225153e-01
3.245782733293187672e+00 1.614720745147045555e+00 1.062977653053610166e-01
-1.054097962167862279e-01 4.666802789169733678e+00 1.463270220378322994e+00
4.605170776113520326e+00 4.667839539983511088e+00 6.174651705495446841e+00
1.674264395930040061e+00 4.755683603688916961e+00 1.675201748916450795e+00
4.607027407965303745e+00 1.527127539738676987e+00 -1.066202470992730772e-01
4.608537068519811264e+00 1.527488739592621547e+00 3.036428268119704565e+00
1.677850760662077167e+00 4.759007081566227093e+00 1.680136849506380425e+00
4.609031184438705964e+00 1.527572232757392401e+00 3.036034049699374293e+00
1.673365800318782570e+00 4.363607621655694879e-02 3.246407519987662749e+00
1.675321062069883293e+00 3.185326748661049923e+00 1.676049477098982887e+00
3.244255714909503929e+00 4.756158155235524099e+00 1.676105632671691215e+00
1.030255626533864849e-01 6.326126842320860533e+00 4.817111862547723611e+00
1.673520829407138200e+00 1.614561303383063917e+00 4.816358651539495384e+00
3.037945958801514301e+00 4.668856757124379975e+00 4.606833734814154369e+00
1.675615224026394179e+00 3.185089615228962501e+00 3.247788551841377380e+00
1.464412050853249436e+00 3.098106321366589366e+00 3.034510759580635764e+00
1.044010417637671884e-01 3.185844671668021100e+00 4.818406976934716646e+00
3.246821039619356863e+00 4.756222378070041223e+00 4.819475197916503362e+00
1.673801033855651932e+00 1.614237691645894035e+00 3.246808791356959212e+00
6.382208404358781451e+00 3.182625868548814463e+00 4.813141821971110623e+00
4.814124693025427781e+00 4.756439729108906000e+00 4.816196525539724327e+00
3.038496136588662466e+00 6.238829508913735111e+00 6.177902736776231585e+00
4.609012640357906143e+00 4.668597487184019457e+00 3.036308907927689926e+00
6.386036571850739030e+00 1.614215896906886050e+00 1.676308718586662971e+00
6.178990009938049255e+00 4.668186939601721264e+00 6.176172372731531190e+00
1.034256348645417045e-01 4.756041238276820238e+00 1.049436876796865231e-01
1.032410600131621614e-01 4.344128976271789677e-02 4.817721425510542943e+00
3.037650882567749289e+00 6.239409470445529848e+00 3.036217491733394613e+00
1.669329313835408168e+00 4.124343656736131902e-02 3.241260107475329999e+00
3.244597487354415222e+00 4.365275687031693053e-02 3.246594565761326656e+00
-1.028272852899612677e-01 4.669051504951571729e+00 1.465206584303897275e+00
6.387455629228417031e+00 3.185177404007708990e+00 3.248030524826222454e+00
3.036863675669366547e+00 1.526427215364034362e+00 3.034233561226644671e+00
3.245880795135303032e+00 4.756521196046817224e+00 3.247529234242716001e+00
3.245710349596412581e+00 4.385191248604689007e-02 1.676781083668186678e+00
3.034883867613047403e+00 3.096218761311936518e+00 6.174651098071334943e+00
4.608893444670304262e+00 -4.367454164765245672e-02 6.177543122283737809e+00
6.178541882167488453e+00 3.096754249754558153e+00 6.176307562133400708e+00
1.675836021295747935e+00 6.327552264639693114e+00 4.819181136161736489e+00
4.609484327184325991e+00 1.528452329364022644e+00 4.607578662766157684e+00
4.608544269221233058e+00 4.668163816410212164e+00 4.606384814717758402e+00
4.814296371051988821e+00 1.613413275117963286e+00 3.245371128084083789e+00
4.814792923226926646e+00 1.614249727517212296e+00 4.816523994249473972e+00
4.816496585398740038e+00 4.756040991920042593e+00 6.388625560977019724e+00
1.466255682089397494e+00 1.526222350419503604e+00 1.464731410017408919e+00
3.037177975555908738e+00 6.239267794474282702e+00 3.035448503190994796e+00
1.464810223995456351e+00 6.238206122515753016e+00 4.603897333739092268e+00
6.387818898809832113e+00 1.615118078432474347e+00 4.818767367914117195e+00
3.036801175011887288e+00 1.526139362264732791e+00 1.463297060802881244e+00
6.179375799533795011e+00 3.097643471314381891e+00 6.177801482634446728e+00
4.607802145577169384e+00 3.097794079916774912e+00 3.035587836631795433e+00
4.607413337594456593e+00 3.097611493801040172e+00 3.034976651710823425e+00
4.612225709893396974e+00 1.527545663417634092e+00 6.181109114374009117e+00
6.384163901638616245e+00 4.272172478416771252e-02 1.673436961150860380e+00
1.009041852158914371e-01 4.755044405720831868e+00 6.386399962215657311e+00
4.607817763315308568e+00 3.097572873703383856e+00 4.605597364335080712e+00
3.037034873690900305e+00 1.526678972656398292e+00 4.606609030036032948e+00
3.040557118444645379e+00 1.527331436541288223e+00 6.179437528466396934e+00
3.245219969893630374e+00 6.327049693419638743e+00 1.054879244515721376e-01
4.816464150849487424e+00 4.756271753864178109e+00 4.817201509861894770e+00
4.816639071244711801e+00 1.614109557096416792e+00 4.818305945597078477e+00
1.674361788924909833e+00 1.614912114985875391e+00 1.676536955751604552e+00
1.673663061265976415e+00 4.757272774775775481e+00 1.675245484881360492e+00
6.181154024753044318e+00 1.527573207118423815e+00 4.608021474685225272e+00
6.179123024610878367e+00 6.239463243224875555e+00 1.465068764757180730e+00
1.675029620952131815e+00 1.614814526766756853e+00 1.676765497569694618e+00
1.466835358942356171e+00 -4.335643082047274666e-02 1.465461929875087055e+00
6.386547420617817217e+00 4.755758831966748090e+00 3.247341368174840870e+00
1.466509067523691812e+00 6.240280466447464924e+00 3.034921503195497028e+00
1.674633749804345095e+00 3.185932908643934081e+00 1.059719233438234653e-01
-1.038471033589281611e-01 6.239216933844721424e+00 4.605433301011435887e+00
4.608122251302952499e+00 3.097631412362356507e+00 1.465273799249382725e+00
1.674052843392354495e+00 1.614384342689610952e+00 1.675637798831022041e+00
1.674376682467927591e+00 3.185066367813865096e+00 1.676204273361324493e+00
4.815683993831292753e+00 3.185179623246720215e+00 1.676094489118126418e+00
1.465330596486805304e+00 1.526436946982818954e+00 6.176292873163262698e+00
1.677013598886299528e+00 3.186494898741548010e+00 6.390007084195650222e+00
1.673604826804542478e+00 3.185272623623712551e+00 6.388313801326754415e+00
6.180204829573566094e+00 4.668963092047542673e+00 1.465850278347784919e+00
6.179206158682252870e+00 3.097259426793899095e+00 1.464828373687335539e+00
4.816778338974324392e+00 3.185762565309358418e+00 4.818820035815603475e+00
1.467171368876307724e+00 6.239682505791141587e+00 4.606407353793921189e+00
4.609265120313522424e+00 4.668686919324493090e+00 4.607058258895514236e+00
6.178633301571506919e+00 3.097468339529333647e+00 4.607102724999088572e+00
6.387838649220381804e+00 6.327046097031550964e+00 1.677023228554768597e+00
4.816733422765796746e+00 6.327319773682592796e+00 1.071293151020883683e-01
3.036881379910610246e+00 6.239044713976896084e+00 -1.069478628689868038e-01
6.178502275252903075e+00 3.097071123209768739e+00 3.035686951282438262e+00
4.607166232572248887e+00 1.525653785224197589e+00 1.464153171568488121e+00
4.608338939669521572e+00 4.668561911543029908e+00 4.606864700401494872e+00
3.036688249559608366e+00 4.668878273570046922e+00 3.034737131651945141e+00
1.674335291316586538e+00 4.756562681201938148e+00 4.817693178647063590e+00
-1.033727773800341004e-01 3.097497005251505620e+00 1.466186119960518841e+00
1.673799810510772756e+00 1.615140293725912946e+00 3.245456894621118416e+00
1.466795711576576178e+00 3.097799952462666262e+00 3.036186800028789712e+00
4.609018035799226531e+00 3.096510456473701378e+00 4.606662786296690015e+00
1.675199534103699817e+00 4.756403128332189034e+00 1.676736446501764899e+00
4.814821179006809615e+00 3.184999875987080120e+00 4.817723412752926038e+00
1.466931615556392954e+00 4.668743525133432826e+00 4.607358995428369575e+00
4.816334084965742335e+00 3.185046375470237390e+00 1.676838734032070288e+00
4.606657921302512726e+00 1.526118325182594271e+00 1.463431715565677971e+00
1.063855729258856297e-01 3.185892027420280215e+00 1.680153898504509025e+00
6.388180421536826081e+00 3.186229693769540905e+00 3.248811638370722843e+00
1.674539236550596666e+00 4.756350745669264413e+00 4.818110577194960165e+00
4.816060632675690734e+00 4.756838402899417950e+00 3.247114339631511637e+00
6.179319596326791064e+00 6.239462460619914275e+00 3.035970408131443588e+00
6.389482963556021744e+00 4.756767745725870355e+00 1.679377269329133338e+00
1.468921064128705156e+00 3.098260156556601252e+00 1.467121785608315854e+00
1.674449538218412137e+00 4.397082591741668933e-02 3.246964219038611876e+00
3.037026310181369482e+00 4.668034254475671219e+00 1.464526809988794476e+00
3.038969926781637021e+00 -4.351582717685496815e-02 6.178760419764360634e+00
1.469676295002289468e+00 3.098627113880086270e+00 1.468214931379781429e+00
4.610668747486106334e+00 3.097666625832117937e+00 3.037002089524167836e+00
1.465624468409532533e+00 4.668817036223430250e+00 4.605981868242973398e+00
4.816902085622123408e+00 3.185411503728232674e+00 4.819061765713758660e+00
6.181888749974421948e+00 3.100585384250199805e+00 1.466850180490272937e+00
1.467810587777867770e+00 4.669230180211065395e+00 -1.051892003012035032e-01
3.035268077662121922e+00 4.668970071810539579e+00 -1.084873944049256356e-01
1.674862164113770202e+00 3.185622091645792686e+00 1.677288147846269117e+00
4.609270234164349667e+00 -4.399423455611869288e-02 1.466118245845471124e+00
3.247079827290781928e+00 1.614979718208615855e+00 4.820042003426457278e+00
1.677014343838288291e+00 4.496101093305639868e-02 1.079196632324123800e-01
3.035130155143669572e+00 3.097728773871606833e+00 4.603915093809192172e+00
3.245361865882581576e+00 3.185032952794741856e+00 3.247105081217910971e+00
1.018971626922034190e-01 6.326395309436086301e+00 3.245071871834792621e+00
6.179489134034069409e+00 6.239474498403283498e+00 4.606188808369962473e+00
-1.038278635788175003e-01 4.668394179087898443e+00 3.036492616553941204e+00
1.042115547252555341e-01 4.755659104146030991e+00 4.817726965267269179e+00
1.674289605113607582e+00 3.185111551350271242e+00 3.245623426807079159e+00
1.467202019789562994e+00 1.527065924118981677e+00 1.464996443173925300e+00
4.816465909023661673e+00 3.185692806873564820e+00 4.818357158882726310e+00
4.814290523050226867e+00 4.280859137012067023e-02 1.674761574724720647e+00
1.674406333536244018e+00 3.184703687699412367e+00 3.247402041930963712e+00
1.674818636048774678e+00 4.756432007966548525e+00 1.676092592685221039e+00
3.039150428238615476e+00 6.239235694609353011e+00 4.606864737369487095e+00
1.039476801837378034e-01 1.614255269098799017e+00 1.675525172799635421e+00
3.038731001220483119e+00 6.238797585797039247e+00 6.178760306321784412e+00
3.040938653429036354e+00 1.526657586568690439e+00 1.466410634581064354e+00
1.464978942508125659e+00 4.668251991617409224e+00 1.464260706097626263e+00
3.247065924183687002e+00 4.452503022417997336e-02 3.247008685574872988e+00
3.245243902895167398e+00 4.756169671799793441e+00 4.817746348463599837e+00
4.607121829568571414e+00 -4.396540111171321624e-02 4.605631729237892991e+00
3.036626312009934381e+00 1.526391921558760911e+00 3.034898018481208215e+00
-1.041158833229735015e-01 1.526606039290822725e+00 6.176886662131014560e+00
-1.029200329957707938e-01 3.097708755890306254e+00 6.178526010932651857e+00
3.037551418923055024e+00 1.525705970760872443e+00 6.176486172343278014e+00
-1.046625480957922294e-01 1.527070502256204110e+00 4.605501361887576195e+00
6.388601461491177247e+00 4.756338853928327559e+00 4.820591799838324754e+00
1.674979379853135164e+00 4.756183091288565201e+00 1.061599290707298526e-01
3.245665671568491728e+00 3.186038210358231648e+00 4.818936138686706450e+00
1.467538172613380487e+00 3.097089253519456964e+00 3.035310148912625294e+00
4.608044200179918448e+00 3.098191773084579825e+00 6.176577978788715839e+00
1.466250746822682860e+00 1.526162271969145223e+00 4.606467173692166739e+00
1.033220270064971191e-01 6.326658215589167078e+00 1.056495556234342409e-01
1.466759179846302885e+00 3.098529856523817294e+00 6.176342281256467892e+00
3.246576986542527798e+00 6.327763710067951131e+00 1.676949773099246199e+00
4.608725655786771291e+00 3.097438735919543884e+00 3.035650273427624946e+00
1.675330504924843256e+00 4.364590501629888458e-02 3.247415449433392887e+00
1.047504235313037602e-01 3.186062012595603399e+00 3.248070144085018818e+00
4.816292019951843528e+00 4.391446880725938251e-02 6.389362118547154523e+00
4.815475885187059824e+00 3.185021707616857878e+00 4.817629985831066719e+00
4.816643154953967887e+00 3.185760354653319748e+00 1.058710376083551452e-01
3.034679948811491279e+00 3.096627816814971901e+00 6.173620038628528484e+00
3.036817111126095536e+00 3.097667997011706031e+00 -1.064816822922686479e-01
1.468863132790072967e+00 4.669380140389900014e+00 6.179434002430250317e+00
1.464350878932476396e+00 3.098035784502353618e+00 4.604793388264011078e+00
3.243432082537853756e+00 4.755376762529412105e+00 1.674633790824003876e+00
1.467053482700224842e+00 3.098028831393752736e+00 4.606658165004510863e+00
6.178353006511491330e+00 6.238804776098901606e+00 3.035092100066631993e+00
3.039133338192557598e+00 4.669207739898968867e+00 3.036479267974650398e+00
1.467796604538612382e+00 3.097771903594515486e+00 1.465607179890267009e+00
1.673198206506686825e+00 1.613779491954916878e+00 1.675570127608754678e+00
6.388594843963903536e+00 4.756249730093534467e+00 4.818527439141046642e+00
4.611610242656886349e+00 6.240050748567045780e+00 -1.052402275909551238e-01
6.180859141314082095e+00 6.240149217157139105e+00 6.179020641741499453e+00
4.609470719355948098e+00 1.528011767733045811e+00 4.607878625499360226e+00
3.037583754701523642e+00 3.098044425269648183e+00 1.465172031705781031e+00
6.181498332552557429e+00 6.240129920574723599e+00 4.609739013007792430e+00
4.815694810910989609e+00 1.613831823411424837e+00 3.245925511990120693e+00
6.386425754238237218e+00 4.755992480287087432e+00 4.817280550819089235e+00
3.245960995112445513e+00 3.185241103395912265e+00 1.676302168850181129e+00
1.465948857940100991e+00 3.097678322545039276e+00 4.605635610917586220e+00
1.674079967893699061e+00 1.614731996712557738e+00 3.247515846480642399e+00
1.463959455399117093e+00 6.238197977336484179e+00 4.604978640206795149e+00
3.036777616383985912e+00 4.668235325138070380e+00 6.176487408989255634e+00
1.030778573780347651e-01 4.755719197557628064e+00 4.817467428212935943e+00
6.179699593579938366e+00 6.239577778034143485e+00 4.606996408395225728e+00
6.388285758666642167e+00 3.185906542046815115e+00 1.069920654916563379e-01
4.814681595362497291e+00 1.613469374077090457e+00 1.674543473648610226e+00
4.818660320813726194e+00 6.328338882950204081e+00 3.250142994891067616e+00
-1.049601169504219972e-01 6.239429202911739303e+00 6.177552873471277906e+00
4.819593140406717602e+00 3.186555624419815214e+00 3.250360938609384132e+00
-1.672555389597816466e+00 3.099008721099678176e+00 1.468246400261961737e+00
1.674967498895768792e+00 3.185597004517094710e+00 4.818901451380680712e+00
1.031897493979535840e-01 3.185259520389631227e+00 3.246562780550926508e+00
3.245268560884431608e+00 6.327806030774764778e+00 4.819603674079909972e+00
1.466679965240401229e+00 3.097958091068711894e+00 4.606749419903978016e+00
-1.041644885426165623e-01 6.239047529892502553e+00 3.035397819100216221e+00
1.043075908216077458e-01 4.757061097782105286e+00 3.248126349819920655e+00
1.674729083880416525e+00 4.333747531389405688e-02 1.675878654850635030e+00
3.244898279754633741e+00 1.614955298757960511e+00 1.057517830131408376e-01
3.245037067545796017e+00 1.614763009875029187e+00 1.676375381212827476e+00
1.467000609472035588e+00 3.097702036976079487e+00 1.465389354920626053e+00
1.462791461755097444e+00 4.667981206006341033e+00 3.031045790210407098e+00
4.816397506797208017e+00 4.365685685717123066e-02 1.057656958175177686e-01
1.049312330723504022e-01 1.615140223321527735e+00 4.818440751250584242e+00
1.675413407446997072e+00 4.446872798212773981e-02 4.819088263922919779e+00
1.466438220848358842e+00 1.527691044439061452e+00 6.177741083680282408e+00
3.039082200734367856e+00 1.527270313035374194e+00 3.036258331259538590e+00
4.600522411887472352e+00 4.667281532037799607e+00 6.170744333383442637e+00
1.672791352900892869e+00 3.184447996587711938e+00 3.245657322687552249e+00
1.675289418458185020e+00 4.755819395049333487e+00 4.820107592730065171e+00
4.818425424971690241e+00 4.394265836507674217e-02 1.076187018643438437e-01
3.038075594126896650e+00 -4.338190425309096376e-02 1.465312612875395937e+00
3.245586150134102343e+00 4.755745258835036182e+00 1.676151993059631806e+00
1.049196771936201505e-01 3.185178856374197398e+00 4.819074956947073218e+00
3.245174530189145923e+00 3.185328954745804353e+00 3.247644400402840859e+00
4.816534484088226264e+00 3.184876195479106276e+00 1.675933462332356516e+00
4.609718200751243167e+00 3.098599758752011102e+00 3.037759359070005161e+00
1.033863257483696035e-01 1.614259858387466107e+00 1.676060699813050725e+00
-1.031193342764621240e-01 -4.395704599343054630e-02 1.465409397493171451e+00
4.608817243032764743e+00 -4.362265854454617370e-02 4.607429832858652041e+00
1.672653196015116972e+00 3.185381320745579448e+00 6.387060901627081400e+00
4.815235201995148984e+00 1.614966057607551519e+00 4.816643687442766719e+00
3.245418246315124211e+00 3.185363949116142734e+00 4.818757916279093223e+00
4.609447939171372965e+00 -4.272343859173931280e-02 3.036269732542413280e+00
1.674712810766647353e+00 1.614627819653511542e+00 1.052255003259039562e-01
1.467675064382031547e+00 3.097591458051066393e+00 3.036391947995667362e+00
4.816092342614530786e+00 3.185089126919973257e+00 3.246795808466657274e+00
4.605624111661283493e+00 6.238329919058301698e+00 3.033306397457978143e+00
1.674988544954717495e+00 4.756988988095369741e+00 1.675779921498116831e+00
4.608725790986339277e+00 4.669216598979125443e+00 6.177637274045398641e+00
1.466870483836795191e+00 1.527070101748407627e+00 6.177414403278486787e+00
1.674888954738853020e+00 1.614671482160853211e+00 1.676802086325699603e+00
4.814722361679794282e+00 4.334839262837942436e-02 1.673427038537738332e+00
1.671699147462489599e+00 1.613498157273437261e+00 1.025452297979242977e-01
3.245172545661457519e+00 1.614600880596248178e+00 4.817357207807865471e+00
1.467334534441613547e+00 -4.361507485742865953e-02 6.177460603562694885e+00
3.040017291523989140e+00 4.669495549082901320e+00 1.467038810774220714e+00
3.036529659233753620e+00 1.526429527829857191e+00 6.176345155140789522e+00
1.680553146580513024e+00 1.617899306918155977e+00 3.252063316404519178e+00
6.178356799142844302e+00 4.668129510455981013e+00 1.465469261645831578e+00
4.609503969103634802e+00 4.668742851603192356e+00 1.466941073809758356e+00
1.062314079861023386e-01 4.519176966687593611e-02 1.098186196641320334e-01
6.384114552574873258e+00 4.367765031422803784e-02 1.020374080976329811e-01
1.675060859364269961e+00 3.185530780370613879e+00 3.247546217666305690e+00
3.245192610392035437e+00 4.462996767634613837e-02 3.247319352618482924e+00
3.245068050505275803e+00 4.756247343911446102e+00 1.677069273459171894e+00
3.038263605633116260e+00 3.098231731706644787e+00 3.035448747350939502e+00
4.817184049040364791e+00 3.183186019650758869e+00 3.247777922331423373e+00
4.817147125535667485e+00 3.185609681971630192e+00 3.248490852312921895e+00
3.243591964951185069e+00 1.613790588079296429e+00 1.675773820036465134e+00
6.178727395551796953e+00 3.096668560685867710e+00 1.465517492583153780e+00
3.244338759815249329e+00 3.185461044599977143e+00 1.675817179997956208e+00
6.179309088905872827e+00 4.669294100432103356e+00 1.464475780616951939e+00
4.817470729927441297e+00 1.615162710810110092e+00 4.819170971324783004e+00
1.037745574908846696e-01 1.615021157448989220e+00 4.818821483454476251e+00
4.607807506794795671e+00 4.667652449703394879e+00 4.606763977582907010e+00
6.181418011947936719e+00 4.668742766524011323e+00 4.608022884390713614e+00
1.674327374021886916e+00 3.185224644047373932e+00 1.677126324249500255e+00
3.038426897148783112e+00 3.097134743804633050e+00 1.465165806005542581e+00
1.037293690061605461e-01 6.327239888856180272e+00 1.065306350723824874e-01
1.467245671404016072e+00 3.097722039517519566e+00 1.464870655993043114e+00
4.817856701866086055e+00 4.756439797483599463e+00 1.067461329583215407e-01
3.034235525273291767e+00 6.237573034813725492e+00 6.173528214842070483e+00
3.036934520661930925e+00 3.098909194490162111e+00 -1.071086418766735576e-01
-1.467779092651327888e+00 1.614757774863185835e+00 3.246969784946879045e+00
1.036759573216467917e-01 1.614339229129730047e+00 4.818562554585818170e+00
1.675379117711383481e+00 4.756903859680210900e+00 4.818684878930926452e+00
4.815986470796543628e+00 4.755987873631028151e+00 1.066661033468704195e-01
1.673351484516562016e+00 3.185268544126441892e+00 1.675560521765291577e+00
4.605876182029517096e+00 4.668438668121337898e+00 -1.077741762973909029e-01
3.245057726763266537e+00 4.458748601458069338e-02 1.676871076134128336e+00
4.817192381721922878e+00 4.473877707784596619e-02 4.819825970020831463e+00
1.467053292619450833e+00 1.527183189429269339e+00 4.606553735375401359e+00
6.385070850596457070e+00 1.614517291084224038e+00 6.387385419643373474e+00
3.244906584098746105e+00 3.185204825688934260e+00 4.817540986984768736e+00
1.674151597045754558e+00 1.614395691009421041e+00 3.247721640470337512e+00
4.608844635223701580e+00 1.527458886058452370e+00 1.466125562912325542e+00
3.246716731597619976e+00 3.185534986747291963e+00 1.677992394467800796e+00
4.608513409997942567e+00 6.239505724061458203e+00 4.607523160650185190e+00
4.607657907647974227e+00 -4.421190565544273060e-02 3.035123782904664225e+00
3.037052484848559608e+00 4.668494700498460048e+00 6.176232358511959397e+00
6.179952292466021291e+00 6.239024849482930790e+00 6.177869778923504640e+00
3.250800428502688355e+00 4.764092120322252488e-02 4.824164518346818475e+00
4.815616289637586256e+00 4.372612192930087210e-02 3.247450234533860058e+00
4.607157819448250535e+00 6.239359538382101000e+00 3.034890546465641048e+00
4.815607993132389630e+00 4.755643234743283543e+00 3.245788710711731806e+00
3.244111953160226491e+00 4.756176313073574136e+00 1.676344715365427840e+00
1.046639501950786255e-01 6.327401191088229737e+00 1.076535730552114351e-01
1.047110384258801846e-01 4.503761625608862507e-02 1.677390000910244705e+00
1.673562075998073606e+00 1.613806808859638453e+00 6.387877520004827225e+00
3.037768741679614415e+00 4.668309955038941084e+00 4.606504370101259127e+00
3.245068246732318418e+00 3.185605348273063520e+00 4.817467805918551171e+00
3.039061052032887567e+00 4.669390496086573528e+00 1.465861251706011670e+00
6.177215449901797939e+00 4.667914671995887943e+00 3.034067687247585798e+00
3.037392494956468347e+00 4.668575436097097686e+00 1.466854314459774100e+00
3.037637425125188084e+00 4.668435595089908574e+00 1.464036841229789276e+00
6.387490188130307445e+00 4.448696627131163567e-02 4.819428579303512983e+00
1.467723101580815648e+00 1.527003871758462417e+00 3.036106916889854901e+00
1.673997933591618636e+00 1.613920182381369584e+00 1.045440584601730061e-01
1.465958543079884491e+00 6.239130660860699784e+00 6.177038609111904499e+00
-1.041197706906622500e-01 3.097735711552649818e+00 4.606417730602402116e+00
1.468612005778256790e+00 4.669131588399802801e+00 4.608214546390406952e+00
3.037674126843867839e+00 3.098168008855742617e+00 3.035851381770945601e+00
1.675228966420316157e+00 4.399525561917059374e-02 4.819036767263662924e+00
6.386654044765406546e+00 1.614399078136079080e+00 1.057540883551806032e-01
4.816414821307191119e+00 1.613911231358197140e+00 1.675910059932942175e+00
4.608913385249230110e+00 4.668370474320128416e+00 1.465293596680918409e+00
6.273006301043633215e+00 3.136420636624544400e+00 1.560258518016469420e+00
1.465042215437360129e+00 1.527299338046618882e+00 3.034755304225702499e+00
6.179764633252319506e+00 3.098364145213469811e+00 4.606395009822996656e+00
1.676690982253516760e+00 4.756527230100261683e+00 1.076669853058829923e-01
6.179831293634465261e+00 4.668718733251552067e+00 6.177863777551822366e+00
3.247462150024648775e+00 1.615119310533899455e+00 1.072212959457541637e-01
1.676210032319553234e+00 3.186846237217571431e+00 1.677648904789532214e+00
1.675954487683828154e+00 3.185541604758534984e+00 1.677376070365794281e+00
4.813297224723267931e+00 6.326120902276781699e+00 1.022051743125460266e-01
1.468421279922851541e+00 -4.323544449159953673e-02 4.608033181002099354e+00
4.607780117931747021e+00 6.239416387245380058e+00 4.606446182260762079e+00
-1.037691320805972373e-01 1.526534948695984717e+00 3.035575236163893909e+00
6.178526097994085475e+00 4.669329600298593341e+00 3.035390597328078588e+00
6.179867252618248763e+00 6.239395011005795411e+00 3.036105215027844917e+00
4.608881508575548125e+00 1.527149539405699308e+00 3.036211654816780126e+00
1.466987669056083687e+00 1.527010489681180472e+00 3.036184075034450203e+00
3.039330150589612867e+00 4.669714772781130563e+00 1.466506649932344475e+00
1.468648849697600234e+00 3.097432108104859250e+00 3.036440304822178859e+00
1.671125483335603956e+00 4.248638034301124855e-02 4.814787410645575250e+00
3.244389912248109908e+00 1.614104811887447699e+00 4.817113851744931452e+00
3.037150282433547233e+00 4.669115528313659169e+00 4.606569564090028379e+00
1.036935156240833961e-01 4.756801781305033394e+00 4.818350320819940080e+00
6.178063797029717641e+00 3.096582838181068720e+00 1.463977620404360636e+00
3.248716411943918025e+00 4.757384550472143481e+00 3.251290927217308724e+00
4.816257821858973109e+00 4.756168807707800816e+00 1.676778381626454539e+00
1.467400008203364914e+00 3.097560525690255862e+00 1.465078932819342317e+00
1.678576383332786470e+00 1.616092178344893160e+00 1.678383355984573111e+00
3.037052805416634804e+00 3.097030045885117655e+00 6.177188507110350280e+00
2.897052882789769024e-03 1.995919800386473757e-03 3.145081838589916856e+00
1.674514993804671503e+00 1.613671798719578110e+00 6.389354353734573166e+00
3.037931296963760186e+00 4.668991694500681078e+00 1.466000681195944955e+00
4.607069618635423858e+00 1.526834764827095237e+00 4.606145808683214327e+00
3.042167758092935159e+00 3.098699277545971853e+00 6.181195623323287869e+00
6.179683663226994916e+00 3.098710773803780683e+00 4.607051336645522355e+00
3.037304973040872991e+00 -4.330563402224763686e-02 1.464874448630028692e+00
6.178327966958478079e+00 4.667971580904545448e+00 1.463785205331573858e+00
1.467147757309790634e+00 4.668738914453148148e+00 1.465142645442145231e+00
1.467425561927506283e+00 3.098193612380531814e+00 -1.058061802418840680e-01
3.246007839734176503e+00 4.418057719064422129e-02 1.066907216579667944e-01
4.608600770907436583e+00 4.669244653230630426e+00 6.178666909372632077e+00
4.815154264837238962e+00 3.185396618008566438e+00 4.817872231572955855e+00
3.242725008891848670e+00 3.184389577243307290e+00 1.672523730870810965e+00
4.607365141775540351e+00 3.097188469424851931e+00 -1.062117673272097162e-01
1.674220671703534391e+00 4.324791298118771388e-02 1.675780718807265979e+00
1.467442463540863606e+00 -4.377903539014391110e-02 4.607297433686821542e+00
4.811909839126966126e+00 4.756109215603046891e+00 4.813026796447228861e+00
3.037498696609322923e+00 4.668868423054803429e+00 6.176864105786257220e+00
1.674917929159549068e+00 4.756646066305342480e+00 3.246369568731656940e+00
1.676154614369744555e+00 4.756731482886991103e+00 3.247844208644867781e+00
3.036923514014945980e+00 -4.407793328995338739e-02 3.035448792032971799e+00
3.245738045751077383e+00 3.185365135888333477e+00 1.058829068234847792e-01
-1.047368360067468390e-01 -4.326306286113154598e-02 1.464661057047461190e+00
3.245325534440681725e+00 3.185375657599711641e+00 1.676545877705547305e+00
3.247930619458447410e+00 6.327277785597032356e+00 1.678876878052780741e+00
-1.032352532116972560e-01 4.668603378628922052e+00 1.465611091398944854e+00
3.036745231744409246e+00 4.667764100786356174e+00 6.176607239877315969e+00
3.247656143472509971e+00 4.756941840771539809e+00 4.820056865411596725e+00
6.176074970712401857e+00 -4.466513474367125869e-02 1.462087633426097266e+00
3.248252627517965063e+00 1.616118523118470707e+00 1.113352265852569911e-01
4.608956128186763479e+00 4.669109416389783718e+00 1.466379669494523696e+00
3.244874728790037910e+00 3.185384109289296717e+00 4.817061954910512256e+00
1.674912522964262074e+00 4.755831386224516955e+00 3.247232395353912615e+00
4.817084591764287715e+00 3.186207798062063556e+00 1.071521921385683723e-01
6.179708075808085788e+00 3.098179970178592146e+00 1.465362321337287277e+00
1.468452170972707638e+00 4.669141184778762721e+00 3.037944689970009549e+00
4.608551565539922734e+00 6.239979809689789825e+00 6.177769474268763439e+00
1.053519356799807599e-01 3.184517978599676002e+00 6.389542198605649759e+00
4.816064947765774207e+00 1.614279366861103071e+00 4.818612733162804140e+00
3.244535305662773705e+00 4.755904476662847102e+00 3.246668902536303580e+00
4.606731997710033610e+00 1.525409573056452084e+00 6.174143189296008138e+00
1.468308152840353875e+00 4.669479182817701357e+00 1.466111435894071890e+00
1.675041171168831111e+00 1.614944315703238820e+00 1.061965115194217490e-01
4.817963114286248683e+00 1.615967801196913634e+00 1.678504171926065158e+00
3.144094673990930566e+00 3.142652471288821303e+00 3.143948875841799939e+00
1.473090135057509409e+00 6.241090199451409859e+00 1.471293587180985796e+00
1.468821161531251862e+00 -4.359562694404398031e-02 3.037792637376783400e+00
1.054873979099233694e-01 6.328795339948977805e+00 3.249230864115694395e+00
4.820185944237984188e+00 3.187040412687086821e+00 1.681615045259111874e+00
4.814084092935921433e+00 4.755835845721484212e+00 4.816940134962014675e+00
3.243541391248048189e+00 4.755093058351165247e+00 4.816165778260353747e+00
4.608603824798565896e+00 6.238533065651854059e+00 6.177384638030163799e+00
4.817574025631430779e+00 4.431860905030005765e-02 3.248517309115401375e+00
1.023208077621947792e-01 3.186183774239971012e+00 1.028513914959326425e-01
4.817207251275307023e+00 4.756858620039114527e+00 1.677255574864406240e+00
3.038993955607849351e+00 4.669065335970707942e+00 3.036566488649312667e+00
1.034946354354851217e-01 6.326927965048716018e+00 1.676115943884862292e+00
3.244255778747837216e+00 1.612917837499613594e+00 1.055106178360549346e-01
-9.958950570187175000e-02 3.098254002117128536e+00 1.468849169271689181e+00
6.182075539164539002e+00 3.098382497360487875e+00 6.180824793981639864e+00
-1.037861294020332448e-01 6.239385475849941187e+00 1.464689728222624554e+00
3.036727649389014072e+00 3.096527904632344175e+00 4.604674796650111368e+00
1.467059302810010957e+00 3.096927347999335112e+00 1.464872844573633648e+00
1.673761707481290717e+00 3.185043407078686162e+00 1.675422546237027133e+00
1.467043484651085361e+00 3.098483163859737211e+00 3.035854246185668792e+00
1.675216054659846687e+00 4.755890422020095265e+00 3.248102351173980384e+00
3.037244426804694974e+00 3.097635040654321159e+00 4.605860727763375628e+00
4.816491360175173320e+00 1.614661582421197394e+00 4.819055008166259313e+00
6.177211935688696975e+00 1.526935090564754294e+00 4.606069508903064325e+00
3.036095018867033701e+00 3.096682728706341869e+00 3.033685198787067439e+00
1.674884739720390980e+00 4.756136636318038846e+00 1.060981516950623288e-01
1.466624858349130811e+00 4.668631206450354121e+00 6.176675008533333511e+00
6.178168446811018732e+00 6.238791918540242953e+00 6.176098139199829085e+00
1.674037198894211098e+00 4.756235157551173209e+00 1.062556228268469738e-01
4.607850786141038490e+00 3.097092348612854540e+00 4.605957201381730037e+00
1.467595298523414860e+00 1.527085097529918833e+00 3.036318596355607635e+00
