7.733970589624004077e-01 2.332341462898432027e+00 1.019944756305656508e+00
5.846617542089751041e+00 3.772853808193320724e+00 2.219198624027632238e+00
2.324924234385809196e+00 4.427737504163591353e+00 4.617679157718219685e+00
3.430793711970635318e+00 3.156918028919795116e+00 5.759115733918358515e+00
3.159894789119859215e+00 2.136665721000390039e-01 4.031096975746807587e+00
2.230716702988252642e+00 5.921727211870359220e+00 3.566816117112284967e+00
5.170108244558723420e+00 2.899175444006664382e+00 4.278939967912942954e+00
1.785104510862459470e+00 4.204506934885615443e+00 5.666512231472149885e+00
3.889091743170110860e+00 1.007004979012427581e+00 2.445245118285986230e+00
1.732280809014085099e+00 1.490727923835687641e+00 5.783522989573336659e+00
2.617056323252043182e+00 1.345317702912194546e+00 4.182060708352195455e+00
3.582797369699899370e-01 1.532527873340634006e+00 1.762442122744458217e+00
5.093982775567817978e-01 6.148833888468324460e+00 3.878246711608964059e+00
4.554160278887414703e-01 1.909199473049896012e+00 5.713182587560994286e+00
3.014084499571921594e+00 1.722832196934055426e+00 1.046826215426848838e+00
4.384107872255563088e+00 6.039302262147871581e+00 6.744430787364940061e-01
4.826158331978562255e-01 1.150293834115493796e+00 5.554984918648325554e+00
6.501087836527217334e-01 4.128921827252664656e+00 9.138686601784050678e-01
1.998438670749291157e+00 2.707735491251702431e+00 4.444024895232671746e+00
2.709702034906295576e-01 1.945449895963447196e+00 4.753086658128911068e+00
1.507222804004095806e+00 1.061302084216730890e+00 1.458881897733648403e+00
1.742156384798133173e+00 4.429498695280766341e-01 4.532319020288244182e+00
5.584327431471626468e+00 1.408768306926361902e+00 8.878193089594845766e-01
1.958600718497786275e+00 1.407637090776622024e+00 2.319891503295198054e-01
5.278684694028354940e+00 1.463849289790916774e+00 2.170133261325299490e+00
4.711614244078502267e+00 4.608246224106596900e-01 2.099200937917394261e-01
2.513545072116015522e+00 2.434825354648747275e+00 5.151581442494658880e+00
5.603242483888042358e+00 3.672850715530864729e+00 5.243554413759456523e+00
3.662690389147712722e+00 4.137885150949642821e+00 5.466153344797755054e-01
1.254158930318939325e-01 4.894658201087496607e+00 1.938585871213962086e+00
1.706604742394281171e+00 6.583183860770019935e-01 1.958194778209484621e+00
5.667465952410269736e+00 2.665164716766166286e+00 4.638146880034938135e+00
3.912799586182892586e+00 1.250813014338348461e+00 3.087631034840735200e+00
4.777213028948422924e+00 5.131611002838795343e+00 2.615657886652040798e-01
1.878886606341721999e+00 4.499821332421492848e+00 5.746284832341114424e+00
6.227060419650456424e+00 4.115676790228358861e+00 6.271438848403171562e+00
4.216012623525125846e+00 9.364617396963417217e-01 5.255386913570048169e-01
8.389036374775248328e-01 4.568203240945583055e+00 7.642492171765710163e-01
2.261299893469081113e+00 3.236051782510148911e+00 6.168114335932600056e+00
2.378514922660954323e+00 1.620542130299122752e+00 5.785449818471372296e+00
2.006204122083584396e-01 6.106210126581690378e-01 2.832521276271051658e+00
1.995048713732431533e+00 6.058902694233414543e+00 3.149248998120292242e+00
4.188699313830188120e-01 4.849188300940365792e+00 5.087603256161311371e+00
4.907908110052839668e+00 4.925039581179772696e+00 5.058310814342602768e+00
5.874568265687185153e+00 5.212640628470463611e+00 3.994274028136797217e+00
1.286227982008771642e+00 3.002137783136434201e+00 4.479499796070674833e+00
4.012691497908482674e+00 6.174177868246852441e+00 1.921381119860920528e+00
5.129095288989199419e-01 4.651098278750318116e+00 5.995164722557607462e+00
5.806081829705497910e+00 5.067475030578031614e+00 2.591778411447848374e+00
4.673680932358497131e+00 3.326390801650830564e+00 3.044201568584184336e+00
2.269512274605338664e+00 4.363833147526588796e+00 8.787537329989772994e-01
3.871614244257992610e+00 4.334032865272273938e+00 4.110412649947299712e+00
9.739127611302249576e-01 8.156913510317860272e-01 4.746739268885421525e-01
3.667233195645121846e+00 5.366957985487927019e+00 1.106692375228461422e+00
4.409782884113414347e+00 4.180301108853751835e+00 2.506741746212662658e+00
3.249266027990793670e+00 5.136471227534088468e-01 6.046317855967060062e+00
2.305293832055262282e+00 4.124312739782499904e+00 4.749272283089263524e+00
5.778427153503588265e+00 4.657541279582414262e+00 3.602447787105326871e+00
3.200952955661167998e+00 3.875417452487847747e+00 1.925195928731688655e+00
1.515338884488435511e-01 1.961938682730411054e+00 2.243447467059512590e+00
4.169213956249080866e+00 3.245617957321643932e+00 1.938240561251955096e+00
3.581660736526663669e-02 5.442097791201650381e+00 1.446229670360395625e+00
1.702777394554826795e+00 5.824242352891682017e+00 1.521015478247408348e+00
5.594314369569151957e+00 6.163826752124041519e+00 1.597555605142409574e+00
3.419934208957057020e+00 5.903291348070623279e+00 7.644181630836788255e-01
3.257860448853428625e+00 3.835564098957972234e+00 1.384392761019485718e+00
5.821550472525645503e+00 1.581860543463365909e+00 4.344090062587142587e-01
3.159672754431978259e+00 4.196353536573413479e+00 2.941134032471368176e+00
5.075768102126635206e+00 5.831123113495977783e+00 6.236952690489736995e+00
1.381663487699455795e+00 4.929901842176644955e+00 1.573408218763106214e+00
4.601336317962597455e+00 1.068629320252290960e+00 3.160374657342635896e+00
4.598195957377068765e+00 4.898838008250429255e+00 1.580421666067194364e+00
3.227168985023777026e+00 5.568098523984408299e-01 3.136471449619994356e+00
8.201671074178765730e-01 5.404845861001739138e+00 3.359905553395114541e+00
2.126645361876069007e+00 5.694257571162489207e+00 3.013281366661114902e+00
1.513434269095931040e+00 6.292047298609886319e-01 4.107911928513363620e+00
5.648674094877285334e+00 3.695310630905861982e-01 6.243871723406321017e+00
4.879034972873096621e+00 3.636865026745610407e+00 6.057373602313623095e+00
5.638855533442260537e+00 3.403114816989609270e+00 6.245614784900441752e-01
5.506094883997404210e+00 2.943578382809588057e+00 5.501897136683616907e+00
1.832047483139854327e+00 1.065981584186534992e+00 4.895795886184101775e+00
4.604620941581082150e+00 1.241221252994067825e+00 4.540968795319659357e+00
5.877824153782247762e+00 4.220602818294694636e+00 1.696189522451487519e-01
2.143068574904252621e+00 5.090884836336753594e+00 6.122780628318593266e+00
3.271069863016058399e+00 3.752823882662483346e+00 6.964555316810583374e-01
2.895824417946134613e-02 4.346612492907057756e+00 1.409886333788332058e+00
2.788621762339263732e+00 1.662473101453306068e+00 3.983645988110724012e+00
4.745774861666408384e+00 3.520737988616168046e+00 2.449740491380366869e+00
4.563420580552207895e+00 4.370156185937728033e+00 2.327977523879188659e+00
9.408925080844942057e-01 6.142537890073374918e+00 3.112127215093781884e-03
2.855605485476124361e+00 1.208372776714137009e+00 3.307053269408088525e+00
9.419819142572580795e-01 2.234790345236794984e+00 7.670917064132933838e-01
3.974443376731178201e+00 6.235151348638370727e+00 5.559024653962983287e+00
4.421664462397549844e-01 2.013496724816114636e+00 2.218526230959107615e+00
5.204445372219574040e+00 2.982047315593105985e+00 5.806438973137802328e+00
3.335349425823046499e-01 6.828278395837962256e-01 5.121490082023744783e+00
5.748877403464949687e+00 3.841082324796201153e+00 1.857015650914155991e+00
4.861911336627408708e+00 4.994978311702339191e+00 4.146242824806848581e+00
5.120157560748149761e-01 5.521959223280396678e+00 1.259289253821151089e+00
3.708757694085468071e+00 2.227089307663538076e+00 4.679668550813683159e-01
5.619289636846530378e+00 4.724395848916969953e+00 7.987122475787780118e-01
5.800879150956657959e+00 2.117993968198712995e+00 3.510423166940922268e+00
5.887930463091352706e+00 1.124363922171031760e+00 6.023853723379493097e+00
2.375529631918143370e+00 3.810142968201827962e+00 2.896508014670907460e+00
2.337025578545278481e+00 3.587549991143735184e+00 4.484966779023270789e+00
2.169576682711926718e+00 2.976266373553194455e+00 2.156746328449294481e+00
4.559255236716316162e+00 7.558012020450257662e-01 2.195391611214362992e+00
1.488625843172172614e+00 3.588784800971918099e+00 2.464323411571078370e+00
4.539220590806976041e+00 4.654989927899539914e+00 5.073012344223554848e+00
4.081620445554408505e+00 4.600643807106550298e+00 4.732817333451110997e+00
2.720769694777587233e+00 3.090837093059399354e+00 5.314557945220002466e+00
1.419554418219763914e-01 4.142806871005038083e+00 9.660509825212556523e-01
1.813430966369078856e+00 1.666170935146378262e-01 2.377772074315203543e+00
4.781361532859437879e+00 6.042608401110749483e+00 1.214711260320938457e+00
1.395656232145378706e+00 2.922966646045273009e+00 2.499558785703102526e+00
1.884793514632412181e+00 2.164019247274873159e+00 4.445971231622380948e+00
2.488715923765737248e+00 7.180490895084404857e-01 3.513484331583343057e+00
1.176385320854501204e+00 5.450413807557949575e+00 3.147523388979168502e+00
3.899827651032261144e+00 4.954504103987930286e+00 4.135848327698653515e-01
5.491831797040570784e+00 1.815083471540887228e+00 3.666679128967276213e+00
2.423797592548973534e-01 4.398680037653999619e+00 8.174183020752160411e-01
1.872753928833977843e+00 5.254822542318399847e+00 1.671133412657346495e+00
4.258628010918359408e+00 6.854339877570074790e-01 5.592206036243069001e+00
1.772202813638816155e+00 4.315587357020558734e+00 2.529322016428662501e+00
1.163670123966850545e+00 4.738452973203567176e+00 4.447028159948673398e+00
3.125991146517766772e+00 4.274605687313164815e+00 3.709821374688412887e-01
2.214812426769622589e-01 7.983350906509625311e-01 4.297608557892109715e+00
1.481593944899998405e+00 5.607409073409382216e+00 5.770813093289635098e+00
2.287156623117240883e+00 3.350984949822397141e+00 3.095524979639467045e+00
3.975686641463502369e+00 3.525663663138026704e-01 2.266759048743924865e+00
2.400164539217968684e+00 5.913276135082154106e+00 1.779829316616831969e+00
1.181595858601149684e+00 1.440965307847101418e+00 3.920406111579918473e+00
1.804663859155512196e+00 4.029194787128345112e+00 9.758416639946176918e-01
5.121874278688570925e+00 1.535797691728136405e+00 6.204759698467175788e+00
3.212341731246702303e-01 1.789381327325726134e-01 4.984240540285873600e+00
4.440321845781322274e+00 1.539730084757139572e+00 5.050750719217974805e+00
3.736892899643067811e-01 2.113585461913390251e+00 5.736460593752848780e+00
6.244065012590542807e+00 4.871341913428133275e+00 5.492038851474832839e+00
1.135422748884266309e+00 5.067582258888708502e+00 8.287774771390806761e-01
3.575184290458550684e+00 2.613436444561340721e+00 2.545214076573944162e+00
5.227262340755576275e+00 5.990424291872248119e+00 5.843815055400222391e+00
4.811698610900242201e+00 4.924331209287434064e+00 2.496350947355860495e+00
1.713268048822687462e+00 1.700588749749528894e+00 8.215242692612696462e-01
5.023112970907390729e-01 4.901061821591186529e+00 4.238859661056098460e+00
5.980755380135460708e-01 1.629918150613172134e+00 5.463236490183437155e+00
4.807983566380111262e-01 1.758385604747853659e+00 3.436243913699004615e+00
4.898404451080960342e+00 1.250648938679271405e+00 9.174304972735698449e-01
5.410051136193243515e+00 5.525568811508630773e+00 3.691882383200872031e+00
1.194861556568300287e+00 1.561147808807733073e+00 5.410497620193718049e+00
1.738337319048293361e+00 5.478014198200748197e+00 4.472516496827763532e+00
5.497424620234657056e+00 9.898769769464734747e-01 3.296517375511232917e+00
3.970204159632180207e-01 3.873349770553689453e+00 1.846770620356388948e+00
4.357318842301880935e+00 1.509490909492858357e+00 9.858694396290287321e-01
5.238101671817679161e+00 2.531702546302029067e+00 4.639229905290820355e+00
6.186719043459179446e+00 4.278669530268490284e+00 3.327073121363641750e+00
1.977445217265806576e+00 2.121246465409218906e+00 5.952258290592263634e+00
2.891348672314553170e+00 5.181043091677335788e+00 1.791169359957080154e+00
3.055460499924180784e+00 2.263668757806693854e+00 3.671310049136566001e+00
5.544019924039567115e-01 1.588529807648741743e+00 3.493858543438729480e+00
3.367851891105949402e+00 1.333298590056656019e-01 4.150165602279595412e+00
6.276501216825858265e+00 7.417831718903209262e-03 3.804017244261097108e+00
4.570942824386772685e+00 1.439784307962831855e+00 2.794477969016795793e+00
3.622776549721875017e-01 3.212988036202362618e+00 2.751168732548232132e+00
2.327966425137776518e+00 3.361595020696773961e+00 3.205661532883826048e+00
8.143899439135711404e-02 4.243079360607995731e+00 5.152408666050664721e+00
5.344868731388991101e+00 1.220315669738290865e+00 4.016578400199770638e-01
4.884751147568683116e+00 2.051213044139017949e+00 2.859893692918886732e+00
3.438763754482749846e+00 5.656151493926666607e-01 3.600368630396951097e+00
3.452721627288131589e+00 3.122139598651855863e+00 4.567929393101421987e-01
6.536605730527476898e-02 4.753533283997359860e+00 5.391010506430000682e+00
2.063125828440976195e-01 8.290862469349459252e-01 6.250805325502267529e+00
4.820450360612096752e+00 6.013072965560420258e+00 5.621420260846511141e+00
4.203769558027802833e-01 6.073796570025577601e+00 1.163094596739651654e-01
4.517616556768719427e+00 2.027203995930085156e+00 4.018070493903366902e+00
1.823633504701650754e+00 1.882551600456857877e+00 3.017332156766165951e-01
2.747388924965832757e+00 7.595632139503829539e-01 3.991295902568282372e+00
2.061220086035839394e+00 1.392017922094496374e+00 9.959751252531435783e-01
6.234018495878510535e+00 2.981259927750855798e+00 1.176826955324205670e+00
4.042084427857023599e+00 5.177503530317395963e+00 3.136839511026380922e+00
1.879899318996288704e+00 2.526789259308612312e+00 3.736221608547845463e+00
3.522348281637047496e+00 7.916366343429664942e-01 1.852062459107171932e+00
7.881736480128348488e-01 2.426151194066179961e+00 2.225704146665318794e-01
8.239243856725871895e-01 3.334410504276811293e-01 4.799496535075168602e+00
5.192333221719365177e+00 2.894096953033928443e+00 3.377836587186668904e+00
5.464203368300889707e+00 3.561200188374879172e+00 1.555953819436859842e+00
5.236018892596194796e+00 2.110507303296419224e+00 4.062415744759560354e+00
5.417109861635760915e+00 3.445762475733707308e+00 4.944460425922514446e-02
5.073373059183845513e+00 3.540425452812117069e+00 4.159442421490701314e+00
6.189530914994243460e+00 1.216378418079198331e+00 1.783874138901192286e+00
3.433333722998303195e+00 2.443314247349623880e+00 4.908246133244293041e+00
2.762405642921870186e+00 3.830651308315933257e+00 7.612070856100031646e-01
5.491510297551323916e+00 7.825480301176689357e-01 2.963996705160330425e+00
1.069979011649458966e+00 3.467386867979620479e+00 4.867489996026211685e+00
5.265536503074712549e+00 1.107403393892047783e+00 3.781407503076106291e+00
3.857720217819306630e+00 3.600251442565561177e+00 3.226029235813650864e+00
1.736188983426995014e+00 4.637118768325458440e+00 5.263091321358061236e+00
5.946729746395348570e+00 2.286373135745633167e+00 6.081864929813782794e+00
3.613528988254739893e+00 2.543616649942384900e+00 4.898379402156386675e+00
1.271869954000420133e+00 4.131153953786424360e+00 1.004544746100544783e+00
2.384291641931480243e-01 1.451623152786086335e+00 7.648550733248199451e-01
1.738913071884926609e+00 4.964337615028139084e+00 4.179981070386496356e+00
1.461897386872640370e+00 4.765590641085057477e+00 6.712145700384483105e-01
4.261807335604784974e+00 4.844558450882793799e-01 1.418796736096986200e+00
5.569563215395092470e+00 4.837415248668717638e+00 5.268171585603201201e+00
3.331537412994852954e+00 4.739953492877681640e+00 5.102828924327956095e+00
4.265485231895397966e+00 2.593573342936184023e+00 1.204075145761944379e-03
1.509043028743120685e+00 5.659380845636438728e+00 7.820825594434712702e-01
2.730743623204796577e+00 3.764032857477231375e-01 1.132105158956429269e+00
3.794518467978782894e+00 2.059300768133573989e+00 5.239754854462142397e+00
5.642483699778644279e+00 3.963427484815841506e+00 1.234460266663816252e+00
4.334978368302460972e+00 1.066173464084395173e+00 1.799106538381036735e+00
3.664340346755233124e+00 1.535891972266068439e+00 4.744336571850787720e+00
4.705744197625904235e+00 4.363878239723999464e+00 5.286996804497035463e+00
5.297832743035020719e+00 6.036203649777260871e+00 4.365075570670569505e+00
1.501757956030124186e+00 5.185590275041731090e+00 3.462859624482210297e+00
2.297014532023563760e+00 3.213358171847708444e+00 5.349043852373781327e+00
4.968021181870367897e+00 1.947159716579881739e+00 3.009450801703799083e-01
4.327701950092143868e+00 5.257827400500882931e+00 2.253281274393858613e+00
6.009359967233291577e+00 3.802700961844212024e+00 4.369031628697760183e+00
4.928406753043282684e+00 5.315403979681434521e+00 7.620108212032475903e-01
1.708208094680982780e+00 4.411769565331428722e-01 2.270233932573732627e+00
8.510949408383572390e-01 2.473449724133957250e+00 4.121320577630060988e+00
1.402393760553479307e+00 1.572292454372845816e+00 5.040902996524346591e+00
4.482339322097918632e+00 9.166548116717991856e-01 6.024868367009167613e+00
1.225395603467483774e+00 5.190995952055594387e+00 3.738465617008573716e+00
9.101683896112280348e-01 4.134786667593024490e+00 5.833274219251757486e+00
2.595559246924763919e+00 5.914147171877159437e+00 2.455332001630023520e+00
4.263808154688403462e+00 4.206911377120344797e-01 4.711708673746962894e+00
3.408357970258907077e+00 3.717189764450833156e+00 5.659639835350001036e+00
2.881676780973086327e+00 5.876815477232045559e+00 3.599225719195638939e-01
4.481154535055465793e+00 1.434596657846098078e-01 3.106298048524331001e+00
5.735835794215742744e+00 5.104757630103493149e+00 1.029820756004245386e+00
1.058213057190853901e+00 2.870079063646126638e+00 1.435098978261036606e+00
6.087309991604656467e+00 5.505459291015938561e+00 1.798123331035513139e+00
5.429928292034172266e+00 4.449432468250851258e+00 5.634722505623164235e-01
5.447915989793173708e+00 6.611685696334640427e-01 4.215293487048813681e+00
2.976824805834321075e-01 4.006785590274043685e+00 6.331849488417028438e-01
4.359627851470028403e+00 7.657283565194026309e-01 2.740729604333904224e+00
4.940960025775789077e+00 8.932241156830642570e-01 8.230836559698705424e-01
1.449476833368128492e+00 2.836533319934971153e+00 4.524902208265788595e-01
4.052127972136154277e+00 6.033620350633334795e+00 6.137306298351708378e+00
5.174434215721407604e+00 2.617550787587068939e+00 3.304065727493213256e+00
4.205153168173009770e-01 2.290608896825754748e+00 4.071585917422885004e+00
5.688923729377361127e+00 5.958653141991107072e-01 1.190107506371379742e+00
2.356854242157790935e+00 1.684588746316790786e+00 1.487037170584678547e-01
9.765493742222075557e-01 9.733586379492696894e-01 4.842822056184732382e+00
2.518445790895465386e+00 1.074227828856347960e-02 6.010906692963148501e+00
2.079891044255418375e+00 3.772918280188262141e+00 3.310544604678374192e+00
2.269039901269902071e+00 1.958546971237398404e+00 3.846226586189988694e+00
5.624202447001078298e+00 1.487148382076824094e+00 5.713245784832952090e+00
2.081410190270605920e+00 2.882320885615095474e+00 3.042812475259485172e+00
5.733005725794975582e+00 2.806626449815942781e+00 2.130592822799271424e+00
4.470568862487932726e+00 5.173590205732104153e+00 5.655246395606292609e+00
5.721788595244281517e+00 4.150230891619579587e-01 1.584045929139595854e-01
2.691751889959919986e+00 3.175152386906601176e+00 3.420080679798631174e+00
3.648982394969027432e+00 5.107902600435926033e+00 5.436017669238268901e+00
3.962225967156102868e+00 1.774034182769413659e-01 1.754962152094218242e+00
2.402499944440092516e+00 6.038490638594999460e+00 6.016100481607652206e+00
4.691438900708066129e+00 5.793295728516255849e+00 9.781908847602611701e-01
3.842756172418941851e+00 3.084521377148472077e+00 5.682673345496041861e+00
4.953082882918879548e+00 2.083312781121780866e+00 2.284503719291832713e+00
1.837267333679656556e+00 1.260229190316462633e+00 1.784587541579599534e+00
1.525970228988246191e+00 4.763119616659110989e+00 3.818073044654706760e-01
4.140044617514062608e+00 1.290518766657389182e+00 5.782807598042269071e+00
5.091275323420225263e+00 3.905007152431360096e-01 4.325415810794266847e+00
5.939152774487524433e-02 5.404266988995752641e+00 5.430235146099484211e+00
2.439658544833165799e+00 3.276041975154739827e+00 8.137995307889711594e-01
5.791573816164257593e+00 3.884423261600661093e+00 1.102825493911193444e+00
9.717043857950273811e-01 3.755732037511842591e+00 2.699826193465295177e+00
2.424523710451241154e+00 5.642038340463640722e+00 3.436934645636286145e+00
4.855272186921259170e+00 1.674380855901237641e+00 1.505919725371091644e+00
4.796765409099644550e+00 4.831053768672832760e+00 1.884063746234728165e-01
3.583293142819896637e-01 3.726645036202527628e+00 5.276492998350009067e+00
5.059379082993650245e-01 3.767513385603900589e-01 4.025743838608320857e+00
2.844360335393915640e-01 1.020820875339427003e+00 3.522532096815389036e+00
5.947485735312294963e+00 3.151719391445313434e+00 4.709485586889490705e+00
3.745963919844422563e+00 4.913219756043622155e+00 4.423601779542853052e+00
6.084968593396964387e-01 2.632011147406096430e-01 4.158244158793546141e+00
2.567085262832909720e+00 7.313995385815806882e-01 5.438274546859905634e+00
4.091821206999149974e-01 2.306570111124333078e-01 2.920808199667367600e+00
3.189635070507426118e+00 3.447281397437921502e+00 3.705781426549943802e+00
5.228404769078222047e-01 1.481750319624862422e-01 8.021502970313737491e-01
5.316243593844037996e+00 1.330539721330597169e+00 2.264592391839340690e-01
5.421523778783001291e+00 4.240667251723217568e+00 3.346954071107498319e+00
1.803893293284682287e+00 2.901583131090376133e-01 3.770853974368487460e+00
6.011570061313814328e+00 6.169726542245793866e+00 5.420255341633885671e+00
5.496276878379953601e+00 1.813492437768449372e+00 5.436312782426910850e+00
2.756754660955667458e+00 5.487720442420497946e+00 4.622228539144328074e+00
8.681806872162669553e-01 1.001765699462282999e+00 8.974252276360460412e-01
2.762602947344818816e-01 3.002086567090633373e+00 5.343699518930979941e+00
4.062230259627250817e+00 5.446971351888635127e+00 2.816286002506361186e+00
3.893078456228761919e+00 3.803835823242401215e+00 5.805546433249276106e+00
3.294936189528097081e-01 8.837558550539058311e-02 1.280604152110126792e+00
1.414422323819540361e+00 4.915758277524050257e+00 2.191275361867977001e+00
1.915560025104003250e+00 5.344517524145641296e+00 1.963505371358024609e+00
1.508274798610798717e+00 5.006748096001935266e+00 4.875091324751457678e-01
4.171413150624499799e+00 3.508720784287270966e+00 3.343062535764826482e+00
3.608979356269260141e-01 1.989085596087848684e-01 3.354859101212957828e+00
4.879382711699342678e+00 5.489741223256146441e+00 3.628219488068474607e+00
2.243140153325714259e+00 4.007771867593363346e+00 5.058317002034245391e+00
3.439208304608211808e+00 1.883904401499962855e+00 2.398499471194082133e+00
1.636363162342698407e+00 3.936034608828260506e+00 1.579903459381193365e+00
5.914722227560476053e-01 5.391424582640023111e+00 1.571307743484024577e+00
3.775154139657096231e+00 2.926458093276253614e+00 2.701399061940311874e+00
2.040915529783278615e+00 5.415535765648635369e+00 9.089416891676814492e-02
2.411055248567948173e+00 3.744440305141243819e+00 4.365270015030362494e+00
4.608028769581747675e+00 4.396926173469914545e+00 1.352832518205534740e+00
2.722084758078069822e+00 9.065024555859679811e-01 4.012649198220142210e+00
6.112025241300663936e+00 4.105345179783071785e+00 2.668993712704439858e+00
1.402900940311957889e+00 4.878180102839641208e+00 2.141399904769562657e+00
3.102695860929181482e+00 3.506243158466074705e-01 1.694042278676088475e+00
6.183955220880767989e+00 4.675797031699386319e-01 1.226009596072556024e-01
2.455017618787223910e+00 5.022150851388030190e+00 3.766802669171485096e+00
1.906266415223730304e+00 3.471459410010301117e+00 3.093689143627210925e+00
2.961805898080035693e+00 1.498190704544120511e+00 1.325532826873622172e-01
2.661043534663742882e+00 2.387950321514126006e+00 8.467670753017942920e-01
5.339259514834159503e+00 5.357374873821024508e+00 3.974247209155522764e+00
1.810872461116535215e+00 4.231096307624134134e+00 9.911773853235521514e-01
4.704558453138214524e+00 3.112812880543943450e+00 4.048074522411600817e+00
1.534927090820972229e+00 9.388161569897598424e-01 4.153250418622565832e+00
2.455273644317637949e+00 1.471566606486372497e-01 3.726660017615953890e+00
4.068054164716770060e+00 1.982505613056548821e+00 3.066980932111221136e+00
4.567312505505216613e+00 2.158382515269583024e+00 1.244950935478329468e+00
4.412674352947914436e+00 2.176729674050108532e+00 5.277865324179345334e-04
3.229254522650517600e+00 9.679231390129294788e-01 3.029990776207093006e+00
2.925881927501033708e+00 2.981980586084484575e+00 4.507363390398021252e+00
1.488771959009251578e-01 1.428567594250650608e+00 1.505800410953092472e+00
5.374816076961519862e+00 6.437188663207886741e-01 1.298070396497502665e+00
4.196053086267480303e+00 4.023829765572448203e+00 5.682994301211164334e+00
3.068665874748653932e-01 1.852491704808109763e+00 1.518320386170413983e+00
3.141641677818629130e+00 4.980592533221362750e+00 5.462536554186791626e+00
2.033641583774948192e+00 2.461655784358791621e+00 1.725483599375264299e-01
6.276029425263535133e-01 1.292258207762003175e-01 2.949161998296142784e+00
4.169934459566691842e+00 1.519748144902093090e+00 4.199420071856044601e+00
5.203538234537234963e+00 4.343425784172191051e+00 5.798864165300360085e+00
2.519737509357771632e+00 1.361456811852217452e-01 6.107457739777113481e+00
1.588809214213621201e+00 1.939176509013896599e+00 4.074472735188007455e+00
4.056063608639957963e+00 5.051656964711703779e+00 8.275915523904012749e-01
2.539197177182299203e+00 4.526489753299324015e+00 4.345701190334925634e+00
2.895613973699723953e+00 3.771340465113496077e+00 5.188614107871075021e+00
6.066749942962623710e-01 2.122359093285892673e+00 2.541069957692209780e+00
2.327308670010842739e+00 6.279589561941111286e-01 1.862990385499815771e+00
3.886812470510560225e+00 2.429806912664580931e+00 2.737068399812924824e+00
1.217898063689633714e+00 4.804164844699127634e+00 5.559519548327974903e+00
4.373954223533250918e+00 5.378320909432914299e+00 1.295443372393284553e-01
6.126968542735929724e+00 6.183270701001490899e+00 4.329475552706278485e+00
4.142949722523583844e+00 7.512794658450495655e-01 2.628198121766361695e+00
5.940066584161419527e+00 5.855937198214969719e+00 1.945419242584652375e+00
2.973076192968401532e+00 2.141316499703652454e+00 6.614326528828178287e-01
3.460374305626587876e+00 2.437300918765061830e+00 1.048967301257956786e+00
8.157232658155154637e-01 4.891589168139958588e+00 5.702400600716742041e+00
2.939641037781129396e-01 1.801622480408809679e+00 3.518497011738532354e+00
1.140933900837557413e-01 2.421078448423363394e+00 7.715078290554403528e-01
1.930864259630749702e+00 4.447529052386808068e+00 1.257182137467767635e+00
1.899239263502694897e+00 1.559622305035658352e+00 2.619128825259881665e+00
4.452405508984244698e+00 1.503676964706219144e+00 5.482067236412480504e+00
3.788406448242372715e+00 1.750730373067854728e+00 5.704814139063588835e-02
1.640447373520609986e+00 5.665293415389986542e+00 2.477389366737312137e+00
1.456091798318829955e+00 3.714870704082763542e+00 2.988684277035220216e+00
1.301763311374774801e-01 3.368257327239056576e+00 1.226116968758916848e+00
1.378601337677543448e+00 2.957828381368019510e+00 7.123752493661854590e-01
5.456930384062088635e+00 2.241077093747411819e+00 5.261595749841579739e+00
1.462177367756542390e+00 4.346937995264768873e+00 2.375318333329252241e+00
5.687832919341639482e+00 6.236458552141924905e+00 5.781164020744574472e+00
5.204298341798778260e+00 8.281822164304332434e-02 4.683730330131984587e+00
6.158509980604236489e+00 4.714021554543390558e+00 5.537391642981180695e+00
4.356547797480957662e+00 5.570856409908841123e+00 1.832255211752045643e+00
3.740654580642639893e+00 2.943832004542159986e+00 1.351555350484469953e+00
1.440294794193896832e+00 5.178353796509226115e+00 5.564451297996093615e-01
3.637672899905737278e+00 9.086315011536122421e-01 2.976900613776435112e+00
7.903750604748632780e-01 4.755841745885470040e+00 4.798961344188013456e+00
5.882933343794885417e+00 5.987075132651748177e+00 3.081716940324457088e+00
8.164324140474291669e-01 1.673083549975604045e+00 2.113293005045737250e+00
1.448308847838757796e+00 2.169820731322125162e+00 1.338927030597418355e+00
2.895171525419742764e+00 4.825411126699915343e+00 4.059557537592604071e+00
3.801323789909455964e-01 2.365370755458082452e-01 5.022551125923714999e+00
6.211294005465656021e+00 9.973785920603779331e-01 3.963956430023186872e+00
3.705266694073109934e-01 5.440631875150028662e+00 6.031782191705408636e+00
3.670672939726785877e+00 4.570960018594830698e-01 6.106730949415868359e+00
3.331710658047849716e+00 5.764511417918289027e+00 2.515003166415802571e+00
3.447024308553798821e+00 5.791961180330692294e+00 5.961307327251723187e+00
4.635811047821490227e+00 1.690988955185631193e+00 4.411880924381653912e+00
3.956642174216378649e+00 2.349075019988335455e+00 1.200621349623152812e+00
4.910473873273515366e+00 5.290038634181144950e+00 6.096105108350216462e+00
1.397820639671411014e+00 5.378292606214591487e+00 5.805956358300806031e+00
3.459104511212170330e+00 3.715027893809112580e+00 2.371737659952578292e-01
3.528674717875308176e+00 2.205268020834403764e+00 2.703742824549205115e-01
6.299141475557358261e-01 4.230730212673892154e+00 1.573802472975293743e+00
4.393502314170699918e+00 4.263219170345195153e+00 5.703418930914486928e+00
2.256115078893669690e+00 3.998974802083045788e+00 1.650314419070729732e+00
5.101204561318895436e+00 1.110953484008484926e+00 5.621382997666007908e-01
4.881147077132560241e+00 2.243070103458506992e+00 4.083392216988404932e+00
1.738275067364238202e+00 4.837789912567163064e+00 1.665901967865215161e+00
5.006573474951584224e+00 1.030744665128969784e+00 2.668902348504110567e+00
2.236252421504222099e+00 2.139956953145442375e-01 3.853791274116724619e+00
1.907482002222933071e+00 2.781618817132406996e+00 1.969453186359724217e+00
3.625660473911557879e+00 4.254288741821758535e+00 1.556635013039076254e+00
7.040980523523976409e-02 6.134789365499286440e+00 4.743022327035245844e+00
1.781769883714851899e+00 1.123996853911460425e+00 4.746830113998641743e+00
2.470525465098230011e+00 4.268590267702991881e+00 3.932505770229197672e+00
1.176974919292375299e+00 3.738644471728723939e+00 3.702152941228872951e+00
1.000503772519479861e+00 3.303256801266956533e+00 2.389681311595933000e+00
6.017402503132930347e-01 3.294540930438908166e+00 4.288531058253441941e+00
3.662677039957497716e+00 4.927226958700958726e+00 4.492282108103616167e+00
9.187638235770662076e-01 1.901544006371229445e+00 2.471335171466094049e+00
5.613141616854917970e+00 3.674382290383384042e+00 5.060799942147195196e+00
4.995116098480909983e+00 5.057329134708060892e+00 5.345261636992885812e+00
3.717576169906278594e+00 6.085465230251566382e+00 6.163528087281289203e+00
4.732178459379529301e+00 4.375311066705672047e+00 2.882569589501480234e+00
6.261947300994730625e+00 2.306645673729110335e+00 1.762228560260931998e+00
5.966989719678311488e+00 4.888331485122634490e+00 5.453260688013683577e+00
6.087766027724967888e-01 4.959189038645071435e+00 5.205300592532412507e-01
9.400131838466155854e-01 1.197756311482063712e-01 5.088874542831689496e+00
2.766667926915017173e+00 5.423262683852305699e+00 3.145648034208070598e+00
1.087954107664045766e+00 1.222896198388880168e-01 3.255405298898947475e+00
3.438749044742485328e+00 3.763840465060894203e-01 3.123587006022191748e+00
2.889189400063362223e-01 4.502828174227409441e+00 1.006315537064871979e+00
5.608470133839748684e+00 3.019099037460160062e+00 2.349362463313546368e+00
2.717037832891036953e+00 7.416868372914074969e-01 3.158286089192803292e+00
3.481509876645186186e+00 4.022811018713913889e+00 3.817220676150107295e+00
3.183012531547035895e+00 1.010021387029721857e-01 1.322954918747427433e+00
3.079418936908099980e+00 2.805639512796642254e+00 5.426581182682330251e+00
4.382580579796282017e+00 7.693061996870240171e-03 6.069634826181877330e+00
5.997399021798615060e+00 3.014936609369718745e+00 5.873677379524515629e+00
2.141583686363988992e+00 6.106570884660685650e+00 5.023071486690228404e+00
3.944805833457483146e+00 1.303990223529163828e+00 4.540688784634756558e+00
4.957843425960716033e+00 4.605115874576666712e+00 4.567223587158997233e+00
4.811981186338445404e+00 2.010582720614419561e+00 3.247236170787537901e+00
4.943589798676192970e+00 2.009012559395821462e+00 5.114547164002032353e+00
5.195170214070600423e+00 5.247601540411864995e+00 5.640698133510984036e+00
1.325414390906696882e+00 1.458768162901933563e+00 1.680535930819716972e+00
2.403367990878644278e+00 6.027434044594397911e+00 3.158805458170397706e+00
1.753338979557222954e+00 5.635898732744342610e+00 4.313272776597413483e+00
5.560687054067748214e+00 2.146630509623837835e+00 5.493232985423049719e+00
2.709626299374035430e+00 2.104812836804787590e+00 1.356264563794133737e+00
5.602875741443377855e+00 3.444186295215946547e+00 5.781052683693304495e+00
4.712376177487435314e+00 3.671177317042900956e+00 2.998380983573543546e+00
5.354110340215346930e+00 3.588546071558954775e+00 2.988593193424792460e+00
3.905203335564476852e+00 2.069432178531464661e+00 6.119237697317138291e+00
6.148224893441554428e+00 6.796208419731220030e-01 1.666263654973989761e+00
9.197071136146142689e-02 5.163066433139249511e+00 6.214155286385518728e+00
4.053007729839166906e+00 3.088244718466943262e+00 4.428836988179722489e+00
2.633398071264734241e+00 1.215475761585370407e+00 3.937796217752547179e+00
2.196828188272738736e+00 2.288168631427929256e+00 6.014508660774040116e+00
3.595413810785877295e+00 6.245142846753021004e+00 3.325108256472831258e-01
5.447803276248524895e+00 4.537030384191353072e+00 5.326739067187299170e+00
5.128237189856285738e+00 1.909535552564023853e+00 5.199330393615958279e+00
1.805779385858591768e+00 2.289747718717057179e+00 1.094229399908103195e+00
1.969900155165760225e+00 4.786918643033046372e+00 1.515989422797692221e+00
6.060953269112173913e+00 9.899757073381618699e-01 3.970566149271068657e+00
5.470198376080041669e+00 5.795700312675913679e+00 1.405535928014502334e+00
1.634854720159324870e+00 9.157030918954736087e-01 2.298506790635441277e+00
1.783940784160900295e+00 6.591885440412953434e-01 1.309957564060514779e+00
6.179739059024922376e+00 5.346312481801668071e+00 3.211617273642835446e+00
1.513917929517148320e+00 6.229453477772667114e+00 2.867869423676857821e+00
1.537862002871483114e+00 2.992639059910620070e+00 6.560550274095154899e-01
4.201241441981136242e-03 6.219695335183122786e+00 4.681289468163060796e+00
4.327515846702265634e+00 3.389611159597749168e+00 1.074028146601237355e+00
8.044893667214714217e-01 2.289941953932853380e+00 8.452034081885985151e-01
1.035019787213158793e+00 2.613334541921245702e+00 1.466165998880325061e+00
4.599724500854803999e+00 3.390794393203851342e+00 1.751191499399321172e+00
2.085041068013084864e+00 1.852015069466828256e+00 5.982690863171244544e+00
1.175469473061375503e+00 3.628284961494316896e+00 5.379982415847397448e+00
1.785922340027332966e+00 3.416248686792557443e+00 6.008835924256205274e+00
5.691678566848899834e+00 4.233375739254653602e+00 1.539783446304809011e+00
6.109165584628671652e+00 3.014714279971863586e+00 1.639837019029425580e+00
4.257413122523439952e+00 3.249997551352271419e+00 5.149195009955923830e+00
1.449835103925389168e+00 5.983281703902762594e+00 4.920158003070420172e+00
5.391638544636572661e+00 5.169997852620786816e+00 5.405875494613447074e+00
6.134643758141509196e+00 2.989439391693680559e+00 5.093213707638556187e+00
5.907724403118561618e+00 5.671361413684475217e+00 1.965001515567169621e+00
5.145707823970636419e+00 6.212875216216989571e+00 6.895823086242757194e-01
2.645310567581289352e+00 6.110091336794313932e+00 6.254806908743453242e-01
5.928054747754799791e+00 3.163466318414142275e+00 2.216443353137667938e+00
4.334619859500207895e+00 1.190583337122985252e+00 1.283158867935436431e+00
3.994716376477026820e+00 5.255529431155830267e+00 5.620436296623435801e+00
3.493931289911566651e+00 5.435653990903766442e+00 2.726607464624307919e+00
2.030590152552572025e+00 4.127664754729006624e+00 5.469401507663670614e+00
9.087368242414823882e-01 3.083858807691183035e+00 1.835812509022853867e+00
1.713998007404954338e+00 1.861493934042645293e+00 3.237333344983860162e+00
1.441121133432682555e+00 2.520518093166761897e+00 2.988702444350431531e+00
4.739708700239477324e+00 2.737618183226186552e+00 4.701568094402907683e+00
1.705554293802009402e+00 5.155029685677207318e+00 1.413351519622975339e+00
4.872766007724321113e+00 3.279621693915191205e+00 5.146352624898205441e+00
9.703733481272588390e-01 5.106056294312938171e+00 5.130876914404813860e+00
4.956719317805770686e+00 3.684951380436535917e+00 1.990552427320524620e+00
4.691648775596193310e+00 1.487828426703240892e+00 1.251407462367027046e+00
6.142251977001543795e-01 3.881038064134910925e+00 2.082173429705305168e+00
5.390552964663227975e+00 3.694418554525471965e+00 2.724443129392203566e+00
1.780943628557063008e+00 4.214496764614234614e+00 4.708300522721860837e+00
5.209412245312856626e+00 4.018369533874055044e+00 3.816409342458901843e+00
5.722347336075803703e+00 6.199390368480921509e+00 2.887296547249868617e+00
5.792032722444066195e+00 4.962695672609464204e+00 1.641163383992434444e+00
1.136752561078221202e+00 3.484468690069212116e+00 1.544858172770632976e+00
2.237676340321989255e+00 2.036688462605555916e+00 3.766887417964462248e+00
2.512789775061475606e+00 5.459945034592861290e+00 1.260677453856655417e+00
2.923765023594619539e+00 1.696124089485142594e-01 5.421195598185167164e+00
1.032467267749304973e+00 3.218107194039664165e+00 8.729117915174589015e-01
5.457705932832570106e+00 3.434193060733482739e+00 3.035756571213827915e+00
7.950708541872322233e-01 4.387802984293568187e+00 4.676452868996513246e+00
5.164337119684363486e+00 3.969713076441702793e+00 5.616321808287097817e+00
6.252980684162038116e+00 2.438876729966959367e+00 2.280897523007457739e+00
1.778944554242703147e+00 5.176341385153614638e+00 6.740723648167299409e-01
2.622168129405068715e+00 4.606073486577513698e+00 3.848241859458682024e-01
1.949444890879042713e+00 2.784116697210081703e+00 2.086101249725372586e+00
4.139948202790126430e+00 5.334185489952109060e-01 1.637942364577315679e+00
3.571547113139542429e+00 1.049821520633487104e+00 4.894769998815303502e+00
1.312527622171481889e+00 5.295659678958155592e-01 3.565344563287799473e-01
2.485258723355243227e+00 2.473341502141219728e+00 4.282180054089199217e+00
2.623369137418158470e+00 3.419221871307698724e+00 3.172890963551409982e+00
9.038849732237735912e-01 6.177357902131896061e+00 3.409466417097545055e+00
6.223471694543370347e+00 6.183630534841044302e+00 5.033736826908078221e+00
8.670026283279518298e-01 5.170430529944213482e+00 3.221500427493755758e+00
3.256620323899914737e-01 4.341049579983886630e+00 4.970492259850823658e+00
1.352097588249128401e+00 2.596540184704531296e+00 3.420416986176498586e+00
1.774516101344131513e+00 1.162245604234975804e+00 1.306426341987984463e+00
4.738674545210479039e+00 3.093527055507570012e+00 3.971656676857383328e+00
4.897109385029977169e+00 8.970674718443380491e-02 1.069983407328680247e+00
1.701858634529289871e+00 3.824161927976016617e+00 3.708673573615648422e+00
1.811250421725104864e+00 5.475358765925459004e+00 1.505320144437911400e+00
3.223346897065865857e+00 6.111774870646077495e+00 4.598016265696690752e+00
1.993468987294627348e-01 2.238924405806261841e+00 1.469322298673799265e+00
2.967824389315365963e+00 5.903641336645977233e+00 6.081512261785281481e+00
2.472244707734140956e+00 1.372814643718754946e+00 1.584317786814341211e+00
1.153635261169418724e+00 4.935100618076926793e+00 1.062808762749842151e+00
2.571646319165497907e+00 3.569289515831805537e-01 3.295285024776994032e+00
3.669795600302035332e+00 5.196209391651564147e+00 5.118624413078348923e+00
3.932854591562425561e+00 1.692839309200995512e-01 4.244586112049558047e+00
3.872244416482251150e+00 1.080078332605818758e+00 3.077925413942320887e+00
5.490106163995984723e-01 1.287500296195018157e+00 5.611000947585698562e+00
5.654375345001849684e-01 2.973456845449245822e+00 6.252086101375492255e+00
2.740508029654486588e+00 1.024583628573471072e+00 5.769784601813354286e+00
7.263107501747164685e-01 1.451884340350381830e+00 4.695557822049323704e+00
6.250286991816738968e+00 5.533279849294653552e+00 5.313954370222001344e+00
1.814676826834337398e+00 5.394528881555033628e+00 1.085638755229475727e+00
3.874826329555105975e+00 2.915088323080698540e+00 4.933380281051668703e+00
1.521591541900031652e+00 2.875541360282072745e+00 2.360234912705189814e+00
4.603969861852981182e+00 3.275033147681365886e+00 5.982647493302978070e+00
1.369053109008445679e+00 1.033567608175329111e+00 3.953005248232650537e+00
7.218961494197373430e-01 5.694255516530697392e+00 2.752080030840679536e-01
1.292685808953426330e+00 2.768434518280733503e+00 5.832360254913044884e+00
3.357591367149773021e+00 6.123752463887313979e+00 2.317145224731556929e+00
4.546208950782492764e+00 3.610133985827911562e+00 2.666548304307140960e+00
1.669615900516678630e+00 1.571385002964158506e-01 3.130840103804899854e+00
8.704978015144327896e-01 3.278395258407465374e+00 3.647352201598370147e+00
4.119652172894245901e+00 1.736508608769836426e-01 6.222564150808631567e+00
4.538781833492308238e+00 3.470862109681667640e+00 4.964470756395859219e+00
5.202269458485966780e+00 3.187687238737545670e+00 6.355826386156494534e-01
2.393812593949245393e+00 2.936736356552110294e+00 6.215186140700714290e+00
2.735375323746493059e+00 3.746681280220840904e+00 3.149332824671527420e-01
7.858033034891324098e-01 4.286224446691864642e+00 5.857266389891904623e+00
8.582028154675354070e-01 3.800943183532301095e+00 4.566253176510541856e+00
2.669846499065018808e+00 3.833944686316413275e+00 2.039639506997575680e+00
2.302325223096295392e+00 3.646496612559255723e+00 4.402847076340549393e+00
5.940342411456294158e+00 6.048883354003543822e+00 2.854616290333961359e+00
3.963652790825270333e+00 4.984684648101835869e+00 6.671975384831930755e-01
1.596507960042730767e+00 2.872519587066168167e+00 1.038831015749017039e+00
1.574323779145050395e+00 1.547822567932312765e+00 1.587013446944820716e+00
5.716523368952085349e+00 4.957502415835129739e+00 4.986383053521059594e+00
4.466963207472655739e+00 6.027448970212757828e+00 2.623394238343164462e-03
5.349247376485759098e+00 5.685165348206734137e+00 6.228945514266544414e+00
4.651534131737785849e+00 1.281824555176508174e+00 4.052600214308774262e+00
3.826654991552215890e+00 3.200127976785388739e+00 1.501128877714901666e+00
5.899442059631221369e+00 5.731578237704185952e+00 4.946367806489011976e+00
5.319438680308183898e+00 1.646181135442267740e+00 2.552519850573709448e+00
6.102142799118412064e+00 5.194297980014932925e+00 5.071160012732535805e+00
2.716423468224783644e+00 3.455328800015376789e+00 2.095416765061431263e+00
1.134607242197503529e+00 3.282274604142969565e+00 4.444549200238234299e+00
2.175422749684775781e+00 2.358182389861406492e+00 3.292087982306969973e+00
1.868154679540233065e+00 6.123537651207697330e+00 4.491260884410461784e+00
3.112927772314158403e+00 5.055462412283849183e+00 6.013513041156357986e+00
7.208897753281180432e-01 4.062015493989441950e+00 4.817371096523168639e+00
5.629186113348557008e+00 5.874853886031098149e+00 5.268359740208456543e+00
5.955224857675761818e+00 3.294369720794000589e+00 2.981539239918373219e-01
4.934979567865244832e+00 1.203486764527849973e+00 1.773638836183263345e+00
5.126948144387681872e+00 6.188201794544867518e+00 3.664084749331155244e+00
7.719002263080094739e-01 6.120915880137731691e+00 5.424763001627169068e+00
5.143280492681132188e+00 3.377845509772006594e+00 3.795968101440474474e+00
6.336933003448653734e-01 3.623565580200321268e+00 1.265371642412414843e+00
1.991265998910782820e+00 3.528614684149016689e+00 5.172722314840562774e+00
1.582840721830305331e-01 3.378834042429052165e+00 2.691551781639593521e+00
3.315770397806933723e+00 6.090443876072037632e+00 4.142108687748778273e+00
9.630107043154304547e-01 3.486013241065548662e+00 4.066966555972009623e+00
4.331514386279947670e-01 6.078814134985711881e+00 2.871973687109126150e+00
2.203469879589140257e-01 4.226179762596272482e+00 3.414251494832152733e+00
7.798327877217221538e-01 5.040868962710314261e-01 1.515304501926679537e+00
3.582066049708921174e+00 1.114130495903773443e+00 4.790030266913546941e-01
3.290069943075263126e+00 1.469006083537652829e+00 2.088782188416155261e+00
2.134074855960828021e+00 3.182021003515278945e+00 1.449582999476260348e+00
7.912307543259665676e-01 4.790718048557192965e+00 2.441719313661399049e+00
5.205322896969075686e+00 2.760452810652498368e-01 7.857420931551828414e-01
1.288081404351618664e-01 1.675625512561738084e+00 4.467109437306679531e+00
1.132052288194521639e+00 3.962937292147209467e-01 5.072060868597020544e+00
1.319285113509777396e+00 2.196539600747850596e+00 5.842140761583366704e+00
3.623885994362856522e+00 1.156726924038630644e+00 2.852365811014565988e+00
4.490494574722669441e+00 4.228935229254658701e+00 6.250555455820054007e+00
1.136265731542296820e+00 3.354048954855120002e+00 3.221398772507236163e+00
1.700836066742613673e+00 3.993005586058657297e+00 5.619936259480198260e+00
5.003613782002181765e+00 1.713702645039677230e-01 8.172690861064293433e-01
2.768457871066570153e+00 3.242846102081567428e-01 1.239627441783696549e+00
3.408122839960484818e+00 4.157006694812443115e+00 1.132118174327375382e+00
7.856437277481416182e-01 3.890960142006089306e+00 5.229727098678036867e+00
2.967468564855446633e+00 2.604697917097620774e+00 2.296785149386202374e+00
5.033387779880865942e+00 3.340900618626037932e+00 2.261266694549141310e+00
4.564482172840480523e+00 2.636436989900529326e+00 3.620876014663286568e+00
5.549062485871157913e-01 8.798703439687081129e-01 2.495743934957824539e+00
6.932705667766789759e-01 7.124973210495143539e-01 2.303359533603466236e+00
4.747453835412294154e+00 5.079959403806845186e-01 4.156402957879965498e+00
1.563985717464307923e+00 3.759474920865122805e+00 5.737710857504527695e+00
5.205179296315366244e+00 2.047305009692226285e+00 4.071122343614540284e+00
3.443571952881816500e+00 3.310315023858727557e+00 4.477882104171088784e+00
3.889921981634392179e+00 1.381845994660848564e-01 2.725235224880014684e+00
2.013327446489512340e+00 1.016985262975393933e+00 6.477558465655702813e-01
1.103602223790687509e+00 2.878761663040655172e+00 3.472770293602038372e+00
5.444377187757210024e+00 2.492459560014072206e+00 3.417210717330171565e+00
5.311485859185028247e+00 5.696016005969807949e+00 2.721031288182614638e+00
1.071882674764535581e+00 4.700172360896647916e+00 1.726404599079454094e+00
3.967147213848463583e+00 4.185713734455584145e+00 5.864333821030648153e+00
2.019317267609243238e+00 1.340705460402698224e+00 6.105869571456573830e+00
2.252501255419532722e+00 1.491012836587950696e+00 1.853914623365603642e+00
5.240644146369980660e+00 8.283863330567217131e-01 1.122954966014806377e+00
1.881940947811824749e+00 1.514069683503008967e+00 2.044455525904184667e-02
3.309157849800184792e+00 1.072598551607765849e+00 5.523399687287707138e+00
8.973824847075833055e-01 5.571266851976638401e-01 5.827161844010126046e+00
2.945484520729072742e+00 4.408950849951154716e+00 7.611764494634132294e-01
2.884090754379222687e+00 2.166298049331264686e+00 5.846539994735661772e+00
1.742006498844675511e+00 2.311222943285645481e+00 2.787465903707643022e+00
5.675447087916338340e+00 4.609739757997459719e+00 8.652045388536044879e-01
4.154597245413417461e+00 5.429743049000554045e+00 8.427660054792440736e-01
5.604395679473814784e-01 1.358435769223954592e-01 7.024827708225200862e-01
5.765389636973838883e+00 1.621668519735974812e-01 8.212327560383937686e-02
1.505929374087055628e+00 2.508482753792744546e+00 3.878166334140053628e+00
3.615051514269009392e+00 7.487613673747716136e-01 3.135201510633142785e+00
3.049096179473059554e+00 4.890253053709759712e+00 7.670399155563242255e-01
3.004234688401115960e+00 2.709668523204895152e+00 3.151381109778408796e+00
4.986153240572231304e+00 3.872199132396339394e+00 2.901823892249657089e+00
5.416412398170495024e+00 2.961141989997280177e+00 3.374362266712785718e+00
2.981018021622540370e+00 2.125895991359397108e+00 1.990896656156237343e+00
6.025478518972867015e+00 2.785460877264914981e+00 1.593917437397685877e+00
2.592709603791875761e+00 3.333195529054720385e+00 1.145424103542534322e+00
6.190654095660241829e+00 4.411212107768532675e+00 2.104098056135792927e+00
4.922465752230809954e+00 1.528573647401974434e+00 4.751041443785479323e+00
2.502276177013923464e-01 1.048600798388815480e+00 5.048500241649095166e+00
4.584294343155786322e+00 5.415036964378984408e+00 4.262561834383911119e+00
6.059921311741073957e+00 5.383288751618603207e+00 3.993267149731803745e+00
1.317321387342643924e+00 3.638184692098218154e+00 2.115167290398271227e+00
2.300429714235302736e+00 3.804018473481174833e+00 2.696643827206211874e+00
4.176120410302517350e-01 6.203596527403168359e+00 7.390649139557954328e-01
1.231102539812666485e+00 3.034103192649606040e+00 1.385990838195200636e+00
4.134345644685366139e+00 4.232593482151160380e+00 4.758735816499144039e-02
2.970745232610022768e+00 5.596712263804763055e+00 5.865958080855403267e+00
2.857613168239474977e+00 3.672413731915211255e+00 5.198940825352206530e-02
8.280263558844512817e-01 1.968331101814891237e+00 3.692528291666412166e+00
6.974677770336015215e-01 2.290744037412166367e+00 5.108292298334262682e+00
2.055399405325553097e+00 4.887193986811840141e+00 4.277973675815969656e+00
4.747444879473846413e+00 4.995700507874827778e+00 6.014181764596233659e-01
2.246275322061390689e+00 3.837874040835890455e+00 1.801391157426906142e+00
4.078907809565393450e+00 4.322978154270959550e+00 5.888591643393523700e-01
3.361144951845393081e+00 3.243388139007042370e-01 1.362695299019401229e+00
5.240287701560234268e+00 5.680035930215572293e-01 4.666943090583699494e+00
1.935563370699705965e+00 8.291616416569390635e-01 5.100775496477120363e+00
5.851301246779289755e+00 1.926162263845303313e+00 5.648987263451608065e+00
2.428401723029610881e+00 3.301618057153484109e+00 5.521149483446386341e+00
2.081298445843120959e+00 1.636076108892679848e+00 3.815051829621545210e+00
4.603094916639330236e+00 1.202288424631137609e+00 7.618459706664375553e-01
3.929787041811856341e+00 3.106315601877760901e+00 2.192176877546349267e+00
4.154252876009417506e+00 5.530490926457147793e+00 4.873012028355514502e+00
3.820418015133698830e+00 7.770492271765178094e-01 3.085727691710981713e+00
2.900128707893253388e+00 5.021350913778500846e+00 5.378304261974128586e+00
6.017626583324382494e+00 5.909120353582131280e+00 6.045529205167536446e+00
3.387972424929708737e+00 4.824093048437861908e-01 5.594577695660626127e+00
5.051211445997658700e+00 5.242571256568570037e-01 2.514205976958486133e+00
4.375907733171300329e+00 5.706636277582756378e+00 2.523738611231377771e+00
4.724944570294558055e+00 4.895213482785235826e+00 3.077644945706300650e+00
3.910944127835911832e+00 4.772131285490420538e+00 1.612842936694207641e+00
4.096788359357686482e-01 5.959220276083827095e+00 4.808408705244641146e-01
7.961234956576577204e-01 4.126562036555977420e-01 2.304464752547408235e+00
1.624139968209553198e+00 1.610826168972037120e+00 5.761485169722497801e+00
2.799552980258797508e+00 4.759256668524983525e+00 3.925262276041209475e+00
3.439135735184736475e+00 2.754689176161814856e+00 4.599471274205356508e+00
2.559434398225252316e+00 4.008978520370343190e+00 1.356584711062788440e+00
5.487314177738257470e+00 4.733016162902121238e+00 2.913613704116952086e+00
2.519407564523427734e+00 4.371105889813834189e+00 1.917118741750967859e+00
2.652870744014261373e+00 4.009659581242167370e+00 8.245809724911924432e-01
6.203265203069373790e+00 9.614284776554846146e-02 4.234504316799876378e+00
1.086323446988926467e+00 1.634084903496300756e+00 3.054272622630774592e+00
1.069900133974678091e+00 1.518686898852834366e+00 5.822614666636222180e-01
1.466353615805790378e+00 5.933328299388184845e+00 5.406583855654026216e+00
2.099757240476602060e+00 3.120483785674571298e+00 5.209383283091829853e+00
1.473844189391894766e+00 4.583116245124723598e+00 4.842575055845521170e+00
2.283634046628577163e+00 3.503118199135640154e+00 2.684394770061885982e+00
1.477877566915690721e+00 4.918602979650549822e-01 5.274899046445380435e+00
5.871244366784922342e+00 1.257156856113807786e+00 1.646564706345713669e-01
4.786724881442348867e+00 9.447961903216108848e-01 1.772212614079309523e+00
4.147342953832702683e+00 4.112776432282886141e+00 1.582503956129217126e+00
6.227561457136013168e+00 3.868691398306052687e+00 2.313820493154309155e+00
1.402781933687944571e+00 1.679093275914066874e+00 2.901176018086946140e+00
5.611155156763339313e+00 3.558789016846736430e+00 4.124921574952204573e+00
2.343607555952754051e+00 4.086879642596203510e+00 6.352994319123100864e-02
6.082361044458709287e+00 4.847985227755992277e+00 5.887229143644441720e+00
3.365329215943836605e+00 2.214946307008579751e+00 2.999113290876337934e-01
9.999110238847560561e-01 3.428113211252574288e+00 1.831377297003578875e+00
7.836299204016502484e-01 3.606893500002125830e+00 1.134565661624067356e+00
5.263877093807480811e+00 5.425390589354107007e+00 8.186397569951552322e-01
1.592370459456031728e+00 8.776148797015784209e-02 4.571573942597002116e+00
3.913460704048281169e+00 6.029228968833098889e+00 3.990384513858659776e+00
1.876127587105574646e-01 1.551393910188210379e+00 2.847195600137305771e+00
5.697767567638417852e+00 5.130462978844525068e+00 2.755054124939280591e+00
5.987851676741038354e+00 6.082688939897611391e+00 2.297819268216183541e+00
4.645074001364284833e+00 8.143582722309437028e-01 3.166995098926026486e+00
9.191606610035164548e-01 2.125052035605084377e+00 3.361063366277765585e+00
2.537311299724241742e+00 4.712050257939578657e+00 1.390028658551887508e+00
2.119373732325095627e+00 2.817273199571029618e+00 3.029291833840561665e+00
1.636621645807131431e+00 2.087922190439145398e-02 4.880306846953787137e+00
2.654061079782291888e+00 1.548412221395988997e+00 4.254710660727563543e+00
3.710796947862524675e+00 4.523326470190681015e+00 4.147295204811289437e+00
1.648949864313990488e-01 4.755460721921343392e+00 5.343454849782435900e+00
5.758243808715079126e+00 2.276829873316578823e+00 1.639390231027327172e+00
3.527334175159058560e+00 4.659630945912341282e+00 3.557375486837457412e+00
5.008827689065538991e+00 3.934468277166616179e+00 2.148856035182478585e+00
9.777111249833810858e-01 3.595593918408649170e+00 1.459915283561245003e+00
1.794570674957283396e+00 2.047029323446869942e+00 1.301826660148390546e+00
2.331060657209839349e+00 3.224437872580894204e+00 5.886508263649851358e+00
8.157154099533939773e-01 8.985358251561547105e-01 3.962067116087310659e+00
2.224210079085913172e+00 1.223388563859847622e+00 5.923000347797106713e+00
2.515381719679200767e+00 4.606575110637094461e+00 1.397646219227655751e+00
2.092062693879138902e+00 2.437989248393406694e+00 4.447197472626524650e+00
3.114862530119657968e+00 3.010591877915482772e+00 6.167472384566982768e+00
5.519937739019633582e+00 3.671383266099554010e+00 4.417770305035859657e+00
2.990361940379025363e+00 8.487366470284506137e-02 1.147838072859857839e+00
5.940391202241628754e+00 5.085494814538203734e+00 1.166581573323863585e+00
1.589873039077011718e+00 4.828754143808689392e+00 1.375949262952292695e+00
1.577465749265989592e+00 3.030049736588263709e+00 5.358420260800232926e-01
3.844203992670407022e+00 1.813430702973522265e-03 4.156828987512756757e-01
5.538502402316410667e+00 3.939338973173115654e+00 6.214706525617299526e+00
4.193743729567224854e+00 3.451174722456928912e+00 4.104656036825836019e+00
2.563154224632447242e+00 3.446695467608873464e+00 1.216744645795628577e+00
4.358305855848644050e+00 2.923886433914126837e+00 5.272711878390891060e-01
1.123719054629286784e+00 5.187866519046616665e-01 1.857509197359650477e+00
1.094239066255875859e+00 3.924108319086305197e-01 3.990770052367841547e+00
4.496756965946207885e+00 5.354031864423911102e+00 4.850525825621899045e+00
3.024163247707973845e+00 5.385134152270548924e+00 3.783261783781964205e+00
1.845246230125143327e+00 4.041513844870077143e+00 3.096985657464774278e+00
1.471556671519669512e+00 5.006328468823657118e+00 3.299157950353383217e+00
2.968497688439727167e+00 3.631382487972324991e-01 2.900464364483226642e+00
4.049550548280825168e+00 3.580881206981282983e+00 4.978141108506698442e-01
2.996390672207285832e-01 2.274602779902718530e-01 9.725957949149288684e-01
2.439694563951563477e+00 4.020838419909988026e+00 7.751588579489376851e-01
3.486240184979322532e+00 5.842934263581079257e+00 1.421600324645527547e+00
4.830472268166541849e-01 5.492392741948465051e+00 1.411910848808071162e+00
2.574110559273776744e+00 4.515992188035029109e+00 5.941918093223391928e+00
3.264284972289603903e+00 4.758858573426651084e+00 4.536845996900242817e+00
5.820799896304520438e+00 8.670874502409652296e-01 8.169761703345611581e-01
2.247925705737027435e+00 9.041609583490681779e-01 9.188017066237804675e-01
5.331776369155508455e+00 4.501302574008751556e+00 1.223819868528274624e+00
3.836823017723280937e+00 2.693999860747310571e+00 5.004580614606907396e+00
1.794983630415688314e+00 5.536440986640995376e+00 3.189609281857085588e+00
5.283177061316437495e+00 3.633578731566206699e+00 3.328780728417973789e-01
6.017705153945812846e+00 2.553094555479925809e+00 1.429744478508371941e+00
1.260416467349960268e+00 4.548082242570676392e+00 3.586602998068311177e+00
4.714281774802548064e+00 6.105258577633439820e+00 5.607986788904985254e+00
6.437481913454716764e-01 2.617452273227698800e+00 5.408107031144297139e+00
5.135951596970669719e+00 2.461060844523075275e+00 4.405311044056494651e+00
3.459851487396548464e+00 5.032577298594656412e+00 3.078263261130472106e+00
4.512261012999386978e+00 1.858216614989000481e+00 5.609693736256345709e+00
1.306143478147883119e+00 4.997306341537314900e+00 1.436070186069608123e+00
1.497287449344970378e+00 1.007240088023971580e+00 6.468115801394910269e-01
5.025757039022995087e+00 1.010829017424674348e+00 1.184956683078143058e+00
3.125272091380968398e+00 3.890262683010822009e+00 3.398723484600910894e+00
1.501602419173169167e+00 6.129936228633971140e+00 1.525579605949901829e+00
1.329421438157931901e+00 4.535975953641121494e-01 3.183897579554499035e+00
6.878647164513918000e-01 6.030852125437694333e+00 2.164300961027158632e+00
4.851982769735276868e+00 3.282995795337141143e+00 1.589123858091703978e+00
5.286583887226077749e+00 4.350913599272582921e+00 4.858629518929449276e+00
3.187813886079455816e+00 4.762737955079590968e+00 4.952680718613496680e+00
4.287599829798064199e+00 5.364816267587758425e+00 5.057562000744042940e+00
4.932987560945840677e+00 3.100080531652345608e-02 3.549180319394393379e+00
7.304910892212402862e-01 3.481616447442878570e+00 5.634882069645469338e-02
5.094502920810017876e+00 5.089052881580552246e+00 1.460215730574611959e+00
2.607327362826903361e+00 4.582891336550129147e+00 2.366673466569604756e+00
7.238646145924545472e-01 5.988981459467889401e+00 1.956290411344417945e+00
3.783946099256466411e+00 1.959184875618658062e+00 4.493595943603638787e-01
3.354398118942083507e-01 3.034764127420331192e+00 1.568410057658142120e+00
6.278671479812063971e+00 3.601209941673733983e+00 6.078959007495637223e+00
5.804754824425543136e-01 5.841525824816162782e+00 1.335128502174413256e+00
2.538292287433432382e+00 3.789827707451332017e+00 4.426207211552034337e+00
8.543718536120327167e-01 3.851773622178532808e+00 1.422166633429693405e+00
7.940674179900415464e-01 2.693550218832938548e+00 1.778944868514473310e+00
1.236197165527901154e+00 3.724377026732620610e+00 2.475605228935681801e+00
1.847008548455638888e+00 4.448154853131626396e+00 3.187391770397596247e+00
2.594588013335249244e+00 2.783508182999836045e+00 5.244753198803226546e+00
4.038564472360149260e+00 2.018369220155469268e+00 5.264922872527598940e+00
5.449965070715471427e+00 1.252259050364415094e+00 4.726957861257357507e+00
2.950752034100909249e+00 3.219791366309252556e+00 3.681507394944914857e+00
2.051591718397149045e+00 4.922513529265232002e+00 7.897720431464370083e-01
2.228097317530931321e+00 4.047030507604714167e+00 6.208391296795654490e+00
5.499798956880534107e+00 6.162435637006052680e+00 6.184786112858178697e+00
1.865008349043284719e+00 5.319726986341778208e+00 4.952566848609669947e-02
4.110441856612728095e+00 2.903422878812089714e+00 5.143067246249477087e+00
1.445818262358026018e+00 8.095332727442053899e-01 2.549627335353978896e+00
