8.400000000000000000e+02
1.034000000000000000e+03
6.540000000000000000e+02
1.081000000000000000e+03
7.090000000000000000e+02
8.470000000000000000e+02
6.580000000000000000e+02
7.190000000000000000e+02
5.880000000000000000e+02
7.440000000000000000e+02
9.590000000000000000e+02
8.940000000000000000e+02
7.530000000000000000e+02
7.570000000000000000e+02
5.270000000000000000e+02
7.560000000000000000e+02
1.007000000000000000e+03
1.035000000000000000e+03
7.530000000000000000e+02
7.960000000000000000e+02
7.700000000000000000e+02
9.160000000000000000e+02
7.360000000000000000e+02
7.530000000000000000e+02
7.000000000000000000e+02
9.850000000000000000e+02
6.460000000000000000e+02
9.060000000000000000e+02
7.130000000000000000e+02
1.113000000000000000e+03
7.690000000000000000e+02
9.100000000000000000e+02
7.040000000000000000e+02
6.600000000000000000e+02
8.800000000000000000e+02
6.850000000000000000e+02
1.050000000000000000e+03
6.260000000000000000e+02
9.030000000000000000e+02
7.180000000000000000e+02
7.190000000000000000e+02
1.114000000000000000e+03
7.110000000000000000e+02
9.260000000000000000e+02
5.260000000000000000e+02
7.280000000000000000e+02
7.810000000000000000e+02
6.900000000000000000e+02
7.610000000000000000e+02
6.780000000000000000e+02
7.150000000000000000e+02
7.650000000000000000e+02
7.450000000000000000e+02
5.650000000000000000e+02
9.110000000000000000e+02
1.088000000000000000e+03
7.680000000000000000e+02
5.880000000000000000e+02
8.080000000000000000e+02
1.458000000000000000e+03
5.260000000000000000e+02
7.700000000000000000e+02
6.480000000000000000e+02
7.030000000000000000e+02
6.720000000000000000e+02
6.170000000000000000e+02
1.427000000000000000e+03
1.006000000000000000e+03
9.860000000000000000e+02
7.590000000000000000e+02
7.070000000000000000e+02
7.430000000000000000e+02
1.066000000000000000e+03
8.960000000000000000e+02
6.600000000000000000e+02
8.720000000000000000e+02
6.580000000000000000e+02
5.830000000000000000e+02
6.290000000000000000e+02
7.130000000000000000e+02
7.710000000000000000e+02
9.740000000000000000e+02
9.250000000000000000e+02
7.110000000000000000e+02
6.100000000000000000e+02
6.880000000000000000e+02
8.020000000000000000e+02
8.030000000000000000e+02
7.690000000000000000e+02
6.130000000000000000e+02
1.008000000000000000e+03
1.037000000000000000e+03
6.300000000000000000e+02
8.010000000000000000e+02
7.370000000000000000e+02
6.910000000000000000e+02
9.970000000000000000e+02
8.190000000000000000e+02
2.832000000000000000e+03
6.360000000000000000e+02
1.037000000000000000e+03
6.960000000000000000e+02
5.880000000000000000e+02
6.900000000000000000e+02
7.680000000000000000e+02
7.450000000000000000e+02
7.360000000000000000e+02
9.390000000000000000e+02
8.020000000000000000e+02
9.240000000000000000e+02
7.310000000000000000e+02
7.600000000000000000e+02
7.930000000000000000e+02
7.200000000000000000e+02
9.030000000000000000e+02
7.310000000000000000e+02
6.530000000000000000e+02
8.170000000000000000e+02
7.450000000000000000e+02
7.990000000000000000e+02
7.250000000000000000e+02
6.890000000000000000e+02
9.410000000000000000e+02
8.660000000000000000e+02
9.620000000000000000e+02
8.960000000000000000e+02
5.970000000000000000e+02
1.072000000000000000e+03
6.090000000000000000e+02
1.939000000000000000e+03
6.630000000000000000e+02
7.260000000000000000e+02
1.078000000000000000e+03
6.720000000000000000e+02
9.200000000000000000e+02
6.250000000000000000e+02
9.530000000000000000e+02
6.680000000000000000e+02
1.182000000000000000e+03
5.440000000000000000e+02
8.060000000000000000e+02
7.270000000000000000e+02
6.590000000000000000e+02
7.030000000000000000e+02
5.660000000000000000e+02
8.100000000000000000e+02
9.320000000000000000e+02
1.011000000000000000e+03
6.760000000000000000e+02
1.040000000000000000e+03
7.550000000000000000e+02
7.260000000000000000e+02
7.830000000000000000e+02
6.140000000000000000e+02
1.100000000000000000e+03
9.080000000000000000e+02
1.037000000000000000e+03
1.010000000000000000e+03
7.060000000000000000e+02
5.480000000000000000e+02
6.930000000000000000e+02
7.960000000000000000e+02
7.780000000000000000e+02
7.080000000000000000e+02
7.250000000000000000e+02
1.012000000000000000e+03
1.002000000000000000e+03
6.080000000000000000e+02
7.060000000000000000e+02
7.700000000000000000e+02
6.700000000000000000e+02
8.380000000000000000e+02
8.880000000000000000e+02
6.000000000000000000e+02
1.015000000000000000e+03
9.210000000000000000e+02
8.120000000000000000e+02
9.230000000000000000e+02
8.860000000000000000e+02
8.880000000000000000e+02
7.370000000000000000e+02
6.980000000000000000e+02
7.280000000000000000e+02
1.265000000000000000e+03
8.510000000000000000e+02
5.940000000000000000e+02
7.550000000000000000e+02
7.230000000000000000e+02
7.240000000000000000e+02
1.056000000000000000e+03
6.450000000000000000e+02
7.370000000000000000e+02
8.860000000000000000e+02
6.030000000000000000e+02
9.520000000000000000e+02
7.880000000000000000e+02
8.120000000000000000e+02
6.760000000000000000e+02
6.670000000000000000e+02
7.880000000000000000e+02
6.370000000000000000e+02
6.740000000000000000e+02
9.280000000000000000e+02
7.380000000000000000e+02
8.040000000000000000e+02
8.640000000000000000e+02
6.690000000000000000e+02
6.340000000000000000e+02
1.044000000000000000e+03
8.220000000000000000e+02
1.031000000000000000e+03
7.580000000000000000e+02
7.850000000000000000e+02
8.590000000000000000e+02
1.729000000000000000e+03
8.310000000000000000e+02
6.040000000000000000e+02
1.009000000000000000e+03
6.140000000000000000e+02
1.037000000000000000e+03
8.260000000000000000e+02
6.520000000000000000e+02
1.060000000000000000e+03
5.810000000000000000e+02
1.219000000000000000e+03
8.650000000000000000e+02
7.960000000000000000e+02
6.320000000000000000e+02
6.860000000000000000e+02
8.390000000000000000e+02
8.470000000000000000e+02
7.790000000000000000e+02
8.360000000000000000e+02
5.830000000000000000e+02
7.710000000000000000e+02
7.000000000000000000e+02
1.172000000000000000e+03
7.730000000000000000e+02
7.030000000000000000e+02
5.930000000000000000e+02
7.260000000000000000e+02
9.400000000000000000e+02
7.310000000000000000e+02
8.760000000000000000e+02
1.065000000000000000e+03
7.220000000000000000e+02
7.090000000000000000e+02
7.350000000000000000e+02
7.870000000000000000e+02
1.041000000000000000e+03
6.240000000000000000e+02
8.220000000000000000e+02
2.308000000000000000e+03
1.066000000000000000e+03
1.249000000000000000e+03
8.400000000000000000e+02
7.790000000000000000e+02
8.290000000000000000e+02
6.350000000000000000e+02
6.790000000000000000e+02
8.060000000000000000e+02
8.260000000000000000e+02
8.220000000000000000e+02
7.500000000000000000e+02
6.860000000000000000e+02
6.210000000000000000e+02
6.410000000000000000e+02
7.300000000000000000e+02
8.960000000000000000e+02
7.480000000000000000e+02
8.160000000000000000e+02
5.610000000000000000e+02
7.470000000000000000e+02
6.840000000000000000e+02
9.390000000000000000e+02
1.458000000000000000e+03
8.190000000000000000e+02
6.730000000000000000e+02
6.810000000000000000e+02
6.790000000000000000e+02
6.600000000000000000e+02
8.360000000000000000e+02
6.060000000000000000e+02
1.041000000000000000e+03
9.120000000000000000e+02
7.970000000000000000e+02
7.800000000000000000e+02
6.270000000000000000e+02
6.940000000000000000e+02
6.910000000000000000e+02
7.230000000000000000e+02
6.740000000000000000e+02
1.068000000000000000e+03
5.540000000000000000e+02
7.130000000000000000e+02
7.870000000000000000e+02
1.259000000000000000e+03
1.020000000000000000e+03
8.360000000000000000e+02
6.800000000000000000e+02
6.780000000000000000e+02
7.420000000000000000e+02
6.940000000000000000e+02
8.370000000000000000e+02
9.290000000000000000e+02
7.690000000000000000e+02
6.900000000000000000e+02
7.710000000000000000e+02
1.025000000000000000e+03
7.690000000000000000e+02
8.350000000000000000e+02
8.910000000000000000e+02
8.590000000000000000e+02
6.760000000000000000e+02
6.930000000000000000e+02
8.320000000000000000e+02
9.420000000000000000e+02
1.123000000000000000e+03
6.850000000000000000e+02
6.790000000000000000e+02
7.530000000000000000e+02
6.570000000000000000e+02
1.129000000000000000e+03
9.400000000000000000e+02
9.440000000000000000e+02
6.580000000000000000e+02
9.120000000000000000e+02
9.880000000000000000e+02
8.430000000000000000e+02
7.380000000000000000e+02
6.460000000000000000e+02
7.820000000000000000e+02
7.590000000000000000e+02
7.800000000000000000e+02
5.830000000000000000e+02
7.510000000000000000e+02
9.930000000000000000e+02
9.640000000000000000e+02
7.080000000000000000e+02
6.730000000000000000e+02
7.150000000000000000e+02
1.293000000000000000e+03
1.379000000000000000e+03
9.410000000000000000e+02
8.290000000000000000e+02
8.520000000000000000e+02
9.900000000000000000e+02
7.690000000000000000e+02
7.570000000000000000e+02
7.420000000000000000e+02
8.160000000000000000e+02
6.680000000000000000e+02
1.278000000000000000e+03
7.050000000000000000e+02
6.170000000000000000e+02
7.260000000000000000e+02
1.263000000000000000e+03
7.130000000000000000e+02
7.690000000000000000e+02
7.880000000000000000e+02
8.830000000000000000e+02
8.290000000000000000e+02
7.030000000000000000e+02
7.530000000000000000e+02
6.900000000000000000e+02
6.870000000000000000e+02
1.162000000000000000e+03
7.830000000000000000e+02
6.350000000000000000e+02
8.780000000000000000e+02
6.390000000000000000e+02
8.300000000000000000e+02
8.080000000000000000e+02
1.006000000000000000e+03
8.500000000000000000e+02
6.230000000000000000e+02
6.650000000000000000e+02
7.620000000000000000e+02
7.200000000000000000e+02
7.210000000000000000e+02
7.720000000000000000e+02
8.100000000000000000e+02
6.100000000000000000e+02
7.340000000000000000e+02
9.070000000000000000e+02
7.760000000000000000e+02
6.440000000000000000e+02
1.019000000000000000e+03
8.290000000000000000e+02
7.030000000000000000e+02
8.770000000000000000e+02
6.020000000000000000e+02
7.580000000000000000e+02
7.000000000000000000e+02
7.770000000000000000e+02
7.250000000000000000e+02
7.450000000000000000e+02
1.000000000000000000e+03
6.650000000000000000e+02
8.220000000000000000e+02
6.770000000000000000e+02
6.920000000000000000e+02
5.480000000000000000e+02
9.050000000000000000e+02
7.800000000000000000e+02
9.580000000000000000e+02
7.490000000000000000e+02
7.660000000000000000e+02
9.650000000000000000e+02
8.060000000000000000e+02
6.600000000000000000e+02
1.147000000000000000e+03
7.940000000000000000e+02
6.660000000000000000e+02
7.390000000000000000e+02
7.380000000000000000e+02
7.570000000000000000e+02
6.440000000000000000e+02
8.150000000000000000e+02
9.210000000000000000e+02
6.710000000000000000e+02
5.240000000000000000e+02
7.030000000000000000e+02
9.770000000000000000e+02
8.110000000000000000e+02
6.950000000000000000e+02
6.730000000000000000e+02
7.200000000000000000e+02
8.490000000000000000e+02
9.850000000000000000e+02
7.060000000000000000e+02
7.900000000000000000e+02
9.880000000000000000e+02
9.240000000000000000e+02
1.298000000000000000e+03
5.940000000000000000e+02
8.750000000000000000e+02
6.860000000000000000e+02
7.050000000000000000e+02
6.240000000000000000e+02
8.140000000000000000e+02
1.593000000000000000e+03
6.370000000000000000e+02
8.860000000000000000e+02
6.640000000000000000e+02
7.530000000000000000e+02
7.190000000000000000e+02
9.610000000000000000e+02
9.000000000000000000e+02
7.930000000000000000e+02
9.080000000000000000e+02
7.830000000000000000e+02
6.970000000000000000e+02
6.810000000000000000e+02
9.510000000000000000e+02
9.140000000000000000e+02
7.060000000000000000e+02
7.690000000000000000e+02
6.410000000000000000e+02
7.440000000000000000e+02
6.710000000000000000e+02
1.249000000000000000e+03
6.320000000000000000e+02
8.300000000000000000e+02
7.300000000000000000e+02
7.130000000000000000e+02
7.590000000000000000e+02
1.362000000000000000e+03
8.910000000000000000e+02
1.433000000000000000e+03
1.003000000000000000e+03
8.400000000000000000e+02
7.940000000000000000e+02
6.480000000000000000e+02
1.523000000000000000e+03
7.590000000000000000e+02
7.420000000000000000e+02
7.850000000000000000e+02
8.220000000000000000e+02
8.310000000000000000e+02
5.510000000000000000e+02
6.770000000000000000e+02
7.660000000000000000e+02
6.880000000000000000e+02
1.006000000000000000e+03
8.010000000000000000e+02
7.050000000000000000e+02
7.770000000000000000e+02
1.000000000000000000e+03
6.510000000000000000e+02
1.403000000000000000e+03
7.000000000000000000e+02
6.660000000000000000e+02
7.520000000000000000e+02
1.266000000000000000e+03
7.670000000000000000e+02
1.021000000000000000e+03
1.463000000000000000e+03
6.450000000000000000e+02
5.620000000000000000e+02
9.250000000000000000e+02
9.160000000000000000e+02
7.370000000000000000e+02
8.000000000000000000e+02
6.820000000000000000e+02
1.094000000000000000e+03
6.580000000000000000e+02
8.200000000000000000e+02
8.330000000000000000e+02
6.320000000000000000e+02
6.080000000000000000e+02
6.280000000000000000e+02
8.520000000000000000e+02
7.800000000000000000e+02
9.290000000000000000e+02
9.280000000000000000e+02
9.390000000000000000e+02
7.740000000000000000e+02
7.800000000000000000e+02
6.290000000000000000e+02
7.350000000000000000e+02
7.280000000000000000e+02
6.900000000000000000e+02
8.000000000000000000e+02
6.990000000000000000e+02
1.704000000000000000e+03
8.500000000000000000e+02
1.448000000000000000e+03
6.560000000000000000e+02
8.910000000000000000e+02
1.168000000000000000e+03
7.380000000000000000e+02
7.200000000000000000e+02
6.100000000000000000e+02
1.175000000000000000e+03
6.690000000000000000e+02
1.043000000000000000e+03
6.180000000000000000e+02
7.640000000000000000e+02
7.490000000000000000e+02
7.940000000000000000e+02
6.940000000000000000e+02
7.120000000000000000e+02
8.820000000000000000e+02
8.020000000000000000e+02
6.080000000000000000e+02
7.140000000000000000e+02
6.220000000000000000e+02
9.010000000000000000e+02
9.880000000000000000e+02
8.500000000000000000e+02
7.770000000000000000e+02
8.350000000000000000e+02
6.530000000000000000e+02
7.220000000000000000e+02
5.810000000000000000e+02
8.800000000000000000e+02
8.570000000000000000e+02
9.590000000000000000e+02
7.110000000000000000e+02
8.660000000000000000e+02
7.820000000000000000e+02
8.250000000000000000e+02
1.919000000000000000e+03
6.760000000000000000e+02
5.870000000000000000e+02
1.152000000000000000e+03
7.930000000000000000e+02
9.550000000000000000e+02
6.650000000000000000e+02
1.550000000000000000e+03
1.147000000000000000e+03
8.580000000000000000e+02
9.710000000000000000e+02
1.078000000000000000e+03
6.770000000000000000e+02
7.010000000000000000e+02
7.530000000000000000e+02
7.110000000000000000e+02
6.600000000000000000e+02
7.300000000000000000e+02
6.820000000000000000e+02
6.120000000000000000e+02
6.670000000000000000e+02
5.400000000000000000e+02
9.100000000000000000e+02
9.380000000000000000e+02
7.080000000000000000e+02
1.156000000000000000e+03
6.010000000000000000e+02
6.700000000000000000e+02
8.630000000000000000e+02
9.960000000000000000e+02
1.010000000000000000e+03
8.940000000000000000e+02
6.840000000000000000e+02
1.029000000000000000e+03
8.700000000000000000e+02
8.830000000000000000e+02
7.650000000000000000e+02
7.020000000000000000e+02
1.028000000000000000e+03
7.530000000000000000e+02
7.220000000000000000e+02
8.100000000000000000e+02
6.170000000000000000e+02
5.620000000000000000e+02
9.640000000000000000e+02
7.310000000000000000e+02
9.920000000000000000e+02
9.700000000000000000e+02
1.026000000000000000e+03
9.060000000000000000e+02
8.550000000000000000e+02
6.250000000000000000e+02
7.880000000000000000e+02
8.410000000000000000e+02
1.336000000000000000e+03
7.640000000000000000e+02
6.350000000000000000e+02
9.630000000000000000e+02
8.220000000000000000e+02
7.410000000000000000e+02
8.510000000000000000e+02
1.008000000000000000e+03
7.980000000000000000e+02
1.066000000000000000e+03
8.280000000000000000e+02
8.980000000000000000e+02
1.245000000000000000e+03
7.220000000000000000e+02
5.940000000000000000e+02
8.710000000000000000e+02
7.340000000000000000e+02
6.510000000000000000e+02
8.330000000000000000e+02
6.990000000000000000e+02
6.320000000000000000e+02
1.687000000000000000e+03
7.180000000000000000e+02
1.230000000000000000e+03
6.280000000000000000e+02
6.870000000000000000e+02
8.900000000000000000e+02
6.770000000000000000e+02
6.380000000000000000e+02
5.690000000000000000e+02
1.185000000000000000e+03
7.340000000000000000e+02
7.600000000000000000e+02
1.227000000000000000e+03
1.020000000000000000e+03
6.240000000000000000e+02
8.690000000000000000e+02
8.120000000000000000e+02
6.360000000000000000e+02
8.680000000000000000e+02
9.990000000000000000e+02
8.110000000000000000e+02
8.430000000000000000e+02
7.740000000000000000e+02
7.060000000000000000e+02
8.750000000000000000e+02
5.590000000000000000e+02
1.590000000000000000e+03
6.360000000000000000e+02
7.460000000000000000e+02
1.270000000000000000e+03
7.980000000000000000e+02
6.940000000000000000e+02
5.880000000000000000e+02
1.021000000000000000e+03
9.690000000000000000e+02
7.280000000000000000e+02
8.080000000000000000e+02
6.630000000000000000e+02
9.820000000000000000e+02
6.410000000000000000e+02
6.820000000000000000e+02
6.970000000000000000e+02
7.230000000000000000e+02
1.164000000000000000e+03
6.760000000000000000e+02
6.890000000000000000e+02
7.540000000000000000e+02
7.150000000000000000e+02
1.074000000000000000e+03
8.480000000000000000e+02
6.040000000000000000e+02
8.500000000000000000e+02
8.050000000000000000e+02
6.810000000000000000e+02
9.300000000000000000e+02
7.880000000000000000e+02
1.044000000000000000e+03
7.900000000000000000e+02
7.080000000000000000e+02
1.077000000000000000e+03
1.338000000000000000e+03
6.290000000000000000e+02
7.120000000000000000e+02
9.520000000000000000e+02
9.550000000000000000e+02
7.300000000000000000e+02
8.550000000000000000e+02
6.700000000000000000e+02
1.258000000000000000e+03
7.720000000000000000e+02
8.110000000000000000e+02
9.290000000000000000e+02
7.260000000000000000e+02
1.068000000000000000e+03
6.470000000000000000e+02
8.100000000000000000e+02
6.170000000000000000e+02
7.830000000000000000e+02
6.610000000000000000e+02
7.640000000000000000e+02
7.260000000000000000e+02
7.320000000000000000e+02
1.379000000000000000e+03
7.260000000000000000e+02
7.770000000000000000e+02
5.550000000000000000e+02
1.264000000000000000e+03
7.220000000000000000e+02
7.300000000000000000e+02
6.010000000000000000e+02
1.285000000000000000e+03
1.310000000000000000e+03
8.400000000000000000e+02
7.990000000000000000e+02
6.770000000000000000e+02
6.330000000000000000e+02
7.510000000000000000e+02
7.000000000000000000e+02
6.630000000000000000e+02
9.140000000000000000e+02
7.600000000000000000e+02
7.200000000000000000e+02
7.320000000000000000e+02
6.280000000000000000e+02
7.520000000000000000e+02
7.120000000000000000e+02
9.860000000000000000e+02
1.050000000000000000e+03
7.470000000000000000e+02
9.480000000000000000e+02
1.108000000000000000e+03
8.850000000000000000e+02
1.095000000000000000e+03
6.670000000000000000e+02
5.640000000000000000e+02
1.092000000000000000e+03
1.009000000000000000e+03
9.320000000000000000e+02
8.190000000000000000e+02
7.840000000000000000e+02
5.460000000000000000e+02
9.060000000000000000e+02
7.670000000000000000e+02
8.540000000000000000e+02
9.750000000000000000e+02
1.220000000000000000e+03
9.730000000000000000e+02
7.280000000000000000e+02
1.221000000000000000e+03
6.790000000000000000e+02
5.930000000000000000e+02
7.090000000000000000e+02
7.780000000000000000e+02
8.730000000000000000e+02
9.600000000000000000e+02
6.860000000000000000e+02
9.690000000000000000e+02
8.830000000000000000e+02
6.680000000000000000e+02
6.270000000000000000e+02
9.180000000000000000e+02
6.840000000000000000e+02
7.710000000000000000e+02
5.860000000000000000e+02
8.450000000000000000e+02
7.170000000000000000e+02
7.920000000000000000e+02
7.360000000000000000e+02
7.230000000000000000e+02
1.176000000000000000e+03
6.950000000000000000e+02
9.130000000000000000e+02
7.520000000000000000e+02
6.740000000000000000e+02
6.510000000000000000e+02
1.139000000000000000e+03
7.580000000000000000e+02
1.012000000000000000e+03
9.060000000000000000e+02
5.320000000000000000e+02
6.940000000000000000e+02
7.300000000000000000e+02
8.930000000000000000e+02
1.094000000000000000e+03
9.500000000000000000e+02
6.440000000000000000e+02
9.980000000000000000e+02
6.420000000000000000e+02
1.166000000000000000e+03
9.240000000000000000e+02
7.040000000000000000e+02
9.140000000000000000e+02
6.540000000000000000e+02
7.850000000000000000e+02
8.080000000000000000e+02
6.300000000000000000e+02
7.800000000000000000e+02
9.190000000000000000e+02
9.360000000000000000e+02
9.380000000000000000e+02
6.270000000000000000e+02
6.430000000000000000e+02
6.760000000000000000e+02
7.300000000000000000e+02
1.406000000000000000e+03
8.940000000000000000e+02
6.090000000000000000e+02
7.660000000000000000e+02
8.230000000000000000e+02
1.136000000000000000e+03
6.030000000000000000e+02
1.164000000000000000e+03
6.420000000000000000e+02
8.730000000000000000e+02
7.840000000000000000e+02
6.390000000000000000e+02
8.270000000000000000e+02
6.630000000000000000e+02
7.990000000000000000e+02
6.600000000000000000e+02
8.250000000000000000e+02
8.130000000000000000e+02
8.110000000000000000e+02
1.044000000000000000e+03
7.050000000000000000e+02
6.900000000000000000e+02
7.200000000000000000e+02
1.241000000000000000e+03
7.140000000000000000e+02
9.280000000000000000e+02
7.280000000000000000e+02
7.790000000000000000e+02
9.830000000000000000e+02
1.005000000000000000e+03
6.460000000000000000e+02
7.150000000000000000e+02
1.070000000000000000e+03
6.550000000000000000e+02
7.240000000000000000e+02
8.500000000000000000e+02
7.880000000000000000e+02
9.060000000000000000e+02
8.430000000000000000e+02
7.810000000000000000e+02
8.630000000000000000e+02
1.566000000000000000e+03
6.720000000000000000e+02
7.490000000000000000e+02
8.760000000000000000e+02
6.620000000000000000e+02
7.270000000000000000e+02
6.120000000000000000e+02
7.990000000000000000e+02
7.270000000000000000e+02
7.440000000000000000e+02
1.260000000000000000e+03
7.140000000000000000e+02
9.800000000000000000e+02
7.270000000000000000e+02
7.310000000000000000e+02
8.560000000000000000e+02
6.540000000000000000e+02
6.590000000000000000e+02
5.990000000000000000e+02
6.470000000000000000e+02
8.040000000000000000e+02
8.110000000000000000e+02
7.240000000000000000e+02
8.170000000000000000e+02
6.610000000000000000e+02
7.260000000000000000e+02
8.310000000000000000e+02
7.100000000000000000e+02
8.770000000000000000e+02
9.550000000000000000e+02
8.520000000000000000e+02
7.060000000000000000e+02
8.330000000000000000e+02
1.313000000000000000e+03
6.340000000000000000e+02
6.820000000000000000e+02
7.170000000000000000e+02
6.330000000000000000e+02
8.290000000000000000e+02
8.070000000000000000e+02
1.010000000000000000e+03
7.290000000000000000e+02
9.610000000000000000e+02
7.650000000000000000e+02
1.411000000000000000e+03
7.540000000000000000e+02
7.480000000000000000e+02
7.890000000000000000e+02
7.410000000000000000e+02
7.460000000000000000e+02
7.300000000000000000e+02
6.890000000000000000e+02
6.640000000000000000e+02
9.690000000000000000e+02
9.180000000000000000e+02
1.031000000000000000e+03
8.600000000000000000e+02
8.080000000000000000e+02
1.005000000000000000e+03
1.029000000000000000e+03
9.000000000000000000e+02
1.011000000000000000e+03
9.140000000000000000e+02
7.120000000000000000e+02
7.270000000000000000e+02
1.030000000000000000e+03
8.870000000000000000e+02
7.000000000000000000e+02
9.010000000000000000e+02
7.680000000000000000e+02
1.148000000000000000e+03
5.740000000000000000e+02
1.070000000000000000e+03
7.730000000000000000e+02
8.240000000000000000e+02
8.120000000000000000e+02
6.610000000000000000e+02
7.280000000000000000e+02
6.570000000000000000e+02
9.690000000000000000e+02
6.150000000000000000e+02
1.011000000000000000e+03
8.630000000000000000e+02
7.040000000000000000e+02
7.940000000000000000e+02
6.050000000000000000e+02
6.610000000000000000e+02
8.600000000000000000e+02
9.690000000000000000e+02
8.480000000000000000e+02
7.940000000000000000e+02
8.880000000000000000e+02
7.300000000000000000e+02
4.590000000000000000e+02
8.740000000000000000e+02
7.840000000000000000e+02
7.720000000000000000e+02
7.300000000000000000e+02
8.590000000000000000e+02
6.950000000000000000e+02
8.310000000000000000e+02
7.260000000000000000e+02
1.182000000000000000e+03
9.140000000000000000e+02
7.080000000000000000e+02
7.690000000000000000e+02
7.380000000000000000e+02
8.450000000000000000e+02
5.220000000000000000e+02
7.730000000000000000e+02
7.420000000000000000e+02
8.160000000000000000e+02
6.690000000000000000e+02
8.490000000000000000e+02
1.343000000000000000e+03
7.170000000000000000e+02
6.440000000000000000e+02
9.750000000000000000e+02
7.970000000000000000e+02
1.235000000000000000e+03
7.440000000000000000e+02
8.990000000000000000e+02
7.960000000000000000e+02
8.930000000000000000e+02
9.050000000000000000e+02
5.930000000000000000e+02
7.500000000000000000e+02
1.029000000000000000e+03
7.610000000000000000e+02
7.230000000000000000e+02
9.000000000000000000e+02
8.600000000000000000e+02
7.660000000000000000e+02
6.410000000000000000e+02
6.810000000000000000e+02
1.233000000000000000e+03
6.770000000000000000e+02
5.490000000000000000e+02
8.600000000000000000e+02
7.740000000000000000e+02
1.004000000000000000e+03
7.040000000000000000e+02
7.930000000000000000e+02
8.200000000000000000e+02
7.240000000000000000e+02
6.730000000000000000e+02
6.270000000000000000e+02
7.280000000000000000e+02
7.760000000000000000e+02
1.640000000000000000e+03
7.280000000000000000e+02
6.430000000000000000e+02
6.220000000000000000e+02
7.700000000000000000e+02
1.133000000000000000e+03
9.830000000000000000e+02
8.950000000000000000e+02
9.070000000000000000e+02
7.330000000000000000e+02
9.660000000000000000e+02
8.760000000000000000e+02
7.400000000000000000e+02
5.990000000000000000e+02
5.690000000000000000e+02
1.115000000000000000e+03
1.091000000000000000e+03
1.708000000000000000e+03
6.080000000000000000e+02
8.390000000000000000e+02
9.890000000000000000e+02
9.280000000000000000e+02
1.278000000000000000e+03
7.010000000000000000e+02
6.990000000000000000e+02
8.070000000000000000e+02
6.660000000000000000e+02
6.880000000000000000e+02
1.151000000000000000e+03
9.090000000000000000e+02
1.209000000000000000e+03
9.790000000000000000e+02
6.590000000000000000e+02
1.167000000000000000e+03
7.630000000000000000e+02
6.200000000000000000e+02
7.690000000000000000e+02
7.540000000000000000e+02
9.460000000000000000e+02
8.110000000000000000e+02
7.010000000000000000e+02
8.630000000000000000e+02
7.050000000000000000e+02
6.750000000000000000e+02
1.055000000000000000e+03
1.132000000000000000e+03
7.660000000000000000e+02
6.540000000000000000e+02
8.890000000000000000e+02
7.280000000000000000e+02
8.420000000000000000e+02
8.830000000000000000e+02
5.640000000000000000e+02
1.400000000000000000e+03
1.047000000000000000e+03
6.290000000000000000e+02
5.810000000000000000e+02
6.370000000000000000e+02
6.230000000000000000e+02
6.220000000000000000e+02
7.630000000000000000e+02
7.150000000000000000e+02
7.600000000000000000e+02
8.660000000000000000e+02
7.610000000000000000e+02
7.130000000000000000e+02
1.213000000000000000e+03
8.830000000000000000e+02
6.920000000000000000e+02
7.800000000000000000e+02
1.166000000000000000e+03
6.390000000000000000e+02
7.380000000000000000e+02
5.910000000000000000e+02
7.580000000000000000e+02
7.960000000000000000e+02
1.213000000000000000e+03
6.750000000000000000e+02
8.750000000000000000e+02
6.590000000000000000e+02
1.067000000000000000e+03
1.003000000000000000e+03
8.890000000000000000e+02
6.770000000000000000e+02
1.061000000000000000e+03
7.200000000000000000e+02
4.980000000000000000e+02
6.530000000000000000e+02
6.950000000000000000e+02
6.260000000000000000e+02
6.580000000000000000e+02
8.750000000000000000e+02
7.390000000000000000e+02
7.380000000000000000e+02
7.540000000000000000e+02
1.117000000000000000e+03
9.200000000000000000e+02
6.830000000000000000e+02
9.460000000000000000e+02
5.910000000000000000e+02
8.820000000000000000e+02
7.420000000000000000e+02
1.143000000000000000e+03
9.590000000000000000e+02
7.000000000000000000e+02
7.270000000000000000e+02
7.320000000000000000e+02
5.740000000000000000e+02
7.600000000000000000e+02
6.620000000000000000e+02
7.040000000000000000e+02
9.390000000000000000e+02
9.580000000000000000e+02
8.120000000000000000e+02
7.460000000000000000e+02
7.080000000000000000e+02
7.240000000000000000e+02
1.028000000000000000e+03
9.090000000000000000e+02
6.440000000000000000e+02
7.050000000000000000e+02
1.144000000000000000e+03
7.620000000000000000e+02
7.270000000000000000e+02
8.840000000000000000e+02
9.470000000000000000e+02
6.570000000000000000e+02
1.013000000000000000e+03
8.110000000000000000e+02
7.040000000000000000e+02
8.650000000000000000e+02
7.360000000000000000e+02
6.760000000000000000e+02
8.450000000000000000e+02
7.960000000000000000e+02
7.830000000000000000e+02
8.210000000000000000e+02
7.910000000000000000e+02
6.330000000000000000e+02
5.950000000000000000e+02
7.540000000000000000e+02
6.970000000000000000e+02
7.980000000000000000e+02
6.120000000000000000e+02
9.680000000000000000e+02
8.350000000000000000e+02
7.760000000000000000e+02
1.636000000000000000e+03
1.925000000000000000e+03
6.060000000000000000e+02
1.532000000000000000e+03
6.730000000000000000e+02
8.940000000000000000e+02
7.510000000000000000e+02
7.280000000000000000e+02
9.170000000000000000e+02
8.130000000000000000e+02
8.490000000000000000e+02
8.660000000000000000e+02
6.890000000000000000e+02
7.090000000000000000e+02
1.188000000000000000e+03
8.160000000000000000e+02
6.790000000000000000e+02
5.800000000000000000e+02
5.920000000000000000e+02
8.260000000000000000e+02
8.370000000000000000e+02
7.590000000000000000e+02
6.810000000000000000e+02
8.780000000000000000e+02
7.190000000000000000e+02
6.460000000000000000e+02
6.740000000000000000e+02
7.790000000000000000e+02
6.940000000000000000e+02
6.650000000000000000e+02
1.030000000000000000e+03
8.740000000000000000e+02
7.870000000000000000e+02
6.980000000000000000e+02
8.580000000000000000e+02
8.410000000000000000e+02
1.250000000000000000e+03
6.860000000000000000e+02
7.070000000000000000e+02
7.240000000000000000e+02
6.840000000000000000e+02
7.710000000000000000e+02
7.300000000000000000e+02
7.480000000000000000e+02
9.780000000000000000e+02
9.260000000000000000e+02
7.710000000000000000e+02
7.230000000000000000e+02
6.520000000000000000e+02
8.590000000000000000e+02
7.770000000000000000e+02
8.890000000000000000e+02
7.410000000000000000e+02
5.620000000000000000e+02
8.610000000000000000e+02
8.030000000000000000e+02
7.720000000000000000e+02
1.022000000000000000e+03
8.610000000000000000e+02
7.250000000000000000e+02
1.289000000000000000e+03
8.540000000000000000e+02
6.830000000000000000e+02
6.600000000000000000e+02
7.300000000000000000e+02
1.238000000000000000e+03
1.013000000000000000e+03
7.050000000000000000e+02
7.420000000000000000e+02
7.360000000000000000e+02
6.890000000000000000e+02
7.620000000000000000e+02
1.135000000000000000e+03
1.103000000000000000e+03
7.100000000000000000e+02
6.130000000000000000e+02
1.130000000000000000e+03
6.320000000000000000e+02
6.330000000000000000e+02
8.570000000000000000e+02
6.470000000000000000e+02
1.210000000000000000e+03
7.850000000000000000e+02
6.190000000000000000e+02
7.320000000000000000e+02
7.100000000000000000e+02
1.207000000000000000e+03
7.700000000000000000e+02
6.690000000000000000e+02
6.490000000000000000e+02
7.990000000000000000e+02
9.670000000000000000e+02
7.110000000000000000e+02
6.170000000000000000e+02
7.030000000000000000e+02
1.078000000000000000e+03
6.270000000000000000e+02
8.610000000000000000e+02
8.190000000000000000e+02
5.940000000000000000e+02
6.840000000000000000e+02
7.220000000000000000e+02
7.000000000000000000e+02
6.130000000000000000e+02
1.021000000000000000e+03
6.860000000000000000e+02
1.041000000000000000e+03
6.060000000000000000e+02
8.270000000000000000e+02
6.430000000000000000e+02
7.810000000000000000e+02
9.820000000000000000e+02
7.250000000000000000e+02
8.080000000000000000e+02
9.150000000000000000e+02
1.455000000000000000e+03
1.055000000000000000e+03
8.160000000000000000e+02
7.700000000000000000e+02
1.115000000000000000e+03
6.750000000000000000e+02
6.850000000000000000e+02
7.160000000000000000e+02
6.880000000000000000e+02
9.120000000000000000e+02
1.278000000000000000e+03
8.560000000000000000e+02
8.230000000000000000e+02
1.175000000000000000e+03
1.111000000000000000e+03
8.730000000000000000e+02
1.197000000000000000e+03
8.510000000000000000e+02
7.140000000000000000e+02
7.040000000000000000e+02
8.230000000000000000e+02
9.010000000000000000e+02
6.600000000000000000e+02
6.840000000000000000e+02
7.770000000000000000e+02
8.660000000000000000e+02
7.950000000000000000e+02
1.494000000000000000e+03
5.720000000000000000e+02
8.700000000000000000e+02
8.140000000000000000e+02
7.080000000000000000e+02
6.690000000000000000e+02
6.620000000000000000e+02
9.010000000000000000e+02
6.520000000000000000e+02
9.320000000000000000e+02
9.610000000000000000e+02
6.320000000000000000e+02
1.018000000000000000e+03
1.042000000000000000e+03
1.004000000000000000e+03
1.045000000000000000e+03
6.390000000000000000e+02
6.320000000000000000e+02
9.730000000000000000e+02
7.260000000000000000e+02
9.610000000000000000e+02
6.950000000000000000e+02
7.500000000000000000e+02
5.960000000000000000e+02
8.060000000000000000e+02
5.670000000000000000e+02
9.610000000000000000e+02
6.590000000000000000e+02
6.110000000000000000e+02
7.300000000000000000e+02
1.119000000000000000e+03
7.910000000000000000e+02
6.640000000000000000e+02
6.330000000000000000e+02
1.366000000000000000e+03
8.450000000000000000e+02
5.680000000000000000e+02
7.960000000000000000e+02
7.000000000000000000e+02
8.190000000000000000e+02
6.700000000000000000e+02
7.040000000000000000e+02
8.660000000000000000e+02
7.440000000000000000e+02
9.790000000000000000e+02
1.122000000000000000e+03
9.490000000000000000e+02
1.044000000000000000e+03
5.620000000000000000e+02
6.530000000000000000e+02
6.900000000000000000e+02
6.080000000000000000e+02
7.090000000000000000e+02
6.320000000000000000e+02
7.640000000000000000e+02
7.050000000000000000e+02
8.200000000000000000e+02
8.100000000000000000e+02
8.270000000000000000e+02
7.410000000000000000e+02
8.310000000000000000e+02
8.280000000000000000e+02
1.160000000000000000e+03
6.910000000000000000e+02
9.460000000000000000e+02
1.051000000000000000e+03
5.810000000000000000e+02
8.840000000000000000e+02
8.820000000000000000e+02
6.290000000000000000e+02
9.410000000000000000e+02
7.380000000000000000e+02
1.249000000000000000e+03
7.780000000000000000e+02
6.440000000000000000e+02
8.810000000000000000e+02
9.870000000000000000e+02
7.630000000000000000e+02
6.860000000000000000e+02
7.440000000000000000e+02
1.460000000000000000e+03
6.170000000000000000e+02
1.591000000000000000e+03
6.160000000000000000e+02
7.400000000000000000e+02
7.280000000000000000e+02
1.094000000000000000e+03
5.860000000000000000e+02
6.540000000000000000e+02
7.790000000000000000e+02
5.790000000000000000e+02
6.640000000000000000e+02
1.076000000000000000e+03
8.040000000000000000e+02
7.650000000000000000e+02
6.290000000000000000e+02
8.890000000000000000e+02
7.800000000000000000e+02
9.230000000000000000e+02
1.033000000000000000e+03
6.630000000000000000e+02
5.910000000000000000e+02
6.090000000000000000e+02
1.005000000000000000e+03
8.080000000000000000e+02
1.221000000000000000e+03
1.073000000000000000e+03
9.030000000000000000e+02
7.240000000000000000e+02
6.760000000000000000e+02
7.810000000000000000e+02
1.205000000000000000e+03
6.620000000000000000e+02
6.990000000000000000e+02
1.008000000000000000e+03
8.510000000000000000e+02
6.420000000000000000e+02
8.400000000000000000e+02
9.600000000000000000e+02
1.076000000000000000e+03
1.189000000000000000e+03
8.390000000000000000e+02
7.410000000000000000e+02
9.120000000000000000e+02
1.049000000000000000e+03
5.470000000000000000e+02
1.226000000000000000e+03
8.180000000000000000e+02
1.494000000000000000e+03
8.160000000000000000e+02
7.600000000000000000e+02
9.560000000000000000e+02
7.800000000000000000e+02
1.174000000000000000e+03
7.060000000000000000e+02
1.048000000000000000e+03
7.000000000000000000e+02
7.640000000000000000e+02
8.210000000000000000e+02
1.213000000000000000e+03
6.320000000000000000e+02
7.910000000000000000e+02
7.750000000000000000e+02
7.970000000000000000e+02
7.730000000000000000e+02
1.031000000000000000e+03
6.910000000000000000e+02
1.063000000000000000e+03
8.210000000000000000e+02
6.830000000000000000e+02
8.410000000000000000e+02
8.090000000000000000e+02
6.890000000000000000e+02
1.594000000000000000e+03
1.046000000000000000e+03
7.300000000000000000e+02
6.760000000000000000e+02
1.138000000000000000e+03
8.090000000000000000e+02
6.980000000000000000e+02
1.497000000000000000e+03
9.970000000000000000e+02
7.470000000000000000e+02
6.270000000000000000e+02
7.500000000000000000e+02
1.067000000000000000e+03
1.785000000000000000e+03
6.540000000000000000e+02
6.330000000000000000e+02
7.740000000000000000e+02
7.960000000000000000e+02
8.190000000000000000e+02
9.220000000000000000e+02
1.000000000000000000e+03
6.380000000000000000e+02
6.000000000000000000e+02
1.019000000000000000e+03
7.000000000000000000e+02
9.950000000000000000e+02
7.340000000000000000e+02
8.140000000000000000e+02
9.860000000000000000e+02
9.260000000000000000e+02
1.028000000000000000e+03
6.650000000000000000e+02
9.120000000000000000e+02
8.320000000000000000e+02
8.770000000000000000e+02
6.900000000000000000e+02
8.540000000000000000e+02
9.400000000000000000e+02
7.560000000000000000e+02
6.340000000000000000e+02
1.152000000000000000e+03
7.070000000000000000e+02
7.900000000000000000e+02
7.850000000000000000e+02
8.580000000000000000e+02
8.680000000000000000e+02
8.380000000000000000e+02
8.610000000000000000e+02
7.930000000000000000e+02
7.340000000000000000e+02
5.780000000000000000e+02
8.200000000000000000e+02
6.550000000000000000e+02
1.179000000000000000e+03
1.063000000000000000e+03
5.750000000000000000e+02
6.410000000000000000e+02
8.380000000000000000e+02
6.840000000000000000e+02
1.200000000000000000e+03
7.960000000000000000e+02
6.940000000000000000e+02
8.450000000000000000e+02
9.080000000000000000e+02
9.670000000000000000e+02
9.380000000000000000e+02
7.740000000000000000e+02
7.530000000000000000e+02
7.030000000000000000e+02
9.110000000000000000e+02
8.060000000000000000e+02
7.250000000000000000e+02
5.810000000000000000e+02
6.930000000000000000e+02
9.110000000000000000e+02
7.120000000000000000e+02
5.560000000000000000e+02
9.210000000000000000e+02
7.960000000000000000e+02
9.040000000000000000e+02
7.900000000000000000e+02
8.330000000000000000e+02
6.760000000000000000e+02
2.098000000000000000e+03
5.190000000000000000e+02
5.940000000000000000e+02
1.147000000000000000e+03
8.700000000000000000e+02
8.250000000000000000e+02
7.650000000000000000e+02
8.420000000000000000e+02
7.920000000000000000e+02
7.890000000000000000e+02
8.550000000000000000e+02
1.117000000000000000e+03
6.300000000000000000e+02
6.970000000000000000e+02
6.710000000000000000e+02
8.320000000000000000e+02
8.080000000000000000e+02
6.530000000000000000e+02
6.870000000000000000e+02
7.080000000000000000e+02
7.950000000000000000e+02
6.220000000000000000e+02
7.860000000000000000e+02
6.590000000000000000e+02
8.360000000000000000e+02
1.018000000000000000e+03
6.110000000000000000e+02
6.650000000000000000e+02
1.264000000000000000e+03
7.070000000000000000e+02
9.070000000000000000e+02
1.137000000000000000e+03
7.600000000000000000e+02
7.270000000000000000e+02
7.950000000000000000e+02
1.022000000000000000e+03
9.670000000000000000e+02
9.350000000000000000e+02
7.410000000000000000e+02
7.750000000000000000e+02
7.490000000000000000e+02
7.950000000000000000e+02
7.020000000000000000e+02
8.970000000000000000e+02
6.750000000000000000e+02
8.730000000000000000e+02
7.250000000000000000e+02
6.750000000000000000e+02
1.345000000000000000e+03
7.580000000000000000e+02
6.760000000000000000e+02
9.390000000000000000e+02
7.920000000000000000e+02
9.980000000000000000e+02
1.012000000000000000e+03
8.150000000000000000e+02
1.002000000000000000e+03
8.020000000000000000e+02
1.581000000000000000e+03
1.002000000000000000e+03
6.750000000000000000e+02
8.230000000000000000e+02
7.320000000000000000e+02
