-7.073509249091148199e+00
-7.073842468857764132e+00
-7.073592361807823359e+00
-7.075133275985718839e+00
-7.073639678955077947e+00
-7.074573388695715614e+00
-7.074559813737868907e+00
-7.073889759182930170e+00
-7.073280614614486872e+00
-7.073355427384376171e+00
-7.073670262098312733e+00
-7.070413741469383950e+00
-7.074098709225654424e+00
-7.073217490315436784e+00
-7.073506042361260349e+00
-7.070784944295883889e+00
-7.073328113555908736e+00
-7.073533987998962935e+00
-2.603164964914321811e+00
-7.073744991421698991e+00
-7.073831653594971236e+00
-7.072690781950950800e+00
-7.071948397159575350e+00
-7.073406958580017445e+00
-7.071298217773438033e+00
-7.073939228057861683e+00
-7.072790575027465110e+00
-7.072050791978835349e+00
-7.074300390481949030e+00
-7.072847962379455566e+00
-7.070102182030677085e+00
-7.071374097466469166e+00
-7.074472105503081920e+00
-7.075265422463417053e+00
-7.070089754462241416e+00
-7.074054974317550482e+00
-7.075199803709984359e+00
-7.074093219637871854e+00
-7.073604255914688110e+00
-7.073383358120919340e+00
-7.074129694700241444e+00
-7.073520109057426453e+00
-7.074032428860663302e+00
-7.074378672242164434e+00
-7.073891302943229320e+00
-7.072234469652175726e+00
-7.073828122019767406e+00
-7.071962454915047047e+00
-7.072604748606683422e+00
-7.073783433437347057e+00
-7.073725870251656112e+00
-2.443883396685123000e+00
-7.070095312595367609e+00
-7.070136272907257435e+00
-7.074954697489738820e+00
-2.589740285649895224e+00
-7.073638391494751154e+00
-2.603208751976489932e+00
-7.074026849865913569e+00
-7.073761269450186795e+00
-7.073814034461975986e+00
-7.074091711640358326e+00
-7.070094105601310019e+00
-7.074015974998474121e+00
-7.073060008883476968e+00
-7.074113416671752752e+00
-7.069748461246491367e+00
-7.070155510306358693e+00
-7.072336354851723961e+00
-7.073165369033814542e+00
-7.073557788133620683e+00
-7.073637887835502625e+00
-7.073860317468642300e+00
-7.070417356491088157e+00
-7.073777791857719599e+00
-7.069728943705558599e+00
-7.073729208111762645e+00
-7.074957215785979692e+00
-7.071740117669104819e+00
-7.070230072736738869e+00
-7.073985967040060885e+00
-7.073339208960533142e+00
-7.073322746157646002e+00
-7.074952664971352334e+00
-7.074046102166176020e+00
-7.074083012342452292e+00
-7.073766860365868325e+00
-7.072475817799568354e+00
-7.073954603075980785e+00
-7.072650605440139238e+00
-7.073958772420883001e+00
-7.072285673022270736e+00
-7.072515138983725969e+00
-7.073602187633514227e+00
-7.075477337837218883e+00
-7.073982328176498413e+00
-7.073927053809164534e+00
-7.073818662762644038e+00
-7.074029567837714971e+00
-7.075321924686431174e+00
-2.500475205853581961e+00
-7.070045149326324108e+00
-7.074019688367845227e+00
-7.072581961750984192e+00
-7.069134506583214517e+00
-7.073713421821595126e+00
-2.353454411029815230e+00
-7.073918581008910245e+00
-7.073972833156584983e+00
-7.074131166934967574e+00
-7.073432320356368486e+00
-7.072671398520469666e+00
-7.072045075893401922e+00
-7.073913031816482899e+00
-7.072095555067062556e+00
-7.073865988850592146e+00
-7.070619890093802873e+00
-7.073522022366524276e+00
-7.073940703272818986e+00
-7.074092817306519621e+00
-7.073087674379349821e+00
-7.072272434830666477e+00
-7.073822325468062999e+00
-7.072475796937941261e+00
-7.074083489179611384e+00
-7.074155899882315524e+00
-7.074000304937362316e+00
-7.071638265252113698e+00
-7.073558980226517967e+00
-7.074043476581572953e+00
-7.073702523112296525e+00
-7.073619472980499090e+00
-7.074393203854560497e+00
-7.073475533723831532e+00
-7.070157924294471208e+00
-7.073467198014259161e+00
-7.073981869220732577e+00
-7.073525440692901789e+00
-7.073942574858665289e+00
-7.074475708603858770e+00
-7.072308683395386097e+00
-7.073802524805068437e+00
-7.073897096514701666e+00
-7.074096906185149969e+00
-7.070168980956077043e+00
-7.074052140116692478e+00
-7.073963749408719970e+00
-1.956762413494288921e+00
-7.074946534633635764e+00
-7.074057504534721375e+00
-7.073903480172157643e+00
-7.069921946525572487e+00
-7.072659432888030118e+00
-7.069704219698905945e+00
-7.074779415130614701e+00
-7.070220598578452531e+00
-7.073761641979217529e+00
-7.073357734084129156e+00
-2.345798490941524594e+00
-7.073167863488198037e+00
-7.073670732975005926e+00
-7.070483309030533015e+00
-7.073969566822051469e+00
-2.838800612092017950e+00
-7.073087450861931913e+00
-7.070105895400048190e+00
-2.354052260518074036e+00
-7.074584972858429133e+00
-7.074479746818542303e+00
-2.603189902007579715e+00
-7.072362661361694336e+00
-7.070839387178421198e+00
-7.069857922196388422e+00
-7.073854696750641047e+00
-7.074747657775878551e+00
-7.073182687163352966e+00
-7.073039200901985346e+00
-7.074131250381469727e+00
-7.072941857576370062e+00
-7.070347511768343196e+00
-7.073800045251847024e+00
-7.073789170384406688e+00
-2.589724151790142592e+00
-7.072782590985298157e+00
-7.073110717535019631e+00
-7.074817061424256259e+00
-7.073709496855736134e+00
-7.071729424595832647e+00
-7.074022561311720025e+00
-7.073927587270738115e+00
-7.070918104052543285e+00
-7.074036228656767733e+00
-7.073651763796806158e+00
-7.073378753662109553e+00
-7.073613250255584184e+00
-7.070671862363816729e+00
-7.073751187324523571e+00
-7.070105174183844987e+00
-7.073024258017539978e+00
-7.073534122109412792e+00
-7.073266202211379472e+00
-7.073370987176895497e+00
-7.074148705601692733e+00
-7.074781507253647739e+00
-7.074412053823471602e+00
-7.073577871918677928e+00
-7.074077540636062089e+00
-7.073954063653945745e+00
-7.069874912500380582e+00
-7.074013406038284657e+00
-7.072874334454536616e+00
-7.073409441113471807e+00
-7.073789870738981911e+00
-7.074001333117484691e+00
-7.073999089002609431e+00
-7.072470971941948292e+00
-7.072299817204474870e+00
-7.070309007167815629e+00
-7.071065735816956632e+00
-7.070057633519172491e+00
-7.070071437954902116e+00
-7.071686041355133234e+00
-7.074576920270919445e+00
-7.072502028942106556e+00
-7.073310753703117904e+00
-7.073258200287817488e+00
-7.074274516105651500e+00
-7.070155569911003468e+00
-7.073378482460976002e+00
-7.074058017134666088e+00
-2.345805276185275012e+00
-7.073747968673706588e+00
-7.073952972888946533e+00
-7.074729996919631780e+00
-7.073872214555740889e+00
-7.071560767292976557e+00
-7.072185802459717507e+00
-7.074172511696815491e+00
-7.073805895447730308e+00
-7.074000841379165294e+00
-7.074012970924377974e+00
-7.073974174261093317e+00
-7.073903533816337408e+00
-7.073887079954147339e+00
-3.345147769525647519e+00
-7.073891091346742321e+00
-7.075158682465555238e+00
-7.071989899873734053e+00
-7.070891422033311002e+00
-7.073187646269798456e+00
-7.073573806881903181e+00
-7.073242342472076949e+00
-7.071746620535850347e+00
-7.073826709389686052e+00
-7.072118836641311468e+00
-7.071902310848235729e+00
-7.074040040373802185e+00
-7.074375388026237665e+00
-2.603197766840458005e+00
-7.072055920958518982e+00
-7.070164838433266041e+00
-7.073402997851372831e+00
-7.071638533473015187e+00
-7.073752897977828802e+00
-7.073902550339698614e+00
-7.073825362324714483e+00
-7.072675165534020536e+00
-7.073840481042861228e+00
-7.074160018563269148e+00
-7.073527371883393755e+00
-2.465461367368698031e+00
-7.073984983563422979e+00
-7.071519622206688283e+00
-7.074020189046859031e+00
-7.074093335866928456e+00
-7.073514974117278697e+00
-7.074031963944433343e+00
-7.070291772484778470e+00
-7.073703506588935319e+00
-7.075049901008606312e+00
-7.073510411381720431e+00
-7.073772528767586110e+00
-2.729150093719362680e+00
-7.073524850606918157e+00
-7.073242461681365612e+00
-7.075186592340469538e+00
-7.073069325089455184e+00
-7.073567247390746715e+00
-7.073969614505768888e+00
-7.071529564261436640e+00
-7.070099088549614663e+00
-7.073457908630371271e+00
-7.075258275866509905e+00
-7.070512938499450506e+00
-7.074003994464874268e+00
-7.069928950071335372e+00
-7.073302480578422369e+00
-7.073395270109176458e+00
-7.070356908440589727e+00
-7.069873696565627696e+00
-7.073600599169731495e+00
-7.073918914794922408e+00
-7.073466202616691234e+00
-7.074832928180694758e+00
-7.073272046446802186e+00
-7.072442892193794073e+00
-7.072802081704139709e+00
-7.073866996169090093e+00
-7.072036409378051225e+00
-7.073624482750893172e+00
-2.512243118137121201e+00
-7.073788660764694036e+00
-7.074120372533799994e+00
-2.729086632654071032e+00
-7.073717975616455433e+00
-7.074139302968977638e+00
-7.073879611492158048e+00
-7.074245902895928140e+00
-7.071390160918235246e+00
-7.072553974390029197e+00
-7.074059358239173534e+00
-7.073934093117713928e+00
-7.073286274075508473e+00
-7.070084768533707376e+00
-7.072262665629387435e+00
-7.073731526732445651e+00
-7.072549119591713840e+00
-7.073886504769325789e+00
-7.070956432819366810e+00
-7.070505407452583491e+00
-7.070105457305908558e+00
-7.073481473326683755e+00
-7.070104727149008284e+00
-7.074118974804878057e+00
-7.071025148034094876e+00
-7.073519942164421259e+00
-7.072450456023215537e+00
-7.073405182361602428e+00
-7.073116835951805292e+00
-7.073805874586104991e+00
-7.073769605159760054e+00
-7.072651427984236960e+00
-7.073851245641708196e+00
-7.073255461454390769e+00
-7.070727288722991943e+00
-7.070747661590575106e+00
-7.072960421442984646e+00
-7.075311440229414828e+00
-7.070148664712905706e+00
-7.074106666445731939e+00
-7.073324772715568365e+00
-7.073396998643874056e+00
-7.072949925065040055e+00
-7.074089199304581577e+00
-7.072888237237929587e+00
-7.073809188604354148e+00
-7.072549271583556063e+00
-7.070357343554495522e+00
-7.073895058035850170e+00
-7.073880329728125638e+00
-7.070611464977265115e+00
-7.070250287652015686e+00
-7.069709482789039434e+00
-7.073909592628479182e+00
-7.073974737524987511e+00
-7.073717895150185342e+00
-7.073674041032790960e+00
-7.073860406875611240e+00
-7.073730263113975347e+00
-7.072962602972983959e+00
-7.073382383584975841e+00
-7.074091252684592490e+00
-7.073842740058898571e+00
-7.074061104655266163e+00
-7.072437861561775563e+00
-7.070085343718528037e+00
-7.074075850844383062e+00
-7.073418599367141013e+00
-7.073276686668394930e+00
-7.073626667261124545e+00
-7.074345675110817133e+00
-7.074155515432358321e+00
-7.074033164978026811e+00
-7.072686940431594849e+00
-7.073106771707534435e+00
-7.074146112799645003e+00
-7.074533271789551492e+00
-7.074024298787116471e+00
-7.073152354359626415e+00
-7.073567169904708685e+00
-7.073596981167793452e+00
-7.070055642724037526e+00
-7.073930063843727467e+00
-7.071122518181799599e+00
-7.070255628228187206e+00
-7.074055093526840032e+00
-7.073890265822409873e+00
-7.073841410875320257e+00
-7.072966757416724981e+00
-7.072928911447525557e+00
-7.070674270391464233e+00
-7.074152433872223256e+00
-7.072421771287919157e+00
-7.074793362617493031e+00
-7.073697906732558494e+00
-7.072960188984870555e+00
-7.072160282731054792e+00
-7.074749860167502291e+00
-7.073867046833038685e+00
-7.070844554901122514e+00
-7.073216584324836909e+00
-7.071078982949256186e+00
-7.074946522712706631e+00
-7.069968044757843018e+00
-7.074335077404975358e+00
-7.074428221583366039e+00
-7.074017855525015719e+00
-7.070083066821098328e+00
-7.072494983673095703e+00
-7.074078816175460638e+00
-7.073702573776245117e+00
-7.073199990391731085e+00
-7.074001264572142844e+00
-7.069791641831399076e+00
-7.073497954010962374e+00
-7.073964858055115101e+00
-7.074139425158500138e+00
-7.070341250300407054e+00
-7.072882065176963273e+00
-7.072572472691535772e+00
-7.070141172409059038e+00
-7.069061419367790755e+00
-7.073296356201171697e+00
-7.072427290678025891e+00
-7.074018141627312239e+00
-7.074902144074440180e+00
-7.074285161495208918e+00
-7.072803854942321777e+00
-7.073040655255317333e+00
-2.729116839542985229e+00
-7.074104925990104320e+00
-7.073772335052488813e+00
-7.073730328679085133e+00
-7.074512720108031338e+00
-2.603128281980753300e+00
-7.074684751033782248e+00
-7.073840585350989585e+00
-7.073841986060141807e+00
-7.070063850283622386e+00
-7.073768728971479902e+00
-7.075029078125952609e+00
-7.070108291506767451e+00
-7.073707249760627036e+00
-7.073894733190535966e+00
-7.072623795270919445e+00
-7.073871767520905074e+00
-7.074052441120146639e+00
-7.073230835795403237e+00
-7.070409768819808427e+00
-7.072843629121780218e+00
-7.073775005340575461e+00
-7.073443043231963934e+00
-7.070121577382086464e+00
-7.070105469226837691e+00
-7.074015823006629233e+00
-7.070534825325013095e+00
-7.073576813936233165e+00
-7.073195376992225114e+00
-7.074987736344337641e+00
-7.073637619614602023e+00
-7.073883867263793590e+00
-7.069947123527526855e+00
-7.073354354500771102e+00
-7.073772051930427907e+00
-7.070321258902548145e+00
-7.073157528042792741e+00
-7.071014997363090693e+00
-7.074014413356779940e+00
-7.074080881476402460e+00
-7.070724397897720337e+00
-7.073727843165397822e+00
-7.073986184597014670e+00
-7.069907864928246077e+00
-2.838778454065323142e+00
-7.073895964026451821e+00
-7.070777058601379395e+00
-7.074805536866188405e+00
-7.072847995162010015e+00
-7.070025163888931097e+00
-7.070029082894324191e+00
-7.072448131442069297e+00
-7.073766198754310786e+00
-7.073549178242684476e+00
-7.074808928370476480e+00
-7.070134741067885642e+00
-2.465465091168880019e+00
-7.073777601122856140e+00
-7.074647924304009017e+00
-7.073879459500313160e+00
-7.073851713538169328e+00
-7.073931837081909535e+00
-7.073899006843567427e+00
-7.073916280269622270e+00
-7.072182184457779464e+00
-7.073358628153800787e+00
-7.073961526155471802e+00
-7.073077419400214616e+00
-7.073725247383116255e+00
-7.070000132918357494e+00
-7.074006170034409458e+00
-7.073676267266272077e+00
-7.073719939589499184e+00
-7.073089906573295060e+00
-7.073823460936546681e+00
-7.070473608374594932e+00
-7.073420867323876315e+00
-7.071925026178360163e+00
-7.072530269622802734e+00
-7.074643459916114985e+00
-7.074564284086227950e+00
-7.074069258570672147e+00
-7.073476135730742520e+00
-7.073721697926521834e+00
-7.073613932728767040e+00
-7.073433116078377658e+00
-7.074588945508002880e+00
-7.073321071267126392e+00
-7.070780244469642817e+00
-7.069965225458145319e+00
-7.070100271701812211e+00
-7.069969892501831055e+00
-7.073908707499503734e+00
-7.070178183913232495e+00
-7.072815772891043906e+00
-7.073230305314065269e+00
-1.956732661463320255e+00
-7.071323758363723400e+00
-7.074818256497382052e+00
-7.069913655519484585e+00
-7.073364436626434326e+00
-7.070043456554413019e+00
-7.074089100956916454e+00
-7.073814153671265537e+00
-7.073484817147255299e+00
-7.071037432551382729e+00
-7.071918126940727412e+00
-7.070078459382058256e+00
-7.073854446411132812e+00
-7.073989233374596175e+00
-7.072836756706238681e+00
-7.072175127267837702e+00
-7.071061301231384100e+00
-7.073540419340133667e+00
-7.072363358736038386e+00
-7.073340439796448109e+00
-7.074113357067107977e+00
-7.073728489875793279e+00
-3.345252414792775575e+00
-7.074007317423819607e+00
-7.072494974732398632e+00
-7.074126130342483165e+00
-7.074463662505150907e+00
-7.073652184009552535e+00
-7.073652452230453136e+00
-7.073945218324661610e+00
-7.073833358287811457e+00
-7.073568722605706682e+00
-7.072010773420333685e+00
-7.073893555998802540e+00
-7.070074942708015620e+00
-7.070059674978257824e+00
-7.073968738317488736e+00
-7.074053820967674433e+00
-7.073658320307731451e+00
-7.073888996243477223e+00
-7.073792675137519304e+00
-7.073353067040444309e+00
-7.074037003517149813e+00
-7.073955607414245783e+00
-7.072906985878943509e+00
-7.071990725398063837e+00
-7.074010464549063570e+00
-7.069835537672042314e+00
-7.074870094656944275e+00
-7.073385193943977356e+00
-7.074057447910308660e+00
-7.072161591053007790e+00
-7.072878915071488137e+00
-7.074135440587997259e+00
-7.072891238331794561e+00
-2.443901283293962390e+00
-7.075487515330315169e+00
-7.070156958699225669e+00
-7.069867566227912903e+00
-3.345285636186599909e+00
-7.073491042852401378e+00
-7.070716097950934476e+00
-7.072113305330277377e+00
-7.073775553703307573e+00
-7.073899263143538896e+00
-7.074065572023390480e+00
-7.073667699098586503e+00
-7.073972317576407320e+00
-7.071583962440491256e+00
-7.074980306625366033e+00
-7.071165224909781166e+00
-7.073741626739502131e+00
-7.073501944541930264e+00
-7.075078952312469305e+00
-7.073931092023848066e+00
-7.073343032598495839e+00
-2.465431622415781732e+00
-7.074027031660080844e+00
-7.072712248563766124e+00
-7.073570492863656689e+00
-7.072674602270127231e+00
-7.072170427441596630e+00
-7.073277294635772705e+00
-7.073896530270576299e+00
-7.074372702836992488e+00
-7.074898222088814137e+00
-7.074094066023826954e+00
-7.073965299129485906e+00
-7.072139063477517418e+00
-7.073099750280379183e+00
-7.075180354714393438e+00
-7.073993557691575340e+00
-7.069411998987197521e+00
-7.072465687990187710e+00
-2.603189016878605155e+00
-7.073175415396690369e+00
-7.074787020683288574e+00
-7.072733420133590521e+00
-2.465441832691431134e+00
-7.074012026190756863e+00
-7.074941182136536000e+00
-7.074057540297506996e+00
-7.070853561162948608e+00
-7.074116602540015286e+00
-7.073803526163101374e+00
-7.074505469202995833e+00
-7.071915161609649836e+00
-7.072819796204567133e+00
-7.072951865196227317e+00
-7.075222104787826538e+00
-7.072940260171892035e+00
-7.073942047357560270e+00
-2.603155982494354426e+00
-2.443883700668811887e+00
-7.073462352156639099e+00
-7.072724211215972723e+00
-7.074103379249572221e+00
-7.073742949962616322e+00
-7.073444229364395319e+00
-7.073397189378738403e+00
-7.071795952320098166e+00
-7.073899662494660845e+00
-7.074049952626229931e+00
-7.073873373866081060e+00
-7.074025204777718123e+00
-7.073581477999686840e+00
-7.070266145467758001e+00
-7.073774331808090565e+00
-7.074799501895905784e+00
-7.072684639692305986e+00
-7.073032292723655523e+00
-7.073966348171234486e+00
-7.070325264334677229e+00
-7.074128854274750466e+00
-7.072817420959472301e+00
-2.384519828110933215e+00
-7.075154873728751070e+00
-7.074002787470817566e+00
-7.073433899879455922e+00
-7.070206633210182723e+00
-7.070610240101814270e+00
-7.070223757624627403e+00
-7.068892681598663685e+00
-7.074101918935776112e+00
-7.070041573047638472e+00
-7.073887398838997420e+00
-7.072002115845680947e+00
-7.072255873680114213e+00
-7.071331369876861395e+00
-7.071259367465972723e+00
-7.073918822407722296e+00
-7.073815473914145890e+00
-7.074141442775727207e+00
-7.071789526939393333e+00
-7.073927029967308044e+00
-7.073842319846153082e+00
-7.073730611801146928e+00
-7.074872651696203718e+00
-7.072765311598779192e+00
-7.074307668209075750e+00
-7.072034704685211892e+00
-7.074062725901603343e+00
-7.074807167053221768e+00
-7.071852281689643860e+00
-7.072756314277649281e+00
-7.069908460974692943e+00
-7.073640754818915966e+00
-7.066006946563720525e+00
-7.074077290296554743e+00
-7.074571534991265231e+00
-7.072657358646393888e+00
-7.073504829406737748e+00
-7.073018160462379633e+00
-7.073377737402915422e+00
-7.070101791620253984e+00
-7.070272773504257202e+00
-7.074778044223785756e+00
-7.073572716116904857e+00
-7.072248199582099382e+00
-7.073027127981185380e+00
-7.070011487603188982e+00
-7.073856708407401328e+00
-7.072776657342910056e+00
-7.073517709970473355e+00
-7.069359070062636974e+00
-7.073801350593567072e+00
-7.073702272772790067e+00
-7.071861961483954850e+00
-7.074667096138002265e+00
-7.072690081596374689e+00
-7.072790062427520397e+00
-7.073643779754638317e+00
-7.072084265947342629e+00
-7.073907172679901656e+00
-2.603157527744770494e+00
-7.073947042226791382e+00
-7.074096873402595520e+00
-7.073307245969772339e+00
-3.345285323262214394e+00
-7.072271227836609775e+00
-7.073661044239998752e+00
-7.072760787606239496e+00
-7.072844928503037920e+00
-7.074486413598060963e+00
-7.073447799682617720e+00
-2.589742433279752287e+00
-2.352416036278010214e+00
-7.073805969953538053e+00
-7.073291093111038208e+00
-7.069178074598310602e+00
-7.073897445201874135e+00
-7.073980033397674561e+00
-7.073446720838547641e+00
-7.073864337801933466e+00
-7.070071396231649707e+00
-7.074141290783880542e+00
-7.071343496441842014e+00
-7.073507082462311857e+00
-7.070136103034020181e+00
-7.073553898930549089e+00
-7.071621495485305608e+00
-7.074649381637573065e+00
-7.073251011967657931e+00
-7.074901875853538691e+00
-7.071637517213821944e+00
-7.072325438261032993e+00
-7.067912375926971080e+00
-7.073557582497596030e+00
-7.073770144581794206e+00
-7.071648281812668024e+00
-7.074030745029450173e+00
-7.073786860704421642e+00
-7.073901808261870983e+00
-7.072617885470390497e+00
-7.073330739140510026e+00
-2.603172476589679540e+00
-7.073976066708564936e+00
-7.073529276251791842e+00
-7.073862448334693021e+00
-7.073982796072960433e+00
-7.071523252129555459e+00
-7.073756310343743081e+00
-7.071574640274048029e+00
-7.074097764492035090e+00
-7.072977223992348073e+00
-7.073667463660239463e+00
-7.073685199022293091e+00
-7.069703483581542436e+00
-7.073910197615624007e+00
-7.072706460952759677e+00
-7.074958822131156566e+00
-7.073999521136284940e+00
-7.075445732474325844e+00
-7.074076175689697266e+00
-7.073995450139046959e+00
-7.073935914039610751e+00
-7.073670762777330090e+00
-7.073575848340987626e+00
-7.073838293552399570e+00
-7.073731487989426192e+00
-7.071943998336792880e+00
-7.070815172791480308e+00
-7.075164285302161460e+00
-7.073739317059517973e+00
-7.069994887709616371e+00
