-1.153926208615303040e+01
-1.198754480481147766e+01
-1.144017909467220306e+01
-1.150694018602371216e+01
-1.146847745776176453e+01
-1.083378057181835175e+01
-1.232856377959251404e+01
-1.232593443989753723e+01
-1.189755374193191528e+01
-1.214073288440704346e+01
-1.124324490129947662e+01
-1.203987163305282593e+01
-1.169984272122383118e+01
-1.163914363086223602e+01
-1.206784132122993469e+01
-1.226835402846336365e+01
-1.109417381882667542e+01
-1.166237664222717285e+01
-1.193171203136444092e+01
-1.077059556543827057e+01
-1.203015753626823425e+01
-1.213024899363517761e+01
-1.099305264651775360e+01
-1.047727443277835846e+01
-1.227868279814720154e+01
-1.188921707868576050e+01
-1.144521009922027588e+01
-1.080578455328941345e+01
-1.174215781688690186e+01
-1.163521265983581543e+01
-1.174433086812496185e+01
-1.166949270665645599e+01
-1.141905586421489716e+01
-1.040312498807907104e+01
-1.191560152173042297e+01
-1.230632317066192627e+01
-1.118285402655601501e+01
-1.193052873015403748e+01
-1.174660453200340271e+01
-1.229995679855346680e+01
-1.125400829315185547e+01
-1.228915409743785858e+01
-1.178539295494556427e+01
-1.152957116067409515e+01
-1.176151853799819946e+01
-1.114571231603622437e+01
-1.230228579044342041e+01
-1.202691809833049774e+01
-1.219793784618377686e+01
-1.120269028842449188e+01
-1.079860259592533112e+01
-1.179054403305053711e+01
-1.132453408837318420e+01
-1.230120712518692017e+01
-9.876915931701660156e+00
-1.124005691707134247e+01
-1.129149563610553741e+01
-9.778237462043762207e+00
-1.193902158737182617e+01
-1.216541782021522522e+01
-1.085989286005496979e+01
-1.057758224010467529e+01
-1.161173743009567261e+01
-1.215372195839881897e+01
-9.572563335299491882e+00
-1.230895435810089111e+01
-1.210844907164573669e+01
-1.231845185160636902e+01
-1.192247280478477478e+01
-1.153252878785133362e+01
-1.155148054659366608e+01
-1.139494919776916504e+01
-1.169098448753356934e+01
-1.197967132925987244e+01
-1.026716896891593933e+01
-1.221961268782615662e+01
-1.172609740495681763e+01
-1.049111640453338623e+01
-1.162138360738754272e+01
-1.233327546715736389e+01
-1.042431631684303284e+01
-1.044843454658985138e+01
-1.193480096757411957e+01
-1.230275832116603851e+01
-1.137584097683429718e+01
-9.568017929792404175e+00
-1.214672541618347168e+01
-1.101679478585720062e+01
-1.230401770770549774e+01
-1.105955722928047180e+01
-1.214913001656532288e+01
-1.219684976339340210e+01
-1.111168479919433594e+01
-1.110349527001380920e+01
-1.033822743594646454e+01
-7.564320117235183716e+00
-1.152988573908805847e+01
-1.170098727941513062e+01
-1.130405157804489136e+01
-1.054452998936176300e+01
-1.151602426171302795e+01
-1.139133027195930481e+01
-1.174951598048210144e+01
-1.156188039481639862e+01
-1.199143368005752563e+01
-1.223359256982803345e+01
-1.179420349001884460e+01
-1.178782413899898529e+01
-1.138319803774356842e+01
-1.145167765021324158e+01
-1.165022537112236023e+01
-1.142503562569618225e+01
-1.138819526135921478e+01
-1.143719434738159180e+01
-1.123366929590702057e+01
-1.195814457535743713e+01
-1.121021911501884460e+01
-1.117026896774768829e+01
-1.164434488117694855e+01
-1.215206170082092285e+01
-1.107983236014842987e+01
-1.210624168813228607e+01
-1.063735981285572052e+01
-1.049421253800392151e+01
-1.034328022599220276e+01
-1.231303760409355164e+01
-1.230927678942680359e+01
-1.231459721922874451e+01
-1.234286388754844666e+01
-1.151375322043895721e+01
-1.215908357501029968e+01
-1.089723345637321472e+01
-1.062103968858718872e+01
-1.148516361415386200e+01
-1.099855765700340271e+01
-1.108844566345214844e+01
-1.120425206422805786e+01
-1.142625793814659119e+01
-1.127341575920581818e+01
-1.198655824363231659e+01
-1.106501215696334839e+01
-1.169568337500095367e+01
-1.232872301340103149e+01
-1.154335722327232361e+01
-1.143721900880336761e+01
-1.178024405241012573e+01
-1.090754404664039612e+01
-1.080347763001918793e+01
-1.233655983209609985e+01
-1.207378682494163513e+01
-1.206938400864601135e+01
-1.103462629020214081e+01
-1.172358760237693787e+01
-1.126342988014221191e+01
-1.178179392218589783e+01
-1.161514623463153839e+01
-1.187500017881393433e+01
-1.125697813928127289e+01
-1.201746988296508789e+01
-1.186370372772216797e+01
-1.114187589287757874e+01
-1.190021505951881409e+01
-1.095771849155426025e+01
-1.081039750576019287e+01
-1.200294026732444763e+01
-1.120996423065662384e+01
-1.169118413329124451e+01
-1.232765340805053711e+01
-1.133888950943946838e+01
-1.164767286181449890e+01
-9.619860529899597168e+00
-1.049852578341960907e+01
-1.131345875561237335e+01
-1.095010705292224884e+01
-1.196523834764957428e+01
-1.202175363898277283e+01
-1.086244595050811768e+01
-1.118976268172264099e+01
-1.231226724386215210e+01
-1.213210669159889221e+01
-1.177514645457267761e+01
-1.190532708168029785e+01
-1.175236201286315918e+01
-1.188441373407840729e+01
-1.064555281400680542e+01
-1.147217622399330139e+01
-1.157780984044075012e+01
-1.095112881064414978e+01
-1.164917168021202087e+01
-1.208633294701576233e+01
-1.222559246420860291e+01
-1.189613783359527588e+01
-1.189729118347167969e+01
-1.096521660685539246e+01
-1.233705174922943115e+01
-1.144554561376571655e+01
-1.158468216657638550e+01
-1.230782768130302429e+01
-1.157195997238159180e+01
-1.126198023557662964e+01
-1.180888593196868896e+01
-1.103533333539962769e+01
-1.226231494545936584e+01
-1.191745728254318237e+01
-1.148590967059135437e+01
-1.230373440682888031e+01
-1.141162413358688354e+01
-1.112139280140399933e+01
-1.126862803101539612e+01
-1.090671488642692566e+01
-1.086708551645278931e+01
-1.176526699960231781e+01
-1.158699855208396912e+01
-1.143529528379440308e+01
-1.230497202277183533e+01
-1.067418313026428223e+01
-1.230828496813774109e+01
-1.156614702939987183e+01
-1.118318223953247070e+01
-1.127234503626823425e+01
-1.233343270421028137e+01
-1.166474387049674988e+01
-1.147931247949600220e+01
-1.108415429294109344e+01
-1.140138842165470123e+01
-1.223056232929229736e+01
-1.083343225717544556e+01
-1.030954910814762115e+01
-1.102499085664749146e+01
-1.137820896506309509e+01
-1.088306342065334320e+01
-1.230987006425857544e+01
-1.202240094542503357e+01
-1.124453678727149963e+01
-1.219502256810665131e+01
-1.114221450686454773e+01
-1.007353100180625916e+01
-1.199643853306770325e+01
-1.025078949332237244e+01
-1.183831521868705750e+01
-1.166823466122150421e+01
-1.076659657061100006e+01
-1.203875079751014709e+01
-1.126594807207584381e+01
-1.178595526516437531e+01
-1.186108222603797913e+01
-1.178086628019809723e+01
-1.098428991436958313e+01
-1.200350689888000488e+01
-1.109702542424201965e+01
-1.090721589326858521e+01
-1.069632464647293091e+01
-1.187985028326511383e+01
-1.191344100236892700e+01
-1.131741404533386230e+01
-1.094309961795806885e+01
-1.087407913804054260e+01
-1.150258593261241913e+01
-1.151464712619781494e+01
-1.149571371078491211e+01
-1.128738239407539368e+01
-9.778412699699401855e+00
-1.107950136065483093e+01
-1.204361811280250549e+01
-1.172148704528808594e+01
-1.065645533800125122e+01
-1.186096204817295074e+01
-1.075339701771736145e+01
-1.144048251211643219e+01
-1.178511951863765717e+01
-1.157379725575447083e+01
-1.134670132398605347e+01
-1.100236962735652924e+01
-1.126844221353530884e+01
-1.105746737122535706e+01
-1.226511031389236450e+01
-1.126715061068534851e+01
-1.104106768965721130e+01
-1.220100516080856323e+01
-1.116593244671821594e+01
-1.110540468990802765e+01
-1.177145417034626007e+01
-1.142531871795654297e+01
-1.109551197290420532e+01
-1.172650331258773804e+01
-1.071727752685546875e+01
-1.198744012415409088e+01
-1.187553036212921143e+01
-1.204976335167884827e+01
-1.151398491859436035e+01
-1.186868394911289215e+01
-1.170337982475757599e+01
-1.111450126767158508e+01
-1.183457283675670624e+01
-1.162770327925682068e+01
-1.072322806715965271e+01
-1.153785933554172516e+01
-1.138897162675857544e+01
-1.018160042166709900e+01
-1.223515200614929199e+01
-1.188607387244701385e+01
-1.171798154711723328e+01
-1.166437420248985291e+01
-1.140336260199546814e+01
-1.131826481223106384e+01
-1.173296478390693665e+01
-1.110394935309886932e+01
-1.170576730370521545e+01
-1.229401648044586182e+01
-1.204420506954193115e+01
-1.051259011030197144e+01
-1.092000085115432739e+01
-1.104619602859020233e+01
-1.194541640579700470e+01
-1.132332868874073029e+01
-1.128776428103446960e+01
-1.127306315302848816e+01
-1.231454506516456604e+01
-1.149389156699180603e+01
-1.233201313018798828e+01
-1.119190362095832825e+01
-1.149070957303047180e+01
-1.174035556614398956e+01
-1.065842400491237640e+01
-9.686383038759231567e+00
-1.229307109117507935e+01
-1.096972131729125977e+01
-1.167475739121437073e+01
-1.138943761587142944e+01
-1.195523053407669067e+01
-1.117393983900547028e+01
-1.136313790082931519e+01
-1.134808506071567535e+01
-1.115645207464694977e+01
-1.145982852578163147e+01
-1.164591491222381592e+01
-1.153429168462753296e+01
-1.192317026853561401e+01
-1.205837956070899963e+01
-1.232278570532798767e+01
-1.213975831866264343e+01
-1.175068818032741547e+01
-1.062411245703697205e+01
-1.132868330180644989e+01
-1.163380490243434906e+01
-1.156350591778755188e+01
-1.180789181590080261e+01
-1.175639863312244415e+01
-1.118445903062820435e+01
-1.076013381779193878e+01
-1.175144684314727783e+01
-1.087560178339481354e+01
-1.185374799370765686e+01
-1.095083071291446686e+01
-9.974353000521659851e+00
-1.163075511157512665e+01
-1.138915908336639404e+01
-1.182569295167922974e+01
-1.184722827374935150e+01
-1.163714620471000671e+01
-1.185078477859497070e+01
-1.166950812935829163e+01
-1.233671119809150696e+01
-1.112688738107681274e+01
-1.092043982446193695e+01
-1.182022866606712341e+01
-1.159608061611652374e+01
-1.063898085057735443e+01
-1.234029516577720642e+01
-1.190316917002201080e+01
-1.164448162913322449e+01
-1.020188102126121521e+01
-1.133982199430465698e+01
-1.190040387213230133e+01
-1.078293271362781525e+01
-1.231349721550941467e+01
-1.155326020717620850e+01
-1.139274913072586060e+01
-1.204643006622791290e+01
-1.092778591811656952e+01
-1.024729102849960327e+01
-9.940296620130538940e+00
-1.233317115902900696e+01
-1.051873996853828430e+01
-1.094308756291866302e+01
-1.219096538424491882e+01
-1.230194935202598572e+01
-1.150251713395118713e+01
-9.709313601255416870e+00
-1.027865347266197205e+01
-1.178797230124473572e+01
-1.227621874213218689e+01
-1.154688468575477600e+01
-1.230051937699317932e+01
-1.007844005525112152e+01
-1.072672894597053528e+01
-1.208265301585197449e+01
-1.185848888754844666e+01
-1.156481629610061646e+01
-1.146830308437347412e+01
-1.169683189690113068e+01
-1.231707814335823059e+01
-1.166347593069076538e+01
-1.197292107343673706e+01
-1.191077652573585510e+01
-1.147847639024257660e+01
-1.050784559547901154e+01
-1.103192685544490814e+01
-1.225502701103687286e+01
-1.122437730431556702e+01
-1.230235400795936584e+01
-1.098824210464954376e+01
-1.081094335019588470e+01
-1.230060453712940216e+01
-1.168795663118362427e+01
-1.171609359979629517e+01
-1.121884831786155701e+01
-1.125609210133552551e+01
-1.080955529212951660e+01
-1.081378072500228882e+01
-1.144465984404087067e+01
-1.199348646402359009e+01
-1.008443355560302734e+01
-1.175443527102470398e+01
-1.206434360146522522e+01
-1.087282951176166534e+01
-1.189913943409919739e+01
-1.214105734229087830e+01
-1.141820418834686279e+01
-1.233105143904685974e+01
-1.230919167399406433e+01
-1.231137937307357788e+01
-1.176342184841632843e+01
-1.180333009362220764e+01
-1.211719432473182678e+01
-1.097252750396728516e+01
-1.061307080090045929e+01
-1.165662828087806702e+01
-1.183185958862304688e+01
-1.142470005154609680e+01
-1.213576564192771912e+01
-9.948154017329216003e+00
-1.187799733877182007e+01
-1.160948175191879272e+01
-1.222932642698287964e+01
-9.618265345692634583e+00
-1.096086880564689636e+01
-1.184475392103195190e+01
-1.113345231115818024e+01
-1.165163956582546234e+01
-1.027484589815139771e+01
-1.149880875647068024e+01
-1.229603603482246399e+01
-1.145563128590583801e+01
-1.137105411291122437e+01
-1.157671225070953369e+01
-1.183395847678184509e+01
-1.199528428912162781e+01
-1.184516662359237671e+01
-1.148109823465347290e+01
-1.107048200070858002e+01
-1.204166767001152039e+01
-1.126464737951755524e+01
-1.194917425513267517e+01
-1.206773442029953003e+01
-1.228163740038871765e+01
-1.120632201433181763e+01
-1.156144641339778900e+01
-1.113777655363082886e+01
-1.231172546744346619e+01
-1.210861055552959442e+01
-1.203276351094245911e+01
-1.118875657021999359e+01
-1.230854001641273499e+01
-1.155778133869171143e+01
-1.204158991575241089e+01
-1.233611062169075012e+01
-1.146117219328880310e+01
-1.157709448039531708e+01
-1.139021795988082886e+01
-1.231708836555480957e+01
-1.098372662067413330e+01
-1.149318540096282959e+01
-1.188072291016578674e+01
-1.105341356992721558e+01
-1.146196633577346802e+01
-1.171101288497447968e+01
-1.106949765980243683e+01
-1.141938611865043640e+01
-1.188418242335319519e+01
-1.196657030284404755e+01
-1.232125410437583923e+01
-1.191097196936607361e+01
-9.925687894225120544e+00
-1.185429869592189789e+01
-1.146674394607543945e+01
-1.220990821719169617e+01
-1.228149530291557312e+01
-1.159079091250896454e+01
-9.388341501355171204e+00
-1.085235460102558136e+01
-9.613192796707153320e+00
-1.177744407951831818e+01
-1.177224785089492798e+01
-1.133564648032188416e+01
-1.196930363774299622e+01
-1.090513147413730621e+01
-1.080888900160789490e+01
-1.204826900362968445e+01
-1.157578162848949432e+01
-1.069310015439987183e+01
-1.230747285485267639e+01
-1.168270480632781982e+01
-1.103961840271949768e+01
-1.006130416691303253e+01
-1.181024676561355591e+01
-1.069092077016830444e+01
-1.126042056083679199e+01
-1.214183682203292847e+01
-1.230087274312973022e+01
-1.190273453295230865e+01
-1.010202114284038544e+01
-1.171429255604743958e+01
-1.231406050920486450e+01
-1.130434697866439819e+01
-1.027734844386577606e+01
-1.154003079235553741e+01
-9.829200923442840576e+00
-1.018060941994190216e+01
-1.131916481256484985e+01
-1.099895682930946350e+01
-1.053938488662242889e+01
-1.078970986604690552e+01
-1.169993805885314941e+01
-1.231069284677505493e+01
-1.109242075681686401e+01
-1.193776908516883850e+01
-1.097705362737178802e+01
-1.063732664287090302e+01
-1.233764338493347168e+01
-1.203185246884822845e+01
-1.222296875715255737e+01
-1.233198523521423340e+01
-1.230490264296531677e+01
-1.233555161952972412e+01
-1.207384055852890015e+01
-1.185163938999176025e+01
-1.146202078461647034e+01
-1.159366312623023987e+01
-1.057387617230415344e+01
-1.104204648733139038e+01
-1.210827232897281647e+01
-1.192284107208251953e+01
-1.150200630724430084e+01
-1.229799875617027283e+01
-1.100343018770217896e+01
-1.195024776458740234e+01
-1.191208060085773468e+01
-1.182350221276283264e+01
-1.181204174458980560e+01
-1.160013610124588013e+01
-1.067517307400703430e+01
-1.212226879596710205e+01
-1.066336497664451599e+01
-1.136003644764423370e+01
-1.229591473937034607e+01
-1.229668003320693970e+01
-1.169094441831111908e+01
-1.221833701431751251e+01
-1.182384514808654785e+01
-1.188727571070194244e+01
-1.170817321538925171e+01
-1.182237567007541656e+01
-1.202471613883972168e+01
-1.021394309401512146e+01
-1.194057443737983704e+01
-9.675414279103279114e+00
-1.189602199196815491e+01
-1.208328160643577576e+01
-1.100285290181636810e+01
-1.095103397965431213e+01
-1.185458107292652130e+01
-1.167827571928501129e+01
-1.139776855707168579e+01
-1.163436989486217499e+01
-1.179507791996002197e+01
-1.230728346109390259e+01
-1.234297648072242737e+01
-1.232820144295692444e+01
-8.982801847159862518e+00
-1.201967677474021912e+01
-1.203935298323631287e+01
-1.153443877398967743e+01
-1.167085604369640350e+01
-1.189791336655616760e+01
-1.190469729900360107e+01
-1.129335695505142212e+01
-1.135557498037815094e+01
-1.071823042631149292e+01
-1.189400765299797058e+01
-1.017297290265560150e+01
-1.166190871596336365e+01
-1.197361859679222107e+01
-1.180951249599456787e+01
-1.085110586881637573e+01
-9.670373395085334778e+00
-1.159953865408897400e+01
-1.172722497582435608e+01
-1.132791282236576080e+01
-1.144137766957283020e+01
-1.150018730759620667e+01
-1.138543863594532013e+01
-1.143906787037849426e+01
-1.184343412518501282e+01
-1.151454286277294159e+01
-1.104137118160724640e+01
-1.232074302434921265e+01
-1.150265295803546906e+01
-1.186986309289932251e+01
-1.092184433341026306e+01
-1.127293491363525391e+01
-1.192718458175659180e+01
-1.217938822507858276e+01
-1.232236328721046448e+01
-1.113515511155128479e+01
-1.155986323952674866e+01
-1.165979403257369995e+01
-1.100594529509544373e+01
-1.115280428528785706e+01
-1.230704742670059204e+01
-1.170759123563766479e+01
-1.183407191932201385e+01
-1.102014005184173584e+01
-1.181794512271881104e+01
-1.031431302428245544e+01
-1.067029556632041931e+01
-1.027155674993991852e+01
-1.135051605105400085e+01
-1.202935755252838135e+01
-1.117320355772972107e+01
-1.150417640805244446e+01
-1.229704880714416504e+01
-1.167585970461368561e+01
-1.080216991901397705e+01
-1.231219413876533508e+01
-1.154980078339576721e+01
-1.051380681991577148e+01
-1.102366007864475250e+01
-1.227497142553329468e+01
-8.939964696764945984e+00
-1.060747192800045013e+01
-1.131610769033432007e+01
-1.219522434473037720e+01
-1.131315648555755615e+01
-1.231804960966110229e+01
-1.088330896198749542e+01
-1.105753134191036224e+01
-1.232035347819328308e+01
-1.117109689116477966e+01
-1.191354730725288391e+01
-1.232540106773376465e+01
-1.157993872463703156e+01
-1.230436298251152039e+01
-1.137520438432693481e+01
-1.207473298907279968e+01
-1.143036001920700073e+01
-1.144629611074924469e+01
-1.167811885476112366e+01
-1.165019145607948303e+01
-1.088864439725875854e+01
-1.127577912807464600e+01
-1.232614395022392273e+01
-1.185115244984626770e+01
-1.135240796208381653e+01
-1.128509747982025146e+01
-9.807628020644187927e+00
-1.188852265477180481e+01
-1.158152924478054047e+01
-1.148717023432254791e+01
-1.074425949156284332e+01
-1.166240072250366211e+01
-1.221552842855453491e+01
-1.114839880168437958e+01
-1.182150802016258240e+01
-1.173480111360549927e+01
-1.203882953524589539e+01
-1.209948047995567322e+01
-1.068819306790828705e+01
-1.114118979871273041e+01
-1.193291178345680237e+01
-1.231991124153137207e+01
-1.124146997928619385e+01
-1.106597651541233063e+01
-1.222700549662113190e+01
-1.151059478521347046e+01
-1.124041561782360077e+01
-1.213429889082908630e+01
-1.127235953509807587e+01
-1.231323517858982086e+01
-1.155498534440994263e+01
-1.089366888999938965e+01
-1.191247648000717163e+01
-1.162368564307689667e+01
-1.219290339946746826e+01
-1.115003001689910889e+01
-1.159773397445678711e+01
-1.063742327690124512e+01
-1.182890543341636658e+01
-1.083998376131057739e+01
-1.174027812480926514e+01
-1.230165247619152069e+01
-1.113163682818412781e+01
-1.170633704960346222e+01
-1.231070077419281006e+01
-1.202550867199897766e+01
-1.154247212409973145e+01
-1.174151228368282318e+01
-1.026351150870323181e+01
-1.206531968712806702e+01
-1.012932872772216797e+01
-1.007853391766548157e+01
-1.103263601660728455e+01
-1.084370735287666321e+01
-1.060824277997016907e+01
-1.145521804690361023e+01
-1.197899448871612549e+01
-1.097288301587104797e+01
-1.183526766300201416e+01
-1.033117888867855072e+01
-1.152123716473579407e+01
-1.181034746766090393e+01
-1.111978673934936523e+01
-1.037962862849235535e+01
-1.001162718236446381e+01
-1.166011852025985718e+01
-1.203918288648128510e+01
-1.230678135156631470e+01
-1.147955217957496643e+01
-1.212906780838966370e+01
-1.234075471758842468e+01
-1.188304831087589264e+01
-1.102105808258056641e+01
-1.146094548702239990e+01
-1.132575231790542603e+01
-1.019459439814090729e+01
-1.096830329298973083e+01
-1.139305254817008972e+01
-1.161715736985206604e+01
-1.218739977478981018e+01
-1.217611977458000183e+01
-1.157473196089267731e+01
-1.164313097298145294e+01
-1.094253741204738617e+01
-1.184737627208232880e+01
-1.041573625802993774e+01
-1.062908229231834412e+01
-8.865905657410621643e+00
-1.227302007377147675e+01
-1.114739373326301575e+01
-1.156080751121044159e+01
-1.230694660544395447e+01
-1.195907063782215118e+01
-1.165680140256881714e+01
-1.207626074552536011e+01
-1.140014366805553436e+01
-1.227765041589736938e+01
-1.206923207640647888e+01
-1.107872207462787628e+01
-1.150247174501419067e+01
-1.209812578558921814e+01
-1.184041783213615417e+01
-1.185262420773506165e+01
-1.194400538504123688e+01
-1.015510967373847961e+01
-1.193486651778221130e+01
-1.207265056669712067e+01
-1.140786014497280121e+01
-1.159301522374153137e+01
-1.195276121795177460e+01
-1.141605749726295471e+01
-1.233129158616065979e+01
-1.221910798549652100e+01
-1.129024389386177063e+01
-1.174566331505775452e+01
-1.220048698782920837e+01
-1.125683414936065674e+01
-1.165936094522476196e+01
-1.136991874873638153e+01
-1.157277691364288330e+01
-1.219300925731658936e+01
-1.174304588139057159e+01
-1.175433936715126038e+01
-1.181981046497821808e+01
-1.045165182650089264e+01
-1.200527885556221008e+01
-1.229883751273155212e+01
-1.210310935974121094e+01
-1.164295488595962524e+01
-1.144099120795726776e+01
-1.133896085619926453e+01
