-1.961128373444080353e+01
-1.961126740276813507e+01
-1.961127372086048126e+01
-1.961128056049346924e+01
-1.961121684312820435e+01
-1.961130978167057037e+01
-1.961124572157859802e+01
-1.961124537885189056e+01
-1.961128637194633484e+01
-1.961129730939865112e+01
-1.961129668354988098e+01
-1.961129352450370789e+01
-1.961125907301902771e+01
-1.961127185821533203e+01
-1.961127649247646332e+01
-1.961126561462879181e+01
-1.961122862994670868e+01
-1.961121989786624908e+01
-1.961112090945243835e+01
-1.961115235090255737e+01
-1.961134240031242371e+01
-1.961130595207214355e+01
-1.961125838756561279e+01
-1.961131666600704193e+01
-1.961126439273357391e+01
-1.961125220358371735e+01
-1.961128957569599152e+01
-1.961124092340469360e+01
-1.961128421127796173e+01
-1.961118575930595398e+01
-1.961132751405239105e+01
-1.961127252876758575e+01
-1.961123754084110260e+01
-1.961124981939792633e+01
-1.961112900078296661e+01
-1.961120156943798065e+01
-1.961125461757183075e+01
-1.961124266684055328e+01
-1.961069007217884064e+01
-1.961110731959342957e+01
-1.961125820875167847e+01
-1.961123472452163696e+01
-1.961126625537872314e+01
-1.961123187839984894e+01
-1.961119624972343445e+01
-1.961126272380352020e+01
-1.961126928031444550e+01
-1.961130176484584808e+01
-1.961122955381870270e+01
-1.961126115918159485e+01
-1.961128282546997070e+01
-1.961119227111339569e+01
-1.961126869916915894e+01
-1.961128251254558563e+01
-1.961124572157859802e+01
-1.961121428012847900e+01
-1.961128234863281250e+01
-1.961122478544712067e+01
-1.961132860183715820e+01
-1.961129163205623627e+01
-1.961114607751369476e+01
-1.961125352978706360e+01
-1.961123232543468475e+01
-1.961130458116531372e+01
-1.961125376820564270e+01
-1.961130441725254059e+01
-1.961126993596553802e+01
-1.961128105223178864e+01
-1.961131039261817932e+01
-1.961128588020801544e+01
-1.961124688386917114e+01
-1.961128561198711395e+01
-1.961129394173622131e+01
-1.961120927333831787e+01
-1.961121839284896851e+01
-1.961110585927963257e+01
-1.961127080023288727e+01
-1.961127305030822754e+01
-1.961123462021350861e+01
-1.961127439141273499e+01
-1.961123007535934448e+01
-1.961131371557712555e+01
-1.961122944951057434e+01
-1.961125990748405457e+01
-1.961127898097038269e+01
-1.961129088699817657e+01
-1.961129738390445709e+01
-1.961113229393959045e+01
-1.961128832399845123e+01
-1.961124379932880402e+01
-1.961127202212810516e+01
-1.961087265610694885e+01
-1.961126761138439178e+01
-1.961127884685993195e+01
-1.961124540865421295e+01
-1.961128637194633484e+01
-1.961128351092338562e+01
-1.961126562952995300e+01
-1.961128993332386017e+01
-1.961085836589336395e+01
-1.961127403378486633e+01
-1.961125567555427551e+01
-1.961126670241355896e+01
-1.961121937632560730e+01
-1.961124794185161591e+01
-1.961124448478221893e+01
-1.961128358542919159e+01
-1.961126741766929626e+01
-1.961125706136226654e+01
-1.961128266155719757e+01
-1.961122035980224609e+01
-1.961122246086597443e+01
-1.961121656000614166e+01
-1.961121265590190887e+01
-1.961105369031429291e+01
-1.961127583682537079e+01
-1.961115902662277222e+01
-1.961123660206794739e+01
-1.961089561879634857e+01
-1.961122845113277435e+01
-1.961125272512435913e+01
-1.961130975186824799e+01
-1.961127156019210815e+01
-1.961126333475112915e+01
-1.961118325591087341e+01
-1.961124558746814728e+01
-1.961119137704372406e+01
-1.961126506328582764e+01
-1.961126394569873810e+01
-1.961129020154476166e+01
-1.961125969886779785e+01
-1.961127498745918274e+01
-1.961128033697605133e+01
-1.961129344999790192e+01
-1.961064276099205017e+01
-1.961082771420478821e+01
-1.961115980148315430e+01
-1.961130338907241821e+01
-1.961111563444137573e+01
-1.961127881705760956e+01
-1.961122776567935944e+01
-1.961126048862934113e+01
-1.961126013100147247e+01
-1.961126735806465149e+01
-1.961129303276538849e+01
-1.961127473413944244e+01
-1.961117148399353027e+01
-1.961125026643276215e+01
-1.961119808256626129e+01
-1.961126412451267242e+01
-1.961108894646167755e+01
-1.961112642288208008e+01
-1.961129434406757355e+01
-1.961125794053077698e+01
-1.961119651794433594e+01
-1.961120088398456573e+01
-1.961125998198986053e+01
-1.961106710135936737e+01
-1.961125984787940979e+01
-1.961131513118743896e+01
-1.961121310293674469e+01
-1.961128765344619751e+01
-1.961112754046916962e+01
-1.961129079759120941e+01
-1.961121921241283417e+01
-1.961107365787029266e+01
-1.961109097301959991e+01
-1.961126926541328430e+01
-1.961107514798641205e+01
-1.961128878593444824e+01
-1.961125788092613220e+01
-1.961126036942005157e+01
-1.961125953495502472e+01
-1.961127093434333801e+01
-1.961125896871089935e+01
-1.961127278208732605e+01
-1.961121656000614166e+01
-1.961132186651229858e+01
-1.961123609542846680e+01
-1.961125259101390839e+01
-1.961122058331966400e+01
-1.961115096509456635e+01
-1.961127273738384247e+01
-1.961123597621917725e+01
-1.961132001876831055e+01
-1.961124375462532043e+01
-1.961123535037040710e+01
-1.961056821048259735e+01
-1.961122950911521912e+01
-1.961123034358024597e+01
-1.961125594377517700e+01
-1.961124342679977417e+01
-1.961127009987831116e+01
-1.961126837134361267e+01
-1.961113801598548889e+01
-1.961126397550106049e+01
-1.961125902831554413e+01
-1.961112387478351593e+01
-1.961110830307006836e+01
-1.961128623783588409e+01
-1.961127932369709015e+01
-1.961123163998126984e+01
-1.961123247444629669e+01
-1.961125971376895905e+01
-1.961130233108997345e+01
-1.961125931143760681e+01
-1.961131198704242706e+01
-1.961130455136299133e+01
-1.961126188933849335e+01
-1.961089739203453064e+01
-1.961123090982437134e+01
-1.961102861166000366e+01
-1.961119902133941650e+01
-1.961117674410343170e+01
-1.961124795675277710e+01
-1.961126878857612610e+01
-1.961127597093582153e+01
-1.961122648417949677e+01
-1.961122654378414154e+01
-1.961119295656681061e+01
-1.961126168072223663e+01
-1.961129525303840637e+01
-1.961111916601657867e+01
-1.961130146682262421e+01
-1.961092524230480194e+01
-1.961127075552940369e+01
-1.961111405491828918e+01
-1.961113685369491577e+01
-1.961131940782070160e+01
-1.961126160621643066e+01
-1.961087444424629211e+01
-1.961126393079757690e+01
-1.961125084757804871e+01
-1.961128993332386017e+01
-1.961123989522457123e+01
-1.961114518344402313e+01
-1.961126218736171722e+01
-1.961126796901226044e+01
-1.961114560067653656e+01
-1.961125439405441284e+01
-1.961133922636508942e+01
-1.961120198667049408e+01
-1.961111520230770111e+01
-1.961111262440681458e+01
-1.961111065745353699e+01
-1.961124952137470245e+01
-1.961128048598766327e+01
-1.961107449233531952e+01
-1.961120928823947906e+01
-1.961128093302249908e+01
-1.961125102639198303e+01
-1.961115962266921997e+01
-1.961126412451267242e+01
-1.961134082078933716e+01
-1.961117903888225555e+01
-1.961130061745643616e+01
-1.961128033697605133e+01
-1.961126178503036499e+01
-1.961123310029506683e+01
-1.961128473281860352e+01
-1.961114533245563507e+01
-1.961127398908138275e+01
-1.961127305030822754e+01
-1.961132200062274933e+01
-1.961124402284622192e+01
-1.961114451289176941e+01
-1.961120644211769104e+01
-1.961128488183021545e+01
-1.961048740148544312e+01
-1.961127941310405731e+01
-1.961125552654266357e+01
-1.961125837266445160e+01
-1.961125725507736206e+01
-1.961126561462879181e+01
-1.961131413280963898e+01
-1.961131693422794342e+01
-1.961133289337158203e+01
-1.961029891669750214e+01
-1.961126375198364258e+01
-1.961125971376895905e+01
-1.961127679049968719e+01
-1.961127260327339172e+01
-1.961108107864856720e+01
-1.961121596395969391e+01
-1.961128897964954376e+01
-1.961120766401290894e+01
-1.961126469075679779e+01
-1.961076273024082184e+01
-1.961128255724906921e+01
-1.961126013100147247e+01
-1.961127464473247528e+01
-1.961127273738384247e+01
-1.961114205420017242e+01
-1.961123482882976532e+01
-1.961131580173969269e+01
-1.961129398643970490e+01
-1.961078035831451416e+01
-1.961127234995365143e+01
-1.961114567518234253e+01
-1.961125494539737701e+01
-1.961126443743705750e+01
-1.961131227016448975e+01
-1.961125704646110535e+01
-1.961128364503383636e+01
-1.961122630536556244e+01
-1.961118307709693909e+01
-1.961121810972690582e+01
-1.961117231845855713e+01
-1.961124485731124878e+01
-1.961125829815864563e+01
-1.961123195290565491e+01
-1.961125381290912628e+01
-1.961109867691993713e+01
-1.961119851469993591e+01
-1.961121118068695068e+01
-1.961123284697532654e+01
-1.961126290261745453e+01
-1.961125254631042480e+01
-1.961130808293819427e+01
-1.961124362051486969e+01
-1.961126469075679779e+01
-1.961106407642364502e+01
-1.961097559332847595e+01
-1.961120261251926422e+01
-1.961127914488315582e+01
-1.961126224696636200e+01
-1.961129328608512878e+01
-1.961123698949813843e+01
-1.961124698817729950e+01
-1.961128167808055878e+01
-1.961134979128837585e+01
-1.961122654378414154e+01
-1.961127252876758575e+01
-1.961118233203887939e+01
-1.961128048598766327e+01
-1.961128014326095581e+01
-1.961110220849514008e+01
-1.961085040867328644e+01
-1.961116468906402588e+01
-1.961122041940689087e+01
-1.961116228997707367e+01
-1.961093604564666748e+01
-1.961118599772453308e+01
-1.961072899401187897e+01
-1.961117367446422577e+01
-1.961125209927558899e+01
-1.961124937236309052e+01
-1.961121633648872375e+01
-1.961123214662075043e+01
-1.961123336851596832e+01
-1.961121800541877747e+01
-1.961126887798309326e+01
-1.961126357316970825e+01
-1.961104941368103027e+01
-1.961119531095027924e+01
-1.961092606186866760e+01
-1.961128045618534088e+01
-1.961126223206520081e+01
-1.961131080985069275e+01
-1.961126732826232910e+01
-1.961124002933502197e+01
-1.961133433878421783e+01
-1.961116522550582886e+01
-1.961092272400856018e+01
-1.961124449968338013e+01
-1.961119255423545837e+01
-1.961121946573257446e+01
-1.961131083965301514e+01
-1.961127966642379761e+01
-1.961124604940414429e+01
-1.961118653416633606e+01
-1.961122310161590576e+01
-1.961120864748954773e+01
-1.961117233335971832e+01
-1.961125989258289337e+01
-1.961121255159378052e+01
-1.961121271550655365e+01
-1.961124901473522186e+01
-1.961087547242641449e+01
-1.961009427905082703e+01
-1.961114858090877533e+01
-1.961128941178321838e+01
-1.961122645437717438e+01
-1.961135080456733704e+01
-1.961107280850410461e+01
-1.961123743653297424e+01
-1.961126154661178589e+01
-1.961125013232231140e+01
-1.961125776171684265e+01
-1.961120618879795074e+01
-1.961126147210597992e+01
-1.961102339625358582e+01
-1.961128504574298859e+01
-1.961126348376274109e+01
-1.961119057238101959e+01
-1.961114013195037842e+01
-1.961125731468200684e+01
-1.961105737090110779e+01
-1.961127899587154388e+01
-1.961121420562267303e+01
-1.961119548976421356e+01
-1.961130103468894958e+01
-1.961126105487346649e+01
-1.961130739748477936e+01
-1.961126281321048737e+01
-1.961123321950435638e+01
-1.961124438047409058e+01
-1.961124573647975922e+01
-1.961116901040077209e+01
-1.961129851639270782e+01
-1.961130718886852264e+01
-1.961126405000686646e+01
-1.961120559275150299e+01
-1.961126069724559784e+01
-1.961119022965431213e+01
-1.961123909056186676e+01
-1.961126863956451416e+01
-1.961119960248470306e+01
-1.961130194365978241e+01
-1.961109533905982971e+01
-1.961133889853954315e+01
-1.961134760081768036e+01
-1.961118094623088837e+01
-1.961125080287456512e+01
-1.961129024624824524e+01
-1.961114194989204407e+01
-1.961109702289104462e+01
-1.961059755086898804e+01
-1.961118955910205841e+01
-1.961123311519622803e+01
-1.961097180843353271e+01
-1.961127804219722748e+01
-1.961125995218753815e+01
-1.961129131913185120e+01
-1.961121608316898346e+01
-1.961098529398441315e+01
-1.961110851168632507e+01
-1.961133380234241486e+01
-1.961108152568340302e+01
-1.961127993464469910e+01
-1.961126501858234406e+01
-1.961123588681221008e+01
-1.961128924787044525e+01
-1.961126965284347534e+01
-1.961126290261745453e+01
-1.961127698421478271e+01
-1.961132223904132843e+01
-1.961127926409244537e+01
-1.961114044487476349e+01
-1.961105298995971680e+01
-1.961069262027740479e+01
-1.961129492521286011e+01
-1.961114640533924103e+01
-1.961128662526607513e+01
-1.961127543449401855e+01
-1.961126543581485748e+01
-1.961121816933155060e+01
-1.961125187575817108e+01
-1.961129076778888702e+01
-1.961119164526462555e+01
-1.961124299466609955e+01
-1.961133082211017609e+01
-1.961132316291332245e+01
-1.961130599677562714e+01
-1.961125458776950836e+01
-1.961129757761955261e+01
-1.961126458644866943e+01
-1.961125871539115906e+01
-1.961128178238868713e+01
-1.961116728186607361e+01
-1.961061708629131317e+01
-1.961126841604709625e+01
-1.961120435595512390e+01
-1.961121478676795959e+01
-1.961122994124889374e+01
-1.961126419901847839e+01
-1.961113597452640533e+01
-1.961104330420494080e+01
-1.961130525171756744e+01
-1.961129766702651978e+01
-1.961129181087017059e+01
-1.961131528019905090e+01
-1.961122182011604309e+01
-1.961123871803283691e+01
-1.961123178899288177e+01
-1.961109405755996704e+01
-1.961127504706382751e+01
-1.961124755442142487e+01
-1.961122898757457733e+01
-1.961124326288700104e+01
-1.961126835644245148e+01
-1.961122709512710571e+01
-1.961130526661872864e+01
-1.961125296354293823e+01
-1.961123536527156830e+01
-1.961124525964260101e+01
-1.961121094226837158e+01
-1.961128760874271393e+01
-1.961126449704170227e+01
-1.961123280227184296e+01
-1.961118191480636597e+01
-1.961123244464397430e+01
-1.961125905811786652e+01
-1.961123736202716827e+01
-1.961128143966197968e+01
-1.961111135780811310e+01
-1.961129513382911682e+01
-1.961126372218132019e+01
-1.961128261685371399e+01
-1.961129978299140930e+01
-1.961128006875514984e+01
-1.961122779548168182e+01
-1.961129668354988098e+01
-1.961121350526809692e+01
-1.961125856637954712e+01
-1.961126686632633209e+01
-1.961035484075546265e+01
-1.961119693517684937e+01
-1.961100572347640991e+01
-1.961129535734653473e+01
-1.961124405264854431e+01
-1.961119532585144043e+01
-1.961114843189716339e+01
-1.961128619313240051e+01
-1.961074471473693848e+01
-1.961130999028682709e+01
-1.961126157641410828e+01
-1.961098460853099823e+01
-1.961115305125713348e+01
-1.961125196516513824e+01
-1.961063036322593689e+01
-1.961113989353179932e+01
-1.961046610772609711e+01
-1.961117637157440186e+01
-1.961112475395202637e+01
-1.961121195554733276e+01
-1.961130228638648987e+01
-1.961124877631664276e+01
-1.961128766834735870e+01
-1.961126478016376495e+01
-1.961129471659660339e+01
-1.961120443046092987e+01
-1.961124134063720703e+01
-1.961129851639270782e+01
-1.961113147437572479e+01
-1.961118194460868835e+01
-1.961119605600833893e+01
-1.961126576364040375e+01
-1.961106534302234650e+01
-1.961106291413307190e+01
-1.961094632744789124e+01
-1.961128564178943634e+01
-1.961121755838394165e+01
-1.961126460134983063e+01
-1.961124482750892639e+01
-1.961127302050590515e+01
-1.961130778491497040e+01
-1.961011543869972229e+01
-1.961118020117282867e+01
-1.961124603450298309e+01
-1.961113864183425903e+01
-1.961125591397285461e+01
-1.961125402152538300e+01
-1.961118161678314209e+01
-1.961123201251029968e+01
-1.961123010516166687e+01
-1.961125685274600983e+01
-1.961124330759048462e+01
-1.961126507818698883e+01
-1.961130109429359436e+01
-1.961130079627037048e+01
-1.961128507554531097e+01
-1.961128509044647217e+01
-1.961126175522804260e+01
-1.961131910979747772e+01
-1.961127777397632599e+01
-1.961130197346210480e+01
-1.961132667958736420e+01
-1.961129379272460938e+01
-1.961127290129661560e+01
-1.961130882799625397e+01
-1.961118400096893311e+01
-1.961119924485683441e+01
-1.961124442517757416e+01
-1.961121334135532379e+01
-1.961128211021423340e+01
-1.961129918694496155e+01
-1.961128641664981842e+01
-1.961125881969928741e+01
-1.961117281019687653e+01
-1.961093138158321381e+01
-1.961126558482646942e+01
-1.961111931502819061e+01
-1.961122523248195648e+01
-1.961127550899982452e+01
-1.961131861805915833e+01
-1.961126540601253510e+01
-1.961127807199954987e+01
-1.961129763722419739e+01
-1.961124774813652039e+01
-1.961127264797687531e+01
-1.961119107902050018e+01
-1.961112275719642639e+01
-1.961127649247646332e+01
-1.961126689612865448e+01
-1.961127094924449921e+01
-1.961130526661872864e+01
-1.961129291355609894e+01
-1.961121726036071777e+01
-1.961124829947948456e+01
-1.961129593849182129e+01
-1.961127771437168121e+01
-1.961132074892520905e+01
-1.961125010251998901e+01
-1.961130456626415253e+01
-1.961126323044300079e+01
-1.961123147606849670e+01
-1.961129951477050781e+01
-1.961121411621570587e+01
-1.961125348508358002e+01
-1.961125314235687256e+01
-1.961128801107406616e+01
-1.961116412281990051e+01
-1.961119817197322845e+01
-1.961042076349258423e+01
-1.961127169430255890e+01
-1.961125038564205170e+01
-1.961129540205001831e+01
-1.961124593019485474e+01
-1.961129306256771088e+01
-1.961094062030315399e+01
-1.961124506592750549e+01
-1.961089845001697540e+01
-1.961114850640296936e+01
-1.961122663319110870e+01
-1.961128653585910797e+01
-1.961129282414913177e+01
-1.961122809350490570e+01
-1.961129829287528992e+01
-1.961090634763240814e+01
-1.961110597848892212e+01
-1.961125460267066956e+01
-1.961129906773567200e+01
-1.961127217113971710e+01
-1.961125780642032623e+01
-1.961127868294715881e+01
-1.961124892532825470e+01
-1.961121958494186401e+01
-1.961128829419612885e+01
-1.961130224168300629e+01
-1.961115731298923492e+01
-1.961121413111686707e+01
-1.961127378046512604e+01
-1.961126300692558289e+01
-1.961127272248268127e+01
-1.961107175052165985e+01
-1.961120142042636871e+01
-1.961127515137195587e+01
-1.961127185821533203e+01
-1.961128196120262146e+01
-1.961124725639820099e+01
-1.961113600432872772e+01
-1.961099766194820404e+01
-1.961127056181430817e+01
-1.961128838360309601e+01
-1.961125963926315308e+01
-1.961127321422100067e+01
-1.961131097376346588e+01
-1.961119009554386139e+01
-1.961123801767826080e+01
-1.961119472980499268e+01
-1.961125908792018890e+01
-1.961128342151641846e+01
-1.961124889552593231e+01
-1.961123026907444000e+01
-1.961123600602149963e+01
-1.961125935614109039e+01
-1.961121772229671478e+01
-1.961131428182125092e+01
-1.961124649643898010e+01
-1.961126545071601868e+01
-1.961131368577480316e+01
-1.961122235655784607e+01
-1.961125142872333527e+01
-1.961124466359615326e+01
-1.961124674975872040e+01
-1.961127324402332306e+01
-1.961125336587429047e+01
-1.961129440367221832e+01
-1.961132319271564484e+01
-1.961124368011951447e+01
-1.961130174994468689e+01
-1.960679873824119568e+01
-1.961125053465366364e+01
-1.961130243539810181e+01
-1.961124160885810852e+01
-1.961130437254905701e+01
-1.961117593944072723e+01
-1.961128313839435577e+01
-1.961127364635467529e+01
-1.961122983694076538e+01
-1.961125008761882782e+01
-1.950460487604141235e+01
-1.961124920845031738e+01
-1.961112071573734283e+01
-1.961128363013267517e+01
-1.961121694743633270e+01
-1.961123391985893250e+01
-1.961112664639949799e+01
-1.961110803484916687e+01
-1.961125238239765167e+01
-1.961131390929222107e+01
-1.961117532849311829e+01
-1.961119987070560455e+01
-1.961125890910625458e+01
-1.961128392815589905e+01
-1.961131249368190765e+01
-1.961134040355682373e+01
-1.961132788658142090e+01
-1.961126910150051117e+01
-1.961102057993412018e+01
-1.961123807728290558e+01
-1.961123186349868774e+01
-1.961126834154129028e+01
-1.961128349602222443e+01
-1.961127695441246033e+01
-1.961115549504756927e+01
-1.961116005480289459e+01
-1.961128714680671692e+01
-1.961129084229469299e+01
-1.961116294562816620e+01
-1.961126510798931122e+01
-1.961127214133739471e+01
-1.961109818518161774e+01
-1.961115334928035736e+01
-1.961120323836803436e+01
-1.961118672788143158e+01
-1.961123265326023102e+01
-1.961117020249366760e+01
-1.961106358468532562e+01
-1.961130578815937042e+01
-1.961125913262367249e+01
-1.961125479638576508e+01
-1.961125919222831726e+01
-1.961129935085773468e+01
-1.961126062273979187e+01
-1.961096601188182831e+01
-1.961113658547401428e+01
-1.961054104566574097e+01
-1.961130173504352570e+01
-1.961121381819248199e+01
-1.961124375462532043e+01
-1.961125956475734711e+01
-1.961126968264579773e+01
-1.961127457022666931e+01
-1.961132410168647766e+01
-1.961126999557018280e+01
-1.961127413809299469e+01
-1.961110007762908936e+01
-1.961119416356086731e+01
-1.961124548316001892e+01
-1.961095802485942841e+01
-1.961115501821041107e+01
-1.961119779944419861e+01
-1.961129146814346313e+01
-1.961129398643970490e+01
-1.961122135818004608e+01
-1.961131136119365692e+01
-1.961112098395824432e+01
-1.961115589737892151e+01
-1.961128531396389008e+01
-1.961116604506969452e+01
-1.961129514873027802e+01
-1.961128494143486023e+01
-1.961121045053005219e+01
-1.961120922863483429e+01
-1.961130057275295258e+01
-1.961125497519969940e+01
-1.961126720905303955e+01
-1.961126339435577393e+01
-1.961126019060611725e+01
-1.961121268570423126e+01
-1.961122223734855652e+01
-1.961121241748332977e+01
-1.961132974922657013e+01
-1.961130994558334351e+01
-1.961127470433712006e+01
-1.961126218736171722e+01
-1.961129365861415863e+01
-1.961124525964260101e+01
-1.961116309463977814e+01
-1.961128540337085724e+01
-1.961124968528747559e+01
-1.961129429936408997e+01
-1.961077718436717987e+01
-1.961125473678112030e+01
-1.961131113767623901e+01
-1.961125430464744568e+01
-1.961123658716678619e+01
-1.961129786074161530e+01
