-1.824275541305541992e+01
-1.824266175925731659e+01
-1.824270990490913391e+01
-1.824272927641868591e+01
-1.824277837574481964e+01
-1.824263545870780945e+01
-1.824276658892631531e+01
-1.824260167777538300e+01
-1.824273449182510376e+01
-1.824274043738842010e+01
-1.824276937544345856e+01
-1.824273596704006195e+01
-1.824276733398437500e+01
-1.824270817637443542e+01
-1.824273559451103210e+01
-1.824274830520153046e+01
-1.824278825521469116e+01
-1.824272596836090088e+01
-1.824217507243156433e+01
-1.824277147650718689e+01
-1.824271310865879059e+01
-1.824275074899196625e+01
-1.824271947145462036e+01
-1.824273511767387390e+01
-1.824275562167167664e+01
-1.824275310337543488e+01
-1.824274721741676331e+01
-1.824246050417423248e+01
-1.824269624054431915e+01
-1.824251648783683777e+01
-1.824277170002460480e+01
-1.813682579994201660e+01
-1.824275746941566467e+01
-1.824274097383022308e+01
-1.824276474118232727e+01
-1.824277214705944061e+01
-1.824270884692668915e+01
-1.824270172417163849e+01
-1.824279509484767914e+01
-1.824266946315765381e+01
-1.824256226420402527e+01
-1.824277678132057190e+01
-1.824260029196739197e+01
-1.824275784194469452e+01
-1.824278187751770020e+01
-1.824273194372653961e+01
-1.824270272254943848e+01
-1.824269606173038483e+01
-1.824238029122352600e+01
-1.824278293550014496e+01
-1.824272176623344421e+01
-1.824276059865951538e+01
-1.824276351928710938e+01
-1.824272829294204712e+01
-1.824270044267177582e+01
-1.824265740811824799e+01
-1.824274721741676331e+01
-1.824272593855857849e+01
-1.824272471666336060e+01
-1.824272210896015167e+01
-1.824258582293987274e+01
-1.824268577992916107e+01
-1.824267642199993134e+01
-1.824269303679466248e+01
-1.824240708351135254e+01
-1.824268482625484467e+01
-1.824268239736557007e+01
-1.824274033308029175e+01
-1.824273349344730377e+01
-1.824268169701099396e+01
-1.824274532496929169e+01
-1.824272654950618744e+01
-1.824272921681404114e+01
-1.824269524216651917e+01
-1.824279898405075073e+01
-1.824276328086853027e+01
-1.824270381033420563e+01
-1.824271047115325928e+01
-1.824277193844318390e+01
-1.824271792173385620e+01
-1.824211208522319794e+01
-1.824277164041996002e+01
-1.824212266504764557e+01
-1.824270905554294586e+01
-1.824272374808788300e+01
-1.824269241094589233e+01
-1.824237804114818573e+01
-1.824267448484897614e+01
-1.824277064204216003e+01
-1.824270106852054596e+01
-1.824272930622100830e+01
-1.824271520972251892e+01
-1.824277314543724060e+01
-1.824273751676082611e+01
-1.824274259805679321e+01
-1.824270950257778168e+01
-1.824261802434921265e+01
-1.824269172549247742e+01
-1.824234318733215332e+01
-1.824281503260135651e+01
-1.824270246922969818e+01
-1.824275015294551849e+01
-1.824273614585399628e+01
-1.824272045493125916e+01
-1.824274215102195740e+01
-1.824271535873413086e+01
-1.824266637861728668e+01
-1.824273858964443207e+01
-1.824277995526790619e+01
-1.824270208179950714e+01
-1.824272583425045013e+01
-1.824275934696197510e+01
-1.824276272952556610e+01
-1.824279469251632690e+01
-1.824278648197650909e+01
-1.824237324297428131e+01
-1.824247494339942932e+01
-1.824274948239326477e+01
-1.824276199936866760e+01
-1.824277050793170929e+01
-1.824275405704975128e+01
-1.824271124601364136e+01
-1.824278046190738678e+01
-1.824272407591342926e+01
-1.824270242452621460e+01
-1.824271287024021149e+01
-1.824273884296417236e+01
-1.824278347194194794e+01
-1.824251034855842590e+01
-1.824266868829727173e+01
-1.824270993471145630e+01
-1.824226763844490051e+01
-1.824273182451725006e+01
-1.824252109229564667e+01
-1.824213413894176483e+01
-1.824275736510753632e+01
-1.824253089725971222e+01
-1.824254763126373291e+01
-1.824275253713130951e+01
-1.824234828352928162e+01
-1.824272845685482025e+01
-1.824273689091205597e+01
-1.824271468818187714e+01
-1.824272623658180237e+01
-1.824272011220455170e+01
-1.824271626770496368e+01
-1.824269919097423553e+01
-1.824272336065769196e+01
-1.824261650443077087e+01
-1.824270923435688019e+01
-1.824269834160804749e+01
-1.824264875054359436e+01
-1.824271517992019653e+01
-1.824268803000450134e+01
-1.824261276423931122e+01
-1.813728676736354828e+01
-1.824275535345077515e+01
-1.824272760748863220e+01
-1.824269255995750427e+01
-1.824271489679813385e+01
-1.824257141351699829e+01
-1.824261273443698883e+01
-1.824275186657905579e+01
-1.824278755486011505e+01
-1.824273587763309479e+01
-1.824266436696052551e+01
-1.824272453784942627e+01
-1.824272429943084717e+01
-1.824272370338439941e+01
-1.824277085065841675e+01
-1.824260482192039490e+01
-1.824262616038322449e+01
-1.824257938563823700e+01
-1.824279041588306427e+01
-1.824271637201309204e+01
-1.824270060658454895e+01
-1.824274596571922302e+01
-1.824242947995662689e+01
-1.824266709387302399e+01
-1.824275472760200500e+01
-1.824271799623966217e+01
-1.824272109568119049e+01
-1.824271148443222046e+01
-1.824271112680435181e+01
-1.824268567562103271e+01
-1.824256396293640137e+01
-1.824267478287220001e+01
-1.824268358945846558e+01
-1.824271722137928009e+01
-1.824278281629085541e+01
-1.824267554283142090e+01
-1.824270780384540558e+01
-1.824270373582839966e+01
-1.824271024763584137e+01
-1.824275952577590942e+01
-1.824275246262550354e+01
-1.824270115792751312e+01
-1.824272686243057251e+01
-1.824273906648159027e+01
-1.824271468818187714e+01
-1.824267317354679108e+01
-1.824276532232761383e+01
-1.824260915815830231e+01
-1.824265928566455841e+01
-1.824274604022502899e+01
-1.824267271161079407e+01
-1.824271742999553680e+01
-1.824276512861251831e+01
-1.824276979267597198e+01
-1.824268122017383575e+01
-1.824265040457248688e+01
-1.824275480210781097e+01
-1.824258455634117126e+01
-1.824269357323646545e+01
-1.824268898367881775e+01
-1.824269115924835205e+01
-1.824265390634536743e+01
-1.824269875884056091e+01
-1.824270297586917877e+01
-1.824269157648086548e+01
-1.824258182942867279e+01
-1.824273730814456940e+01
-1.824268491566181183e+01
-1.824273630976676941e+01
-1.824275064468383789e+01
-1.824276481568813324e+01
-1.824266807734966278e+01
-1.824264283478260040e+01
-1.824262295663356781e+01
-1.824274365603923798e+01
-1.824276612699031830e+01
-1.824269840121269226e+01
-1.824273692071437836e+01
-1.824277386069297791e+01
-1.824272498488426208e+01
-1.824267642199993134e+01
-1.824271883070468903e+01
-1.824264709651470184e+01
-1.824273175001144409e+01
-1.824272327125072479e+01
-1.824273213744163513e+01
-1.824276745319366455e+01
-1.824277417361736298e+01
-1.824268846213817596e+01
-1.824272823333740234e+01
-1.824275161325931549e+01
-1.824243620038032532e+01
-1.824270798265933990e+01
-1.824278166890144348e+01
-1.824268898367881775e+01
-1.824272379279136658e+01
-1.824275293946266174e+01
-1.824274495244026184e+01
-1.824268625676631927e+01
-1.824254789948463440e+01
-1.824274216592311859e+01
-1.824274697899818420e+01
-1.824274690449237823e+01
-1.824274210631847382e+01
-1.824275361001491547e+01
-1.824262590706348419e+01
-1.824271401762962341e+01
-1.824270652234554291e+01
-1.824270002543926239e+01
-1.824268303811550140e+01
-1.824243029952049255e+01
-1.824271772801876068e+01
-1.824270686507225037e+01
-1.824275958538055420e+01
-1.824271412193775177e+01
-1.824272498488426208e+01
-1.824276143312454224e+01
-1.824244950711727142e+01
-1.824271400272846222e+01
-1.824269403517246246e+01
-1.824257297813892365e+01
-1.824276646971702576e+01
-1.824267078936100006e+01
-1.824274234473705292e+01
-1.824275740981101990e+01
-1.824274651706218719e+01
-1.824268715083599091e+01
-1.824264842271804810e+01
-1.824273547530174255e+01
-1.824269102513790131e+01
-1.824274450540542603e+01
-1.824272824823856354e+01
-1.824232546985149384e+01
-1.824273791909217834e+01
-1.824274936318397522e+01
-1.824273347854614258e+01
-1.824275557696819305e+01
-1.824189087748527527e+01
-1.824274772405624390e+01
-1.824263113737106323e+01
-1.824265807867050171e+01
-1.824267196655273438e+01
-1.824267905950546265e+01
-1.824269980192184448e+01
-1.824274544417858124e+01
-1.824238742887973785e+01
-1.824275913834571838e+01
-1.824271117150783539e+01
-1.824275775253772736e+01
-1.824269126355648041e+01
-1.824274888634681702e+01
-1.824274760484695435e+01
-1.824248655140399933e+01
-1.824274466931819916e+01
-1.824276082217693329e+01
-1.824273087084293365e+01
-1.824275699257850647e+01
-1.824272088706493378e+01
-1.824262599647045135e+01
-1.824195446074008942e+01
-1.824271033704280853e+01
-1.824273203313350677e+01
-1.824271245300769806e+01
-1.824274523556232452e+01
-1.824277794361114502e+01
-1.824273461103439331e+01
-1.824279496073722839e+01
-1.824274834990501404e+01
-1.824251766502857208e+01
-1.824275222420692444e+01
-1.824273368716239929e+01
-1.824273483455181122e+01
-1.824257591366767883e+01
-1.824276170134544373e+01
-1.824258659780025482e+01
-1.824272249639034271e+01
-1.824274393916130066e+01
-1.824263553321361542e+01
-1.824276630580425262e+01
-1.824271476268768311e+01
-1.824269196391105652e+01
-1.824275004863739014e+01
-1.824271903932094574e+01
-1.824274975061416626e+01
-1.824234840273857117e+01
-1.824270951747894287e+01
-1.824270272254943848e+01
-1.824271751940250397e+01
-1.824273943901062012e+01
-1.824257132411003113e+01
-1.824153974652290344e+01
-1.824275536835193634e+01
-1.824275107681751251e+01
-1.824263031780719757e+01
-1.824264803528785706e+01
-1.824272726476192474e+01
-1.824274854362010956e+01
-1.824273985624313354e+01
-1.824270218610763550e+01
-1.824273745715618134e+01
-1.824267145991325378e+01
-1.824273166060447693e+01
-1.824280512332916260e+01
-1.824274186789989471e+01
-1.824259684979915619e+01
-1.824277767539024353e+01
-1.824271669983863831e+01
-1.824273531138896942e+01
-1.824277092516422272e+01
-1.824277299642562866e+01
-1.824272523820400238e+01
-1.824269950389862061e+01
-1.824277265369892120e+01
-1.824272423982620239e+01
-1.824276787042617798e+01
-1.824272823333740234e+01
-1.824274329841136932e+01
-1.824272148311138153e+01
-1.824276380240917206e+01
-1.824269092082977295e+01
-1.824274502694606781e+01
-1.824274307489395142e+01
-1.824251513183116913e+01
-1.824259157478809357e+01
-1.824268330633640289e+01
-1.824273364245891571e+01
-1.824257993698120117e+01
-1.824271345138549805e+01
-1.824274709820747375e+01
-1.824258109927177429e+01
-1.824276730418205261e+01
-1.824264815449714661e+01
-1.824277557432651520e+01
-1.824274361133575439e+01
-1.824271072447299957e+01
-1.824260076880455017e+01
-1.824272820353507996e+01
-1.824274697899818420e+01
-1.824266725778579712e+01
-1.824275101721286774e+01
-1.824271781742572784e+01
-1.824268029630184174e+01
-1.824269999563694000e+01
-1.824276559054851532e+01
-1.824268633127212524e+01
-1.824270741641521454e+01
-1.824269782006740570e+01
-1.824267902970314026e+01
-1.824276842176914215e+01
-1.824267084896564484e+01
-1.824248409271240234e+01
-1.824263995885848999e+01
-1.824272027611732483e+01
-1.824279287457466125e+01
-1.824270345270633698e+01
-1.824275185167789459e+01
-1.824275091290473938e+01
-1.824269776046276093e+01
-1.824273855984210968e+01
-1.824267511069774628e+01
-1.824277247488498688e+01
-1.824281480908393860e+01
-1.824240301549434662e+01
-1.824274267256259918e+01
-1.824271692335605621e+01
-1.824276436865329742e+01
-1.824255283176898956e+01
-1.824273814260959625e+01
-1.824274417757987976e+01
-1.824271854758262634e+01
-1.824271360039710999e+01
-1.824276968836784363e+01
-1.824269236624240875e+01
-1.824257902801036835e+01
-1.824262857437133789e+01
-1.824241109192371368e+01
-1.824269667267799377e+01
-1.824265475571155548e+01
-1.824276070296764374e+01
-1.824244433641433716e+01
-1.824272567033767700e+01
-1.824274185299873352e+01
-1.824267689883708954e+01
-1.824269974231719971e+01
-1.824262587726116180e+01
-1.824266470968723297e+01
-1.824273334443569183e+01
-1.824232059717178345e+01
-1.824269573390483856e+01
-1.824269597232341766e+01
-1.824277375638484955e+01
-1.824260058999061584e+01
-1.824271427094936371e+01
-1.824273486435413361e+01
-1.824269175529479980e+01
-1.824275375902652740e+01
-1.824275216460227966e+01
-1.824265444278717041e+01
-1.824274535477161407e+01
-1.824269312620162964e+01
-1.824271415174007416e+01
-1.824273824691772461e+01
-1.824272181093692780e+01
-1.824277062714099884e+01
-1.824245843291282654e+01
-1.824275311827659607e+01
-1.824278423190116882e+01
-1.824273175001144409e+01
-1.824269691109657288e+01
-1.824267385900020599e+01
-1.824267418682575226e+01
-1.824261677265167236e+01
-1.824274240434169769e+01
-1.824265341460704803e+01
-1.824268017709255219e+01
-1.824273419380187988e+01
-1.824251031875610352e+01
-1.824274139106273651e+01
-1.824275653064250946e+01
-1.824251802265644073e+01
-1.824276758730411530e+01
-1.824272471666336060e+01
-1.824271528422832489e+01
-1.824263916909694672e+01
-1.824277731776237488e+01
-1.824272905290126801e+01
-1.824266752600669861e+01
-1.824267184734344482e+01
-1.824269226193428040e+01
-1.824263460934162140e+01
-1.824268414080142975e+01
-1.824272634088993073e+01
-1.824270588159561157e+01
-1.824277634918689728e+01
-1.824275633692741394e+01
-1.824274064600467682e+01
-1.824265658855438232e+01
-1.824275024235248566e+01
-1.824272643029689789e+01
-1.824253223836421967e+01
-1.824269464612007141e+01
-1.824276125431060791e+01
-1.824252799153327942e+01
-1.824274423718452454e+01
-1.824266986548900604e+01
-1.824275615811347961e+01
-1.824271303415298462e+01
-1.824270899593830109e+01
-1.824273969233036041e+01
-1.824277123808860779e+01
-1.824272157251834869e+01
-1.824275676906108856e+01
-1.824266520142555237e+01
-1.824274295568466187e+01
-1.824259583652019501e+01
-1.824273364245891571e+01
-1.824273923039436340e+01
-1.824264682829380035e+01
-1.824278871715068817e+01
-1.824275334179401398e+01
-1.824279873073101044e+01
-1.824258376657962799e+01
-1.824200215935707092e+01
-1.824268104135990143e+01
-1.824271932244300842e+01
-1.824259650707244873e+01
-1.824272391200065613e+01
-1.824269808828830719e+01
-1.824221636354923248e+01
-1.824264903366565704e+01
-1.824272489547729492e+01
-1.824269360303878784e+01
-1.824268029630184174e+01
-1.824270103871822357e+01
-1.824275799095630646e+01
-1.824273866415023804e+01
-1.824276925623416901e+01
-1.824275913834571838e+01
-1.824274170398712158e+01
-1.824269402027130127e+01
-1.824276989698410034e+01
-1.824268336594104767e+01
-1.824273900687694550e+01
-1.824270881712436676e+01
-1.824249659478664398e+01
-1.824261853098869324e+01
-1.824270334839820862e+01
-1.824272395670413971e+01
-1.824263927340507507e+01
-1.824239467084407806e+01
-1.824272491037845612e+01
-1.824274170398712158e+01
-1.824270053207874298e+01
-1.824271611869335175e+01
-1.824275663495063782e+01
-1.824261561036109924e+01
-1.824272049963474274e+01
-1.824273915588855743e+01
-1.824276058375835419e+01
-1.824264691770076752e+01
-1.824277092516422272e+01
-1.824272269010543823e+01
-1.824278125166893005e+01
-1.824266126751899719e+01
-1.824272149801254272e+01
-1.824252721667289734e+01
-1.824275726079940796e+01
-1.824268436431884766e+01
-1.824271877110004425e+01
-1.824268682301044464e+01
-1.824273663759231567e+01
-1.824248729646205902e+01
-1.824279823899269104e+01
-1.824271415174007416e+01
-1.824282859265804291e+01
-1.824275097250938416e+01
-1.824274459481239319e+01
-1.824276600778102875e+01
-1.824276159703731537e+01
-1.824239057302474976e+01
-1.824268972873687744e+01
-1.824273727834224701e+01
-1.824219986796379089e+01
-1.824266849458217621e+01
-1.824274085462093353e+01
-1.824269030988216400e+01
-1.824273042380809784e+01
-1.824273574352264404e+01
-1.824273900687694550e+01
-1.824274452030658722e+01
-1.824270232021808624e+01
-1.824270412325859070e+01
-1.824250178039073944e+01
-1.824272182583808899e+01
-1.824274881184101105e+01
-1.824274818599224091e+01
-1.824271558225154877e+01
-1.824277442693710327e+01
-1.824271254241466522e+01
-1.824274292588233948e+01
-1.824275347590446472e+01
-1.824274887144565582e+01
-1.824271343648433685e+01
-1.824249771237373352e+01
-1.824270471930503845e+01
-1.824261079728603363e+01
-1.824268874526023865e+01
-1.824274782836437225e+01
-1.824272212386131287e+01
-1.824187587201595306e+01
-1.824269165098667145e+01
-1.824271875619888306e+01
-1.824270851910114288e+01
-1.824251961708068848e+01
-1.824270150065422058e+01
-1.824273943901062012e+01
-1.824269548058509827e+01
-1.824273188412189484e+01
-1.824275793135166168e+01
-1.824270789325237274e+01
-1.824273474514484406e+01
-1.824274975061416626e+01
-1.824259492754936218e+01
-1.824269925057888031e+01
-1.824277792870998383e+01
-1.824263526499271393e+01
-1.824268244206905365e+01
-1.824277247488498688e+01
-1.824263386428356171e+01
-1.824269838631153107e+01
-1.824268396198749542e+01
-1.824271178245544434e+01
-1.824241511523723602e+01
-1.824273830652236938e+01
-1.824272118508815765e+01
-1.824257567524909973e+01
-1.824264949560165405e+01
-1.824270741641521454e+01
-1.824274809658527374e+01
-1.824275657534599304e+01
-1.824262250959873199e+01
-1.824238935112953186e+01
-1.824271722137928009e+01
-1.824269124865531921e+01
-1.824272185564041138e+01
-1.824278953671455383e+01
-1.824248199164867401e+01
-1.824243812263011932e+01
-1.824275717139244080e+01
-1.824269345402717590e+01
-1.824274520576000214e+01
-1.824271117150783539e+01
-1.824274809658527374e+01
-1.824273747205734253e+01
-1.824270769953727722e+01
-1.824270941317081451e+01
-1.824238941073417664e+01
-1.824265408515930176e+01
-1.824266263842582703e+01
-1.824270372092723846e+01
-1.824267315864562988e+01
-1.824275097250938416e+01
-1.824273230135440826e+01
-1.824276649951934814e+01
-1.824261496961116791e+01
-1.824274551868438721e+01
-1.824273134768009186e+01
-1.824265873432159424e+01
-1.824273623526096344e+01
-1.824272869527339935e+01
-1.824275597929954529e+01
-1.824271951615810394e+01
-1.824272841215133667e+01
-1.824270053207874298e+01
-1.824272073805332184e+01
-1.824265424907207489e+01
-1.824271461367607117e+01
-1.824272501468658447e+01
-1.824274986982345581e+01
-1.824270220100879669e+01
-1.824271474778652191e+01
-1.824275217950344086e+01
-1.824278219044208527e+01
-1.824271529912948608e+01
-1.824269253015518188e+01
-1.824272413551807404e+01
-1.824273496866226196e+01
-1.824276192486286163e+01
-1.824269476532936096e+01
-1.824264833331108093e+01
-1.824274036288261414e+01
-1.824272193014621735e+01
-1.824259367585182190e+01
-1.824269525706768036e+01
-1.824248191714286804e+01
-1.824227787554264069e+01
-1.824265076220035553e+01
-1.824275797605514526e+01
-1.824274659156799316e+01
-1.824278095364570618e+01
-1.824276509881019592e+01
-1.824277943372726440e+01
-1.824265949428081512e+01
-1.824273884296417236e+01
-1.824248214066028595e+01
-1.824273714423179626e+01
-1.824273650348186493e+01
-1.824277155101299286e+01
-1.824273201823234558e+01
-1.824272227287292480e+01
-1.824264013767242432e+01
-1.824253237247467041e+01
-1.824274343252182007e+01
-1.824268963932991028e+01
-1.824266621470451355e+01
-1.824277547001838684e+01
-1.824270930886268616e+01
-1.824274671077728271e+01
-1.824274437129497528e+01
-1.824276299774646759e+01
-1.824276106059551239e+01
-1.824269033968448639e+01
-1.824275934696197510e+01
-1.824276763200759888e+01
-1.813652406632900238e+01
-1.824274800717830658e+01
-1.824252805113792419e+01
-1.824269488453865051e+01
-1.824269393086433411e+01
-1.824274455010890961e+01
-1.824275563657283783e+01
-1.824280525743961334e+01
-1.824271979928016663e+01
-1.824258035421371460e+01
-1.824271728098392487e+01
-1.824269545078277588e+01
-1.824272577464580536e+01
-1.824274538457393646e+01
-1.824275614321231842e+01
-1.824274197220802307e+01
-1.824259024858474731e+01
-1.824269536137580872e+01
-1.824268694221973419e+01
-1.824277161061763763e+01
-1.824269375205039978e+01
-1.824274988472461700e+01
-1.824271780252456665e+01
-1.824255459010601044e+01
-1.824263818562030792e+01
-1.824275368452072144e+01
-1.824274134635925293e+01
-1.824275173246860504e+01
-1.824256077408790588e+01
-1.824267913401126862e+01
-1.824274148046970367e+01
-1.824273882806301117e+01
-1.824269232153892517e+01
-1.824265325069427490e+01
-1.824276237189769745e+01
-1.824268937110900879e+01
-1.824273002147674561e+01
-1.824271319806575775e+01
-1.824268388748168945e+01
-1.824274227023124695e+01
-1.824273326992988586e+01
-1.824269892275333405e+01
-1.824271549284458160e+01
-1.824268595874309540e+01
-1.824269427359104156e+01
-1.824269436299800873e+01
-1.824264244735240936e+01
-1.824267192184925079e+01
-1.824271436035633087e+01
-1.824272374808788300e+01
-1.824272872507572174e+01
-1.824257892370223999e+01
-1.824278315901756287e+01
-1.824274562299251556e+01
-1.824268549680709839e+01
-1.824271190166473389e+01
-1.824273417890071869e+01
-1.824268037080764771e+01
-1.824275451898574829e+01
-1.824267570674419403e+01
-1.824270650744438171e+01
-1.824264061450958252e+01
-1.824272002279758453e+01
-1.824275639653205872e+01
-1.824273508787155151e+01
-1.824271954596042633e+01
-1.824275660514831543e+01
-1.824273088574409485e+01
-1.824272789061069489e+01
-1.824269223213195801e+01
-1.824247130751609802e+01
-1.824278295040130615e+01
-1.824273222684860229e+01
-1.824270950257778168e+01
-1.824273386597633362e+01
-1.824268105626106262e+01
-1.824272118508815765e+01
-1.824272698163986206e+01
-1.824274076521396637e+01
-1.824267537891864777e+01
-1.824266618490219116e+01
