-2.186464536190032959e+01
-2.206173384189605713e+01
-2.202276705205440521e+01
-2.201817183196544647e+01
-2.191606706380844116e+01
-2.196125355362892151e+01
-2.198588524758815765e+01
-2.199304674565792084e+01
-2.194394890964031219e+01
-2.197307825088500977e+01
-2.193700535595417023e+01
-2.200459733605384827e+01
-2.198436559736728668e+01
-2.204473154246807098e+01
-2.198762471973896027e+01
-2.204521365463733673e+01
-2.197807554900646210e+01
-2.196868756413459778e+01
-2.203981789946556091e+01
-2.200724406540393829e+01
-2.201741580665111542e+01
-2.198018434643745422e+01
-2.204062213003635406e+01
-2.196391247212886810e+01
-2.199860474467277527e+01
-2.201948836445808411e+01
-2.205859589576721191e+01
-2.198084023594856262e+01
-2.197656561434268951e+01
-2.198719935119152069e+01
-2.199961929023265839e+01
-2.195246082544326782e+01
-2.195768968760967255e+01
-2.199327355623245239e+01
-2.198625364899635315e+01
-2.198024587333202362e+01
-2.204557205736637115e+01
-2.191147303581237793e+01
-2.204790844023227692e+01
-2.198189997673034668e+01
-2.199975639581680298e+01
-2.198246805369853973e+01
-2.194556055963039398e+01
-2.202307623624801636e+01
-2.195858280360698700e+01
-2.200560408830642700e+01
-2.196537308394908905e+01
-2.185553936660289764e+01
-2.201210364699363708e+01
-2.198055338859558105e+01
-2.198959074914455414e+01
-2.206457227468490601e+01
-2.197862613201141357e+01
-2.200420141220092773e+01
-2.197914290428161621e+01
-2.198873990774154663e+01
-2.200313813984394073e+01
-2.201829524338245392e+01
-2.199337875843048096e+01
-2.198778039216995239e+01
-2.197208151221275330e+01
-2.193886777758598328e+01
-2.201660202443599701e+01
-2.198951414227485657e+01
-2.201151397824287415e+01
-2.199025799334049225e+01
-2.186054560542106628e+01
-2.201524223387241364e+01
-2.198178462684154510e+01
-2.200104364752769470e+01
-2.194105714559555054e+01
-2.201513846218585968e+01
-2.205405616760253906e+01
-2.198162087798118591e+01
-2.202097439765930176e+01
-2.202388952672481537e+01
-2.197683091461658478e+01
-2.196937522292137146e+01
-2.199465300142765045e+01
-2.202617660164833069e+01
-2.204639413952827454e+01
-2.197882069647312164e+01
-2.197025792300701141e+01
-2.198009358346462250e+01
-2.199782763421535492e+01
-2.197982233762741089e+01
-2.196670462191104889e+01
-2.201560975611209869e+01
-2.202277481555938721e+01
-2.198258671164512634e+01
-2.204794916510581970e+01
-2.202510006725788116e+01
-2.201444019377231598e+01
-2.198040629923343658e+01
-2.198432110249996185e+01
-2.204146650433540344e+01
-2.197760282456874847e+01
-2.198870927095413208e+01
-2.202961988747119904e+01
-2.198777739703655243e+01
-2.203204847872257233e+01
-2.203129212558269501e+01
-2.198018710315227509e+01
-2.198071397840976715e+01
-2.203300155699253082e+01
-2.193655969202518463e+01
-2.202663104236125946e+01
-2.196065711975097656e+01
-2.193130660057067871e+01
-2.203833389282226562e+01
-2.198076142370700836e+01
-2.199469821155071259e+01
-2.203569245338439941e+01
-2.196283920109272003e+01
-2.198483103513717651e+01
-2.197436420619487762e+01
-2.172679990530014038e+01
-2.198171594738960266e+01
-2.201272349059581757e+01
-2.196696053445339203e+01
-2.200927262008190155e+01
-2.197603709995746613e+01
-2.194616937637329102e+01
-2.193238468468189240e+01
-2.202026930451393127e+01
-2.201081579923629761e+01
-2.196680030226707458e+01
-2.205653026700019836e+01
-2.192212378978729248e+01
-2.198190127313137054e+01
-2.198565746843814850e+01
-2.206209628283977509e+01
-2.202023322880268097e+01
-2.199147324264049530e+01
-2.204092372953891754e+01
-2.202139398455619812e+01
-2.197975167632102966e+01
-2.197698129713535309e+01
-2.195544499158859253e+01
-2.198328989744186401e+01
-2.202707915008068085e+01
-2.203530855476856232e+01
-2.194328732788562775e+01
-2.200047776103019714e+01
-2.201063397526741028e+01
-2.200663298368453979e+01
-2.201751212775707245e+01
-2.203140904009342194e+01
-2.198893009126186371e+01
-2.197767314314842224e+01
-2.199802596867084503e+01
-2.198017565906047821e+01
-2.196857431530952454e+01
-2.202490667998790741e+01
-2.204287032783031464e+01
-2.201038533449172974e+01
-2.198896630108356476e+01
-2.203951677680015564e+01
-2.203301373124122620e+01
-2.200406746566295624e+01
-2.203579539060592651e+01
-2.201453800499439240e+01
-2.198134845495223999e+01
-2.197668948769569397e+01
-2.205334034562110901e+01
-2.200601643323898315e+01
-2.197802175581455231e+01
-2.203652532398700714e+01
-2.187903910875320435e+01
-2.198035134375095367e+01
-2.201593866944313049e+01
-2.204610167443752289e+01
-2.191756300628185272e+01
-2.190790797770023346e+01
-2.199601171910762787e+01
-2.199940869212150574e+01
-2.197212070226669312e+01
-2.197953113913536072e+01
-2.198362305760383606e+01
-2.198914124071598053e+01
-2.203515462577342987e+01
-2.196026068925857544e+01
-2.200388355553150177e+01
-2.198686572909355164e+01
-2.193803055584430695e+01
-2.204586677253246307e+01
-2.196619419753551483e+01
-2.199225038290023804e+01
-2.199470023810863495e+01
-2.190890501439571381e+01
-2.202161416411399841e+01
-2.203119395673274994e+01
-2.202291493117809296e+01
-2.200876146554946899e+01
-2.195055557787418365e+01
-2.197159998118877411e+01
-2.204608412086963654e+01
-2.201460060477256775e+01
-2.201529139280319214e+01
-2.203251659870147705e+01
-2.194425037503242493e+01
-2.196992371976375580e+01
-2.200765424966812134e+01
-2.201485042273998260e+01
-2.197266751527786255e+01
-2.203483067452907562e+01
-2.196845397353172302e+01
-2.205018216371536255e+01
-2.198625621199607849e+01
-2.199448020756244659e+01
-2.197970116138458252e+01
-2.201307553052902222e+01
-2.193744824826717377e+01
-2.200742690265178680e+01
-2.198630593717098236e+01
-2.197668595612049103e+01
-2.198771008849143982e+01
-2.197573253512382507e+01
-2.198590204119682312e+01
-2.192620548605918884e+01
-2.197097684442996979e+01
-2.204360355436801910e+01
-2.198230476677417755e+01
-2.187655442953109741e+01
-2.189946761727333069e+01
-2.191554675996303558e+01
-2.198620632290840149e+01
-2.204185003042221069e+01
-2.197468404471874237e+01
-2.198425184190273285e+01
-2.198100863397121429e+01
-2.197880147397518158e+01
-2.197611175477504730e+01
-2.192149932682514191e+01
-2.206205190718173981e+01
-2.202512702345848083e+01
-2.197973898053169250e+01
-2.198084945976734161e+01
-2.200673060119152069e+01
-2.196386148035526276e+01
-2.201423723995685577e+01
-2.196000909805297852e+01
-2.205848193168640137e+01
-2.202259044349193573e+01
-2.198513196408748627e+01
-2.198291482031345367e+01
-1.844693186879158020e+01
-2.200254181027412415e+01
-2.204323861002922058e+01
-2.198799771070480347e+01
-2.202975383400917053e+01
-2.201937821507453918e+01
-2.193768225610256195e+01
-2.200628265738487244e+01
-2.196322754025459290e+01
-2.201551942527294159e+01
-2.197752796113491058e+01
-2.197409577667713165e+01
-2.202632778882980347e+01
-2.198805278539657593e+01
-2.200846362113952637e+01
-2.202450689673423767e+01
-2.195776236057281494e+01
-2.196437051892280579e+01
-2.190112569928169250e+01
-2.199396723508834839e+01
-2.194361583888530731e+01
-2.199327319860458374e+01
-2.197266224026679993e+01
-2.201722113788127899e+01
-2.204859255254268646e+01
-2.198165819048881531e+01
-2.185021577775478363e+01
-2.197419707477092743e+01
-2.189263646304607391e+01
-2.195099014043807983e+01
-2.196735402941703796e+01
-2.197905993461608887e+01
-2.192429031431674957e+01
-2.191583354771137238e+01
-2.204176411032676697e+01
-2.198364390432834625e+01
-2.199797365069389343e+01
-2.196009626984596252e+01
-2.198215071856975555e+01
-2.197898836433887482e+01
-2.197789536416530609e+01
-2.201764082908630371e+01
-2.198572790622711182e+01
-2.203394269943237305e+01
-2.197620460391044617e+01
-2.197776795923709869e+01
-2.196217072010040283e+01
-2.199193523824214935e+01
-2.201594877243041992e+01
-2.201797820627689362e+01
-2.197948127985000610e+01
-2.197509622573852539e+01
-2.198752924799919128e+01
-2.203066007792949677e+01
-2.202574230730533600e+01
-2.202491678297519684e+01
-2.197246557474136353e+01
-2.206923483312129974e+01
-2.198156680166721344e+01
-2.201826848089694977e+01
-2.200099937617778778e+01
-2.194313147664070129e+01
-2.191722308099269867e+01
-2.197387576103210449e+01
-2.193934190273284912e+01
-2.205566383898258209e+01
-2.205806913971900940e+01
-2.198097690939903259e+01
-2.198176495730876923e+01
-2.200103786587715149e+01
-2.198441356420516968e+01
-2.202989493310451508e+01
-2.199830494821071625e+01
-2.200686918199062347e+01
-2.198362037539482117e+01
-2.199447946250438690e+01
-2.202610804140567780e+01
-2.206004410982131958e+01
-2.195596508681774139e+01
-2.203049294650554657e+01
-2.201239134371280670e+01
-2.201350100338459015e+01
-2.197888109087944031e+01
-2.198935666680335999e+01
-2.200185963511466980e+01
-2.187958556413650513e+01
-2.203237080574035645e+01
-2.204873982071876526e+01
-2.207474733889102936e+01
-2.199216741323471069e+01
-2.197878552973270416e+01
-2.195280161499977112e+01
-2.198424749076366425e+01
-2.194296209514141083e+01
-2.194748665392398834e+01
-2.199040818214416504e+01
-2.198750735819339752e+01
-2.198044061660766602e+01
-2.195523762702941895e+01
-2.199177280068397522e+01
-2.197905746102333069e+01
-2.199165347218513489e+01
-2.202442824840545654e+01
-2.201262748241424561e+01
-2.202591282129287720e+01
-2.200411801040172577e+01
-2.200922627747058868e+01
-2.198431880772113800e+01
-2.193807104229927063e+01
-2.192672237753868103e+01
-2.205119703710079193e+01
-2.199647675454616547e+01
-2.198486462235450745e+01
-2.202369424700737000e+01
-2.198925210535526276e+01
-2.201408448815345764e+01
-2.200948195159435272e+01
-2.203694380819797516e+01
-2.198454912006855011e+01
-2.204012124240398407e+01
-2.200603857636451721e+01
-2.199100390076637268e+01
-2.198761467635631561e+01
-2.205341643095016479e+01
-2.198469273746013641e+01
-2.196492388844490051e+01
-2.198067161440849304e+01
-2.198235949873924255e+01
-2.206127116084098816e+01
-2.197685603797435760e+01
-2.200979988276958466e+01
-2.198413763940334320e+01
-2.199251663684844971e+01
-2.204365846514701843e+01
-2.186602605879306793e+01
-2.199344094097614288e+01
-2.200832767784595490e+01
-2.195567242801189423e+01
-2.205509495735168457e+01
-2.191392830014228821e+01
-2.206606085598468781e+01
-2.196951140463352203e+01
-2.198886923491954803e+01
-2.194685763120651245e+01
-2.201275920867919922e+01
-2.196562778949737549e+01
-2.198490376770496368e+01
-2.196845108270645142e+01
-2.196894544363021851e+01
-2.198891355097293854e+01
-2.205024665594100952e+01
-2.198216155171394348e+01
-2.204355753958225250e+01
-2.197731661796569824e+01
-2.200196635723114014e+01
-2.200100569427013397e+01
-2.203259010612964630e+01
-2.200550608336925507e+01
-2.196942344307899475e+01
-2.197097390890121460e+01
-2.198136261105537415e+01
-2.200455395877361298e+01
-2.198092922568321228e+01
-2.195287019014358521e+01
-2.199573333561420441e+01
-2.199650093913078308e+01
-2.194042839109897614e+01
-2.192828559875488281e+01
-2.196481370925903320e+01
-2.203585486114025116e+01
-2.198955647647380829e+01
-2.194688697159290314e+01
-2.193528239428997040e+01
-2.205527350306510925e+01
-2.205757114291191101e+01
-2.197535626590251923e+01
-2.197185380756855011e+01
-2.204435463249683380e+01
-2.202061055600643158e+01
-2.198153275251388550e+01
-2.199702487885951996e+01
-2.200987248122692108e+01
-2.197914175689220428e+01
-2.200451575219631195e+01
-2.206161098182201385e+01
-2.191884700953960419e+01
-2.201001487672328949e+01
-2.199482122063636780e+01
-2.197961767017841339e+01
-2.199301251769065857e+01
-2.200187340378761292e+01
-2.197883510589599609e+01
-2.197629936039447784e+01
-2.197690877318382263e+01
-2.198922087252140045e+01
-2.198445565998554230e+01
-2.202421103417873383e+01
-2.205789022147655487e+01
-2.198009462654590607e+01
-2.199838495254516602e+01
-2.202310541272163391e+01
-2.200204595923423767e+01
-2.188195486366748810e+01
-2.197024686634540558e+01
-2.197153735160827637e+01
-2.198909062147140503e+01
-2.206273880600929260e+01
-2.197691169381141663e+01
-2.206596074998378754e+01
-2.197614496946334839e+01
-2.197252380847930908e+01
-2.195316477119922638e+01
-2.198325556516647339e+01
-2.201194623112678528e+01
-2.199426610767841339e+01
-2.197599156200885773e+01
-2.200938607752323151e+01
-2.199125675857067108e+01
-2.199352268874645233e+01
-2.197665458917617798e+01
-2.203097084164619446e+01
-2.200752252340316772e+01
-2.199136871099472046e+01
-2.189287918806076050e+01
-2.197356320917606354e+01
-2.200132559239864349e+01
-2.198358650505542755e+01
-2.203638833761215210e+01
-2.199173110723495483e+01
-2.202919572591781616e+01
-2.199858300387859344e+01
-2.197526487708091736e+01
-2.193289344012737274e+01
-2.198569364845752716e+01
-2.203589373826980591e+01
-2.197748643159866333e+01
-2.200301618874073029e+01
-2.197236143052577972e+01
-2.200710207223892212e+01
-2.197467930614948273e+01
-2.195890177786350250e+01
-2.200350481271743774e+01
-2.200919124484062195e+01
-2.195158052444458008e+01
-2.202503849565982819e+01
-2.201209169626235962e+01
-2.203826630115509033e+01
-2.205110250413417816e+01
-2.199813808500766754e+01
-2.199024775624275208e+01
-2.203538520634174347e+01
-2.196969637274742126e+01
-2.198793865740299225e+01
-2.197069799900054932e+01
-2.200483377277851105e+01
-2.201267908513545990e+01
-2.198276998102664948e+01
-2.201331762969493866e+01
-2.197257551550865173e+01
-2.198832993209362030e+01
-2.201008819043636322e+01
-2.199207390844821930e+01
-2.202808900177478790e+01
-2.195575451850891113e+01
-2.200146764516830444e+01
-2.204098278284072876e+01
-2.198200756311416626e+01
-2.193023315072059631e+01
-2.198964178562164307e+01
-2.202242371439933777e+01
-2.197801002860069275e+01
-2.193982952833175659e+01
-2.199501511454582214e+01
-2.197983162105083466e+01
-2.189766682684421539e+01
-2.202082672715187073e+01
-2.204155264794826508e+01
-2.195137944817543030e+01
-2.198173776268959045e+01
-2.198347622156143188e+01
-2.197736932337284088e+01
-2.196906153857707977e+01
-2.197828213870525360e+01
-2.197235029935836792e+01
-2.203253807127475739e+01
-2.197429952025413513e+01
-2.197560147941112518e+01
-2.192450410127639771e+01
-2.198452723026275635e+01
-2.199570529162883759e+01
-2.203291970491409302e+01
-2.197027546167373657e+01
-2.197200779616832733e+01
-2.194977252185344696e+01
-2.197278355062007904e+01
-2.196947650611400604e+01
-2.195014813542366028e+01
-2.200582078099250793e+01
-2.204455135762691498e+01
-2.192247721552848816e+01
-2.198769114911556244e+01
-2.200291678309440613e+01
-2.196366310119628906e+01
-2.201648795604705811e+01
-2.196402595937252045e+01
-2.195557568967342377e+01
-2.196928104758262634e+01
-2.198220390081405640e+01
-2.197774593532085419e+01
-2.190940372645854950e+01
-2.196841241419315338e+01
-2.192804029583930969e+01
-2.198429067432880402e+01
-2.191327773034572601e+01
-2.196322321891784668e+01
-2.198191110789775848e+01
-2.199497520923614502e+01
-2.202770507335662842e+01
-2.196977435052394867e+01
-2.204977668821811676e+01
-2.194464333355426788e+01
-2.198180329799652100e+01
-2.201267100870609283e+01
-2.200649477541446686e+01
-2.198558712005615234e+01
-2.200789597630500793e+01
-2.198404331505298615e+01
-2.199797350168228149e+01
-2.199478995800018311e+01
-2.199340420961380005e+01
-2.188081641495227814e+01
-2.200721797347068787e+01
-2.204453676939010620e+01
-2.197887921333312988e+01
-2.191593429446220398e+01
-2.202227915823459625e+01
-2.195820561051368713e+01
-2.197623530030250549e+01
-2.199031431972980499e+01
-2.199768330156803131e+01
-2.197658580541610718e+01
-2.198469655215740204e+01
-2.202351093292236328e+01
-2.196505957841873169e+01
-2.202676317095756531e+01
-2.198177622258663177e+01
-2.202426758408546448e+01
-2.201031404733657837e+01
-2.191167114675045013e+01
-2.199041403830051422e+01
-2.198540841042995453e+01
-2.200071322917938232e+01
-2.200015333294868469e+01
-2.201347433030605316e+01
-2.198407672345638275e+01
-2.201870210468769073e+01
-2.201207444071769714e+01
-2.198118540644645691e+01
-2.199116154015064240e+01
-2.196625824272632599e+01
-2.203502617776393890e+01
-2.193975245952606201e+01
-2.201146797835826874e+01
-2.197108440101146698e+01
-2.198466868698596954e+01
-2.200810687243938446e+01
-2.199174280464649200e+01
-2.200097773969173431e+01
-2.199722619354724884e+01
-2.197852469980716705e+01
-2.196792951226234436e+01
-2.204324366152286530e+01
-2.196480664610862732e+01
-2.200475810468196869e+01
-2.203626742959022522e+01
-2.197774159908294678e+01
-2.205078390240669250e+01
-2.204310730099678040e+01
-2.198508389294147491e+01
-2.199224348366260529e+01
-2.189614994823932648e+01
-2.201721043884754181e+01
-2.195291851460933685e+01
-2.201875023543834686e+01
-2.192393437027931213e+01
-2.189179001748561859e+01
-2.202335579693317413e+01
-2.201410658657550812e+01
-2.202521632611751556e+01
-2.196817235648632050e+01
-2.193515709042549133e+01
-2.191607646644115448e+01
-2.203618295490741730e+01
-2.197827957570552826e+01
-2.198410052061080933e+01
-2.196920415759086609e+01
-2.198091261088848114e+01
-2.205822993814945221e+01
-2.203124554455280304e+01
-2.197172796726226807e+01
-2.193013165891170502e+01
-2.198117487132549286e+01
-2.199070438742637634e+01
-2.202214425802230835e+01
-2.195452210307121277e+01
-2.198257493972778320e+01
-2.197261828184127808e+01
-2.202760967612266541e+01
-2.196339704096317291e+01
-2.204391936957836151e+01
-2.198781140148639679e+01
-2.196299362182617188e+01
-2.197905915975570679e+01
-2.197487567365169525e+01
-2.206156049668788910e+01
-2.197237844765186310e+01
-2.201300786435604095e+01
-2.198487120866775513e+01
-2.207225483655929565e+01
-2.201918086409568787e+01
-2.197528615593910217e+01
-2.199443675577640533e+01
-2.199040834605693817e+01
-2.199033303558826447e+01
-2.197294230759143829e+01
-2.199845860898494720e+01
-2.199069646000862122e+01
-2.198294205963611603e+01
-2.193991465866565704e+01
-2.197575794160366058e+01
-2.199023725092411041e+01
-2.198375090956687927e+01
-2.198844076693058014e+01
-2.201828539371490479e+01
-2.202386920154094696e+01
-2.200138996541500092e+01
-2.198347486555576324e+01
-2.196879254281520844e+01
-2.198940785229206085e+01
-2.198236951231956482e+01
-2.197683733701705933e+01
-2.197596444189548492e+01
-2.194921171665191650e+01
-2.202000214159488678e+01
-2.198305398225784302e+01
-2.198751142621040344e+01
-2.198643748462200165e+01
-2.196558600664138794e+01
-2.197930543124675751e+01
-2.200165583193302155e+01
-2.200873804092407227e+01
-2.199626651406288147e+01
-2.199985069036483765e+01
-2.197904115915298462e+01
-2.204644140601158142e+01
-2.196177622675895691e+01
-2.202682992815971375e+01
-2.202059639990329742e+01
-2.187689439952373505e+01
-2.196360543370246887e+01
-2.196823130548000336e+01
-2.199085149168968201e+01
-2.200768119096755981e+01
-2.202320949733257294e+01
-2.197426681220531464e+01
-2.202325369417667389e+01
-2.202938543260097504e+01
-2.198016060888767242e+01
-2.195012727379798889e+01
-3.598336361348628998e+00
-2.198089237511157990e+01
-2.204419128596782684e+01
-2.196186502277851105e+01
-2.201198183000087738e+01
-2.192049774527549744e+01
-2.198111219704151154e+01
-2.207589659094810486e+01
-2.197801752388477325e+01
-2.200640997290611267e+01
-2.204312165081501007e+01
-2.200455169379711151e+01
-2.202643518149852753e+01
-2.199230691790580750e+01
-2.198715381324291229e+01
-2.193700720369815826e+01
-2.198786441981792450e+01
-2.199246141314506531e+01
-2.200895385444164276e+01
-2.203583766520023346e+01
-2.199589680135250092e+01
-2.200586219131946564e+01
-2.198961009085178375e+01
-2.198004911839962006e+01
-2.195763747394084930e+01
-2.199516387283802032e+01
-2.198614400625228882e+01
-2.198992387950420380e+01
-2.198806467652320862e+01
-2.197381108999252319e+01
-2.192845450341701508e+01
-2.196590279042720795e+01
-2.197644624114036560e+01
-2.201178663969039917e+01
-2.201197773218154907e+01
-2.200038214027881622e+01
-2.193236039578914642e+01
-2.187848047912120819e+01
-2.202089004218578339e+01
-2.197441555559635162e+01
-2.201532706618309021e+01
-2.196127332746982574e+01
-2.197754068672657013e+01
-2.199272383749485016e+01
-2.198853993415832520e+01
-2.197528536617755890e+01
-2.199581819772720337e+01
-2.203698378801345825e+01
-2.198808987438678741e+01
-2.197054672241210938e+01
-2.201993687450885773e+01
-2.201671111583709717e+01
-2.197276429831981659e+01
-2.198407796025276184e+01
-2.197930234670639038e+01
-2.198693551123142242e+01
-2.199657209217548370e+01
-2.174634262919425964e+01
-2.204721491038799286e+01
-2.197288055717945099e+01
-2.197181996703147888e+01
-2.200324907898902893e+01
-2.197562694549560547e+01
-2.197389410436153412e+01
-2.199620148539543152e+01
-2.193664045631885529e+01
-2.198328118026256561e+01
-2.203754542768001556e+01
-2.199008902907371521e+01
-2.200123217701911926e+01
-2.190825127065181732e+01
-2.203468134999275208e+01
-2.199509377777576447e+01
-2.197674016654491425e+01
-2.204813618957996368e+01
-2.198848299682140350e+01
-2.197973634302616119e+01
-2.197612133622169495e+01
-2.197399485111236572e+01
-2.175186249613761902e+01
-2.202572649717330933e+01
-2.197323079407215118e+01
-2.193773654103279114e+01
-2.202043896913528442e+01
-2.206161209940910339e+01
