-5.854578226804733276e+00
-5.862628981471061707e+00
-5.838179022073745728e+00
-5.838496752083301544e+00
-5.834264323115348816e+00
-5.862619698047637939e+00
-5.857215240597724915e+00
-5.857005052268505096e+00
-5.860305145382881165e+00
-5.858958698809146881e+00
-5.858173742890357971e+00
-5.851765289902687073e+00
-5.862029045820236206e+00
-5.862225420773029327e+00
-5.862401328980922699e+00
-5.851763367652893066e+00
-5.853577494621276855e+00
-5.849743060767650604e+00
-5.856776982545852661e+00
-5.861068934202194214e+00
-5.863479793071746826e+00
-5.863271750509738922e+00
-5.860718302428722382e+00
-5.863485887646675110e+00
-5.862063415348529816e+00
-5.860265687108039856e+00
-5.859428353607654572e+00
-5.860111162066459656e+00
-5.862158060073852539e+00
-5.798376254737377167e+00
-5.854199357330799103e+00
-5.858633242547512054e+00
-5.853275805711746216e+00
-5.744745902717113495e+00
-5.841245412826538086e+00
-5.863412104547023773e+00
-5.861707270145416260e+00
-5.862847387790679932e+00
-5.862812742590904236e+00
-5.861098527908325195e+00
-5.863070614635944366e+00
-5.861937962472438812e+00
-5.861934252083301544e+00
-5.860429264605045319e+00
-5.862551771104335785e+00
-5.666056387126445770e+00
-5.863254964351654053e+00
-5.846804499626159668e+00
-5.838025629520416260e+00
-5.863355778157711029e+00
-5.863223977386951447e+00
-5.860543869435787201e+00
-5.861800573766231537e+00
-5.861238114535808563e+00
-5.859163276851177216e+00
-5.861918978393077850e+00
-5.861169770359992981e+00
-5.860821910202503204e+00
-5.822881929576396942e+00
-5.840296491980552673e+00
-5.862964250147342682e+00
-5.860058784484863281e+00
-5.831724390387535095e+00
-5.802048571407794952e+00
-5.860457494854927063e+00
-5.857066065073013306e+00
-5.859298229217529297e+00
-5.846299454569816589e+00
-5.863308876752853394e+00
-5.856974944472312927e+00
-5.861092396080493927e+00
-5.862573690712451935e+00
-5.863430783152580261e+00
-5.841667413711547852e+00
-5.859590142965316772e+00
-5.853135578334331512e+00
-5.837995342910289764e+00
-5.835512287914752960e+00
-5.861826524138450623e+00
-5.857566840946674347e+00
-5.863014377653598785e+00
-5.862830668687820435e+00
-5.857546135783195496e+00
-5.862077079713344574e+00
-5.859334662556648254e+00
-5.837464772164821625e+00
-5.856515601277351379e+00
-5.850036330521106720e+00
-5.844049148261547089e+00
-5.850552670657634735e+00
-5.838194012641906738e+00
-5.862730994820594788e+00
-5.863288059830665588e+00
-5.858764156699180603e+00
-5.843541525304317474e+00
-5.863089330494403839e+00
-5.853280857205390930e+00
-5.860650427639484406e+00
-5.863459832966327667e+00
-5.849719919264316559e+00
-5.855205565690994263e+00
-5.760958001017570496e+00
-5.863337554037570953e+00
-5.861413396894931793e+00
-5.863382861018180847e+00
-5.862873129546642303e+00
-5.863365061581134796e+00
-5.857006452977657318e+00
-5.850558497011661530e+00
-5.856787897646427155e+00
-5.863041408360004425e+00
-5.859524674713611603e+00
-5.853907786309719086e+00
-5.863215617835521698e+00
-5.862058848142623901e+00
-5.850966818630695343e+00
-5.861786074936389923e+00
-5.863466538488864899e+00
-5.860074117779731750e+00
-5.859775625169277191e+00
-5.837834611535072327e+00
-5.855659492313861847e+00
-5.858392417430877686e+00
-5.854531534016132355e+00
-5.860425993800163269e+00
-5.862773217260837555e+00
-5.862553305923938751e+00
-5.863221064209938049e+00
-5.850295156240463257e+00
-5.800746448338031769e+00
-5.863295264542102814e+00
-5.851110517978668213e+00
-5.851394273340702057e+00
-5.859372213482856750e+00
-5.862706229090690613e+00
-5.861131563782691956e+00
-5.856030091643333435e+00
-5.859007425606250763e+00
-5.860336117446422577e+00
-5.858338505029678345e+00
-5.862875439226627350e+00
-5.848818324506282806e+00
-5.805173873901367188e+00
-5.849669292569160461e+00
-5.863039322197437286e+00
-5.862807318568229675e+00
-5.804386369884014130e+00
-5.863380730152130127e+00
-5.863527558743953705e+00
-5.860220298171043396e+00
-5.859917171299457550e+00
-5.856335192918777466e+00
-5.860334455966949463e+00
-5.862706571817398071e+00
-5.860637784004211426e+00
-5.860930323600769043e+00
-5.749919071793556213e+00
-5.859951749444007874e+00
-5.862773023545742035e+00
-5.861225336790084839e+00
-5.810863696038722992e+00
-5.850215069949626923e+00
-5.862502090632915497e+00
-5.862511299550533295e+00
-5.860354244709014893e+00
-5.862449191510677338e+00
-5.857491850852966309e+00
-5.857134066522121429e+00
-5.862620681524276733e+00
-5.856816209852695465e+00
-5.862720027565956116e+00
-5.829989515244960785e+00
-5.863254286348819733e+00
-5.863356821238994598e+00
-5.841238580644130707e+00
-5.833934865891933441e+00
-5.863230161368846893e+00
-5.862961381673812866e+00
-5.863598749041557312e+00
-5.861291028559207916e+00
-5.863079115748405457e+00
-5.862293392419815063e+00
-5.861488111317157745e+00
-5.852692984044551849e+00
-5.862329676747322083e+00
-5.853638060390949249e+00
-5.833140328526496887e+00
-5.856937423348426819e+00
-5.852708972990512848e+00
-5.863303512334823608e+00
-5.856903955340385437e+00
-5.851377546787261963e+00
-5.862972542643547058e+00
-5.861638724803924561e+00
-5.863229289650917053e+00
-5.861218273639678955e+00
-5.854047216475009918e+00
-5.861974276602268219e+00
-5.861364997923374176e+00
-5.862714685499668121e+00
-5.859536044299602509e+00
-5.838008135557174683e+00
-5.862901717424392700e+00
-5.859844751656055450e+00
-5.862568929791450500e+00
-5.863471135497093201e+00
-5.859569653868675232e+00
-5.862244240939617157e+00
-5.852449819445610046e+00
-5.863457992672920227e+00
-5.863610178232192993e+00
-5.863137684762477875e+00
-5.820529177784919739e+00
-5.862383313477039337e+00
-5.814285159111022949e+00
-5.863242618739604950e+00
-5.752081938087940216e+00
-5.858103357255458832e+00
-5.859116695821285248e+00
-5.862850785255432129e+00
-5.859318330883979797e+00
-5.862106770277023315e+00
-5.855590105056762695e+00
-5.863355524837970734e+00
-5.827864736318588257e+00
-5.863065093755722046e+00
-5.852208070456981659e+00
-5.857969306409358978e+00
-5.860715337097644806e+00
-5.862676426768302917e+00
-5.858360685408115387e+00
-5.860228076577186584e+00
-5.863338433206081390e+00
-5.860906593501567841e+00
-5.861528180539608002e+00
-5.863287955522537231e+00
-5.863239265978336334e+00
-5.803899548947811127e+00
-5.823512189090251923e+00
-5.862190738320350647e+00
-5.861453346908092499e+00
-5.863329380750656128e+00
-5.828900426626205444e+00
-5.863373897969722748e+00
-5.860190212726593018e+00
-5.860458783805370331e+00
-5.863412767648696899e+00
-5.862635955214500427e+00
-5.827427849173545837e+00
-5.860875301063060760e+00
-5.856177300214767456e+00
-5.863077312707901001e+00
-5.859381861984729767e+00
-5.862716406583786011e+00
-5.862739779055118561e+00
-5.863319694995880127e+00
-5.863030031323432922e+00
-5.861230798065662384e+00
-5.862400457262992859e+00
-5.863481245934963226e+00
-5.862246416509151459e+00
-5.854574747383594513e+00
-5.859967917203903198e+00
-5.861033938825130463e+00
-5.863355875015258789e+00
-5.841617457568645477e+00
-5.860264755785465240e+00
-5.850641623139381409e+00
-5.805687785148620605e+00
-5.859625846147537231e+00
-5.863135546445846558e+00
-5.863615714013576508e+00
-5.861847437918186188e+00
-5.821355484426021576e+00
-5.829142726957798004e+00
-5.862951599061489105e+00
-5.849528238177299500e+00
-5.863428212702274323e+00
-5.858796678483486176e+00
-5.842450045049190521e+00
-5.863029122352600098e+00
-5.806266456842422485e+00
-5.859572567045688629e+00
-5.857036240398883820e+00
-5.856185279786586761e+00
-5.851120576262474060e+00
-5.860245756804943085e+00
-5.842947140336036682e+00
-5.859926432371139526e+00
-5.847126379609107971e+00
-5.847099319100379944e+00
-5.850918270647525787e+00
-5.852057106792926788e+00
-5.861566156148910522e+00
-5.842690430581569672e+00
-5.860492490231990814e+00
-5.863527730107307434e+00
-5.863479815423488617e+00
-5.862072050571441650e+00
-5.801786109805107117e+00
-5.863137617707252502e+00
-5.838167674839496613e+00
-5.863421633839607239e+00
-5.862629026174545288e+00
-5.863555394113063812e+00
-5.862370468676090240e+00
-5.846863590180873871e+00
-5.863114289939403534e+00
-5.859781071543693542e+00
-5.863312028348445892e+00
-5.863448888063430786e+00
-5.847145318984985352e+00
-5.787629812955856323e+00
-5.862532049417495728e+00
-5.853360347449779510e+00
-5.850016534328460693e+00
-5.860493183135986328e+00
-5.859721310436725616e+00
-5.863262288272380829e+00
-5.861386954784393311e+00
-5.853360131382942200e+00
-5.834693260490894318e+00
-5.863451518118381500e+00
-5.863550499081611633e+00
-5.857959099113941193e+00
-5.862691655755043030e+00
-5.859432026743888855e+00
-5.851077556610107422e+00
-5.858035527169704437e+00
-5.808872386813163757e+00
-5.860863469541072845e+00
-5.861105300486087799e+00
-5.863437056541442871e+00
-5.862636901438236237e+00
-5.862649448215961456e+00
-5.862191818654537201e+00
-5.852130457758903503e+00
-5.833719566464424133e+00
-5.847737438976764679e+00
-5.859290957450866699e+00
-5.863404251635074615e+00
-5.858660772442817688e+00
-5.813950084149837494e+00
-5.859618939459323883e+00
-5.859176546335220337e+00
-5.862495355308055878e+00
-5.860749647021293640e+00
-5.863434016704559326e+00
-5.863360628485679626e+00
-5.855841919779777527e+00
-5.863495521247386932e+00
-5.856176450848579407e+00
-5.842786625027656555e+00
-5.849763639271259308e+00
-5.804456844925880432e+00
-5.841192588210105896e+00
-5.863332308828830719e+00
-5.852733045816421509e+00
-5.857584230601787567e+00
-5.863352298736572266e+00
-5.856275759637355804e+00
-5.863549873232841492e+00
-5.861489303410053253e+00
-5.858134970068931580e+00
-5.850246176123619080e+00
-5.860392265021800995e+00
-5.809792920947074890e+00
-5.835979267954826355e+00
-5.860389016568660736e+00
-5.859669461846351624e+00
-5.862312205135822296e+00
-5.835486747324466705e+00
-5.792335085570812225e+00
-5.862852156162261963e+00
-5.855066813528537750e+00
-5.850413307547569275e+00
-5.859810993075370789e+00
-5.863165691494941711e+00
-5.861319333314895630e+00
-5.830886445939540863e+00
-5.860146455466747284e+00
-5.861496262252330780e+00
-5.853595875203609467e+00
-5.858286432921886444e+00
-5.860581539571285248e+00
-5.853945784270763397e+00
-5.858962677419185638e+00
-5.861687898635864258e+00
-5.863213159143924713e+00
-5.861093066632747650e+00
-5.863596193492412567e+00
-5.861450910568237305e+00
-5.858217120170593262e+00
-5.859879985451698303e+00
-5.810730129480361938e+00
-5.853643521666526794e+00
-5.848556570708751678e+00
-5.809688188135623932e+00
-5.844353839755058289e+00
-5.862527221441268921e+00
-5.861930884420871735e+00
-5.861936464905738831e+00
-5.858921512961387634e+00
-5.862730287015438080e+00
-5.839603371918201447e+00
-5.849816031754016876e+00
-5.858598232269287109e+00
-5.863554224371910095e+00
-5.862845934927463531e+00
-5.853074021637439728e+00
-5.846672721207141876e+00
-5.860960721969604492e+00
-5.850719913840293884e+00
-5.860658079385757446e+00
-5.863507650792598724e+00
-5.850596882402896881e+00
-5.860390573740005493e+00
-5.858352459967136383e+00
-5.863465026021003723e+00
-5.863177932798862457e+00
-5.861584357917308807e+00
-5.863606847822666168e+00
-5.810214862227439880e+00
-5.863168254494667053e+00
-5.846586272120475769e+00
-5.863306567072868347e+00
-5.856193706393241882e+00
-5.860967464745044708e+00
-5.863093592226505280e+00
-5.851684197783470154e+00
-5.838256306946277618e+00
-5.863064333796501160e+00
-5.858425676822662354e+00
-5.856676071882247925e+00
-5.818441696465015411e+00
-5.860156439244747162e+00
-5.856918603181838989e+00
-5.691174745559692383e+00
-5.863083444535732269e+00
-5.836741112172603607e+00
-5.855197139084339142e+00
-5.850453518331050873e+00
-5.810957670211791992e+00
-5.861241765320301056e+00
-5.858948200941085815e+00
-5.863570004701614380e+00
-5.863543197512626648e+00
-5.833195149898529053e+00
-5.862465694546699524e+00
-5.760599575936794281e+00
-5.846186012029647827e+00
-5.844717808067798615e+00
-5.863164603710174561e+00
-5.859164752066135406e+00
-5.863548442721366882e+00
-5.854766882956027985e+00
-5.789871707558631897e+00
-5.858670845627784729e+00
-5.862916477024555206e+00
-5.861628018319606781e+00
-5.853148691356182098e+00
-5.848293967545032501e+00
-5.792446687817573547e+00
-5.862943999469280243e+00
-5.826264992356300354e+00
-5.802134603261947632e+00
-5.861796461045742035e+00
-5.863233335316181183e+00
-5.844934061169624329e+00
-5.855476930737495422e+00
-5.857325389981269836e+00
-5.861095666885375977e+00
-5.860617861151695251e+00
-5.862079091370105743e+00
-5.863317921757698059e+00
-5.859449774026870728e+00
-5.766518928110599518e+00
-5.779127717018127441e+00
-5.823879040777683258e+00
-5.860222183167934418e+00
-5.860303267836570740e+00
-5.862980917096138000e+00
-5.862226702272891998e+00
-5.857691518962383270e+00
-5.822965614497661591e+00
-5.859984569251537323e+00
-5.862674206495285034e+00
-5.863299347460269928e+00
-5.860166311264038086e+00
-5.861261747777462006e+00
-5.807456813752651215e+00
-5.860276103019714355e+00
-5.863289028406143188e+00
-5.858473703265190125e+00
-5.861226633191108704e+00
-5.857396222651004791e+00
-5.849332682788372040e+00
-5.853681653738021851e+00
-5.862480759620666504e+00
-5.734463617205619812e+00
-5.861824035644531250e+00
-5.850555911660194397e+00
-5.862242549657821655e+00
-5.862976633012294769e+00
-5.857419990003108978e+00
-5.863013975322246552e+00
-5.811894610524177551e+00
-5.858268715441226959e+00
-5.860673703253269196e+00
-5.854917377233505249e+00
-5.827285848557949066e+00
-5.854229986667633057e+00
-5.863305784761905670e+00
-5.860990479588508606e+00
-5.801310725510120392e+00
-5.862985633313655853e+00
-5.861472845077514648e+00
-5.816501900553703308e+00
-5.853419624269008636e+00
-5.812398195266723633e+00
-5.859151385724544525e+00
-5.859462551772594452e+00
-5.862411767244338989e+00
-5.863441891968250275e+00
-5.860681407153606415e+00
-5.860843002796173096e+00
-5.863497816026210785e+00
-5.862183548510074615e+00
-5.863091371953487396e+00
-5.863384649157524109e+00
-5.856311209499835968e+00
-5.847469232976436615e+00
-5.847184628248214722e+00
-5.859700031578540802e+00
-5.830598294734954834e+00
-5.856279805302619934e+00
-5.863222256302833557e+00
-5.863624513149261475e+00
-5.862354479730129242e+00
-5.860122717916965485e+00
-5.863293096423149109e+00
-5.856443688273429871e+00
-5.853973120450973511e+00
-5.694248899817466736e+00
-5.859301172196865082e+00
-5.863311089575290680e+00
-5.861601069569587708e+00
-5.841615080833435059e+00
-5.841523945331573486e+00
-5.863066017627716064e+00
-5.861903697252273560e+00
-5.861309289932250977e+00
-5.863541536033153534e+00
-5.863449990749359131e+00
-5.851849235594272614e+00
-5.862551480531692505e+00
-5.860353529453277588e+00
-5.862389385700225830e+00
-5.862735018134117126e+00
-5.862974114716053009e+00
-5.859950691461563110e+00
-5.857855379581451416e+00
-5.862497515976428986e+00
-5.853645890951156616e+00
-5.863289572298526764e+00
-5.863201819360256195e+00
-5.848899923264980316e+00
-5.831558518111705780e+00
-5.778298735618591309e+00
-5.842114306986331940e+00
-5.840270563960075378e+00
-5.852443136274814606e+00
-5.783697038888931274e+00
-5.863556101918220520e+00
-5.848723672330379486e+00
-5.838734887540340424e+00
-5.863429494202136993e+00
-5.863023839890956879e+00
-5.858584843575954437e+00
-5.861223772168159485e+00
-5.847423069179058075e+00
-5.858338169753551483e+00
-5.861585333943367004e+00
-5.863299816846847534e+00
-5.848611578345298767e+00
-5.863159067928791046e+00
-5.863251581788063049e+00
-5.861535444855690002e+00
-5.838286124169826508e+00
-5.862363211810588837e+00
-5.863350756466388702e+00
-5.863554313778877258e+00
-5.858413957059383392e+00
-5.860644839704036713e+00
-5.861298374831676483e+00
-5.863073311746120453e+00
-5.855969756841659546e+00
-5.862566180527210236e+00
-5.863168470561504364e+00
-5.861545763909816742e+00
-5.863496966660022736e+00
-5.845102138817310333e+00
-5.863534182310104370e+00
-5.861971400678157806e+00
-5.863181620836257935e+00
-5.860795974731445312e+00
-5.828486829996109009e+00
-5.845920242369174957e+00
-5.862557768821716309e+00
-5.863041669130325317e+00
-5.859124779701232910e+00
-5.855951890349388123e+00
-5.833765551447868347e+00
-5.857806973159313202e+00
-5.846468739211559296e+00
-5.785582773387432098e+00
-5.863232582807540894e+00
-5.863390833139419556e+00
-5.862647779285907745e+00
-5.863634116947650909e+00
-5.862843073904514313e+00
-5.829815074801445007e+00
-5.833167999982833862e+00
-5.861484058201313019e+00
-5.848704069852828979e+00
-5.852757371962070465e+00
-5.863408036530017853e+00
-5.862840987741947174e+00
-5.852951511740684509e+00
-5.807887434959411621e+00
-5.861462950706481934e+00
-5.863497629761695862e+00
-5.862447917461395264e+00
-5.863350868225097656e+00
-5.863437354564666748e+00
-5.813245356082916260e+00
-5.860300205647945404e+00
-5.863602079451084137e+00
-5.662049621343612671e+00
-5.862846806645393372e+00
-5.863398805260658264e+00
-5.862208075821399689e+00
-5.827132187783718109e+00
-5.849207475781440735e+00
-5.862928442656993866e+00
-5.857013732194900513e+00
-5.856394067406654358e+00
-5.861831136047840118e+00
-5.858990162611007690e+00
-5.849340401589870453e+00
-5.862404607236385345e+00
-5.863214656710624695e+00
-5.860902413725852966e+00
-5.817787505686283112e+00
-5.850305527448654175e+00
-5.862842455506324768e+00
-5.862581484019756317e+00
-5.856749974191188812e+00
-5.861326515674591064e+00
-5.850848279893398285e+00
-5.855985157191753387e+00
-5.863296419382095337e+00
-5.741650909185409546e+00
-5.862318255007266998e+00
-5.860637284815311432e+00
-5.860609948635101318e+00
-5.863494656980037689e+00
-5.860326327383518219e+00
-5.861520029604434967e+00
-5.860427379608154297e+00
-5.862795263528823853e+00
-5.863301433622837067e+00
-5.863361530005931854e+00
-5.860365517437458038e+00
-5.860464707016944885e+00
-5.862772382795810699e+00
-5.860809423029422760e+00
-5.840461082756519318e+00
-5.859715007245540619e+00
-5.863253206014633179e+00
-5.830687999725341797e+00
-5.863532245159149170e+00
-5.862077407538890839e+00
-5.860454477369785309e+00
-5.863459557294845581e+00
-5.781257264316082001e+00
-5.860520422458648682e+00
-5.863029651343822479e+00
-5.853841282427310944e+00
-5.861339271068572998e+00
-5.859387516975402832e+00
-5.856561027467250824e+00
-5.860076762735843658e+00
-5.863141939043998718e+00
-5.843804255127906799e+00
-5.855162866413593292e+00
-5.856729112565517426e+00
-5.861500047147274017e+00
-5.861255049705505371e+00
-5.863120518624782562e+00
-5.857554405927658081e+00
-5.847675494849681854e+00
-5.855540573596954346e+00
-5.861352823674678802e+00
-5.806481279432773590e+00
-5.861920185387134552e+00
-5.861217752099037170e+00
-5.863516300916671753e+00
-5.837975695729255676e+00
-5.863123662769794464e+00
-5.862814329564571381e+00
-5.861786447465419769e+00
-5.837357833981513977e+00
-5.862317182123661041e+00
-5.846034631133079529e+00
-5.860938794910907745e+00
-5.853068061172962189e+00
-5.861733630299568176e+00
-5.857166327536106110e+00
-5.852243669331073761e+00
-5.863283626735210419e+00
-5.860868237912654877e+00
-5.861901789903640747e+00
-5.862577572464942932e+00
-5.862129181623458862e+00
-5.714877665042877197e+00
-5.860657624900341034e+00
-5.831195279955863953e+00
-5.811673276126384735e+00
-5.863261729478836060e+00
-5.853237383067607880e+00
-5.860055990517139435e+00
-5.807010546326637268e+00
-5.860027477145195007e+00
-5.860220745205879211e+00
-5.854353085160255432e+00
-5.860733874142169952e+00
-5.833263248205184937e+00
-5.791302599012851715e+00
-5.861022941768169403e+00
-5.855924226343631744e+00
-5.863518364727497101e+00
-5.630256101489067078e+00
-5.858641281723976135e+00
-5.863001771271228790e+00
-5.858430676162242889e+00
-5.726355098187923431e+00
-5.863076314330101013e+00
-5.855371654033660889e+00
-5.862285874783992767e+00
-5.804989218711853027e+00
-5.862789139151573181e+00
-5.859461180865764618e+00
-5.860781744122505188e+00
-5.863577827811241150e+00
-5.856954485177993774e+00
-5.860837861895561218e+00
-5.851197995245456696e+00
-5.852675043046474457e+00
-5.850532270967960358e+00
-5.845922932028770447e+00
-5.860634416341781616e+00
-5.859060876071453094e+00
-5.725999906659126282e+00
-5.862242974340915680e+00
-5.854264140129089355e+00
-5.853606909513473511e+00
-5.862826555967330933e+00
-5.855007916688919067e+00
-5.862770013511180878e+00
-5.863444864749908447e+00
-5.863456048071384430e+00
-5.860922716557979584e+00
-5.858103953301906586e+00
-5.855440326035022736e+00
-5.861200414597988129e+00
-5.860511921346187592e+00
-5.862968608736991882e+00
-5.847082823514938354e+00
-5.856269389390945435e+00
-5.863051652908325195e+00
-5.863236591219902039e+00
-5.861912108957767487e+00
-5.863310322165489197e+00
-5.860693693161010742e+00
-5.863102942705154419e+00
-5.861161142587661743e+00
-5.806877046823501587e+00
-5.860776849091053009e+00
-5.863434217870235443e+00
-5.855400249361991882e+00
-5.769504427909851074e+00
-5.860605798661708832e+00
-5.855724126100540161e+00
-5.862413138151168823e+00
-5.863495297729969025e+00
-5.862474158406257629e+00
-5.841579325497150421e+00
-5.863011531531810760e+00
-5.856270611286163330e+00
