-1.835275535285472870e+01
-1.841231127083301544e+01
-1.838061840832233429e+01
-1.837679892778396606e+01
-1.839974506199359894e+01
-1.837381730973720551e+01
-1.838739471137523651e+01
-1.832066035270690918e+01
-1.839074902236461639e+01
-1.839375358819961548e+01
-1.836926247179508209e+01
-1.835047209262847900e+01
-1.841169047355651855e+01
-1.836396880447864532e+01
-1.826187098026275635e+01
-1.838889428973197937e+01
-1.837726286053657532e+01
-1.839554549753665924e+01
-1.838993026316165924e+01
-1.841122116148471832e+01
-1.828642168641090393e+01
-1.839383254945278168e+01
-1.835858246684074402e+01
-1.826180395483970642e+01
-1.837554225325584412e+01
-1.841147024929523468e+01
-1.838814753293991089e+01
-1.826053401827812195e+01
-1.838713289797306061e+01
-1.839008328318595886e+01
-1.835774296522140503e+01
-1.832413172721862793e+01
-1.440198947489261627e+01
-1.835430963337421417e+01
-1.838511767983436584e+01
-1.839633332192897797e+01
-1.838990744948387146e+01
-1.838495862483978271e+01
-1.839325237274169922e+01
-1.833392488956451416e+01
-1.839115354418754578e+01
-1.834739594161510468e+01
-1.440257386863231659e+01
-1.835806104540824890e+01
-1.835251893103122711e+01
-1.837908953428268433e+01
-1.833035995066165924e+01
-1.841093042492866516e+01
-1.837019649147987366e+01
-1.833307337760925293e+01
-1.838812585175037384e+01
-1.837954373657703400e+01
-1.837666089832782745e+01
-1.837220600247383118e+01
-1.837435744702816010e+01
-1.829533754289150238e+01
-1.440189114212989807e+01
-1.838335388898849487e+01
-1.837409403920173645e+01
-1.839399860799312592e+01
-1.837322218716144562e+01
-1.838753221929073334e+01
-1.836623311042785645e+01
-1.838230991363525391e+01
-1.841305273771286011e+01
-1.837240691483020782e+01
-1.838690510392189026e+01
-1.837678454816341400e+01
-1.838464723527431488e+01
-1.836550062894821167e+01
-1.836997336149215698e+01
-1.833618998527526855e+01
-1.839956857264041901e+01
-1.838662473857402802e+01
-1.834503026306629181e+01
-1.840217292308807373e+01
-1.836516366899013519e+01
-1.840690572559833527e+01
-1.838776871562004089e+01
-1.834326882660388947e+01
-1.837204100191593170e+01
-1.836699786782264709e+01
-1.839477095007896423e+01
-1.836568860709667206e+01
-5.240814454853534698e+00
-1.836853431165218353e+01
-1.832160052657127380e+01
-1.830730393528938293e+01
-1.835990451276302338e+01
-1.839030829071998596e+01
-1.440242421627044678e+01
-1.835054385662078857e+01
-1.828392800688743591e+01
-1.837646932899951935e+01
-1.833540350198745728e+01
-1.839496615529060364e+01
-1.840197007358074188e+01
-1.836637417972087860e+01
-1.841189292073249817e+01
-1.838833621144294739e+01
-1.837085063755512238e+01
-1.835220865905284882e+01
-1.440194912254810333e+01
-1.840635609626770020e+01
-1.838672503829002380e+01
-1.839518627524375916e+01
-1.839432132244110107e+01
-1.841186504065990448e+01
-1.829632629454135895e+01
-1.835938157141208649e+01
-1.835144953429698944e+01
-1.839571404457092285e+01
-1.839309369027614594e+01
-1.838862462341785431e+01
-1.838089160621166229e+01
-1.835644738376140594e+01
-1.839462225139141083e+01
-1.838198029994964600e+01
-1.839154359698295593e+01
-1.837331226468086243e+01
-1.838426280021667480e+01
-1.841269816458225250e+01
-1.831267786026000977e+01
-1.838034972548484802e+01
-1.837640823423862457e+01
-1.826695246994495392e+01
-1.834618520736694336e+01
-1.825648033618927002e+01
-1.440252424776554108e+01
-1.837956678867340088e+01
-1.825363354384899139e+01
-1.440238676965236664e+01
-1.837573641538619995e+01
-1.835321827232837677e+01
-1.840033738315105438e+01
-1.839255991578102112e+01
-1.836908452212810516e+01
-1.841215233504772186e+01
-1.839842917025089264e+01
-1.839290671050548553e+01
-1.837052683532238007e+01
-1.838309316337108612e+01
-1.837102659046649933e+01
-1.440263336896896362e+01
-1.837005174160003662e+01
-1.839494848251342773e+01
-1.838524292409420013e+01
-1.837565070390701294e+01
-1.834270712733268738e+01
-1.826756587624549866e+01
-1.839416190981864929e+01
-1.838640780746936798e+01
-1.836837561428546906e+01
-1.839665801823139191e+01
-1.829744936525821686e+01
-1.838742582499980927e+01
-1.839554050564765930e+01
-1.841225975751876831e+01
-1.836773999035358429e+01
-1.826192961633205414e+01
-1.837306778132915497e+01
-1.837559098005294800e+01
-1.840322621166706085e+01
-1.837640538811683655e+01
-1.838527761399745941e+01
-1.839112688601016998e+01
-1.837743364274501801e+01
-1.826348586380481720e+01
-1.835097186267375946e+01
-1.839556336402893066e+01
-1.837239043414592743e+01
-1.838367877900600433e+01
-1.839151217043399811e+01
-1.835750581324100494e+01
-1.826863519847393036e+01
-1.833002899587154388e+01
-1.837941096723079681e+01
-1.838278000056743622e+01
-1.830481620132923126e+01
-1.824892392754554749e+01
-1.839982855319976807e+01
-1.840875650942325592e+01
-1.833990725874900818e+01
-1.839694759249687195e+01
-1.841250711679458618e+01
-1.836612585186958313e+01
-1.840071196854114532e+01
-1.440258380770683289e+01
-1.840974886715412140e+01
-1.839196568727493286e+01
-1.837402188777923584e+01
-1.837720416486263275e+01
-1.833914992213249207e+01
-1.831142435967922211e+01
-1.840079301595687866e+01
-1.834613756835460663e+01
-1.833943493664264679e+01
-1.837200373411178589e+01
-1.837465222179889679e+01
-1.838953043520450592e+01
-5.240786835551261902e+00
-1.838003106415271759e+01
-1.836237938702106476e+01
-1.440256480872631073e+01
-1.839121297001838684e+01
-1.839643636345863342e+01
-1.839112859964370728e+01
-1.837408606708049774e+01
-1.841311420500278473e+01
-1.836784593760967255e+01
-1.839615456759929657e+01
-1.840063032507896423e+01
-1.825230912864208221e+01
-1.828148171305656433e+01
-1.838962532579898834e+01
-1.838681298494338989e+01
-1.828195248544216156e+01
-1.841188253462314606e+01
-1.835352879762649536e+01
-1.840120373666286469e+01
-1.840544232726097107e+01
-1.839734724164009094e+01
-1.837052613496780396e+01
-1.835315687954425812e+01
-1.839472371339797974e+01
-1.837767811119556427e+01
-1.839683312177658081e+01
-1.838591971993446350e+01
-1.834467163681983948e+01
-1.837556405365467072e+01
-1.838340134918689728e+01
-1.838818255066871643e+01
-1.838097071647644043e+01
-1.824274690449237823e+01
-1.825312259793281555e+01
-1.834705451130867004e+01
-1.839421865344047546e+01
-1.835963912308216095e+01
-1.838223974406719208e+01
-1.841055779159069061e+01
-1.840330576896667480e+01
-1.836863905191421509e+01
-1.840387806296348572e+01
-1.826535989344120026e+01
-1.837392017245292664e+01
-1.838463889062404633e+01
-1.833955129981040955e+01
-1.830040776729583740e+01
-1.836591991782188416e+01
-1.832315698266029358e+01
-1.834368096292018890e+01
-1.838105261325836182e+01
-1.838498346507549286e+01
-1.829878790676593781e+01
-1.838307686150074005e+01
-1.841305503249168396e+01
-1.839777427911758423e+01
-1.839522552490234375e+01
-1.836610728502273560e+01
-1.841303075850009918e+01
-1.841213519871234894e+01
-1.841257324814796448e+01
-1.832972128689289093e+01
-1.837407293915748596e+01
-1.837412877380847931e+01
-1.836553713679313660e+01
-1.837955686450004578e+01
-1.835153925418853760e+01
-1.838481956720352173e+01
-1.837898308038711548e+01
-1.836628097295761108e+01
-1.837446165084838867e+01
-1.836727668344974518e+01
-1.833131276071071625e+01
-1.841324505209922791e+01
-1.838257881999015808e+01
-1.840801580250263214e+01
-1.832251462340354919e+01
-1.841268447041511536e+01
-1.841105815768241882e+01
-3.762926081195473671e+00
-1.833244401216506958e+01
-1.838349464535713196e+01
-1.835178384184837341e+01
-1.841151137650012970e+01
-1.838271236419677734e+01
-1.839536626636981964e+01
-1.838985583186149597e+01
-1.837494541704654694e+01
-1.826474811136722565e+01
-1.835514308512210846e+01
-1.828116601705551147e+01
-1.841268798708915710e+01
-1.826142606139183044e+01
-1.839513213932514191e+01
-1.841075421869754791e+01
-1.837677256762981415e+01
-1.825805239379405975e+01
-1.838728964328765869e+01
-1.840327268838882446e+01
-1.831544913351535797e+01
-1.831336347758769989e+01
-1.826591508090496063e+01
-1.836838822066783905e+01
-1.840329118072986603e+01
-1.835070534050464630e+01
-1.839392051100730896e+01
-1.825238579511642456e+01
-1.835624501109123230e+01
-1.834241545200347900e+01
-1.831687925755977631e+01
-1.841307163238525391e+01
-1.835235375165939331e+01
-1.830235184729099274e+01
-1.440252210199832916e+01
-1.838451354205608368e+01
-1.840824770927429199e+01
-1.839298027753829956e+01
-1.841125109791755676e+01
-1.834382286667823792e+01
-1.839429189264774323e+01
-1.839031773805618286e+01
-1.837256534397602081e+01
-1.824827830493450165e+01
-1.833695168793201447e+01
-1.827308143675327301e+01
-1.841316869854927063e+01
-1.840027697384357452e+01
-1.839627061784267426e+01
-1.834884153306484222e+01
-1.440263117849826813e+01
-1.838926583528518677e+01
-1.836452281475067139e+01
-1.841015441715717316e+01
-1.833634808659553528e+01
-1.841164012253284454e+01
-1.825521898269653320e+01
-1.837261129915714264e+01
-1.840799860656261444e+01
-1.831702011823654175e+01
-1.838814303278923035e+01
-1.840098652243614197e+01
-1.836860702931880951e+01
-1.836584112048149109e+01
-4.715140528976917267e+00
-1.838919608294963837e+01
-1.838485381007194519e+01
-1.838618148863315582e+01
-1.838659296929836273e+01
-1.841111463308334351e+01
-1.839599570631980896e+01
-1.839140212535858154e+01
-1.838667751848697662e+01
-1.838902844488620758e+01
-1.841152070462703705e+01
-1.834469459950923920e+01
-1.841029381752014160e+01
-1.836799156665802002e+01
-1.826765118539333344e+01
-1.841069276630878448e+01
-1.827567215263843536e+01
-1.837432728707790375e+01
-1.833626165986061096e+01
-1.839795884490013123e+01
-1.840030485391616821e+01
-1.836484569311141968e+01
-1.826578150689601898e+01
-1.840801382064819336e+01
-1.840969467163085938e+01
-1.841258865594863892e+01
-1.834666526317596436e+01
-1.837956094741821289e+01
-1.826189534366130829e+01
-1.840085583925247192e+01
-1.833704419434070587e+01
-1.835225673019886017e+01
-1.840949559211730957e+01
-1.840226612985134125e+01
-4.679560862481594086e+00
-1.835805694758892059e+01
-1.837513442337512970e+01
-1.838569642603397369e+01
-1.838403268158435822e+01
-1.839310812950134277e+01
-1.837217715382575989e+01
-1.839428061246871948e+01
-1.839034079015254974e+01
-1.838849891722202301e+01
-1.839167350530624390e+01
-1.835324218869209290e+01
-1.827288928627967834e+01
-1.836735437810420990e+01
-1.838968300819396973e+01
-1.837324145436286926e+01
-1.838868717849254608e+01
-1.839901362359523773e+01
-1.837427194416522980e+01
-1.832451939582824707e+01
-1.838758787512779236e+01
-1.839901264011859894e+01
-1.827719953656196594e+01
-1.838507452607154846e+01
-1.833986067771911621e+01
-1.840965133905410767e+01
-1.440255445241928101e+01
-1.840274555981159210e+01
-1.838722440600395203e+01
-1.839601576328277588e+01
-1.841237188875675201e+01
-1.826294746994972229e+01
-1.835179275274276733e+01
-1.835429981350898743e+01
-1.841205450892448425e+01
-1.833240993320941925e+01
-1.827723440527915955e+01
-1.838602675497531891e+01
-1.834894070029258728e+01
-1.837836492061614990e+01
-1.832672327756881714e+01
-1.827307181060314178e+01
-1.837707424163818359e+01
-1.440212433040142059e+01
-1.838374035060405731e+01
-1.440204764902591705e+01
-1.826622723042964935e+01
-1.836875355243682861e+01
-1.841255892813205719e+01
-1.838200218975543976e+01
-1.839257384836673737e+01
-1.836814571917057037e+01
-1.839157879352569580e+01
-1.840923449397087097e+01
-1.836591331660747528e+01
-1.835042789578437805e+01
-1.836423893272876740e+01
-1.833451084792613983e+01
-1.837755158543586731e+01
-1.838776849210262299e+01
-1.838882316648960114e+01
-1.835689626634120941e+01
-1.840746812522411346e+01
-1.837908545136451721e+01
-1.834955859184265137e+01
-1.836952881515026093e+01
-1.825234709680080414e+01
-1.839608575403690338e+01
-1.838190130889415741e+01
-1.825674314796924591e+01
-1.838797865808010101e+01
-1.839243711531162262e+01
-1.841319128870964050e+01
-3.110279287211596966e+00
-1.840544222295284271e+01
-1.839535219967365265e+01
-1.826069346070289612e+01
-1.834157469868659973e+01
-1.832959961891174316e+01
-1.826359048485755920e+01
-4.679508253931999207e+00
-1.841173420846462250e+01
-1.833449485898017883e+01
-1.838004490733146667e+01
-1.841139920055866241e+01
-1.829028931260108948e+01
-1.440257588028907776e+01
-1.838955268263816833e+01
-1.829968166351318359e+01
-1.836752788722515106e+01
-1.838783718645572662e+01
-1.841309890151023865e+01
-1.838355693221092224e+01
-1.841107763350009918e+01
-1.839860901236534119e+01
-1.837197738885879517e+01
-1.841204240918159485e+01
-1.839688865840435028e+01
-1.836601054668426514e+01
-1.832949031889438629e+01
-1.825355628132820129e+01
-1.838720332086086273e+01
-1.827836424112319946e+01
-1.840239417552947998e+01
-1.839594340324401855e+01
-1.832388761639595032e+01
-1.838833008706569672e+01
-1.839643470942974091e+01
-1.834734387695789337e+01
-1.828688386082649231e+01
-1.829321599006652832e+01
-1.836790323257446289e+01
-1.840438663959503174e+01
-1.835978147387504578e+01
-1.837953609228134155e+01
-1.838155068457126617e+01
-1.838000425696372986e+01
-1.839293843507766724e+01
-1.838363151252269745e+01
-1.839033527672290802e+01
-1.838939705491065979e+01
-1.840257248282432556e+01
-1.833525170385837555e+01
-1.840124906599521637e+01
-1.838477623462677002e+01
-1.839815922081470490e+01
-1.835030901432037354e+01
-1.839280994236469269e+01
-1.838158302009105682e+01
-1.834466955065727234e+01
-1.841141346096992493e+01
-1.825967440009117126e+01
-1.826689644157886505e+01
-1.834381477534770966e+01
-1.837647856771945953e+01
-1.838897417485713959e+01
-1.838706545531749725e+01
-1.832433313131332397e+01
-1.835716167092323303e+01
-1.831512163579463959e+01
-1.837910915911197662e+01
-1.835894699394702911e+01
-1.440242120623588562e+01
-1.838985247910022736e+01
-1.840216116607189178e+01
-1.824386323988437653e+01
-1.834654393792152405e+01
-1.836286321282386780e+01
-1.833882746100425720e+01
-1.831677076220512390e+01
-1.833473733067512512e+01
-1.829191088676452637e+01
-1.833607657253742218e+01
-1.841303238272666931e+01
-1.838400857150554657e+01
-1.836324900388717651e+01
-1.839584092795848846e+01
-1.831085176765918732e+01
-1.838256853818893433e+01
-1.838673347234725952e+01
-1.834614644944667816e+01
-1.827420715987682343e+01
-1.836607861518859863e+01
-1.829009996354579926e+01
-4.679540231823921204e+00
-1.837942074239253998e+01
-1.440232492983341217e+01
-1.834300783276557922e+01
-1.830569070577621460e+01
-1.440250621736049652e+01
-1.838125215470790863e+01
-1.839345398545265198e+01
-1.836998510360717773e+01
-1.837374694645404816e+01
-1.838708859682083130e+01
-1.837634748220443726e+01
-1.833516363799571991e+01
-1.838554963469505310e+01
-1.839257247745990753e+01
-1.828374479711055756e+01
-1.837670287489891052e+01
-1.838700880110263824e+01
-1.841210791468620300e+01
-1.836212578415870667e+01
-1.839404413104057312e+01
-1.837868739664554596e+01
-1.835339796543121338e+01
-1.837388622760772705e+01
-1.835523462295532227e+01
-1.838402612507343292e+01
-1.836813616752624512e+01
-1.834558804333209991e+01
-1.839626438915729523e+01
-1.841066829860210419e+01
-1.839314715564250946e+01
-1.834600880742073059e+01
-1.839575377106666565e+01
-1.838190704584121704e+01
-1.840793128311634064e+01
-1.833936217427253723e+01
-1.839969807863235474e+01
-1.827953284978866577e+01
-1.831364230811595917e+01
-1.825259210169315338e+01
-1.841321988403797150e+01
-1.841204875707626343e+01
-1.440204155445098877e+01
-1.838865661621093750e+01
-1.841293345391750336e+01
-1.838207606971263885e+01
-1.837880453467369080e+01
-1.830536079406738281e+01
-1.839774766564369202e+01
-1.830494588613510132e+01
-1.830058856308460236e+01
-1.837801662087440491e+01
-1.838699331879615784e+01
-1.831815889477729797e+01
-1.827092619240283966e+01
-1.824968180060386658e+01
-1.836468158662319183e+01
-1.838917419314384460e+01
-1.841235339641571045e+01
-1.838477307558059692e+01
-1.834842279553413391e+01
-1.835757240653038025e+01
-1.840168467164039612e+01
-1.839201046526432037e+01
-1.834758611023426056e+01
-1.827319946885108948e+01
-1.834496685862541199e+01
-1.839521899819374084e+01
-1.825550000369548798e+01
-1.838604229688644409e+01
-1.830864365398883820e+01
-1.837909881770610809e+01
-1.839559952914714813e+01
-1.839863888919353485e+01
-1.838686582446098328e+01
-1.838108372688293457e+01
-1.440255427360534668e+01
-1.837904694676399231e+01
-1.838822488486766815e+01
-1.833752992749214172e+01
-1.835821147263050079e+01
-1.836291907727718353e+01
-1.836913435161113739e+01
-1.833622728288173676e+01
-1.838831470906734467e+01
-1.838379837572574615e+01
-1.839061683416366577e+01
-1.838026276230812073e+01
-1.837743885815143585e+01
-1.837257081270217896e+01
-1.836890929937362671e+01
-1.834920094907283783e+01
-1.837257753312587738e+01
-1.838831749558448792e+01
-1.836833570897579193e+01
-1.839251729846000671e+01
-1.836904375255107880e+01
-1.834051972627639771e+01
-1.837957878410816193e+01
-1.835728494822978973e+01
-1.838438016176223755e+01
-1.841005633771419525e+01
-1.440260699391365051e+01
-1.837088795006275177e+01
-1.841108259558677673e+01
-1.832934902608394623e+01
-1.836156259477138519e+01
-1.835032963752746582e+01
-1.838922320306301117e+01
-1.440260872244834900e+01
-1.838473762571811676e+01
-4.715104401111602783e+00
-1.836797699332237244e+01
-1.831942075490951538e+01
-1.836038403213024139e+01
-1.841106003522872925e+01
-1.836142325401306152e+01
-1.841016906499862671e+01
-1.839277969300746918e+01
-1.440232628583908081e+01
-1.840122170746326447e+01
-1.841238178312778473e+01
-1.840381330251693726e+01
-1.827072522044181824e+01
-1.837948828935623169e+01
-1.837779647111892700e+01
-1.838866659998893738e+01
-1.830553369224071503e+01
-1.838431443274021149e+01
-1.839288260042667389e+01
-1.824269571900367737e+01
-5.240776561200618744e+00
-4.715038061141967773e+00
-1.833028998970985413e+01
-5.240782380104064941e+00
-1.836099655926227570e+01
-1.834732115268707275e+01
-1.440245537459850311e+01
-1.834874346852302551e+01
-1.837154021859169006e+01
-1.837282846868038177e+01
-1.835820378363132477e+01
-1.840735626220703125e+01
-1.838776256144046783e+01
-4.715066485106945038e+00
-1.837104430794715881e+01
-1.835628533363342285e+01
-1.837988421320915222e+01
-1.836749327182769775e+01
-1.837919425964355469e+01
-1.839585776627063751e+01
-1.828596669435501099e+01
-1.837557649612426758e+01
-1.841291469335556030e+01
-1.840575194358825684e+01
-1.825329281389713287e+01
-1.835438957810401917e+01
-1.830961833894252777e+01
-1.839098225533962250e+01
-1.838371463119983673e+01
-1.839137262105941772e+01
-1.838901253044605255e+01
-1.835911060869693756e+01
-1.827082537114620209e+01
-1.831509654223918915e+01
-1.837046641111373901e+01
-1.839439751207828522e+01
-1.835318964719772339e+01
-1.833637839555740356e+01
-1.837949493527412415e+01
-1.836991961300373077e+01
-1.838167507946491241e+01
-1.840880206227302551e+01
-1.836107270419597626e+01
-1.839469775557518005e+01
-1.830088198184967041e+01
-1.838322192430496216e+01
-1.838382159173488617e+01
-1.839661958813667297e+01
-1.841093136370182037e+01
-1.839750105142593384e+01
-1.839485581219196320e+01
-1.839685982465744019e+01
-1.837943674623966217e+01
-1.827170750498771667e+01
-1.837064172327518463e+01
-1.838384391367435455e+01
-1.839038538932800293e+01
-1.832627443969249725e+01
-1.841267822682857513e+01
-1.840721191465854645e+01
-1.839706246554851532e+01
-1.826839242875576019e+01
-1.838156107068061829e+01
-1.838570444285869598e+01
-1.838152529299259186e+01
-1.840322101116180420e+01
-1.839531733095645905e+01
-1.835864801704883575e+01
-1.837608982622623444e+01
-1.837394271790981293e+01
-1.838993297517299652e+01
-1.838462245464324951e+01
-1.838293851912021637e+01
-1.837644815444946289e+01
-1.839638209342956543e+01
-1.838931454718112946e+01
-1.837437070906162262e+01
-1.834661866724491119e+01
-1.838742879033088684e+01
-1.838630434870719910e+01
-1.840942375361919403e+01
-1.830789488554000854e+01
-1.832937268912792206e+01
-1.839133860170841217e+01
-1.840803094208240509e+01
-1.839338515698909760e+01
-1.826284430921077728e+01
-1.440255089104175568e+01
-1.838922709226608276e+01
-1.834616670012474060e+01
-1.834492984414100647e+01
-1.840705361962318420e+01
-1.440260651707649231e+01
-1.836752212047576904e+01
-1.839327332377433777e+01
-1.838123239576816559e+01
-1.837669278681278229e+01
-1.834357602894306183e+01
-1.826303739845752716e+01
-1.826621507108211517e+01
-1.837094900012016296e+01
-1.839244931936264038e+01
-1.839466696977615356e+01
-1.841228210926055908e+01
-1.841312828660011292e+01
-1.838063971698284149e+01
-1.841178829967975616e+01
-1.834715001285076141e+01
-1.839223884046077728e+01
-1.827336277067661285e+01
-1.827063539624214172e+01
-1.839009729027748108e+01
-1.838235110044479370e+01
-1.840615889430046082e+01
-1.830951204895973206e+01
-1.839220952987670898e+01
-1.837414981424808502e+01
-1.825233601033687592e+01
-1.828764621913433075e+01
-1.828965447843074799e+01
-1.837315443158149719e+01
-1.840232028067111969e+01
-1.834104780852794647e+01
-1.838574919104576111e+01
-1.838242363929748535e+01
-1.826229570806026459e+01
-1.835718069970607758e+01
