3.093202284399055646e+00 3.136501072004121315e+00
1.533397696766132912e+00 6.279354246331651623e+00
6.336242853118927876e+00 4.717325949501401716e+00
4.746418669806498514e+00 3.144765789560066249e+00
1.613807726488765137e+00 3.145607736758593287e+00
1.601016446858428255e+00 1.573587940107913141e+00
3.106081477448488393e+00 6.280643460203704898e+00
6.277077603106898884e+00 1.570337307078781608e+00
4.746864267318860797e+00 1.573968551870466692e+00
6.309356030909129665e+00 1.573727589323313580e+00
3.103533065609089370e+00 -3.864904782481822995e-03
6.245038456926248926e+00 -3.640551278788259088e-03
1.560534417470757163e+00 3.140402640532492740e+00
-3.561862056905941432e-02 6.279580835393932858e+00
6.241808513328860109e+00 -4.002562106249956189e-03
6.303083839681417722e+00 4.714818006253568505e+00
3.188468135584856089e+00 1.574336552227501462e+00
4.677774209878755585e+00 3.138238373710647178e+00
3.180317248320279955e+00 4.716093069727634202e+00
4.666752917662976508e+00 1.566148309754906931e+00
2.861742813681145831e-02 3.144246042103347349e+00
1.538121178659098920e+00 -3.642723234107592741e-03
1.610244269710390030e+00 3.145588538553339308e+00
4.669221480085028020e+00 -3.983395789677886267e-03
1.613826962481703431e+00 4.716445416626554810e+00
1.538980882911126224e+00 1.567637404111839938e+00
3.109037562002256561e+00 -2.611272961209501735e-03
6.314789719899100540e+00 4.715546596018165282e+00
4.707023266638848291e+00 3.140721959639921401e+00
7.815211930811930330e+00 3.137915024033585798e+00
5.306436748598581526e-02 3.146035049325369481e+00
1.585482159170183980e+00 1.572172791839045347e+00
3.173151597897979848e+00 3.144394965127847108e+00
3.131313930849020988e+00 6.282279534835701895e+00
4.671080274113077913e+00 1.566500734541881101e+00
1.536440963731392717e+00 4.708856101637030278e+00
3.140074055944490627e+00 3.141355902288782254e+00
1.530127536507354558e+00 3.137259991805004589e+00
1.535075625791847420e+00 6.279925388198074110e+00
3.098912844034722447e+00 6.279421885470212850e+00
3.098589296442839203e+00 4.708316674083372178e+00
6.319752314017851091e+00 3.145704251130088558e+00
4.664256482978436757e+00 1.567089070400606410e+00
1.606913677708201593e+00 1.574096780689812070e+00
1.609208953273759901e+00 3.145100407644118246e+00
6.246729028949149054e+00 6.279413192567342428e+00
4.751112969579999401e+00 1.573284286799158105e+00
3.168372027914899025e+00 4.714906544183436132e+00
1.587563176318421698e+00 4.713901602568259186e+00
4.766617877251255742e+00 1.578283875985492024e+00
3.101901924130763266e+00 4.708430147322607340e+00
4.666762575913044331e-02 3.424407603018609844e-03
1.611863194865910565e+00 3.145338723526967417e+00
1.562507234106736975e+00 3.140561876848976475e+00
4.755111377158363517e+00 3.146492249334863711e+00
4.681907338523870088e+00 1.568931473688918388e+00
3.168531187568282448e+00 3.143919149028247872e+00
4.674937385879710305e+00 -3.403162085939102563e-03
3.101308867622247778e+00 3.137611141634220502e+00
3.881724326732197139e-02 1.574439765814044323e+00
4.759411909482280656e+00 3.146584028052464621e+00
5.841188417126765703e-02 6.289527495811594093e+00
1.592718511373619306e+00 1.573115885246210377e+00
1.607400457240794722e+00 6.286818621263877027e+00
4.728959958815836195e+00 4.713894388466552954e+00
6.248223466444776442e+00 3.138118612826727549e+00
4.679812638573139338e+00 4.709603755223531252e+00
3.673877758117086861e-02 3.355930177304456297e-03
3.116249602613534897e+00 6.280097897005440188e+00
4.672931039082587112e+00 3.137515248031841786e+00
1.523631623553663328e+00 4.707649752849805580e+00
3.183922236716443255e+00 1.575232517109467656e+00
3.111322910092848115e+00 4.709396030212939621e+00
3.184294543232033980e+00 3.145813645974276263e+00
1.528620707484734442e+00 1.566198337105693561e+00
1.594655890462113090e+00 3.144446661892415840e+00
6.317539369788699233e+00 3.145069216955424185e+00
1.528804813560335818e+00 1.566468401503578578e+00
1.536255164142659835e+00 4.709363540644664781e+00
4.177777190926470346e-02 4.560528613396780742e-03
4.668947584051617916e+00 1.567170506487797654e+00
6.240485531994806045e+00 4.708140320311134275e+00
4.746472602258888784e+00 3.423573241107359406e-03
6.242149017981571291e+00 3.138307787001905602e+00
1.610427900548907054e+00 3.145684712138847594e+00
6.323444040720175074e+00 3.145907303376440645e+00
1.527541420510620807e+00 6.278897276705925456e+00
1.546937193008128375e+00 3.139053282441326420e+00
3.092697595341839190e+00 3.136790025698340756e+00
4.753652927080218582e+00 1.575061236944095944e+00
6.241100424266660340e+00 4.708311126752010800e+00
6.240523259858030691e+00 4.707708152845708760e+00
3.097543035515103682e+00 4.707843179094257202e+00
1.528072622027188299e+00 4.708690339918573997e+00
3.743508103162581507e-02 1.574043890902301568e+00
6.324875179679799508e+00 4.716453182352887907e+00
6.250711173383623809e+00 4.708801482506606462e+00
6.249461311921085560e+00 -3.059028155101420950e-03
3.175274118242621846e+00 1.574135908175607002e+00
4.745704413271019106e+00 2.301199127173247060e-03
1.531139985407099280e+00 4.708210484398538398e+00
1.899658989894067659e-02 3.143812632770714099e+00
4.810262511095017568e-02 6.288915565320412959e+00
3.175779922558602308e+00 3.226664307648492366e-03
1.586754317857898888e+00 4.713856940633985637e+00
3.097220581442224674e+00 4.707649347827215891e+00
6.323792637277887430e+00 3.145703473546102913e+00
4.762435341302353464e+00 4.717765318434567590e+00
3.192262141581419410e+00 4.718290690217474825e+00
4.754602685495030734e+00 4.716739906058362131e+00
1.548690298989941816e+00 -2.475684804800220521e-03
6.287461940083816536e+00 3.141822953348393010e+00
3.114055708381302967e+00 1.567720526617813359e+00
3.188707129266887819e+00 4.717787600067429032e+00
6.315326108406141614e+00 1.573707462604605478e+00
1.593922574137758730e+00 1.573342232330287027e+00
5.267656345557238107e-02 4.720063498268184610e+00
4.752526077431205032e+00 3.145310040469815327e+00
-3.967069763383085368e-02 6.279232418006228222e+00
-3.707513316781539670e-02 1.567476829586180287e+00
-3.957654229903623255e-02 1.567445868907642037e+00
1.618788298873674592e+00 3.146569384646202838e+00
1.539445383489651764e+00 6.279412664555095169e+00
4.745862157546361537e+00 4.716255208243255836e+00
4.669503937243089986e+00 4.708414688343850685e+00
3.188840372982880034e+00 3.145802194020972831e+00
3.101453295215045980e+00 1.566278505284548261e+00
4.731050342671928810e+00 1.572638268877152967e+00
4.758262219083873923e+00 3.146177792978419152e+00
3.088738547131201440e+00 1.564408453692848866e+00
4.763371903534097562e+00 1.574773147595927902e+00
4.672993880914969367e+00 4.708387851768811139e+00
6.251853203599424980e+00 3.138498888418431942e+00
4.373436675964689768e-02 4.716311595727217920e+00
1.607582571747165012e+00 1.574152277146715573e+00
6.241427429956488915e+00 4.708111862522254221e+00
6.249148348659440799e+00 4.709040443320882119e+00
4.670522284790330048e+00 4.709089923501650787e+00
6.233540429388992443e+00 6.279084920616138099e+00
4.183633182705218806e-02 3.145838452897895543e+00
1.595196680533446543e+00 6.285075625458982351e+00
6.326079948152332655e+00 4.716541078436974566e+00
1.528489752970781490e+00 3.137174958850774242e+00
1.627351516319313143e-02 1.093910608708837913e-03
4.304558584801542603e-02 3.146020765458033441e+00
6.247259937125249074e+00 4.708510410842794869e+00
1.523971157428550383e+00 4.707382270167449256e+00
3.097273185567485765e+00 3.137403345947638034e+00
3.172243960469971036e+00 1.573055480875336753e+00
3.160643155726674980e+00 6.284872993936638785e+00
4.020386250990556909e-02 3.145808956723126659e+00
3.103564855536046885e+00 -4.119959540682585804e-03
6.241508944338600706e+00 3.137648582077909420e+00
-3.795997642125303884e-02 6.279573035950928528e+00
3.142137031731912611e+00 6.282945331073174877e+00
3.185364129575263714e+00 4.717200767409632789e+00
3.116155661004012867e+00 3.138921056353086936e+00
3.101393586963459903e+00 3.137839596992490598e+00
4.671707116109081959e+00 3.136996076118711230e+00
1.533025221159257212e+00 3.137578111960552363e+00
3.407291101710722969e-02 3.145138609896380277e+00
4.675712112102994311e+00 1.567511947321811094e+00
3.105695456493216433e+00 3.137797896761173266e+00
4.745644362264984650e+00 6.286860593404427711e+00
3.327116417637594054e-02 1.574139782049983616e+00
4.671007952867615387e+00 1.566300005511625626e+00
4.675266135713856741e+00 3.137726805913004569e+00
3.150742871326579930e+00 4.713299548122943605e+00
4.667184823066469868e+00 3.136546039154080034e+00
4.747531565313621194e+00 3.756703308140684969e-03
4.753013283288142432e+00 4.071445567600623545e-03
4.751396643863166069e+00 6.286982447291271647e+00
1.526204770360569452e+00 4.707392080972154780e+00
4.674476240597993382e+00 1.566751689925225177e+00
3.772685874380541510e-02 3.485937674984359788e-03
1.527487309451613706e+00 3.137866930910061747e+00
3.095793490704433104e+00 -4.467848502460292082e-03
3.190536416705081368e+00 3.146396910863214824e+00
1.611852893141384913e+00 3.145141386828140373e+00
4.751195604502943759e+00 3.145308775379112465e+00
1.569747653516161412e+00 4.712833075952623574e+00
6.230629897632550929e+00 4.707177798746783104e+00
4.654569075767575725e+00 4.707944093181218648e+00
3.102554482248799594e+00 1.567193742336671747e+00
4.662284089053443381e+00 -4.900903614367323365e-03
3.181989025102477608e+00 3.144875542405770830e+00
6.243163823937241119e+00 -3.299002990242923782e-03
1.571286730736420667e+00 6.283278440362359163e+00
3.100318707853110478e+00 1.566649662733031745e+00
4.745747901903563992e+00 3.595864445768744231e-03
3.178595275259810116e+00 1.574511644080911710e+00
4.672905049682735346e+00 4.708982126305463645e+00
1.617832404722295836e+00 4.717530929918426708e+00
6.269878357454365947e+00 1.568600369197721944e+00
4.670245579230091870e+00 3.136750470153865766e+00
4.752099566737459924e+00 3.145669398979520803e+00
3.174358576061294457e+00 3.144480473241720198e+00
6.237617400128512735e+00 -3.941439398347751193e-03
4.926631303914950216e-02 1.576152940656419199e+00
4.753573087528282670e+00 1.575108898896322440e+00
6.230938051829632229e+00 3.136629625126464926e+00
6.247474975240011830e+00 1.567150909191568964e+00
6.309641614070406135e+00 4.714946413040484785e+00
4.755110966364290981e+00 3.339348847793801103e-03
3.108590640157190776e+00 3.138130939229655691e+00
1.540062256060933610e+00 4.709642749767976255e+00
6.324488842901055285e+00 3.145950383577079013e+00
3.366788561414727626e-02 1.574346884292171955e+00
1.520731695585631149e+00 6.276920052739574096e+00
2.834484667499385588e-02 4.715388403686104901e+00
3.104270908598964152e+00 4.709709797752818616e+00
3.141057138750924072e+00 3.141403756812332304e+00
1.591046851646332527e+00 3.143916911109730261e+00
4.671774380990008524e+00 3.138244878113165992e+00
4.677345429395415977e+00 1.567251818843668598e+00
3.122650303002686645e+00 1.568865761993561758e+00
3.106807404354871238e+00 4.709026641287128001e+00
4.659034881519131588e+00 3.135682418722609555e+00
4.783506334451170100e-02 3.145669163865209228e+00
3.172208589948526836e+00 3.144423148091235021e+00
1.611163404338693983e+00 1.574888489927205537e+00
1.533148862202338369e+00 3.138203568071246785e+00
4.666090646660053132e+00 4.708619494310022802e+00
1.612398613521726976e+00 6.287283210622527818e+00
-2.727571302406772355e-02 4.709156024348184033e+00
-1.367851105465219680e-02 4.711017235258765368e+00
3.107773580903163246e+00 1.567668311653363622e+00
4.681940746658420416e+00 -3.091196063291170529e-03
1.556530336256059410e+00 3.139995557310140573e+00
3.101418865800583013e+00 4.708271794910959152e+00
4.753242168458473138e+00 4.716167639543662915e+00
3.103838809356734618e+00 6.279287986382338538e+00
1.601637272973358783e+00 4.715301875953025856e+00
1.581016832421415330e+00 3.142833798965089631e+00
3.163781551694455629e+00 1.572796452083886409e+00
3.178583112837594538e+00 3.972427821827431357e-03
3.123071700694604491e+00 1.568936782918674444e+00
3.179523679703279093e+00 1.574973968908120137e+00
4.663757474984264739e+00 6.278880142141069598e+00
3.105611237450074835e+00 4.708446653950872474e+00
4.773032890753725610e+00 6.079972474695528872e-03
-3.754351787965470866e-02 1.567563079065719123e+00
3.103168587584049121e+00 -4.237640475344075716e-03
4.385580273607660173e-02 1.574932211443765384e+00
4.760327789547911692e+00 4.717159389086339694e+00
3.791166421689222410e-02 4.291511738888437004e-03
6.312765033190537167e+00 4.715655030902711431e+00
3.191709064451250466e+00 3.706746018514286371e-03
3.179595194027764027e+00 6.287261696288867441e+00
6.256142139948889458e+00 4.709952574967715577e+00
1.537522855430691893e+00 -3.205275622293288565e-03
4.742869970611836905e+00 3.144622272657854989e+00
6.251414452453428972e+00 4.709246260645583604e+00
3.186426429669467986e+00 1.575856421082173275e+00
1.619981417390812695e+00 4.715634263900243539e+00
4.685618528574557295e+00 3.139217380367288257e+00
6.252270588433213483e+00 3.138435349178133826e+00
6.238093750743307631e+00 4.708267963066865569e+00
4.746243267221473161e+00 2.256299109655736119e-03
4.913285477418821712e-02 4.719747593365848815e+00
3.170600808407214366e+00 3.144801617115260406e+00
6.217364664119280349e+00 3.135735264418803681e+00
1.521474285925916270e+00 1.564883755839423740e+00
6.242185077163297180e+00 -4.249533924131598285e-03
1.608485321341600383e+00 1.574721159602683551e+00
6.303708437564218059e+00 3.143529667384222126e+00
6.331052307554607239e+00 1.575383204506089596e+00
6.245521168220386166e+00 4.708160161354347117e+00
4.665460937508316697e+00 -4.802473370289736185e-03
3.102206671797160809e+00 3.137241074048988221e+00
6.237310266122167768e+00 4.708139465490350339e+00
4.755120764823005608e+00 4.717061735876678874e+00
1.561320192121994799e+00 4.711418374970791412e+00
1.532014440967732538e+00 1.567001024922037855e+00
3.101509848041811956e+00 1.566660376389456433e+00
4.781310459061363649e-02 1.575427348213222167e+00
3.398779316073219370e-02 3.145018926257572289e+00
4.762724098813865048e+00 3.146456301440444747e+00
1.540610098686680862e+00 3.137805768941159368e+00
3.111042100724689785e+00 1.567475817836689878e+00
3.118654672596640420e+00 3.139147525735652700e+00
3.177051263993335262e+00 1.574530631403784797e+00
1.579607456586136660e+00 4.713013852103014933e+00
1.605340467932295345e+00 2.958544184442463490e-03
1.620546864949861554e+00 4.407404475592199486e-03
-3.914185206075631446e-02 3.137962782743920265e+00
1.613375624295124489e+00 1.574909024522761047e+00
3.105055822576031854e+00 1.567039492105684273e+00
6.228704025484069540e+00 3.136328847097470618e+00
1.568273467196020565e+00 3.140650055033618049e+00
4.748971680505840176e+00 1.574143265982637319e+00
6.249911605402023618e+00 -2.630459659281325635e-03
6.330406672751104580e+00 4.717078721693391152e+00
4.758911049714138031e+00 1.574804219497912827e+00
6.231336104081274918e+00 6.278036411033407482e+00
1.529764573178693743e+00 1.566342663144952185e+00
6.242138541488166048e+00 3.137771607834752174e+00
1.611167751321916031e+00 3.145726667730281978e+00
6.306674102202260102e+00 6.285949552034105103e+00
1.524493459993858657e+00 4.708622907953960102e+00
1.530815229194133709e+00 3.137194166737705014e+00
3.601644103477824599e-02 6.286770287829652304e+00
4.747859523637893986e+00 3.569959791558432235e-03
1.537079589207979380e+00 -3.536497163255309436e-03
1.608274364413199597e+00 3.145083562154516788e+00
4.675840302944800797e+00 3.137794625161177464e+00
3.116348924234144224e+00 4.709706701519229100e+00
3.097431831250086365e+00 -3.637121661703840696e-03
3.122698686725998485e+00 4.710602287666605825e+00
4.726542215809737435e+00 4.714178046349336348e+00
1.555749427923099670e+00 4.710902703936447722e+00
-3.501912963050765604e-02 3.138345068586856801e+00
1.409046425208597775e+01 1.566682108557162501e+00
4.745156652474392445e+00 3.144945247851176351e+00
6.323161451662776322e+00 6.287378122886638110e+00
3.096669591769054986e+00 4.708912342109075944e+00
6.333062638764336505e+00 3.145663818179991633e+00
4.746483625805139717e+00 1.574603882119933074e+00
3.198241957822030912e+00 3.147428441627698970e+00
3.156564975551921393e+00 3.142967406555635446e+00
3.145088076638367980e+00 4.712551514308239042e+00
4.740254279880560695e+00 4.715803017593124480e+00
6.237626671455886118e+00 -5.111304095951830356e-03
6.239180437820439629e+00 4.707784565869971516e+00
3.153850637223626352e-02 3.223142706514166202e-03
4.755523445912933411e+00 1.575268819974282586e+00
4.746071606682128241e+00 3.150751588573629317e-03
3.117283633336183968e+00 6.280824335421649529e+00
3.095809415001778753e+00 4.707286676579969686e+00
4.754118408429149234e+00 1.575181163297054043e+00
3.155111878438664252e+00 4.713897311385430555e+00
6.259782185735452309e+00 4.709865954431656121e+00
3.134788826757177738e+00 4.711639045802405334e+00
3.102139614183712535e+00 4.708594007491624822e+00
4.735170376813927717e+00 3.144213287505744692e+00
6.312446262749336512e+00 3.144426768515353299e+00
3.155273734370605876e+00 4.713687652485278434e+00
4.764045015402139427e+00 4.718131574296613451e+00
4.131702206160525748e-02 3.756637114338480261e-03
3.103848143445631980e+00 1.566719433860971122e+00
3.119752061608751514e+00 3.139920403493550616e+00
6.314086021626940770e+00 3.145359711518057821e+00
1.619445941356746355e+00 6.287459362821947728e+00
6.240587995473102723e+00 -4.875592530006477715e-03
-4.341831613609958146e-02 1.566563574965904815e+00
4.748547470019206074e+00 6.287082561450344720e+00
1.532784253614279280e+00 6.278678432410699450e+00
6.329431144198759185e+00 4.716932840956604700e+00
3.110038609941116139e+00 1.567555882805957479e+00
4.669872659823574246e+00 3.137400815315955160e+00
4.741916351302914556e+00 4.715001128849916512e+00
3.106347471132700377e+00 3.138119457041987026e+00
4.755064319728187883e+00 1.574825849590619997e+00
1.597597908203950867e+00 1.573563878090835422e+00
4.663781084653477294e+00 6.278935467469900722e+00
2.722982462700176964e-02 1.573417727717848935e+00
3.973096736628402986e-02 1.574753738659654401e+00
4.751899129224996798e+00 4.368013747205644164e-03
3.147972674484695421e+00 4.713396995519580024e+00
4.658611964478412304e+00 6.278297250259189610e+00
3.101297742462676421e+00 -4.380680568337214607e-03
3.645510141321527814e-02 3.144703466701088246e+00
3.181343693235108017e+00 4.716707665586761244e+00
4.758049243999525224e+00 1.574648636301285043e+00
1.602109439386961043e+00 6.285798330561288338e+00
3.109515776053676905e+00 6.279909448225595270e+00
6.241494997947031997e+00 1.566794149952782655e+00
1.617397860754972161e+00 4.716133886242149131e+00
3.183116982783113169e+00 6.286886680712699516e+00
1.604050109210881425e+00 1.574599035680767312e+00
1.531322263168684250e+00 4.709032720811022088e+00
3.179903076715883792e+00 3.144510832690920576e+00
1.537285212499572395e+00 3.137500951869363064e+00
3.184100326314185381e+00 4.716639838873528667e+00
3.174184542822733324e+00 4.716099091541142485e+00
4.749015086945616915e+00 4.715934911317312128e+00
3.285536305185151468e-02 3.366724835423536531e-03
1.633817096044943407e+00 3.147744598413642514e+00
4.757381423213180582e+00 4.466622351638359009e-03
4.754370538982175987e+00 3.145636318196769032e+00
4.743059475019355986e+00 1.573218345681617114e+00
1.532628240085588178e+00 6.279223486526593234e+00
1.610294920354695458e+00 6.286993907344627708e+00
3.103536584714128299e+00 3.138054536345276091e+00
4.678226179691648667e+00 4.708732664777190102e+00
3.156444706390824972e+00 3.142975367781523310e+00
1.610716419842553648e+00 3.145624678731842927e+00
6.245402653710722340e+00 -3.752312267385113451e-03
3.178064323978877947e+00 3.145222632558708487e+00
1.528280221529054073e+00 1.565983951862162549e+00
3.169560851190395656e+00 3.144708397404602618e+00
1.604843736665438669e+00 3.144672103209221081e+00
4.737535491279259325e+00 3.144140721087063106e+00
4.758812070728400734e+00 1.575992225381504852e+00
3.109148165339048919e+00 4.709017382634763216e+00
3.102158102044468624e+00 4.708631618205298075e+00
1.571439754945956002e+00 6.283409367610962803e+00
6.323335560123041432e+00 4.716567290417291503e+00
3.512465328800650627e-02 3.144665392723314579e+00
1.609499287992401495e+00 3.144704134081945046e+00
3.093170031516054408e+00 -4.118167377681267172e-03
1.536327602381667212e+00 4.708832740437840059e+00
1.626704194114265256e+00 5.214217669890137442e-03
4.670726697677674899e+00 1.567086332090710910e+00
1.625198895309384328e+00 4.718068207359425337e+00
4.741026636771223934e+00 3.144705796281360488e+00
6.310984048421669712e+00 4.715386334711915595e+00
1.596115903669215852e+00 1.573318209406129098e+00
4.754742211849057654e+00 3.145758519324634239e+00
6.244229409742060533e+00 3.137561417444796774e+00
4.743123430648667593e+00 3.144663813933310959e+00
4.734227535981887058e+00 4.713949500034359197e+00
1.528360043744867891e+00 4.708402842097918040e+00
1.541003378635326548e+00 1.567430957947420822e+00
3.101102293779441244e+00 1.566566397215538808e+00
3.101110277568891238e+00 1.566186878124268267e+00
1.612110314241161690e+00 3.145074290554206620e+00
3.098444555078993634e+00 1.566732107899942994e+00
6.257194552997984438e+00 4.709552707611840638e+00
3.108351436372054355e+00 1.567691045840798436e+00
1.589426208559869158e+00 1.572352529346867867e+00
3.108565721467318355e+00 1.567537581020322479e+00
1.601979550006900954e+00 4.715154351821020384e+00
3.117348537708064082e+00 4.709243059624639294e+00
6.320401389152491056e+00 6.286522717400759852e+00
4.029594032884482174e-02 1.575608735786527381e+00
3.092963784949863904e+00 3.138202288844008869e+00
1.607985631647705915e+00 3.145154259870211355e+00
4.747044661061187831e+00 4.715815177340562769e+00
1.545815890436489815e+00 3.138922496638263393e+00
2.861532633663291247e-02 4.714820964027063965e+00
1.542006461333864431e+00 4.709675464157476732e+00
4.862046197675518044e-02 1.575684494820294157e+00
3.139598713924883988e+00 4.712628735531101398e+00
6.319714140071306829e+00 4.716344334326979748e+00
5.314297198519976617e-02 6.289087092134326262e+00
3.116452620183237876e+00 3.139387666229012996e+00
6.242055749932933217e+00 4.708830583326427899e+00
-4.177776971183136401e-02 -4.314566141190777533e-03
4.757067579472694874e+00 6.286874926377691963e+00
1.614441889837390898e+00 4.316929863816766112e-03
6.243928957177491412e+00 6.279476059642167485e+00
4.678432701789289716e+00 1.567458189862126261e+00
1.581253480485724339e+00 4.713216959974503517e+00
4.668227153484073355e+00 4.707672464637748355e+00
3.809836742934721160e-02 6.287475810321363490e+00
6.251657833906558714e+00 3.138487987325325523e+00
4.739101263030693900e+00 1.573461471714042492e+00
4.667586420337169528e+00 4.708210863786896461e+00
1.602848069201733949e+00 1.574548797519903065e+00
4.677109038487060388e+00 4.708962927746623173e+00
1.536607780856827254e+00 -3.171368712252894181e-03
3.184648242805882212e+00 3.145595100732787142e+00
1.604634670778242622e+00 1.573795988064203843e+00
3.108540426928783518e+00 1.567610607750102192e+00
4.716985925849386696e+00 1.571355041370787964e+00
1.524190800466345364e+00 4.707392423797789327e+00
1.527284541750216107e+00 -4.019061391159162340e-03
1.534068848499315019e+00 4.708678577857601688e+00
1.529149733507905173e+00 4.709045511667237172e+00
4.739274021907630363e+00 1.573693422442803636e+00
4.741948681776555041e+00 3.145297491899362363e+00
-5.606842092261437455e-02 1.564825611117873327e+00
-3.200717875802135820e-02 3.138894061445032246e+00
6.242234623617309630e+00 1.566237985253607246e+00
4.761070848048918336e+00 6.287080623089274845e+00
3.103644733878355488e+00 -3.830475213292924841e-03
3.105614147819279580e+00 -3.413405855627179349e-03
6.242468069720199964e+00 -3.751973561225492321e-03
3.097848953717655895e+00 1.566546807051676149e+00
3.103542699865701415e+00 1.567006365670766455e+00
4.677884876226255706e+00 3.138269701745556972e+00
3.099401499490358702e+00 3.137848399206641492e+00
6.241324010637545605e+00 3.137530762536036022e+00
3.012525983461587439e-02 2.693469864158411914e-03
3.109621897191527040e+00 3.138215087499463429e+00
1.605505648409074615e+00 4.715720911496060985e+00
3.990517053147877441e-02 1.574556869687417704e+00
3.118785033462175615e+00 -2.047180382064766116e-03
3.104480406817117011e+00 1.567698792794397056e+00
3.110268225618011417e+00 3.138534610359867028e+00
6.256141785233555019e+00 4.709961554018081920e+00
3.423071121615818557e-02 4.715560260444267016e+00
1.602463062531024551e+00 4.715789528921537688e+00
3.125852515722092217e+00 3.140035416567025450e+00
4.486902398898087729e-02 4.716590663968278641e+00
1.608183376108786478e+00 6.287086641291050881e+00
4.011385530651796066e-02 4.716413252406227663e+00
1.532820147700505897e+00 3.137624013977905246e+00
2.763266754928388191e-02 6.285892280717363612e+00
6.237732404435539557e+00 3.137740839923856218e+00
6.247533336372789847e+00 1.567040472006268281e+00
1.562786349542219622e+00 -8.715964327150482359e-04
1.606886937327086429e+00 4.716136995678628097e+00
3.108670175117052015e+00 4.709300474624916077e+00
6.245141135058841719e+00 -3.709799032308588700e-03
4.755726341256420575e+00 1.575206803550709633e+00
6.252633408240837909e+00 3.138174160952515113e+00
4.749834924483783638e+00 3.145459139088784717e+00
3.100984394169429947e+00 6.279523280649118355e+00
3.117652678535743238e+00 1.567451557864104172e+00
1.590706992933868191e+00 1.826846043062465078e-03
4.754857661771655586e+00 3.146279859933077461e+00
4.655256821435605374e+00 4.706023748778039639e+00
6.314316458511524566e+00 3.144884448655465015e+00
1.532341974551956865e+00 1.566787586129866572e+00
6.228457737394525573e+00 -5.293509675587720377e-03
1.629517694232999192e+00 3.146918754146281305e+00
3.770040729330402518e-02 3.145846298173839983e+00
1.617625165601999759e+00 4.716749371634769261e+00
7.623166611768256509e-03 3.142120988779106838e+00
-3.733799640969204942e-02 4.709050757711883861e+00
3.161897570540129099e+00 1.976397273235419496e-03
1.606938229450195710e+00 3.145448752261496228e+00
3.142811105576258424e+00 4.712402640091600148e+00
1.539852205333634982e+00 -3.173315700445388660e-03
1.518680809773070628e+00 3.139117746668223408e+00
1.606943146917692689e+00 1.574081986513060860e+00
4.752647790761946212e+00 3.146730525703179460e+00
4.676440495849802481e+00 3.137867466823288431e+00
1.896077266326227483e-03 6.282688035894004486e+00
6.316483491895960256e+00 6.287446146061875574e+00
4.661701159920649040e+00 6.277382187430693428e+00
3.792256625284839283e-02 1.574244718982594771e+00
1.614988687574731019e+00 1.575168862649406920e+00
4.684767827146464114e+00 4.709022587754379430e+00
6.270255536097996796e+00 1.569675101896333747e+00
4.752986085308224418e+00 3.145302797290427055e+00
4.753849534812850663e+00 3.145489603313976090e+00
1.602539987038992031e+00 3.144138063169061414e+00
4.749921168244428671e+00 1.574228435427206696e+00
-1.497593751542244077e-02 4.710621743938066430e+00
3.184519432579485443e+00 3.145826428272423314e+00
3.174160943906493504e+00 1.573864044341563018e+00
6.318992709018168341e+00 1.574308805379164289e+00
3.190516387347495098e+00 1.575743496672814326e+00
3.099504174830087333e+00 6.279429088813654580e+00
3.105849533088687942e+00 1.567968651399171964e+00
4.747518727584554732e+00 6.286119363937914706e+00
3.093284635684620199e+00 3.136154316373266138e+00
4.742926973339127272e+00 1.573305946413593004e+00
3.179318869100131728e+00 6.287303237406250744e+00
1.530390523781022249e+00 3.137251834106929760e+00
4.752424825005018505e+00 3.464834721005691752e-03
4.748547208365493155e+00 4.716503212473982742e+00
4.744711883941585384e+00 3.145084188491815702e+00
3.103308538195294730e+00 4.708712584378193178e+00
6.242457683143745939e+00 3.138117778624137433e+00
6.247704499348913920e+00 -3.160878545799574151e-03
4.739866490809461652e+00 2.969368926874540668e-03
3.113084304902263177e+00 4.710258453338457052e+00
1.523990585253624186e+00 6.278346304318700000e+00
3.104146020687734708e+00 1.566930655441620912e+00
1.541153969208364671e+00 4.709336390372341974e+00
3.103430238469273128e+00 3.137848397320317062e+00
1.538682390828532309e+00 4.709001940326789537e+00
1.530089291163194698e+00 3.137416477992705399e+00
4.700088091007898150e+00 1.568719736063558745e+00
4.754274752355219569e+00 1.574454885630686807e+00
1.548106715412108647e+00 -2.327488938173126378e-03
4.672179191836987044e+00 1.567193938399239928e+00
3.118074520605877087e+00 4.709785089462192431e+00
-3.820460834798617561e-02 3.138244183246302832e+00
4.673797959414553560e+00 3.138480303530537086e+00
4.666125391608652251e+00 3.137586414178064498e+00
3.103643434848400329e+00 6.279431033166299692e+00
1.614642471292317527e+00 6.287048159247313528e+00
5.283928483450631153e-02 4.719702453079295701e+00
4.750716363191483715e+00 1.574659803845553485e+00
6.268468001255450339e+00 4.710396849749231230e+00
3.102300399004619624e+00 1.566789440112308807e+00
4.684082282491208282e+00 3.138890943825086488e+00
3.120485339799546232e+00 3.139141279708783205e+00
4.737769704383540947e+00 3.143877003813390303e+00
6.321940441488877127e+00 3.145310909374640751e+00
1.608823500641691329e+00 1.574453313156460643e+00
3.105244593516297780e+00 4.709410276695756181e+00
6.321003846851619201e+00 4.715878689773640886e+00
3.121011352751785317e+00 4.710320561674374851e+00
1.611373787542183411e+00 1.574551951770047031e+00
1.531643640323840039e+00 4.708289446353275842e+00
-4.084836382393652876e-02 3.137032204770331401e+00
1.548268392913453972e+00 1.568260629965160469e+00
1.598771077736968360e+00 4.714977256690479734e+00
4.701512474915269024e+00 -5.258718139664265078e-04
3.098208488895417556e+00 1.568248094379783186e+00
4.666284086413983623e+00 4.707907351338450397e+00
4.752455009173147893e+00 1.575141148680463621e+00
4.740042893923783751e+00 3.143868946466285230e+00
3.150472177501084659e+00 1.570988323664314290e+00
3.111031379533954588e+00 1.568107320219344070e+00
3.107709204291677185e+00 1.567628720616994986e+00
6.308054116493861052e+00 4.715092412970241398e+00
3.354669110431968831e-02 1.574242830612064381e+00
4.662177891264944307e+00 4.707837525046563165e+00
6.310586523465978814e+00 3.144114196440519482e+00
1.538472525210998976e+00 6.280485163841958318e+00
3.109936845037419850e+00 1.567959947532900911e+00
1.531925030736341453e+00 4.708529871402591382e+00
-3.717747755268280274e-02 6.279445624509791379e+00
1.533095293885021970e+00 4.708979892189553595e+00
4.667750532434721933e+00 1.565960580655806123e+00
4.740115696760478947e+00 1.573700259235045307e+00
4.752541330860789337e+00 3.144832774182070523e+00
4.760806477605242115e+00 3.146594614942872070e+00
1.535613991911177756e+00 1.567515774611061952e+00
4.109593279109325509e-02 1.574300767596001460e+00
4.671066855502959747e+00 6.278642184294324302e+00
4.761504259475644929e+00 1.575683692049782536e+00
3.181756702945568893e+00 6.286503077267122208e+00
3.177062545199490273e+00 1.574582772703385203e+00
1.526644008230521932e+00 1.567545803508178848e+00
6.256611303361519383e+00 3.140191779055791166e+00
1.614433702005692695e+00 3.473254847336677657e-03
4.588311409760890969e-02 3.146418087976035505e+00
4.763354968333654682e+00 3.146391915007605622e+00
1.611222465738488596e+00 3.144758950625177629e+00
3.186042169287823800e+00 4.716609220311346995e+00
1.601856552567946679e+00 1.573481592190991263e+00
6.251040236007615825e+00 4.709534097397812147e+00
2.673476971932163201e-02 6.286077595742600721e+00
6.322260033500934462e+00 4.715420951815916695e+00
4.752647856780542135e+00 3.713917000521490142e-03
3.110271845814771563e+00 4.709473950197758718e+00
6.323797762388156940e+00 4.573169880155002025e-03
2.755379180522567195e-02 2.518017900279810768e-03
4.675648053127710924e+00 6.279308217561537120e+00
4.697400999356556639e+00 3.140278768767787998e+00
3.173758129041089227e+00 4.715827302196808013e+00
4.690034942225339343e+00 4.709197884812483359e+00
4.745303392602784776e+00 3.145234585691821572e+00
6.238470352073877123e+00 4.708674422387892022e+00
4.774266193825862814e+00 1.576669472013191076e+00
6.330433343176605554e+00 1.575236764597795158e+00
4.721491761516750429e+00 6.283637770874645589e+00
1.607261796501631812e+00 4.715564538078689694e+00
3.182445705590478013e+00 6.286881425813423796e+00
1.610506391919111824e+00 3.725981654307456477e-03
4.840527158578152717e-02 1.575587948428535334e+00
3.178749292287580186e+00 3.144847405812352115e+00
3.875456476665763844e-02 3.145128734115815838e+00
3.166782131170585490e+00 2.389381334741689112e-03
4.670489460120531788e+00 3.137671968749181861e+00
6.324255290473633551e+00 3.145412644440247707e+00
3.175501454816834990e+00 1.573758847404537642e+00
4.754558682923244461e+00 4.715679215558489901e+00
3.183825950891179257e+00 4.176604388181728508e-03
3.172564698693595364e+00 4.715629548849831210e+00
1.625243426398960578e+00 3.146551589661881643e+00
1.529546718167255515e+00 6.278452455419389011e+00
3.182539156226201982e+00 3.145468629583698661e+00
3.185616574279219293e+00 1.576637262468984391e+00
3.175651674675525005e+00 6.286648333036515268e+00
4.804291470988869550e-02 1.575059478290891102e+00
4.722946317628773372e+00 4.713438609699491799e+00
1.546737033382265647e+00 4.710192329731483163e+00
1.534050530728776840e+00 6.279171609296354539e+00
3.127499041982893413e+00 1.569387334925516519e+00
4.752658210169117048e+00 3.145184813672288193e+00
4.686031719765247239e+00 1.568536062078720761e+00
6.313880897707372597e+00 3.144802613149514148e+00
6.240248561567773855e+00 1.566540660189375211e+00
4.753633440777480956e+00 4.716665306727522378e+00
1.629469008893652759e+00 4.717145918370404090e+00
3.186906938573617065e+00 6.287210227486193403e+00
6.237061886277039946e+00 6.278012986166721099e+00
3.184062384368751886e+00 1.575263181385005984e+00
1.606638342920137408e+00 3.144947185485403196e+00
3.869925314655423693e-02 4.715013283735093097e+00
6.242005121123194833e+00 4.707576277215822280e+00
6.241665156974613105e+00 1.566397565777313261e+00
4.749364051022515021e+00 4.426793379773943243e-03
3.418896273979210587e-02 4.716407568711082909e+00
6.324644909842349172e+00 4.716017503508359354e+00
4.730090325817252861e+00 3.142666686653281971e+00
4.751530401188334807e+00 4.716419721545665134e+00
1.615806463453010267e+00 3.825768690390400021e-03
4.750298655498210287e+00 3.769853678197557234e-03
3.906417335977811073e-02 3.145350491464791176e+00
1.532911512920785979e+00 3.137765878893798543e+00
3.099915774212513853e+00 1.566440623435458868e+00
6.243589502423353643e+00 1.567801483106132876e+00
5.529340998484326419e-02 1.576494156024870641e+00
1.289739148344965815e-02 3.142628106954076017e+00
6.236613064136429685e+00 3.137741498173403087e+00
4.007813732275987417e-02 1.574926826975452387e+00
3.106764688169636912e+00 -3.198846100659440833e-03
3.108919753242187056e+00 1.567554016923214943e+00
1.617192783981475035e+00 6.287137948653879427e+00
6.240649284919213002e+00 4.708059268979582157e+00
1.616400882226886493e+00 6.287447624286360615e+00
4.681790338875372548e+00 3.139022599885583187e+00
-4.203905619403653510e-02 3.137361529787993319e+00
6.233448462740549090e+00 4.708134312487467277e+00
6.239371845480119916e+00 3.137606084690735209e+00
3.100125423098060384e+00 1.566619602173768833e+00
4.749823970659978301e+00 4.716214098540375765e+00
4.670441152941031682e+00 3.138127658756417304e+00
3.177256518943969432e+00 1.573846475015831414e+00
1.603723934438693099e+00 4.715978820966755691e+00
3.179977222629242206e+00 3.145205481523765556e+00
4.902060451709969874e-02 5.050616096471348231e-03
3.104255309678250363e+00 4.708523219368538015e+00
6.321107695633549461e+00 1.574730980116704204e+00
3.180331793147733510e+00 1.574812163661668318e+00
4.677526043528253297e+00 -3.629320793436635953e-03
4.698253189125326301e+00 1.568748597464603378e+00
3.794862755930050735e-02 4.716407440312607058e+00
6.235572315553072009e+00 3.137637840696169356e+00
1.550861809579872963e+00 1.568963474734368813e+00
6.249548242727087199e+00 4.710028990729231424e+00
4.667009704486563493e+00 3.137460928143474881e+00
6.233485778418128120e+00 3.137663504562347327e+00
4.740817559037343365e+00 3.124902572578184667e-03
6.235374946128486862e+00 3.136564918341258945e+00
3.108217963764090985e+00 3.138686141626279902e+00
3.094682121644083406e+00 4.707976426144758975e+00
4.750747472726056131e+00 3.145253920976697870e+00
4.769978814114412380e+00 4.688625123389171361e-03
3.179767105614295097e+00 3.145850011232116383e+00
3.232286129704764477e-02 3.145470758480727103e+00
3.094301502582273322e+00 4.707636100005067270e+00
1.527362846765803805e+00 3.138033269767886324e+00
1.524867357046854055e+00 4.707614352326197960e+00
3.184709102696819283e+00 3.145237312998836909e+00
-2.301811388507069359e-02 4.709873487002163905e+00
3.115273384212383867e+00 1.568010964176799193e+00
6.281220873831764528e+00 1.008509136875286160e-04
4.198158206806960197e-02 4.716548807357488826e+00
6.312035174340856258e+00 3.144110877978982810e+00
1.611858776170580709e+00 3.145784197893513490e+00
3.120192843453412745e+00 6.281379119086525797e+00
4.737597112151612500e+00 3.143847515699880635e+00
1.536810071572288550e+00 1.567821701356178821e+00
3.177063585248664612e+00 1.574439821418709862e+00
4.753563449561115206e+00 1.574353045447171029e+00
4.698863187216696657e-02 4.002102122183312516e-03
6.318763308502836296e+00 1.573774503261047064e+00
3.169814117314525337e+00 6.286164588953853105e+00
3.103424202074278604e+00 -3.476541662618683540e-03
3.169566440779715943e+00 1.573234680093509974e+00
3.183865074881654156e+00 3.146644992026989662e+00
3.188559070926482164e+00 4.598745393010883822e-03
6.283701174779453780e+00 3.141808608383838575e+00
3.106081199757914302e+00 4.708903927399590295e+00
4.745343603454993620e+00 4.716355982611310615e+00
3.185202328054157483e+00 6.288260153022428689e+00
4.654466153155008890e+00 3.136391791176276200e+00
4.756526493680627077e+00 4.717480400912808847e+00
1.523595781901502022e+00 3.137190787696219729e+00
6.317808057787557274e+00 6.286809138825554477e+00
1.544400270288260213e+00 3.138952519365308724e+00
4.661699016360214110e+00 6.276353689201441988e+00
1.547278396129050604e+00 1.568028904642460253e+00
4.655003821655577134e+00 3.137234021825883179e+00
1.532966598291397364e+00 4.709002755805284046e+00
6.241260602407535885e+00 1.566710468607779294e+00
6.324465200603816228e+00 1.574495058113004164e+00
4.764390617569786102e+00 3.146816921422282309e+00
4.674872674829118502e+00 1.566754273176439449e+00
3.099990140170517883e+00 1.566685729583478848e+00
4.752184430117710079e+00 3.145656323155371137e+00
1.535614780800123702e+00 3.138172787217374804e+00
4.669723828946411359e+00 -3.426508663967229272e-03
4.740009736386416428e+00 3.144489654538924928e+00
6.249808514096810264e+00 3.138939715927297147e+00
4.710581421083112730e+00 1.570153706404848082e+00
4.668845839589994107e+00 1.566905461673408162e+00
-3.338945498982742732e-02 1.566341265142976891e+00
4.747657496663602927e+00 3.145314488744053172e+00
4.753876248475809696e+00 3.144647576667186861e+00
4.748525880586630166e+00 1.574142788966193640e+00
3.172087808597617187e+00 1.573564995473337946e+00
4.716407578954225244e+00 4.712445842258993878e+00
1.620060056158643347e+00 1.574914186942507843e+00
3.183419023718685015e+00 4.003841503984150590e-03
1.534231548115199573e+00 1.566305562731692413e+00
1.604914322500680557e+00 3.144728529476234158e+00
1.570182691931777175e+00 4.712356497598814364e+00
1.537659297473613407e+00 -3.360988916087782104e-03
4.748529383004614246e+00 1.574238611572741142e+00
3.113375715428528867e+00 1.568338728676500260e+00
1.530891321935574423e+00 1.566600746037952741e+00
6.242566341999514101e+00 6.279759104782359991e+00
4.692013631647169447e+00 6.281300876022958946e+00
1.611297416036422403e+00 3.145806743520392246e+00
3.102057983924911611e+00 4.708474388862279980e+00
1.611467306637520025e+00 4.716362897715109526e+00
4.688299339351468475e+00 4.709951068248137140e+00
3.180332401317557345e+00 4.715862009679355538e+00
1.576083388822061560e+00 4.713450189847103289e+00
4.673888167474785860e+00 6.279463786268031811e+00
4.755890470978092033e+00 3.146562290135046069e+00
3.178337977828310734e+00 3.145233279607592802e+00
4.681866833381476134e+00 3.137952815715544297e+00
4.766488323301333985e+00 3.146647531647170482e+00
3.189756898608440583e+00 4.717970905474998311e+00
4.734144616623710000e+00 3.144019865491573640e+00
3.098605215980168026e+00 3.137567811019566388e+00
4.656122007184413825e+00 6.277275442353296597e+00
