4.291820604382134086e+00 5.027572696893086501e+00
5.909734471842895687e+00 4.388176404493041360e+00
5.915469679658108326e+00 2.198483199940525490e-01
3.184248140591986242e+00 1.543040134962117227e+00
2.168661031588835719e+00 2.878811986284246505e-01
2.466588885194334502e+00 4.604949048753424812e+00
3.953059415479143635e+00 1.959513474525846011e+00
3.697270908092711306e+00 3.647635419155643266e+00
3.293059619729353127e+00 8.437326297605741710e-01
2.068310635992848923e+00 6.081086598173157665e-01
4.282720486773092361e+00 4.177028512257121129e+00
2.577499223385145921e+00 4.713845439830744333e+00
4.633058410478886557e+00 3.435304459335615235e+00
3.980792979907818552e+00 4.022475892014109711e+00
1.941245414675751846e+00 2.281294783529580261e+00
5.585866789041678437e+00 2.819141003078619256e+00
3.623698868617681423e+00 1.812953478050416845e+00
1.831818566201972365e+00 1.684824637337118736e+00
1.155957291624148731e+00 4.115577482179789470e+00
6.139758670593997714e+00 6.281068647220536816e-01
4.297890710328819530e+00 1.441479672461737138e+00
3.206173990459275203e+00 1.782176666920543440e+00
1.080636695001058745e-01 2.815435134472770162e-01
3.325941661562048512e+00 1.391502156858436035e+00
3.984334933637118326e+00 5.422361843499123424e+00
6.019672094803041773e+00 2.944413371504803756e+00
5.279393777779092467e+00 3.003314931023674639e+00
9.422387335167453637e-01 1.025531250599034161e+00
1.314115633474341571e+00 5.881481410321397263e+00
7.611493659383448129e-01 2.994054298528906255e+00
5.593840923406736110e+00 4.728016332706594937e+00
1.200804286748567762e+00 5.362495064308068216e-01
1.984396745894928538e-01 5.170268515717189040e-01
4.709882847946998297e+00 1.925152777531358439e-01
5.277842917498598574e+00 3.561189483250753351e+00
5.153213853787205423e+00 3.212950202140551159e+00
1.972754412046073602e+00 5.322242682518981027e+00
1.035663937693905190e+00 6.184035942357448690e+00
4.600000059930433594e+00 3.464427342449478697e+00
4.524030339774915421e-01 2.997801701672031083e+00
2.083335520432595178e+00 3.448228518305089807e+00
3.360936635911627945e+00 3.943506166099540522e+00
8.204776339909748695e-02 3.340747672689021286e+00
5.564663434471218473e+00 5.984119690272409642e+00
4.942975577034742773e-01 5.082367959393923051e+00
1.877922284873565051e+00 2.842345776578946825e+00
5.686443627449100369e-01 5.829180656359355339e+00
1.017332714046635722e+00 3.581686307324781549e+00
3.139338575298993739e+00 1.146900506488196303e+00
5.577314904869363765e+00 4.762574560800450385e+00
4.819532287968871564e+00 1.388594775289913041e+00
4.843316859867069724e+00 2.528748594663804194e+00
5.668384061488114689e+00 5.738280316260548908e+00
1.290075789018846564e+00 2.155020676070300123e+00
4.092392171350356378e+00 2.544191656399998891e+00
3.769571909622157602e+00 5.573236859612935135e+00
3.458816731388277610e+00 6.208899703126344427e+00
2.613468815795962907e+00 2.069271296518913950e+00
2.661092184733014232e+00 8.466817492321417893e-01
4.537395625228546336e+00 4.195461980010525949e+00
4.842550324414244045e+00 6.262588393893599559e+00
5.899586353350771972e+00 2.685424852067739288e+00
2.599021987548198798e+00 4.242098545164490475e-01
4.965469111017160486e+00 1.994631710801379743e-01
4.105431349828349674e+00 2.055960718556176126e+00
3.501369100039414928e+00 3.812771642540853545e+00
2.402163461574873260e+00 1.893160765855107508e+00
2.508672050881987303e+00 2.799964872692588980e+00
4.557309065052898234e+00 3.322442506223683534e+00
3.348381286354850772e+00 1.757398194030126870e+00
5.266060389165843070e+00 3.968431971430844474e+00
1.896918278719167628e+00 1.591687357615755527e+00
8.653920166390749458e-01 1.759436528355146079e+00
1.805096449050123342e+00 1.205570096033616423e+00
2.370664751722790342e+00 2.302522247365552222e+00
8.829355825291742565e-01 5.234922228774964381e+00
4.187158481678847188e+00 4.657635846144620118e+00
5.045908383441837231e+00 2.170261985732586853e-04
5.930475104594685298e+00 4.957405657615921335e+00
3.831703821981919500e+00 5.226319796389118366e-01
2.016361289509823518e+00 2.517110757403347332e+00
4.345188055747118305e+00 5.578702332973670686e+00
1.614681456124582859e-01 4.497819599265236334e+00
5.568592046504694970e+00 2.262983477888493855e+00
1.574128201278470307e+00 5.692242814990850164e+00
7.858528902055647580e-02 2.624048794943616425e+00
6.175773778593935504e+00 5.297061778485923078e+00
4.353667536538614158e+00 3.385119404216109018e+00
5.768680458833410185e+00 1.361880791540436952e+00
5.811214551235015513e+00 4.872001811104047952e+00
6.128425384931460052e+00 2.030871148634794565e+00
5.541426108784605731e+00 1.096592494710731280e+00
4.669222128488449641e+00 5.342523108298137480e+00
5.345672022153777903e-01 4.480842353488332930e-01
5.404466479186885053e+00 2.910087173435733199e+00
2.103741206252920826e+00 5.862149865138272631e+00
3.782793582431592583e+00 4.753229057742649921e+00
4.938505627432803635e+00 2.950883298036969915e+00
7.876557768582089780e-01 5.465032990916269817e+00
5.320683333912640256e-01 6.817780984107087994e-01
3.654860664185864305e+00 4.343524668728854898e+00
5.349882661701119702e+00 7.489926579589478717e-01
5.169275200917308410e+00 1.320235123429033042e+00
2.517397186367447692e-01 2.991209564563315215e+00
4.867869567481226234e+00 2.680292942459844063e+00
3.266057696870005023e-01 3.264769050276665308e+00
3.128837515143597425e+00 6.504996679390409042e-01
2.864006367928620289e+00 5.252288712345907662e+00
4.383161415528927796e-01 2.055810675915518804e+00
5.296548056658446635e-01 1.590341429680670826e+00
1.657151623653500661e+00 3.603227312091136891e+00
1.119271504828604824e+00 3.487412220647244876e+00
2.498231034898223679e-01 2.998424707209738305e+00
6.554312241705885222e-01 5.908084060957542683e+00
2.742386953528806348e+00 3.439127748344710245e-01
3.986717707455469384e+00 2.480752241002525782e+00
4.852610592294297476e+00 5.755838826139669351e+00
4.760910113951044131e+00 2.329968258472892462e+00
2.675386330033933557e+00 4.902507200226416728e+00
2.510260872198813331e+00 1.480292760811932951e+00
4.003019830175095217e-01 4.713691893019662515e-01
9.721818527253506259e-01 3.234075314245250521e+00
4.625033881995633811e-01 6.661635892428109385e-01
3.672947557737171742e+00 5.853034379920185160e+00
5.901085124389062742e+00 2.468121774109283795e+00
5.165252877753695238e+00 3.442164103222228544e+00
2.995211767591011487e+00 1.800445630315642642e+00
2.229221742825015617e+00 6.263689137088785053e+00
3.176914192730423969e-01 7.834283171684601754e-01
5.069667000702037463e+00 6.235010752669616352e+00
1.745968940874492725e+00 5.314464926336854411e+00
3.096789176574215041e+00 2.464243338907531111e+00
3.673267071265348793e+00 4.735747963500564595e+00
1.178539973642818817e+00 2.488703617655553479e+00
1.767181162120527782e+00 5.926283105333945755e+00
6.074988386328278089e+00 2.616711593424771110e+00
3.548264963153083151e+00 5.537944861150453590e+00
2.930785367770208927e-01 5.824265028050643167e+00
5.523760752889833370e+00 1.252939169784128781e+00
2.074067485557662127e-01 1.667511970564606427e+00
2.262892674067431997e+00 1.431334361871768213e+00
3.833227000099909354e+00 4.781693694709300502e+00
1.984451049140941281e+00 5.795276401783079123e+00
2.201591853850655589e+00 3.201916676563446806e+00
4.935069008215174691e+00 5.154429245257237113e+00
3.998781724634031587e+00 1.536502314253991586e-01
1.212885303138909965e+00 1.750770559897110612e+00
4.349838982641876406e+00 2.222594145353623762e+00
5.153148379327785911e+00 8.561127970441276824e-01
4.332433334769570266e+00 9.837223938255882372e-01
2.535440297210471705e+00 5.922869648885026983e+00
4.103787740680779339e-01 1.168326051301394664e+00
3.986635780745725555e+00 1.066724487930513998e+00
3.390875389524194539e+00 3.490460892228369083e+00
4.603663623217182810e+00 2.236708077990563481e+00
7.503412450253003074e-01 7.943468760735653555e-01
3.309327133055651071e+00 1.548664670292831946e+00
2.008466444543062668e+00 3.246305296418342756e+00
1.871291862750909640e+00 4.544209615234209743e+00
5.846074507384561691e+00 3.609194826138313883e-01
3.920354423321528170e+00 5.905418231442289390e+00
3.368387077708813404e+00 5.567878037861971663e+00
5.308435167709308899e-01 2.860820874604204977e+00
5.826076097910068086e+00 6.056998245042197304e+00
1.364680888948928139e+00 2.686289398888442204e+00
4.992310398539401284e+00 3.853261570258483371e+00
1.886594339264277442e+00 3.004598372950389340e+00
2.540586648235850231e-01 1.286453692773294799e+00
8.892867790053062826e-01 1.990927313059672743e-01
5.325423444572654041e+00 5.295459566492788817e+00
7.484833790304572521e-01 3.253399389858361967e+00
1.876881325412647294e+00 2.860748076278150975e+00
3.359222966600971194e+00 5.939919351445080764e+00
5.508494072412195131e+00 3.779109242080123665e-01
2.184683782823176212e+00 3.119034926435507060e+00
5.734275418583184347e+00 1.356914057970214138e+00
6.071736092320641376e+00 8.675144284654293658e-01
3.463197427156667896e+00 2.557934725862687664e+00
1.893910434978861801e+00 4.157487379500741653e+00
1.566223029976846620e-02 2.312027258062718804e-01
4.703727863192334602e-01 1.599880533252239445e+00
3.385962829711532507e+00 1.223040182427086009e+00
2.129627489653941552e+00 1.554117778002931938e-01
4.021806249054603377e+00 6.092683922900542726e+00
5.780218460210640785e+00 6.047765724113963515e+00
4.321099902516795765e+00 1.808274631466819660e+00
5.205327937145340478e+00 1.548982008746599526e+00
2.754239703863169186e+00 1.812506960070352724e+00
1.549489001388251408e+00 2.978273793256994484e+00
4.373192650567568229e+00 4.475610235950246540e+00
2.619924706126273595e+00 3.418323442745127005e-01
5.974429578885938064e+00 2.034371655993617356e+00
2.300093102294466174e+00 3.298555767122482774e+00
4.456130998256798037e+00 5.868466803185157232e+00
4.315084392129429069e+00 3.101309792349222327e+00
4.282835212408195424e+00 9.818245537631264952e-01
4.272028302373890085e+00 2.429180234265889027e+00
4.888544148395289390e+00 2.538913452527703285e+00
8.965172541115179472e-01 2.194223186873958564e+00
4.950074139780545224e+00 1.418564671916501485e+00
4.314943765195765835e+00 4.471338797082940353e+00
5.263181105250910541e+00 3.588665336572043785e+00
3.952184672372216490e-01 3.309422170360134530e+00
4.355409642727803288e+00 3.001355174836744411e+00
4.193334456814582722e+00 9.900892212445200347e-01
2.070612013628030823e+00 5.595654495062513334e+00
3.301258384161688930e+00 8.246496649798743528e-01
2.366314773505201252e+00 7.283959578846666005e-02
5.793437043426785671e+00 6.224095222573660102e+00
3.586232398671392319e-01 2.549350920428841594e+00
2.407944615190640736e+00 5.815254716157549630e+00
3.820153163593402290e+00 5.871257433523100033e+00
3.070782585307507521e-03 1.972239257466855022e+00
3.919541795212356572e+00 4.904983115492931312e+00
3.850432682058933409e+00 1.034886159636535741e+00
4.540484204193194095e+00 5.048769128537811568e+00
4.534018885139134092e+00 1.187356152846764434e+00
5.626034720462193661e+00 1.832822740352048063e+00
5.131129396786189290e+00 1.457619411976194268e+00
1.001630159314086610e+00 3.847135092221140029e-01
4.311666523219679914e-01 1.262384207559857918e+00
2.201098341490786314e+00 5.993491448220489737e+00
1.196099739174255827e+00 2.949492817172662651e+00
2.233514247520338003e+00 5.861710090285463970e+00
4.459004886775760568e+00 6.046699000408528590e+00
2.661164829650369601e+00 5.527311708483706454e+00
3.183546098589078444e-01 1.452428380683320031e+00
1.584763640718789723e+00 5.932916065094768321e+00
3.838928374114970232e+00 2.914412011010439674e+00
4.484634860837623194e+00 1.963667276775230564e+00
2.773441389457676376e+00 1.850714506417794336e+00
2.475112316405833290e+00 2.434827896417913973e+00
5.774261148347581418e+00 1.603992541132668093e+00
5.975411436459970638e+00 2.000660150803752035e+00
5.603263100266078212e+00 6.197462073438787300e+00
5.616371170159625947e+00 5.853472041834558048e+00
4.432215538740287286e+00 3.780591730810999973e+00
1.398998234942606889e+00 3.802730054607861732e+00
5.156436571928101564e+00 1.319133957109890565e+00
3.699566105120956738e+00 5.672265453540227043e+00
3.275628339363026997e-01 1.030998518955882348e+00
5.803077997741555194e+00 1.817865832163171769e+00
3.266799702759786594e+00 2.858362163629275976e+00
6.427603113381776812e-01 6.151610415104722840e+00
2.646610117641659432e+00 2.207352186645816228e-01
3.180215348422929189e+00 4.050136834129881791e+00
1.246177271782332285e+00 1.499521356093856728e+00
3.379811394808835967e-01 4.391471102503599511e+00
5.373615054724139029e-01 5.753428675006728277e+00
5.421459982901814634e+00 6.016997473734715385e+00
2.609037507252777388e+00 4.401334526195729069e+00
1.376340388540929327e+00 3.855324819961568394e+00
3.934448816291482132e+00 1.803379375067038382e+00
4.575548602968752654e+00 4.139060206162915811e+00
2.283750261165971462e+00 3.763988175427388505e+00
2.256392380868225800e+00 1.123203082235700201e+00
3.230403676764641130e+00 2.569489571689173246e+00
1.440490082445577080e+00 2.843292104206042392e+00
2.151645271019147210e-01 1.660374419834957260e+00
1.444364067599138934e+00 2.607111695265505347e+00
3.392608808248566810e+00 1.087728222062177341e+00
8.432656691112913605e-02 2.679726139547321750e+00
1.273936843814172271e+00 2.881259762137744485e+00
5.134995522481113461e+00 5.798738086184923368e+00
1.852704140097323204e+00 8.537990162559374596e-01
2.025397533675187933e+00 3.465019543643199640e+00
4.755510099099231169e+00 2.771135167553910872e+00
2.546788890353610224e+00 5.766356750011364163e+00
1.901497226701901910e+00 3.510643929715240752e+00
1.037578811009292501e+00 5.958078832347222686e+00
8.828267434578410677e-01 2.245284583320143579e+00
4.382346618956595385e+00 4.929431332948723821e+00
1.278075908538764294e+00 5.770707124442930436e+00
1.498224414513224412e+00 4.653072153794060029e+00
9.885053144739399666e-01 2.116242988323582264e+00
4.029524848724676644e+00 4.065323254139869280e-01
3.294281030565976653e+00 2.443424907360385312e+00
3.251121066744036892e+00 4.385299694280533345e-01
3.049203341679674217e+00 5.777961157825772354e+00
2.398736704195729708e+00 5.656895932578450470e+00
3.764602059918620292e+00 2.346222384535333827e+00
2.052390395939090784e+00 3.524310764237201798e+00
3.521673623989310276e+00 2.845360084519835908e+00
4.184900847252311706e+00 1.115552555457379524e+00
6.010442859908032176e+00 2.868798397466567618e+00
3.203068835406566617e+00 4.606060517456175063e+00
1.352710969707474585e-02 4.626958236672504832e+00
1.734377185174954983e+00 2.363390709827206670e+00
3.608148823344868639e+00 2.920435983826694226e+00
5.991332812322275103e+00 5.919665073413380441e+00
2.975664304631739920e+00 1.313194523554903181e+00
2.098330094235270504e+00 2.596835859577067307e+00
3.906913869969886655e+00 5.445989680355302065e-01
5.304562969584700305e+00 3.792519867932273137e+00
3.946980392403681037e+00 3.213803404278158915e+00
1.428192419870081498e+00 3.117960747430273738e+00
2.769914328507619761e+00 5.181710568933790562e+00
3.982231430090914959e+00 6.162903257756493502e+00
1.023758833949920399e+00 4.307260446099867579e+00
3.446264671752632958e-01 4.198946282892119797e+00
6.249237432334050268e+00 7.354151704933699074e-01
4.322602146333623385e-01 2.846886054510746056e-01
3.042141501763175437e+00 6.215585866914204338e+00
4.584428280574086578e-01 3.182591313691049084e+00
2.998642232734570978e+00 3.143520600198611792e+00
4.872905688756306475e+00 4.902065071545623987e+00
4.544762168626343524e+00 4.495117669692875323e-02
3.870712441283115535e+00 4.204115177713934060e+00
1.166846626828846656e+00 4.132595850365782475e+00
6.186150340208341980e+00 6.172019733012609422e+00
5.607568885500814559e+00 3.583304643741874518e+00
6.624413479360795609e-01 1.437329892157103828e+00
4.674280543435581414e+00 3.261710076805007574e+00
1.834630398037034871e+00 2.990384236869533918e+00
7.864987762851523012e-01 1.712483307593411608e+00
1.778788322519277765e+00 4.743396008464800140e+00
5.027223596146883189e+00 2.186282137801022873e+00
4.568911231456540989e+00 3.510969429789280838e+00
1.456986911410449892e+00 2.583457911343084668e+00
1.194565721355157040e+00 5.313234913865524156e+00
2.386556392854242148e+00 4.487166900204138109e+00
1.358850493998991826e+00 2.289142813300233392e+00
4.919347867974119382e+00 1.177522537210584419e+00
2.462838014090772631e+00 6.969016786659899543e-01
2.132365938117731119e+00 3.119283419068011654e+00
2.278022416837153674e+00 3.738210030468621436e+00
2.043117728591238080e+00 2.514345544445800495e+00
5.110035646695456180e+00 1.406132455676484261e+00
1.321520012864100257e+00 4.787239932374125928e+00
3.386240507198357008e+00 2.326627591089318881e-01
7.377540055017369758e-01 3.218179242718682165e+00
4.861066992588978231e+00 3.320113501397825129e+00
4.204960759226458400e+00 3.091856793364364364e+00
2.718674808297210532e+00 2.474314491150124695e+00
6.159007116720087716e-01 2.025331680342793206e+00
5.685989548905642899e+00 5.289947812002689709e+00
3.788335687829049281e+00 1.273896257457098224e+00
2.096670085153208518e+00 2.914232232912219445e+00
1.556464760313662987e+00 3.378469154706792210e+00
2.625527199647622378e+00 3.958919628384689915e+00
5.034754377284937021e+00 3.277048050159568238e+00
2.335314227013777444e+00 1.439339383352589596e+00
5.702712745064047795e+00 4.717198003443170862e+00
4.808561138110267308e+00 6.068745587550974818e+00
3.498346268089328470e-01 1.381833471580591777e+00
1.923868480548303950e+00 3.654645043603141019e+00
6.328273337757610584e-01 5.723340892227273713e+00
3.582934568774442496e+00 1.911819167862704172e-01
3.221193801122644196e+00 2.515255060316418323e+00
3.771574096916900487e+00 6.789216535129672936e-01
1.813467725879222003e+00 3.271390375761328961e+00
1.302945203109717509e+00 2.632239325542584218e+00
3.342549017321006399e+00 4.703907672453496502e+00
2.456369515830027217e-01 8.236926460470328504e-01
4.029898237233948133e-01 5.416452375671982011e+00
4.236118073428102093e+00 6.028085048301331739e+00
3.813654605831878541e+00 1.607318514403820675e+00
5.482423286530533346e+00 3.497515087357491836e+00
1.096271902502762519e+00 3.944070092500485458e+00
1.334208112690585368e+00 4.362853053800877845e+00
5.733727926122202057e+00 1.384969273558569247e+00
2.795212574960851182e+00 4.427259351586093072e-01
2.030341044165818953e+00 4.229215330521068239e+00
4.015709296052003552e+00 3.129175490373916624e-01
2.875053729846225536e+00 1.198768361139269878e+00
3.141295788755343321e-01 1.732095012721098559e+00
5.059434900504557575e+00 2.030641946589124558e+00
3.550046846552530777e+00 5.061309559548070602e+00
6.318752787689713157e-01 2.903894754455869531e+00
3.887407265676333878e+00 3.380001873408932322e+00
2.153329629722084970e+00 3.916825794923401993e+00
1.576520830084419789e+00 1.131111622373116576e+00
3.725060688989652924e+00 6.197720558843337280e+00
3.145133029040487749e+00 3.964323531719949667e+00
5.642958993700865733e+00 5.735630961402263805e-01
4.293037473069393428e+00 2.643611527442784048e+00
5.445956968931656483e+00 6.073520953092933716e+00
8.981354586003165164e-01 1.089077058945159715e+00
4.467608487002999951e+00 2.990461786049609660e+00
5.615748614701887576e+00 2.715627241487282184e+00
6.160451583655999208e-01 5.549964140766135756e+00
2.563322794961730100e+00 2.929351602418396094e+00
1.553007139468034703e+00 4.805902574347510559e+00
2.071850694104596435e+00 3.353128369272588838e+00
4.469578631096068122e+00 2.022221330644888848e+00
5.514231550730309683e-01 3.930162557986460192e-01
6.001529970607564213e-01 2.686036548380618338e+00
1.355897930840033405e+00 5.397040344717093596e+00
1.870851531460948403e+00 6.808900878701019954e-02
1.916871434751992842e+00 2.368639022585972143e+00
2.809407847656682389e+00 7.465755194396221928e-01
4.141766064562339977e+00 2.143699692884329711e+00
5.117650359961436024e+00 1.904159173841471375e+00
3.455032563641614374e+00 4.118596640146279242e+00
4.888408232370228923e+00 4.392097061337092434e+00
3.593396503270739117e+00 4.248838292674697037e+00
1.395213695323992420e+00 2.813623628121176612e+00
4.153675304126145384e+00 5.292490856909039643e+00
1.598034276719328739e+00 4.830116377198209854e+00
1.850357541253577542e+00 4.527198782240014374e+00
7.120020340536751258e-01 3.323273429430778414e+00
6.102966533315414388e+00 4.788158125819554023e+00
2.032922259398753262e+00 6.150714889005524100e+00
3.215317526433470796e+00 2.460886758370495198e+00
1.625325969296793183e+00 2.975599906217677670e+00
8.701594654304414811e-02 5.273800808707074239e+00
3.880005653688781919e+00 3.486261335766973168e+00
3.048142521747141842e+00 3.837306844583249443e+00
3.414874562694639959e+00 1.420126316928289716e-02
6.151061054474113554e+00 4.192753499278599527e+00
5.396581023586509929e+00 1.157297525041825148e+00
1.964358546542013806e-01 5.580074996759833539e+00
4.836199815393592338e+00 2.673264103294201721e-01
2.392156701259203544e+00 5.022786841605030306e-01
4.412657252706815303e-01 2.908071329268085981e-01
1.943273350576807612e+00 4.445052435720451833e-01
3.847057832653283160e+00 6.206934702392410408e-01
1.728345004821194353e+00 1.384951689535026897e+00
3.511298031271883779e+00 5.812240572744179268e+00
5.557885459383770765e+00 5.795391692090747782e+00
3.648037916650172630e+00 2.905938743185644491e+00
4.142021795873264800e+00 5.461046616205818438e+00
3.462374552426046748e+00 5.924673278038532942e+00
1.772003540281780642e+00 5.579122488961451687e+00
1.932674344937102884e+00 1.546769370763823259e+00
1.745745577121879721e+00 7.247755404305149529e-01
3.510986096536884205e+00 2.212527348914930858e+00
5.510669196450903584e+00 5.184457067599445246e+00
5.262694749155980567e+00 3.770205786883968901e-01
1.507566637032815016e-01 4.293363407596453851e-01
6.266552261459141793e-01 1.677996170770148066e+00
5.404898020731271124e+00 4.348811703872540457e-01
8.987876279220127773e-02 2.558540094957934552e-01
1.129315896699339739e+00 6.127852851810402512e+00
5.824342363270516465e+00 3.187586468852762867e+00
3.140592551614033168e-01 4.238562342580501685e+00
5.985797618788072150e+00 5.573802008886051595e+00
1.647329985374570205e+00 1.239320646604418652e+00
2.246194629560864353e+00 1.809621750108893146e+00
1.278591303869712537e+00 5.173478726054853816e+00
6.105628260912654426e+00 1.350937815942474751e+00
5.164336749095122414e+00 6.215051876529937402e+00
9.481692670995798267e-01 3.629389989096734492e+00
3.429331739004668034e+00 2.983066331677126204e+00
1.222787810006972231e-01 6.075059497426764210e+00
3.368031172770538539e+00 5.873852829515259444e+00
1.602054336672547485e+00 5.463090258304561075e+00
5.222449385787589549e+00 1.703466238924636666e+00
3.847926133453092312e+00 4.696684940484965765e+00
1.894530314110228986e+00 3.451179032634367760e-01
6.834876538107276245e-01 2.459968303710029058e+00
4.518843086193267133e+00 4.310149817746379064e+00
4.338461487843785491e+00 4.975435577690751288e+00
3.843055766751192870e+00 2.044773063327829377e+00
3.156992371869141167e-01 4.479412325242773107e-01
3.933950307064885354e+00 5.886132431894965933e+00
8.959190179850151647e-02 3.324608208340076310e+00
3.765254578495656368e+00 4.956638990918522225e+00
6.041690464159560570e+00 5.589022088873234040e+00
3.364880476704455337e+00 4.707428011509393606e+00
5.755607949616059926e+00 4.156096598594289482e+00
2.319482813218193940e+00 2.506881313852565629e+00
5.282632129019800615e+00 5.647681596416608052e+00
3.934293325923347240e+00 1.079649325060709986e+00
5.082647434584922408e+00 2.008982898099185288e+00
5.642701100495956190e+00 6.758374850304971204e-01
1.968615488703264083e+00 2.172699890832475056e+00
5.789046461952322531e+00 3.682588134949514647e+00
7.242109417116518455e-02 4.090988498615277358e+00
4.090561530407772040e+00 4.152208416700414517e+00
7.106822528562499741e-01 5.489865718357252788e+00
3.417510935019561824e+00 2.286349477566743893e+00
5.128962089561270865e+00 2.625007607343229576e+00
3.691636462832387888e+00 3.165680330314333407e-02
5.918909533101321507e+00 5.791761689355431564e+00
1.181275578705444973e+00 3.806673137428143505e+00
5.001414420753290457e+00 9.794949420829806019e-01
4.483538910464114124e+00 2.911962112869914243e+00
3.260781991100460964e+00 5.018127042143528449e+00
4.378126809189807567e+00 3.205560739309815332e+00
3.001623270235008079e+00 5.719479389167574368e+00
4.297176333761236755e+00 5.720541427476344865e+00
4.432036462348899697e+00 3.427348718598236310e+00
4.963235479655445204e+00 5.184562988803175010e+00
2.126926073875856638e+00 1.795791149032863521e+00
4.102383171472324896e+00 3.051217779964599530e-01
1.230132379660031861e+00 2.154041191105668496e+00
3.599392898645693339e+00 5.258174683414432948e+00
6.902701610516762676e-01 5.504597462476673586e-01
4.839462701851904747e+00 2.602334052303627132e+00
4.550563848899591868e+00 2.330191848933693244e+00
1.964973393217950282e+00 3.297946049576904848e+00
5.230350250837568993e+00 4.860482077942564594e+00
2.225229401043346211e+00 2.685633543506252829e-01
3.258084338132487101e+00 3.123823980136149370e+00
1.560188985626796532e+00 4.812675078001895201e+00
3.623109771956043890e+00 1.835383006923265281e+00
3.539145535744765425e+00 5.316439953170341681e+00
4.973684978346646801e+00 6.158668924654830512e+00
4.169627864184221266e+00 4.223593681408038591e+00
5.302674973941859271e+00 2.738259048600805823e+00
6.046687199006218094e+00 3.882133930384065845e+00
3.624550254434955043e-01 4.672154547266495150e+00
5.855543619848621262e+00 1.349927986049364925e+00
5.984850431868809828e+00 5.494376965431883697e+00
2.798335746926787770e+00 2.383757970548372906e+00
1.578036036585896307e+00 3.401991121429738252e-01
5.591680014128071363e+00 3.983758633970362784e+00
4.209106626218050096e+00 6.144734383883350581e+00
1.686680958432676125e-01 2.732312773485778834e+00
3.988537955817309744e+00 1.526844948177106809e-01
9.790550334375807129e-01 4.370506513655897152e+00
2.197259097711997455e+00 3.452094220949131209e+00
3.278203955371417067e+00 3.483804860128166592e+00
4.144014629307789521e-01 8.213593235594875974e-01
4.238369812427191796e+00 3.298737663420578947e+00
3.575155331841101791e+00 5.919112587519478552e+00
8.609804839358615736e-01 7.524122273490718715e-01
2.666727381270892483e-01 5.925900088072073579e+00
1.755445180707248864e+00 4.758214651373123161e+00
4.268109295146619964e+00 2.940483492966914802e+00
3.333285446036033051e+00 4.041500819704814340e+00
3.447385620721204802e+00 3.477823203698553911e+00
7.651342213390686098e-01 2.454457367934143264e+00
3.333446098317031314e+00 8.679164636292971968e-01
5.224980583235938170e+00 4.566638093197822101e+00
3.218184552807721754e+00 3.980039164788200079e+00
1.174107105743564361e+00 6.950165701919734929e-01
2.068606150087218598e+00 1.536055857134778657e+00
3.113134330122067084e-01 6.198750914137189483e+00
3.880373962996317427e+00 4.463763318541527525e+00
1.521456760488324678e+00 4.687581952962768028e+00
6.212245133092437754e+00 2.266093846614029239e+00
2.140149535058009644e-01 1.039022417023392375e+00
1.301702563086061248e+00 4.325199566566745979e+00
1.180984194566131018e+00 1.941909257513849685e+00
4.006533996273864418e+00 3.562742109599634777e+00
6.094738292476974628e+00 1.483072972172808868e+00
5.003208367228369369e+00 3.437313340825405739e+00
4.822578237037220994e+00 3.596788789744855830e+00
8.972752835011157391e-01 3.452408415663871466e+00
7.179213665121084720e-01 4.373775751168519910e-01
5.399947568894398309e+00 2.557821897670627287e+00
4.150260505332644456e+00 3.671753779473163171e+00
5.324369724231909906e-01 4.626154545642217286e+00
4.182412510929435001e+00 6.191997712047959901e+00
5.918811671497550719e+00 3.949672740628960010e-01
4.660272534749905660e+00 5.571497722865950131e+00
5.402743408611901721e+00 4.317748605508088922e+00
6.145445005728237930e+00 2.783594093688221971e-01
4.433305193681924550e+00 5.697851031958828250e-01
5.442835052961461528e+00 2.224832360997069269e+00
3.847949900040812832e+00 2.042393757805765375e+00
2.480863120030463165e+00 4.987269957361131212e+00
2.693127774377876982e+00 4.970188296404467465e+00
5.040409584116916974e+00 4.033547826841550332e+00
4.888254420976412717e+00 2.781754823301406443e+00
3.429931559836331356e+00 5.618307374393722853e+00
4.897759283411596165e+00 1.670503577905428472e+00
4.559847950906280367e+00 2.927740106924209940e+00
1.964653725836472464e+00 3.936405655408549809e+00
4.088855010678113189e+00 2.336821737503492535e+00
3.764092277917206353e+00 5.299064498778788490e+00
5.393962875433786053e+00 1.708641743785995759e+00
3.183424718516568053e+00 3.387040476168302838e+00
1.192401961976051306e+00 5.319084345615828546e+00
8.047841548481792229e-01 5.600897549679059395e+00
5.415852656349635197e+00 4.822206979433521390e+00
4.287528026192985564e+00 4.163197471773766978e+00
3.969488683873267476e+00 9.305513933936498949e-01
2.060791699937584820e+00 4.023603586095122253e+00
3.402283893802981574e+00 5.365411254093652715e+00
3.413075902395424688e+00 5.113504583182333363e+00
1.393214750882436404e+00 5.858011817590731418e+00
1.817407455308769570e+00 1.994413105897882676e+00
5.600616620123045841e+00 3.059270455187154347e+00
6.010878388361478919e+00 3.996277829038838436e-02
3.560114637547919236e-01 1.827232327825352831e+00
6.129520199873742747e+00 5.613144848492694905e+00
6.377181737036892173e-01 2.078423084965758783e+00
1.640710788177970780e+00 1.055947320701290826e+00
1.978937995734769029e+00 4.196469277051227742e+00
1.779574801685258612e-01 5.166076444109709342e+00
1.201936221740261379e+00 4.107127798139743824e+00
2.901685080497831137e+00 5.121648508516424947e+00
3.796163182291416138e+00 2.274154053461858727e+00
3.607925133734125822e+00 3.698132406617264945e+00
1.487041155455721686e-01 9.235236797100935258e-01
2.933061947986311591e+00 5.029173478055072088e+00
8.058161465463501427e-01 1.566062561636346384e+00
3.346461782181825662e+00 1.158018383469692214e+00
3.815763297288350397e+00 3.515522592025490112e-01
7.826803942216409293e-01 2.295264776368731052e+00
3.213900954089303763e+00 3.889476455934774979e+00
4.371663847240104595e+00 5.617849346208737771e+00
4.278304922221143336e+00 2.550928298871404376e+00
5.057550107490836666e+00 5.875464919281471410e+00
1.362124166593915886e+00 1.286026530843193738e+00
2.176802196207634044e+00 2.339505643700277027e+00
6.043208993347088054e+00 7.692849224446003387e-01
2.469712783215430196e+00 3.448592875432153093e+00
4.768183510857227247e+00 4.042717742988061747e-01
1.688965162553858423e+00 2.310581704984311369e+00
1.658987117216903062e+00 3.730542017887958917e+00
1.433608662431834491e-01 4.000157792571693349e+00
3.524905396376940558e+00 2.482575406449690547e+00
5.093002843791652801e+00 1.358800691592409571e+00
2.876793165993791757e+00 6.047483905418806760e-01
9.566973196805529378e-01 2.856942953057155954e+00
5.107743968497706177e+00 4.875328383377898867e+00
2.602013058000292478e+00 2.277180809734236089e+00
4.323145352175704836e+00 4.360061433855427104e+00
4.378394435920726302e+00 4.142981143673062361e-01
5.757444546099071303e+00 5.815397434711337077e+00
2.798860766816296142e+00 4.479417378851998421e+00
4.415602316984229780e+00 6.231284802429288838e+00
1.708927748804385249e+00 3.559604294199549379e+00
1.341344916923699504e+00 2.932669963548756087e+00
4.213306964582602454e+00 1.894302990850358137e+00
3.391908555913699885e+00 4.330506227110590411e-01
3.240335707343361182e+00 1.665399721917085740e+00
3.926312733304439639e+00 2.241439007033480646e+00
1.249330289583363784e+00 4.591202915343655988e+00
3.292228492559749142e+00 4.974350069967140797e+00
3.710373295989548570e-01 2.263883362098525698e+00
5.226677464106556315e+00 3.989748728363184505e+00
2.575146036029291263e+00 7.140406565572625652e-01
4.563962715098217160e+00 2.721982575649945502e-01
5.325151506794910006e+00 5.889776723234463773e+00
4.022984451381239168e+00 5.738604562034419487e+00
5.344525707789414604e+00 1.450926312836970711e+00
1.788798879140019338e+00 3.059871166036081114e+00
3.677337875764614239e+00 6.196431006987018542e+00
4.778901121972661814e-02 4.335388722265328454e+00
3.738205823915454307e+00 4.229526804701861487e+00
5.680053324187270825e+00 4.498332001295064941e+00
6.165888578621016691e+00 4.287035296751477431e-01
2.354882979176077473e+00 4.674997618955005763e+00
4.347491297143320388e+00 2.621517994699963161e+00
2.938835756347398576e+00 6.267540173990614250e+00
3.389227283138683600e+00 3.198524743804511239e+00
4.322071682484387445e+00 1.236119759415129193e+00
3.209488500408410161e+00 1.507026838630566523e+00
3.107522852563664895e+00 5.988822275593199684e+00
4.055905980470696726e+00 3.248136671049735913e+00
6.048942319853775729e+00 3.211511904909741588e+00
8.635795076893008071e-01 1.748100539693658861e+00
6.137373463250471950e+00 4.892507671526117319e-01
4.222994976092411257e+00 6.460469494292842008e-01
5.140313345734554673e+00 5.761012509011923299e+00
4.153937569823396458e+00 6.795592902148001047e-02
4.748836335216346072e+00 2.385978111198929774e+00
3.794589754931632530e+00 5.926729315893498828e+00
9.704647414874689737e-01 2.729059944083784758e-02
4.338809251565169056e+00 1.830606042674323142e-01
5.707766370515111376e+00 2.033234352630002295e+00
8.558702630089183305e-01 4.836229902651127510e+00
4.970746581634592154e+00 5.128712642108142816e+00
1.624125901841087793e-01 3.049089031599533595e+00
4.549127600748245626e-01 4.027831450143254166e+00
2.665859130189561554e+00 3.413219750243920991e+00
4.168332252110996450e+00 3.364939420143680526e-01
1.472706758748940858e+00 4.328140245937713182e+00
2.543865940064088171e+00 3.498049417406722927e+00
1.954970378893144733e+00 4.670992473923963217e+00
8.041562393015121435e-01 5.517515097434587901e+00
2.104797379773892807e+00 7.330505679107194306e-01
2.854713023798613136e+00 6.891480565925984791e-01
2.491725531215420286e+00 2.433662230836765250e+00
6.082281041052683968e+00 4.863676553399088220e+00
4.297087206609994325e+00 1.634656539606394343e+00
5.234656612232337913e+00 1.189544451596458163e+00
2.830056955984630584e-01 5.679343563110061055e+00
3.536523133182085665e+00 1.713005150040333380e+00
4.842112578778507981e+00 1.725418130212791112e+00
1.832672799936550856e+00 1.920499005428072614e+00
6.632008795457418060e-01 1.797365128745568752e+00
1.669579913226607593e+00 5.961163823687566143e+00
6.100357782033224652e+00 7.696657215253237261e-02
2.060338516457652425e+00 3.363510722863993774e+00
2.415257920076042897e+00 4.594660538950676276e+00
4.653807143980130512e+00 1.745209884681969692e+00
4.835018465496272455e+00 6.293273213730763427e-01
4.114305992250812949e+00 3.713397522670905726e+00
4.114581007422363435e+00 3.341726062115864426e+00
1.218589362422249467e+00 2.994797337525729186e-01
3.306932597024258680e+00 4.497135125919756504e+00
1.449851358559968384e+00 6.174352548402908702e+00
4.909815252068025160e+00 6.004598772777191229e+00
7.299153514719346481e-01 3.291996521716979096e+00
5.502015413030000524e+00 2.714818746194684884e+00
1.985447642171519034e+00 5.934173885347949096e+00
1.201283533016496818e+00 2.173521473428568385e+00
4.379050581196763936e+00 4.292609270777097308e+00
3.941784195112959382e-02 8.900917910713574965e-01
4.962748099842476890e+00 5.125336103739194904e+00
2.631486688769777871e+00 7.961911698231013412e-01
2.484687056120730153e-01 1.241006983054293022e-01
5.362817251824532505e+00 1.667789119267936160e+00
4.781398263261790404e+00 2.599144474541980054e-01
3.509185552186419699e+00 4.300288891683612391e+00
4.988117203097778507e+00 2.942320827171096553e+00
4.828181307401679057e+00 2.455523214123570774e+00
1.017171407269204408e+00 5.091885108933595028e+00
3.610684322333141960e+00 6.088326562943947584e-01
4.990563507553471112e+00 6.128512264032112355e+00
2.569096173892236212e+00 5.491761428687208735e+00
4.053124898745465998e+00 2.425032638940594065e+00
4.352759747203700513e+00 3.086555440350265744e+00
1.634632538408145874e-01 5.649506364295076466e+00
3.967088587350516615e+00 6.017908949981674027e+00
4.771725512552411064e-01 1.287355435234494028e+00
3.512570580229971817e+00 6.256906161955279044e-01
7.810072415417542713e-01 5.254151867558931599e+00
1.265955073726894087e+00 5.327843301567109613e+00
5.638964899890168248e+00 5.290555452430972139e+00
3.588464883385168669e+00 3.844301297445092302e+00
5.280018199063518658e-01 1.842999645632291905e+00
5.456415351072491093e-01 3.204852987794278629e+00
4.735977379677630772e+00 8.806450088855036773e-01
5.955476639597781841e+00 4.540351965789264810e+00
2.776574573492434972e+00 5.184318728678919186e+00
5.588175458337387269e+00 1.764629050979992897e+00
5.820572938636918714e+00 5.509931550918008902e+00
1.730870270879457218e+00 4.663875673740215388e-01
4.956422573002379650e+00 4.473384682883023267e+00
4.355861231623047836e+00 3.281949908589901543e+00
4.173419679493139078e+00 2.188774766709172814e-01
7.079443945833016061e-01 4.893846587921796498e+00
4.489006193865919592e+00 3.251641296650055857e+00
1.780519576525601888e+00 3.556510522667140961e+00
8.772742914290744265e-01 1.441474948168163683e+00
4.030270818428819957e-01 2.807969335300553926e+00
6.170305005794975983e+00 1.217045177313921034e+00
3.482249116500959474e-01 4.999701526015035147e-01
3.703081818973072981e+00 6.111783352848118689e+00
5.256907646540955881e+00 2.574948899528969104e+00
5.636118868036894547e+00 2.393830364699540691e+00
2.135239728177792617e+00 5.434309548759612696e+00
4.515952411954480716e+00 1.162306445919366160e+00
6.320315758439540854e-01 2.133321259236431899e+00
2.747490800318608706e+00 1.706438591713524966e+00
5.301508272209675354e+00 2.423671797883853785e+00
3.881757521173361702e+00 7.231072321702568528e-01
3.176483256249225562e+00 1.831030093943331938e+00
4.145637622930112620e+00 4.694642092879743878e+00
5.608924537878956507e-01 5.166957189221231594e+00
1.736849186441973725e+00 3.593478830094381848e+00
2.787164918697355276e+00 3.931074931374967107e+00
2.979847635493431124e+00 3.573270045266975892e+00
1.198814104980713502e+00 1.902999570308387955e+00
4.020807113147712997e+00 1.586890367560049933e-02
4.859438690969923869e+00 5.569796544271194527e+00
7.971760116226684900e-01 1.723590516602994116e+00
3.105377544380806487e+00 3.365080207894342923e+00
6.023818197293501875e+00 1.015759773523216225e+00
8.456435512934283860e-01 5.646467318474718944e+00
6.184482258739389060e+00 3.360826583967007952e+00
3.495240030923302044e+00 4.159052564375197214e+00
2.135375884107912459e+00 5.247061973164671933e+00
1.514885813783322321e+00 3.997181786706984319e+00
7.457214528248761187e-01 7.252635101621000002e-01
3.185905982305913486e+00 2.373017891043001537e+00
3.265464679755821553e+00 4.209567023020628795e+00
4.304148165067455678e-01 2.620933121548422839e+00
3.230970799001279481e+00 3.097391901226826505e+00
6.208360226858202324e+00 1.056309729352078230e+00
4.669511830050353751e+00 1.273296505203721229e-01
9.651208811453311220e-01 3.901168669711302606e+00
5.002927944419867323e+00 2.130505982189057068e+00
5.976595515481753829e+00 5.561766390292558704e+00
1.557759027978097288e+00 2.120864206584800460e+00
2.152341120977124156e+00 1.357053217609464291e+00
2.419905849402323561e+00 3.964098308056987818e+00
1.101029369721133966e+00 1.255303369770312205e+00
4.859767757258341980e-01 3.870901573894017123e+00
4.279938298961091903e+00 3.900490903512225938e+00
1.443844868420034011e+00 6.021105751843349729e+00
5.837298024289584220e+00 1.574420414012763780e+00
3.909470263647093713e+00 4.489520691871708991e+00
2.120386943200811558e+00 7.322138380572869032e-01
4.936125289328448851e+00 1.767925395798207455e-01
2.480219535598927383e+00 7.549951395862957160e-01
5.721266969929563295e+00 4.110989204992652191e-01
2.708764702528456247e+00 4.309153514808119922e+00
2.842031358620036752e+00 2.303598918325870937e-01
3.349189745041849076e+00 1.505252061654330564e+00
6.017851248587681168e-01 2.071320243545614392e+00
1.421368575081300989e+00 4.570094533282198057e+00
2.675234992568073178e+00 3.109934621926591980e+00
2.720513498072409941e+00 3.673734165323095269e+00
2.330065629549607831e+00 5.858731913343425468e+00
6.063235309620592872e+00 8.013823089639205977e-01
3.954396446597323589e+00 5.193728657687444183e+00
3.984358811635122954e+00 4.321530187934883749e+00
1.724719346701704792e+00 5.153507293553912127e+00
1.654638204044556415e+00 3.537805106903246344e+00
4.997680627611693183e+00 1.497950354840414278e+00
1.582632639687203024e+00 3.419039500958439337e+00
2.371632842101949024e+00 4.903728462019591561e+00
