-1.993085655570030212e+01
-1.993088030815124512e+01
-1.993091045320034027e+01
-1.993066936731338501e+01
-1.993084874749183655e+01
-1.993088842928409576e+01
-1.993085162341594696e+01
-1.993085962533950806e+01
-1.993084335327148438e+01
-1.993084301054477692e+01
-1.993086393177509308e+01
-1.993088689446449280e+01
-1.993066702783107758e+01
-1.993037213385105133e+01
-1.993086209893226624e+01
-1.993074466288089752e+01
-1.993077160418033600e+01
-1.993088918924331665e+01
-1.993089330196380615e+01
-1.993086567521095276e+01
-1.993092459440231323e+01
-1.993091189861297607e+01
-1.993088121712207794e+01
-1.993048331141471863e+01
-1.993083311617374420e+01
-1.993064820766448975e+01
-1.993091125786304474e+01
-1.993086075782775879e+01
-1.993082910776138306e+01
-1.993085654079914093e+01
-1.993077231943607330e+01
-1.993082982301712036e+01
-1.993085449934005737e+01
-1.993077811598777771e+01
-1.993087071180343628e+01
-1.993088270723819733e+01
-1.993082632124423981e+01
-1.993083705008029938e+01
-1.993079084157943726e+01
-1.993063813447952271e+01
-1.993088392913341522e+01
-1.993085801601409912e+01
-1.993079185485839844e+01
-1.993083700537681580e+01
-1.993092805147171021e+01
-1.993086221814155579e+01
-1.993087428808212280e+01
-1.993085604906082153e+01
-1.993080477416515350e+01
-1.993077956140041351e+01
-1.993070450425148010e+01
-1.993081565201282501e+01
-1.993086992204189301e+01
-1.993087801337242126e+01
-1.993086485564708710e+01
-1.993087264895439148e+01
-1.993086680769920349e+01
-1.993084214627742767e+01
-1.993087567389011383e+01
-1.993085975944995880e+01
-1.993070000410079956e+01
-1.993082182109355927e+01
-1.993089935183525085e+01
-1.984173339605331421e+01
-1.993082852661609650e+01
-1.993089336156845093e+01
-1.993085983395576477e+01
-1.993086332082748413e+01
-1.993091630935668945e+01
-1.993081799149513245e+01
-1.993086117506027222e+01
-1.993086966872215271e+01
-1.993079134821891785e+01
-1.993085272610187531e+01
-1.993080380558967590e+01
-1.993083977699279785e+01
-1.993091329932212830e+01
-1.993081909418106079e+01
-1.993076719343662262e+01
-1.993090915679931641e+01
-1.993021212518215179e+01
-1.993086637556552887e+01
-1.993085286021232605e+01
-1.993081794679164886e+01
-1.992977814376354218e+01
-1.993048214912414551e+01
-1.993084634840488434e+01
-1.993086071312427521e+01
-1.993087460100650787e+01
-1.993084152042865753e+01
-1.993089371919631958e+01
-1.993075348436832428e+01
-1.993052616715431213e+01
-1.993085791170597076e+01
-1.993091912567615509e+01
-1.993030810356140137e+01
-1.993080198764801025e+01
-1.993079805374145508e+01
-1.993011918663978577e+01
-1.993079395592212677e+01
-1.993089066445827484e+01
-1.993085864186286926e+01
-1.993086341023445129e+01
-1.993086150288581848e+01
-1.993088160455226898e+01
-1.993063975870609283e+01
-1.993075445294380188e+01
-1.993085156381130219e+01
-1.993083120882511139e+01
-1.993084329366683960e+01
-1.993081282079219818e+01
-1.993078760802745819e+01
-1.993068251013755798e+01
-1.993090920150279999e+01
-1.993076771497726440e+01
-1.993085214495658875e+01
-1.993081742525100708e+01
-1.993090525269508362e+01
-1.993085724115371704e+01
-1.993077154457569122e+01
-1.993090069293975830e+01
-1.993091687560081482e+01
-1.993083755671977997e+01
-1.993074674904346466e+01
-1.993085686862468719e+01
-1.993070726096630096e+01
-1.993083375692367554e+01
-1.993081587553024292e+01
-1.993086995184421539e+01
-1.993087805807590485e+01
-1.993081389367580414e+01
-1.993088053166866302e+01
-1.993060591816902161e+01
-1.993051587045192719e+01
-1.993076993525028229e+01
-1.993061515688896179e+01
-1.993085971474647522e+01
-1.993084856867790222e+01
-1.993090796470642090e+01
-1.993086811900138855e+01
-1.993085303902626038e+01
-1.993087549507617950e+01
-1.993089529871940613e+01
-1.993083591759204865e+01
-1.993085312843322754e+01
-1.993090802431106567e+01
-1.993083959817886353e+01
-1.993081073462963104e+01
-1.993091645836830139e+01
-1.993076376616954803e+01
-1.993063499033451080e+01
-1.993082362413406372e+01
-1.993084408342838287e+01
-1.993087491393089294e+01
-1.993085563182830811e+01
-1.993091371655464172e+01
-1.993047653138637543e+01
-1.993081042170524597e+01
-1.993077789247035980e+01
-1.993069660663604736e+01
-1.993087296187877655e+01
-1.993072620034217834e+01
-1.993087634444236755e+01
-1.993075425922870636e+01
-1.993086759746074677e+01
-1.993081752955913544e+01
-1.993088909983634949e+01
-1.993088157474994659e+01
-1.993081504106521606e+01
-1.993083959817886353e+01
-1.993089148402214050e+01
-1.993043552339076996e+01
-1.993065847456455231e+01
-1.993083886802196503e+01
-1.993075580894947052e+01
-1.993083137273788452e+01
-1.993087369203567505e+01
-1.993088562786579132e+01
-1.993085859715938568e+01
-1.993087089061737061e+01
-1.993033146858215332e+01
-1.993088218569755554e+01
-1.993084706366062164e+01
-1.993081614375114441e+01
-1.993084774911403656e+01
-1.993029654026031494e+01
-1.993074655532836914e+01
-1.993093429505825043e+01
-1.993083781003952026e+01
-1.993090191483497620e+01
-1.993067120015621185e+01
-1.993060986697673798e+01
-1.993088592588901520e+01
-1.993087907135486603e+01
-1.993074671924114227e+01
-1.993088348209857941e+01
-1.993085744976997375e+01
-1.993083399534225464e+01
-1.993082967400550842e+01
-1.993071039021015167e+01
-1.993083001673221588e+01
-1.993088349699974060e+01
-1.993088772892951965e+01
-1.993085432052612305e+01
-1.993084330856800079e+01
-1.993085980415344238e+01
-1.993088966608047485e+01
-1.993086284399032593e+01
-1.993083140254020691e+01
-1.993086549639701843e+01
-1.993085351586341858e+01
-1.993087281286716461e+01
-1.993082930147647858e+01
-1.993091371655464172e+01
-1.993033264577388763e+01
-1.993082809448242188e+01
-1.993072441220283508e+01
-1.993085829913616180e+01
-1.993073174357414246e+01
-1.993084329366683960e+01
-1.993088610470294952e+01
-1.993089973926544189e+01
-1.993089213967323303e+01
-1.993083433806896210e+01
-1.993084959685802460e+01
-1.993088215589523315e+01
-1.993087300658226013e+01
-1.993087983131408691e+01
-1.993089465796947479e+01
-1.993082618713378906e+01
-1.993082091212272644e+01
-1.993091870844364166e+01
-1.993080233037471771e+01
-1.993083705008029938e+01
-1.993086177110671997e+01
-1.993090920150279999e+01
-1.993084019422531128e+01
-1.993087455630302429e+01
-1.993089538812637329e+01
-1.993054522573947906e+01
-1.993090967833995819e+01
-1.993079870939254761e+01
-1.993084101378917694e+01
-1.993084831535816193e+01
-1.993079119920730591e+01
-1.993084067106246948e+01
-1.993079477548599243e+01
-1.993083997070789337e+01
-1.993082155287265778e+01
-1.992961741983890533e+01
-1.993071250617504120e+01
-1.993087981641292572e+01
-1.993083737790584564e+01
-1.993040762841701508e+01
-1.993092116713523865e+01
-1.993087172508239746e+01
-1.993084041774272919e+01
-1.993083648383617401e+01
-1.993085964024066925e+01
-1.993086127936840057e+01
-1.993090407550334930e+01
-1.993088032305240631e+01
-1.992975096404552460e+01
-1.993084610998630524e+01
-1.993092134594917297e+01
-1.993071970343589783e+01
-1.993092723190784454e+01
-1.993083749711513519e+01
-1.993085859715938568e+01
-1.993082462251186371e+01
-1.993080659210681915e+01
-1.993088588118553162e+01
-1.993086044490337372e+01
-1.993078386783599854e+01
-1.993083864450454712e+01
-1.993091569840908051e+01
-1.993091078102588654e+01
-1.993082229793071747e+01
-1.993083763122558594e+01
-1.993090249598026276e+01
-1.993090479075908661e+01
-1.993073356151580811e+01
-1.993063327670097351e+01
-1.993089003860950470e+01
-1.993082186579704285e+01
-1.993083530664443970e+01
-1.993089401721954346e+01
-1.993059606850147247e+01
-1.993089297413825989e+01
-1.992402592301368713e+01
-1.993087194859981537e+01
-1.993080413341522217e+01
-1.993082478642463684e+01
-1.993087559938430786e+01
-1.993068215250968933e+01
-1.993084760010242462e+01
-1.993087728321552277e+01
-1.993090344965457916e+01
-1.993091909587383270e+01
-1.993088971078395844e+01
-1.993079665303230286e+01
-1.993084914982318878e+01
-1.993089382350444794e+01
-1.993086422979831696e+01
-1.993084704875946045e+01
-1.993083801865577698e+01
-1.993089799582958221e+01
-1.993047215044498444e+01
-1.993088959157466888e+01
-1.993083786964416504e+01
-1.993074861168861389e+01
-1.993089015781879425e+01
-1.993080848455429077e+01
-1.993085540831089020e+01
-1.993080276250839233e+01
-1.993087363243103027e+01
-1.993057715892791748e+01
-1.993077126145362854e+01
-1.993086975812911987e+01
-1.993086260557174683e+01
-1.993082709610462189e+01
-1.993031913042068481e+01
-1.993070073425769806e+01
-1.993088527023792267e+01
-1.993072603642940521e+01
-1.993063102662563324e+01
-1.993087133765220642e+01
-1.993088881671428680e+01
-1.993084670603275299e+01
-1.993077179789543152e+01
-1.993084529042243958e+01
-1.993085931241512299e+01
-1.993081609904766083e+01
-1.993087594211101532e+01
-1.993083555996417999e+01
-1.993087570369243622e+01
-1.993077050149440765e+01
-1.993030922114849091e+01
-1.993086738884449005e+01
-1.993088033795356750e+01
-1.993078616261482239e+01
-1.992992039024829865e+01
-1.993090100586414337e+01
-1.993085788190364838e+01
-1.993072655797004700e+01
-1.993084652721881866e+01
-1.993089407682418823e+01
-1.993087038397789001e+01
-1.993086057901382446e+01
-1.993084923923015594e+01
-1.993083623051643372e+01
-1.993086962401866913e+01
-1.993085539340972900e+01
-1.993087558448314667e+01
-1.993086427450180054e+01
-1.993095806241035461e+01
-1.993085467815399170e+01
-1.993085932731628418e+01
-1.993089014291763306e+01
-1.993067404627799988e+01
-1.993083524703979492e+01
-1.993078134953975677e+01
-1.993079948425292969e+01
-1.993083153665065765e+01
-1.993085509538650513e+01
-1.993085314333438873e+01
-1.993079617619514465e+01
-1.993071283400058746e+01
-1.993089869618415833e+01
-1.993037822842597961e+01
-1.993076160550117493e+01
-1.993090400099754333e+01
-1.993090529739856720e+01
-1.993069066107273102e+01
-1.993052859604358673e+01
-1.993089811503887177e+01
-1.993083740770816803e+01
-1.993090623617172241e+01
-1.993076232075691223e+01
-1.993093110620975494e+01
-1.993065656721591949e+01
-1.993087053298950195e+01
-1.993082395195960999e+01
-1.993081209063529968e+01
-1.993087439239025116e+01
-1.993088787794113159e+01
-1.993076825141906738e+01
-1.993087951838970184e+01
-1.993088409304618835e+01
-1.993080385029315948e+01
-1.993086014688014984e+01
-1.993086694180965424e+01
-1.993050451576709747e+01
-1.993090948462486267e+01
-1.993081025779247284e+01
-1.993089804053306580e+01
-1.993065288662910461e+01
-1.993087980151176453e+01
-1.993089348077774048e+01
-1.993082328140735626e+01
-1.993056911230087280e+01
-1.993080580234527588e+01
-1.993079307675361633e+01
-1.993086771667003632e+01
-1.993088205158710480e+01
-1.993081399798393250e+01
-1.993082042038440704e+01
-1.984430791437625885e+01
-1.993084728717803955e+01
-1.993087454140186310e+01
-1.993090809881687164e+01
-1.993072892725467682e+01
-1.993084152042865753e+01
-1.993088409304618835e+01
-1.993074809014797211e+01
-1.993081982433795929e+01
-1.993087871372699738e+01
-1.993082322180271149e+01
-1.993087555468082428e+01
-1.993084882199764252e+01
-1.993091955780982971e+01
-1.993090231716632843e+01
-1.993080459535121918e+01
-1.993086929619312286e+01
-1.993075482547283173e+01
-1.993081094324588776e+01
-1.993089868128299713e+01
-1.993088434636592865e+01
-1.993085238337516785e+01
-1.993085677921772003e+01
-1.993078215420246124e+01
-1.993082362413406372e+01
-1.993083474040031433e+01
-1.993078838288784027e+01
-1.993075856566429138e+01
-1.993091817200183868e+01
-1.993081958591938019e+01
-1.993087698519229889e+01
-1.993082541227340698e+01
-1.993087303638458252e+01
-1.993088574707508087e+01
-1.993088449537754059e+01
-1.993086855113506317e+01
-1.993072029948234558e+01
-1.993079814314842224e+01
-1.993087603151798248e+01
-1.993087521195411682e+01
-1.993083769083023071e+01
-1.993071404099464417e+01
-1.993087022006511688e+01
-1.993085601925849915e+01
-1.993085081875324249e+01
-1.993077644705772400e+01
-1.993091931939125061e+01
-1.993082639575004578e+01
-1.993073372542858124e+01
-1.993089815974235535e+01
-1.993086755275726318e+01
-1.993089334666728973e+01
-1.993088349699974060e+01
-1.993087846040725708e+01
-1.993084245920181274e+01
-1.993074935674667358e+01
-1.993087193369865417e+01
-1.993084192276000977e+01
-1.993084464967250824e+01
-1.993089427053928375e+01
-1.993089237809181213e+01
-1.993061159551143646e+01
-1.993084742128849030e+01
-1.993091045320034027e+01
-1.993087464570999146e+01
-1.993087501823902130e+01
-1.993075726926326752e+01
-1.993090131878852844e+01
-1.993088974058628082e+01
-1.993083168566226959e+01
-1.993079197406768799e+01
-1.993087184429168701e+01
-1.993084768950939178e+01
-1.993088024854660034e+01
-1.993088547885417938e+01
-1.993084576725959778e+01
-1.993085168302059174e+01
-1.993081092834472656e+01
-1.993087509274482727e+01
-1.993083323538303375e+01
-1.993056951463222504e+01
-1.993077014386653900e+01
-1.993084762990474701e+01
-1.993078194558620453e+01
-1.993078653514385223e+01
-1.993074123561382294e+01
-1.993085846304893494e+01
-1.993084074556827545e+01
-1.993084162473678589e+01
-1.993081903457641602e+01
-1.993038205802440643e+01
-1.993086487054824829e+01
-1.993088965117931366e+01
-1.993069118261337280e+01
-1.993087087571620941e+01
-1.993087396025657654e+01
-1.993085375428199768e+01
-1.993085460364818573e+01
-1.993082319200038910e+01
-1.993063922226428986e+01
-1.993091605603694916e+01
-1.993086929619312286e+01
-1.992957603931427002e+01
-1.993086141347885132e+01
-1.993088778853416443e+01
-1.993074907362461090e+01
-1.993090404570102692e+01
-1.993079528212547302e+01
-1.993026810884475708e+01
-1.993084365129470825e+01
-1.993092024326324463e+01
-1.993087716400623322e+01
-1.993085828423500061e+01
-1.993088689446449280e+01
-1.993019859492778778e+01
-1.993087075650691986e+01
-1.993086896836757660e+01
-1.993076895177364349e+01
-1.993052963912487030e+01
-1.993080398440361023e+01
-1.993086624145507812e+01
-1.993079428374767303e+01
-1.993077878654003143e+01
-1.993090353906154633e+01
-1.993086031079292297e+01
-1.993084733188152313e+01
-1.993084463477134705e+01
-1.993083144724369049e+01
-1.993084302544593811e+01
-1.993085543811321259e+01
-1.993086540699005127e+01
-1.993083360791206360e+01
-1.993071287870407104e+01
-1.993078207969665527e+01
-1.993027596175670624e+01
-1.993082353472709656e+01
-1.993090291321277618e+01
-1.993086998164653778e+01
-1.993067491054534912e+01
-1.993095241487026215e+01
-1.993078504502773285e+01
-1.993076892197132111e+01
-1.993073560297489166e+01
-1.993081861734390259e+01
-1.984185242652893066e+01
-1.993079730868339539e+01
-1.993079592287540436e+01
-1.993078213930130005e+01
-1.992982356250286102e+01
-1.993083958327770233e+01
-1.993058316409587860e+01
-1.993083967268466949e+01
-1.993091575801372528e+01
-1.993079780042171478e+01
-1.993084502220153809e+01
-1.993081140518188477e+01
-1.993073825538158417e+01
-1.993086345493793488e+01
-1.993082797527313232e+01
-1.993088828027248383e+01
-1.993088072538375854e+01
-1.993093544244766235e+01
-1.993076799809932709e+01
-1.993084773421287537e+01
-1.993083810806274414e+01
-1.993087302148342133e+01
-1.993087023496627808e+01
-1.993070341646671295e+01
-1.993084259331226349e+01
-1.993085852265357971e+01
-1.993090516328811646e+01
-1.993091116845607758e+01
-1.993081294000148773e+01
-1.993068669736385345e+01
-1.993083906173706055e+01
-1.993086320161819458e+01
-1.993085293471813202e+01
-1.993085725605487823e+01
-1.993079482018947601e+01
-1.993084128201007843e+01
-1.993089756369590759e+01
-1.993086826801300049e+01
-1.993087077140808105e+01
-1.993088531494140625e+01
-1.993086294829845428e+01
-1.993093545734882355e+01
-1.993088853359222412e+01
-1.993079775571823120e+01
-1.993080885708332062e+01
-1.993065236508846283e+01
-1.993082323670387268e+01
-1.993085700273513794e+01
-1.993089251220226288e+01
-1.993088969588279724e+01
-1.993089886009693146e+01
-1.993081018328666687e+01
-1.993086099624633789e+01
-1.993062743544578552e+01
-1.993089433014392853e+01
-1.993084801733493805e+01
-1.993086652457714081e+01
-1.993069897592067719e+01
-1.993085166811943054e+01
-1.993087546527385712e+01
-1.993081404268741608e+01
-1.993090577423572540e+01
-1.993076652288436890e+01
-1.993079032003879547e+01
-1.993069295585155487e+01
-1.993087869882583618e+01
-1.993091380596160889e+01
-1.993086817860603333e+01
-1.993084515631198883e+01
-1.993059948086738586e+01
-1.993092146515846252e+01
-1.993071986734867096e+01
-1.993088063597679138e+01
-1.993087346851825714e+01
-1.993068224191665649e+01
-1.993082903325557709e+01
-1.993087135255336761e+01
-1.993079146742820740e+01
-1.993083797395229340e+01
-1.993090300261974335e+01
-1.993069049715995789e+01
-1.993081061542034149e+01
-1.993082205951213837e+01
-1.993089999258518219e+01
-1.993088115751743317e+01
-1.993090492486953735e+01
-1.984587727487087250e+01
-1.993084011971950531e+01
-1.993064542114734650e+01
-1.993087269365787506e+01
-1.993092536926269531e+01
-1.993069647252559662e+01
-1.993085053563117981e+01
-1.993087264895439148e+01
-1.993080337345600128e+01
-1.993084309995174408e+01
-1.993088935315608978e+01
-1.993092332780361176e+01
-1.993086987733840942e+01
-1.993090446293354034e+01
-1.993080551922321320e+01
-1.993088427186012268e+01
-1.993075454235076904e+01
-1.993083438277244568e+01
-1.993086354434490204e+01
-1.993070079386234283e+01
-1.993084435164928436e+01
-1.993054774403572083e+01
-1.993088017404079437e+01
-1.993081392347812653e+01
-1.993078154325485229e+01
-1.993063665926456451e+01
-1.993073445558547974e+01
-1.993080699443817139e+01
-1.993088391423225403e+01
-1.993072640895843506e+01
-1.993081215023994446e+01
-1.993080142140388489e+01
-1.993077588081359863e+01
-1.993082250654697418e+01
-1.993092848360538483e+01
-1.993083167076110840e+01
-1.993087936937808990e+01
-1.993080416321754456e+01
-1.993085230886936188e+01
-1.993088656663894653e+01
-1.993088263273239136e+01
-1.993085448443889618e+01
-1.993088604509830475e+01
-1.993089106678962708e+01
-1.993085348606109619e+01
-1.993085171282291412e+01
-1.993082179129123688e+01
-1.993059895932674408e+01
-1.993089762330055237e+01
-1.993077436089515686e+01
-1.993088835477828979e+01
-1.993089553713798523e+01
-1.993090468645095825e+01
-1.993091645836830139e+01
-1.993087251484394073e+01
-1.993087929487228394e+01
-1.993089073896408081e+01
-1.993088920414447784e+01
-1.992970593273639679e+01
-1.993046022951602936e+01
-1.993089652061462402e+01
-1.993090377748012543e+01
-1.993083561956882477e+01
-1.993088193237781525e+01
-1.993086022138595581e+01
-1.993086116015911102e+01
-1.993081615865230560e+01
-1.993085636198520660e+01
-1.993088227510452271e+01
-1.993086743354797363e+01
-1.993083016574382782e+01
-1.993082219362258911e+01
-1.993048320710659027e+01
-1.993089698255062103e+01
-1.993085817992687225e+01
-1.993080878257751465e+01
-1.993089698255062103e+01
-1.993072818219661713e+01
-1.993086312711238861e+01
-1.993078938126564026e+01
-1.993090257048606873e+01
-1.993079224228858948e+01
-1.993089328706264496e+01
-1.993089911341667175e+01
-1.993087106943130493e+01
-1.993075084686279297e+01
-1.993091014027595520e+01
-1.993033237755298615e+01
-1.993088039755821228e+01
-1.993013085424900055e+01
-1.993072360754013062e+01
-1.993042443692684174e+01
-1.993089523911476135e+01
-1.993092386424541473e+01
-1.993087020516395569e+01
-1.993076691031455994e+01
-1.993084393441677094e+01
-1.993072140216827393e+01
-1.993077862262725830e+01
-1.993078543245792389e+01
-1.993083937466144562e+01
-1.993065766990184784e+01
-1.993087424337863922e+01
-1.993089552223682404e+01
-1.993077148497104645e+01
-1.993058307468891144e+01
-1.993066938221454620e+01
-1.993079911172389984e+01
-1.993084959685802460e+01
-1.993079854547977448e+01
-1.993084561824798584e+01
-1.993086554110050201e+01
-1.993090642988681793e+01
-1.993083806335926056e+01
-1.993091826140880585e+01
-1.993084084987640381e+01
-1.993067930638790131e+01
-1.993089595437049866e+01
-1.993089130520820618e+01
-1.993067285418510437e+01
-1.993090230226516724e+01
-1.993084396421909332e+01
-1.993076834082603455e+01
-1.993079540133476257e+01
-1.993090762197971344e+01
-1.993084959685802460e+01
-1.993086674809455872e+01
-1.993065667152404785e+01
-1.993070566654205322e+01
-1.993085975944995880e+01
-1.993081206083297729e+01
-1.993087810277938843e+01
-1.993088032305240631e+01
-1.993086245656013489e+01
-1.993086415529251099e+01
-1.993086190521717072e+01
-1.992826455831527710e+01
-1.993003818392753601e+01
-1.993068984150886536e+01
-1.993084330856800079e+01
-1.993088249862194061e+01
-1.993087378144264221e+01
-1.993087054789066315e+01
-1.993079090118408203e+01
-1.993058338761329651e+01
-1.993075339496135712e+01
-1.993066897988319397e+01
-1.993072688579559326e+01
-1.993085333704948425e+01
-1.993027830123901367e+01
-1.993089459836483002e+01
-1.993081772327423096e+01
-1.993082983791828156e+01
-1.993085850775241852e+01
-1.993086686730384827e+01
-1.993086834251880646e+01
-1.993080705404281616e+01
-1.993081255257129669e+01
-1.993085037171840668e+01
-1.993083548545837402e+01
-1.993086062371730804e+01
-1.993085785210132599e+01
-1.993084660172462463e+01
