-1.229861669677120517e+01
-1.230658795222916524e+01
-1.215944475678963954e+01
-5.423977294121868908e+00
-1.225141266641003313e+01
-1.230415040576917818e+01
-1.230640716906873422e+01
-6.996064665028825402e+00
-1.215953406898654521e+01
-1.230465254455339164e+01
-1.230430977430842177e+01
-8.547181655128952116e+00
-1.229790985811177961e+01
-1.224141167938068975e+01
-1.230264877251283906e+01
-1.230425328139790508e+01
-6.611820420599542558e+00
-1.230211274980138114e+01
-1.230029148449989407e+01
-1.229795192654637503e+01
-4.988037556759081781e+00
-1.215937668239919844e+01
-1.230306597192611662e+01
-1.229044368336690241e+01
-1.230334039517583733e+01
-1.230356337248122145e+01
-5.987279690802097321e+00
-1.230218694504583254e+01
-1.230147312972303553e+01
-1.215949138129105478e+01
-1.230583991356252227e+01
-1.230417385100008687e+01
-1.230546061386030487e+01
-1.230443610122893006e+01
-1.225781164140062174e+01
-1.230264675316993817e+01
-1.229709273544131065e+01
-1.230218886840521009e+01
-1.230424711998603016e+01
-1.225733164860866964e+01
-1.229751330906037765e+01
-6.960152218583971262e+00
-1.230190160140227817e+01
-1.229927925290758139e+01
-1.224415929346287157e+01
-6.414419489359715953e+00
-1.223777650941337924e+01
-1.230452630909530853e+01
-5.424118417664431036e+00
-7.809353291988372803e+00
-1.230517175362911075e+01
-1.230227046596337459e+01
-1.230211496412630368e+01
-1.230101375877165992e+01
-1.230104646288782533e+01
-1.230388512383251509e+01
-1.230449680587935291e+01
-1.230311141592937929e+01
-1.230044075410114601e+01
-1.230362855446310277e+01
-6.611780446139164269e+00
-1.230463424184381438e+01
-6.443131985259242356e+00
-1.230150564381801814e+01
-1.215949964624974200e+01
-1.230157940412573225e+01
-7.636617762269452214e+00
-1.230140442782794707e+01
-1.230734606319128943e+01
-1.230232131222510361e+01
-1.230285810087843856e+01
-1.230041461668952252e+01
-1.228391745051339967e+01
-1.223835504380986094e+01
-1.230419848829296825e+01
-1.229324048078797205e+01
-1.230710950905086065e+01
-1.229894028650960536e+01
-1.230486039620700467e+01
-1.230298580644193862e+01
-8.547209677344653755e+00
-5.225552527495892718e+00
-1.229934406266170299e+01
-1.230364475306487293e+01
-1.229968090590045904e+01
-1.230439865645985265e+01
-1.230667803665073734e+01
-1.230362023660381965e+01
-1.215947408091869875e+01
-5.888398600625805557e+00
-7.206838332815095782e+00
-1.230430163200526295e+01
-1.230390350010566181e+01
-1.230346388334783114e+01
-1.230356177576322807e+01
-1.225409914172632853e+01
-1.215948858303954694e+01
-1.230225277329554956e+01
-5.779720305930823088e+00
-1.230464065252635919e+01
-6.996100729040335864e+00
-5.888480010326020420e+00
-1.230116990266469656e+01
-1.230785277722543469e+01
-7.809329419396817684e+00
-6.996216385741718113e+00
-1.230231176488757683e+01
-1.230177392020050320e+01
-1.230361754465866397e+01
-1.230723804891476902e+01
-1.225612380167876836e+01
-8.904340772889554501e+00
-6.996135055087506771e+00
-1.223333301200182177e+01
-1.230614413032981247e+01
-1.230371414641012962e+01
-1.230525320147262391e+01
-1.230053436396701727e+01
-1.228404637498169905e+01
-1.230249966988776578e+01
-8.904487703810445964e+00
-1.230360975614894414e+01
-1.230514741577644600e+01
-6.996116722875740379e+00
-1.230416712754413311e+01
-1.229714341093676921e+01
-1.230773984487132111e+01
-1.230213851735061326e+01
-1.230049593630610616e+01
-1.215943541232780944e+01
-1.230519174307301000e+01
-1.230673426000430482e+01
-1.230378620307419624e+01
-1.229308012843193865e+01
-1.230443927134547266e+01
-1.230214747812351561e+01
-6.960017928853631020e+00
-1.229772066875557357e+01
-8.862344591878354549e+00
-1.230323274432521430e+01
-1.230679834576585563e+01
-1.230284552262128273e+01
-1.230246032532886602e+01
-1.230701656433120661e+01
-1.230350837779951689e+01
-8.904482101905159652e+00
-1.230391257003429928e+01
-1.225782757125853095e+01
-1.230308584803970007e+01
-1.215934657740183411e+01
-1.230270805625696084e+01
-7.809607278322800994e+00
-4.987968927947804332e+00
-1.225215512667637086e+01
-1.230583672357715841e+01
-1.230418315664428519e+01
-6.486182874883525074e+00
-1.223747877090499969e+01
-1.230056458886610926e+01
-1.230125542698806385e+01
-1.230505253574665403e+01
-5.506025283364579082e+00
-1.230438505293113849e+01
-1.230190170794594451e+01
-1.230287400376255391e+01
-8.546938545710872859e+00
-5.125709926593117416e+00
-6.435961789102293551e+00
-1.229836795107257785e+01
-1.230596558002798702e+01
-1.228425260219228221e+01
-1.215951337106343999e+01
-1.230196804825209256e+01
-1.229154321156602236e+01
-1.230490528727386845e+01
-1.230282003568390792e+01
-1.230453326678980375e+01
-1.225794161539670313e+01
-1.229969892064218584e+01
-5.888544128742069006e+00
-1.230347342107324948e+01
-8.148231873405165970e+00
-1.229933402850480206e+01
-1.230348912995032151e+01
-7.987745754595380276e+00
-1.230586750377551652e+01
-1.229739371343384846e+01
-1.230397005240047292e+01
-1.230268872301166994e+01
-1.229049727793972124e+01
-1.230523716809511825e+01
-1.230213599432318006e+01
-5.354613898525713012e+00
-6.718229383928701282e+00
-1.230559202952281339e+01
-1.230419602589427086e+01
-1.230410501712867699e+01
-7.435924390098080039e+00
-8.148413558141328394e+00
-8.904488076223060489e+00
-1.230489401788508985e+01
-1.230574376895674504e+01
-6.414401978923706338e+00
-1.229680635875047301e+01
-5.945822468376718462e+00
-1.230098402411931602e+01
-6.996217057167086750e+00
-1.229833746088479529e+01
-1.230643606873127283e+01
-1.230216505400858296e+01
-1.228598305533887469e+01
-1.230509410335434950e+01
-1.230590670469973702e+01
-1.229812318885706190e+01
-1.230095299609092763e+01
-1.230222451139707118e+01
-7.987710703164339066e+00
-1.229770022225602588e+01
-1.230062921778153395e+01
-1.229795064183053910e+01
-1.215945328755299215e+01
-5.987286492600105703e+00
-1.230353824546364194e+01
-1.229871696082227572e+01
-1.230579837235836749e+01
-1.215910560421548325e+01
-5.424042142520193011e+00
-1.215947030840010257e+01
-1.215942592343623119e+01
-6.960044728824868798e+00
-5.878629639686550945e+00
-1.230320548997406149e+01
-1.230239260552662017e+01
-1.230534809925848094e+01
-1.230534199023350084e+01
-1.228185577693511732e+01
-1.230264362725756655e+01
-1.230285204560095735e+01
-1.230678587538932334e+01
-1.229863946031764499e+01
-1.230601040476904018e+01
-6.602511991048231721e+00
-1.230605986188129464e+01
-1.230418939884657448e+01
-1.230302377285806870e+01
-1.230718696684834867e+01
-1.230704960500952438e+01
-1.230292449965872947e+01
-1.229934439867793117e+01
-1.230292132139675232e+01
-1.230614273670198600e+01
-1.230315983773289190e+01
-1.224458347537438385e+01
-1.229596947207210178e+01
-1.230335946892773791e+01
-5.424137116351630539e+00
-1.230394196528231987e+01
-1.230405169325422321e+01
-1.230486829168512486e+01
-6.611977304331958294e+00
-1.223721655612462200e+01
-1.230384235665951564e+01
-1.230295044163540297e+01
-1.225171059489366598e+01
-1.230042652424981497e+01
-1.230000858017228893e+01
-1.229708081060744007e+01
-1.215951036277692765e+01
-1.230045020667239442e+01
-1.230058860073040705e+01
-1.228418137128028320e+01
-1.230259655367626692e+01
-4.068420714000239968e+00
-1.230407981482312607e+01
-1.230451374667882192e+01
-1.230551602416016976e+01
-6.414415364124579355e+00
-1.230689125882963708e+01
-6.611922010895796120e+00
-1.215902647417169646e+01
-1.230300216276555147e+01
-5.354705618010484613e+00
-1.230410957965250418e+01
-5.601826638914644718e+00
-1.230263666882638063e+01
-1.230286025420173246e+01
-5.888416990637779236e+00
-6.089251469820737839e+00
-1.215948195225050199e+01
-1.229876041373063345e+01
-1.230436382601692458e+01
-1.215946838382305373e+01
-1.230702557338099723e+01
-6.486141308618243784e+00
-1.230229872506606625e+01
-1.230525732459500432e+01
-1.230721935132692124e+01
-1.230227140142596909e+01
-8.862339974148198962e+00
-6.008302628761157393e+00
-1.227863173618607107e+01
-1.230121067342406604e+01
-1.230749069199555379e+01
-8.862338156031910330e+00
-1.230269529577617504e+01
-1.230117413059815590e+01
-1.229926766563039564e+01
-7.809539956972002983e+00
-1.228356169395556208e+01
-3.729308782843872905e+00
-1.229504186954727629e+01
-1.230304230368346907e+01
-6.960124024888500571e+00
-1.223731198509631213e+01
-1.230321047507823096e+01
-5.937503259629011154e+00
-1.230636158404013258e+01
-6.435942740412428975e+00
-1.230190099788887892e+01
-8.862270358251407743e+00
-6.996169577119871974e+00
-1.228406149290822214e+01
-1.226537127757910639e+01
-1.230339514036131732e+01
-1.230317778320386424e+01
-1.230433451609314943e+01
-1.225791190347808879e+01
-1.230250466396682896e+01
-1.215841951282709488e+01
-1.229688431018075789e+01
-1.230155131542960589e+01
-1.230650602275818528e+01
-1.228037546835548710e+01
-1.230043105783079227e+01
-1.225623348955559777e+01
-1.226396332819422241e+01
-1.230782667846142431e+01
-1.215946326950711409e+01
-1.230158315741573460e+01
-5.354688503299257718e+00
-1.230323274213515106e+01
-1.230611530628175387e+01
-1.229979913613715325e+01
-1.230463247053921805e+01
-1.230281345775620139e+01
-1.224315428553381935e+01
-6.272506338718812913e+00
-1.230778373919201840e+01
-1.230325127146352315e+01
-1.230327865561412182e+01
-7.436198696959763765e+00
-1.230346803176144022e+01
-1.230711811073706485e+01
-1.230725657152925123e+01
-1.230334277352449135e+01
-7.636480295099318027e+00
-5.937382448231801391e+00
-1.215895160564195976e+01
-1.230564203387802991e+01
-1.228895789332818822e+01
-1.230216582363573252e+01
-1.230302479834153928e+01
-1.229277053008627263e+01
-1.230330090438656043e+01
-6.850733779836446047e+00
-1.228313744310435141e+01
-8.904443761683069170e+00
-1.230269732288434170e+01
-1.230746498328699090e+01
-1.230737626173504395e+01
-1.228139953778008930e+01
-1.230423834207704203e+01
-1.229465415920276428e+01
-1.229964461446434143e+01
-1.228343410196248442e+01
-1.230668199193041801e+01
-5.779658160405233502e+00
-1.230272992576465185e+01
-1.229935658879912808e+01
-7.206754280487075448e+00
-1.230129666508582886e+01
-1.230629552213576972e+01
-1.230817709455311615e+01
-5.888457331457175314e+00
-1.215940938804260441e+01
-1.230730775240863295e+01
-1.230681430791537423e+01
-1.230103744212829042e+01
-7.809515607776120305e+00
-1.228382776765647577e+01
-6.574302023393101990e+00
-1.224176879978040233e+01
-6.850743935676291585e+00
-1.230151832692718017e+01
-1.230580531977921055e+01
-1.230819599565234057e+01
-1.230051745460150414e+01
-1.230039522921606476e+01
-1.230245075492348406e+01
-1.230435990112164291e+01
-1.230434735311246186e+01
-3.689942566328682005e+00
-1.230355163085187087e+01
-1.230342064433807536e+01
-1.230728166550579772e+01
-1.225417051430849824e+01
-5.602723402902483940e+00
-1.215937995113699799e+01
-1.229179371804639231e+01
-1.230794494264091554e+01
-1.230446065600699512e+01
-8.862151928886305541e+00
-1.223406002129922854e+01
-8.547122496005613357e+00
-1.230449999711345299e+01
-1.230365229252493009e+01
-1.225354419339419110e+01
-6.996225664857774973e+00
-1.230441081870048947e+01
-1.230145542145328363e+01
-6.718507844954729080e+00
-8.862269123783335090e+00
-1.229389424370128836e+01
-7.809456751914694905e+00
-1.230304234166942479e+01
-8.862237341614672914e+00
-1.230462160496972501e+01
-1.230127973536764330e+01
-1.230306227873734315e+01
-1.229990793144861527e+01
-6.486144951893948019e+00
-1.229822294668883842e+01
-1.230307437130250037e+01
-1.225793540805170778e+01
-1.230435703232251399e+01
-1.230436442239442840e+01
-1.230332762478610675e+01
-5.888534305500797927e+00
-1.230143238233867464e+01
-8.862247070355806500e+00
-1.230157347280237445e+01
-1.230720364725311811e+01
-1.230333002527186181e+01
-1.230415763295422948e+01
-1.229795947485763463e+01
-1.230510914284877799e+01
-1.230417203218530631e+01
-7.636058018775656819e+00
-1.215939299501042115e+01
-1.229294039146043360e+01
-1.230487817173707299e+01
-1.225209950583666796e+01
-1.230298173288701946e+01
-1.225133794976136414e+01
-1.230237065584151424e+01
-1.215944026999851246e+01
-1.230314120688035473e+01
-1.215927482056440567e+01
-1.230576696914522472e+01
-8.862169989501126111e+00
-1.230399918075454480e+01
-1.228261313275288558e+01
-1.230353072008983872e+01
-1.215951992883333332e+01
-8.547015903983265162e+00
-1.230503532279908541e+01
-1.230128964234063460e+01
-1.230145278182681068e+01
-1.230362299962325778e+01
-1.229993024310851979e+01
-8.904497688170522451e+00
-1.230274546495093091e+01
-1.230464536982526624e+01
-1.230672758667788003e+01
-1.230439855464464927e+01
-1.230384846949164057e+01
-1.223129465334204724e+01
-1.215935968086455432e+01
-6.272519685560837388e+00
-6.141724133631214499e+00
-1.230163386812455428e+01
-1.225294169410335599e+01
-1.215951067509956829e+01
-1.230492751789097383e+01
-1.230301026832967182e+01
-1.225231870613788487e+01
-1.230585485732444795e+01
-1.230201166631377419e+01
-1.230459750191948842e+01
-1.230234579003990802e+01
-1.228548701846420954e+01
-6.414407295204000548e+00
-1.229609363569761626e+01
-1.215946197226412551e+01
-1.230473925603746466e+01
-1.215946023533857101e+01
-8.862305030284915119e+00
-1.228350757259613601e+01
-1.230276160877110669e+01
-1.223663291956472676e+01
-1.230294339937063341e+01
-1.230849585862074491e+01
-1.230553683521065977e+01
-1.230274803580687148e+01
-1.230369260374573059e+01
-1.230548933781938103e+01
-1.230406034031329909e+01
-1.230419821275427239e+01
-7.436135818948969245e+00
-1.226141102694964502e+01
-1.230083220739470562e+01
-4.586420885170809925e+00
-1.230609350128179358e+01
-1.230162336116882216e+01
-1.225652020093548344e+01
-1.230423101004816999e+01
-1.230787173232783971e+01
-1.230357632906816434e+01
-1.230439294362076907e+01
-1.226979386596576660e+01
-1.225498285349749494e+01
-8.547136029403191060e+00
-1.230474205993414216e+01
-1.230533231365734537e+01
-5.424085466831456870e+00
-1.230222473756293766e+01
-6.574295691796578467e+00
-1.230162775291864818e+01
-6.574306708062067628e+00
-1.230532319526173524e+01
-1.230471438913082238e+01
-1.230565359865977371e+01
-1.230720085046323220e+01
-1.230452865427650977e+01
-1.230334856692024914e+01
-6.089427541941404343e+00
-1.230450143098460103e+01
-1.229900289222314314e+01
-1.230265920963756798e+01
-1.224194580726907589e+01
-1.230515148946051340e+01
-8.904433104209601879e+00
-8.862296104140114039e+00
-1.230489935052264627e+01
-1.230806433130055666e+01
-6.503697990090586245e+00
-1.230226278207737778e+01
-1.230384303641494625e+01
-1.229677252854526159e+01
-1.230374825733633770e+01
-1.230288368131550669e+01
-1.230379171334971034e+01
-1.230349525964811619e+01
-5.888524130452424288e+00
-1.229896769164406578e+01
-1.230319018905538542e+01
-1.230300687612907495e+01
-1.230307695088777109e+01
-1.223278939990996150e+01
-1.230030579460799345e+01
-2.702702737529762089e+00
-6.960045695072039962e+00
-1.230256317056318949e+01
-6.486080263275653124e+00
-1.230399557362216001e+01
-7.809579572407528758e+00
-6.850729161873459816e+00
-1.230389305210337625e+01
-1.230364259993075393e+01
-1.230203248228099255e+01
-1.225623019886552356e+01
-7.809017010265961289e+00
-1.230265030403279525e+01
-1.227408497283613542e+01
-7.987741119344718754e+00
-7.809528721962124109e+00
-1.230266780071269750e+01
-7.809551912825554609e+00
-1.230223562801256776e+01
-1.225917735095208627e+01
-1.230036663139435404e+01
-6.435965958749875426e+00
-1.230373902592145896e+01
-1.229817613031536894e+01
-1.226911077586555621e+01
-1.230632324672660616e+01
-1.228410224671824835e+01
-6.611961312824860215e+00
-1.230454557832035789e+01
-1.225587785697280196e+01
-5.888476056745275855e+00
-1.230615780598145648e+01
-1.230434791213792778e+01
-8.547194350976496935e+00
-1.230445835978844116e+01
-6.141706667956896126e+00
-1.230043537231540540e+01
-1.230448873382465536e+01
-1.230265459285146790e+01
-1.228777553483814700e+01
-6.611878441530279815e+00
-5.779763402300886810e+00
-1.230508796532922133e+01
-8.904369308846071362e+00
-5.779791026725433767e+00
-1.230821358925004461e+01
-1.230386718616409780e+01
-1.230418307665604516e+01
-1.230289000342236250e+01
-1.228335555897865561e+01
-6.008366195252165198e+00
-7.636517905630171299e+00
-7.809560465859249234e+00
-5.602547201095148921e+00
-4.255670229031238705e+00
-1.230450101612223079e+01
-1.227811419850331731e+01
-1.215949144718004504e+01
-1.224086345268733567e+01
-1.230352270355251676e+01
-1.230294511305692140e+01
-1.230372974478996184e+01
-6.996212893398478627e+00
-1.229841444921203220e+01
-8.904420507024042308e+00
-6.574255389976315200e+00
-8.862237712484784424e+00
-1.215945314149939804e+01
-1.230311339463332843e+01
-1.215946868908438816e+01
-6.960114988964051008e+00
-6.499919924652203918e+00
-1.230652842215204146e+01
-1.230358095604424307e+01
-1.230354134823392087e+01
-1.230150748845153430e+01
-1.215939100844798304e+01
-1.230219692856917391e+01
-1.230367376484628039e+01
-1.230504792220926902e+01
-1.230468012001438183e+01
-1.230075115052750334e+01
-5.779767681844532490e+00
-8.862270013603847474e+00
-1.230464771373135591e+01
-1.230170610658751684e+01
-7.809541621943935752e+00
-1.230458302490478673e+01
-1.230649182851448131e+01
-1.230759048196887306e+01
-6.272302708646748215e+00
-7.636435667285695672e+00
-1.225792236995039275e+01
-5.888485128991305828e+00
-1.230225267183095639e+01
-1.230056116413834388e+01
-6.742148718098178506e+00
-1.230323011434302316e+01
-1.230512547743819596e+01
-1.230474586961099703e+01
-1.223951963048602920e+01
-1.230210605854699679e+01
-6.850635174429044127e+00
-5.354606065011466853e+00
-1.230400347877457534e+01
-1.215942678302741342e+01
-1.230612252210630686e+01
-1.230448543972670450e+01
-1.230370509162003145e+01
-1.229411257936590118e+01
-1.230666549908073648e+01
-1.230650958856392663e+01
-1.230535934433646617e+01
-8.904422015999443829e+00
-1.215947326904549186e+01
-1.229363769204269374e+01
-4.548086511960718781e+00
-5.354562736407388002e+00
-1.230278989720136451e+01
-6.141751911840401590e+00
-1.229915724970487645e+01
-1.222582123611391580e+01
-1.230556548739878053e+01
-1.230749563985500572e+01
-1.230364597070547461e+01
-1.230550758841036441e+01
-1.228170931540807942e+01
-1.230504018715146231e+01
-1.230421416770514043e+01
-4.795245970832183957e+00
-1.230220174999385563e+01
-6.602581694722175598e+00
-1.229246295222401386e+01
-6.611988335265778005e+00
-1.225359565718827071e+01
-1.230225300416896062e+01
-1.230447651614667848e+01
-6.602553403470665216e+00
-6.611956607317551970e+00
-1.230703903591165727e+01
-1.230473082123535278e+01
-8.862368881586007774e+00
-1.230299279051178019e+01
-6.272469306975835934e+00
-1.230112946691588149e+01
-1.224195872931159101e+01
-1.230450186548387137e+01
-6.602569521870464087e+00
-1.230362704860090162e+01
-1.230484560093827895e+01
-1.230563916422579496e+01
-1.230247992857403005e+01
-8.904492694418877363e+00
-1.230604275750755505e+01
-1.230373418577983102e+01
-5.904829941340722144e+00
-1.230418216788802965e+01
-1.230507750322090033e+01
-8.547218568390235305e+00
-1.230154510695865611e+01
-1.230328543811265263e+01
-6.574295098776929080e+00
-1.230205721055790491e+01
-6.742361420649103820e+00
-1.215927134166804535e+01
-1.230051812559395330e+01
-1.230654556414265244e+01
-6.504029831732623279e+00
-1.230271836717656697e+01
-1.229154655029014975e+01
-1.215926964580535241e+01
-1.230326602866716712e+01
-1.230421077004211838e+01
-1.230127420565077045e+01
-4.987938817590475082e+00
-1.230179853367735632e+01
-1.230203052837168798e+01
-1.230729451766819693e+01
-1.225652953434473602e+01
-1.230625721593514754e+01
-1.215901595540117341e+01
-8.547091439890209585e+00
-1.230394594053723267e+01
-5.248880660859867930e+00
-1.215920495664067857e+01
-1.230567817946121068e+01
-6.071580377873033285e+00
-1.228595227363985032e+01
-1.228406250158877810e+01
-1.230242878732315148e+01
-1.225619590021960903e+01
-1.230369546805377468e+01
-7.636605345178395510e+00
-1.229657793739534100e+01
-1.230040891522730817e+01
-1.230237522596507915e+01
-1.230198721601664147e+01
-1.230222732582842582e+01
-1.230687977838533698e+01
-1.230509419290501683e+01
-1.230411219660891220e+01
-1.230128812553448370e+01
-1.230382176000421168e+01
-5.354704483572277240e+00
-1.215945545176984410e+01
-8.904316750704310834e+00
-1.230160780808910204e+01
-1.230624379569508164e+01
-1.230068381985620363e+01
-1.215938660572578556e+01
-1.227362965707288822e+01
-4.795284125953912735e+00
-1.230107309138111304e+01
-1.230054554579146497e+01
-1.230302751942144823e+01
-1.230740744758259098e+01
-1.230175743681684253e+01
-1.229500150646163092e+01
-1.230554669100456522e+01
-1.230706635991919029e+01
-6.602542212698608637e+00
-1.230640695560396125e+01
-6.141748817637562752e+00
-1.229287939730420476e+01
-1.230413061285253207e+01
-5.779720840509980917e+00
-1.230237703940292704e+01
-1.230317766027837934e+01
-1.229970938819678850e+01
-1.230452636904010433e+01
-1.230455738083037431e+01
-1.230116839042057109e+01
-1.230357998304316425e+01
-1.228362217204266926e+01
-5.125654597301036119e+00
-7.987046690657734871e+00
-1.230194738123464049e+01
-1.230166996730804385e+01
-1.229224739365599817e+01
-1.215950208258436760e+01
