-6.347563132643699646e+00
-6.293519183993339539e+00
-5.475799448788166046e+00
-6.292677752673625946e+00
-6.303282618522644043e+00
-6.179915435612201691e+00
-6.227933362126350403e+00
-6.257317431271076202e+00
-6.298288293182849884e+00
-6.198926903307437897e+00
-6.315364301204681396e+00
-6.181908890604972839e+00
-6.236069224774837494e+00
-5.935914643108844757e+00
-6.262346081435680389e+00
-5.949206322431564331e+00
-5.498664215207099915e+00
-6.163418620824813843e+00
-6.294697716832160950e+00
-6.303545497357845306e+00
-6.290123634040355682e+00
-5.366107169538736343e+00
-5.851617813110351562e+00
-6.317906290292739868e+00
-6.294872976839542389e+00
-6.298020765185356140e+00
-6.145008571445941925e+00
-6.286159865558147430e+00
-6.289209209382534027e+00
-6.324089236557483673e+00
-6.275216959416866302e+00
-5.997663252055644989e+00
-6.290276095271110535e+00
-6.285125665366649628e+00
-5.104051947593688965e+00
-6.310254588723182678e+00
-6.212011143565177917e+00
-6.057522080838680267e+00
-6.315391026437282562e+00
-6.314990662038326263e+00
-5.987034544348716736e+00
-6.289388433098793030e+00
-6.109832733869552612e+00
-6.282571934163570404e+00
-6.351031787693500519e+00
-5.737968757748603821e+00
-6.321707874536514282e+00
-6.204858481884002686e+00
-6.284220062196254730e+00
-5.715622037649154663e+00
-5.906741924583911896e+00
-6.258828461170196533e+00
-5.952160269021987915e+00
-6.312657892704010010e+00
-5.921650551259517670e+00
-6.301290385425090790e+00
-6.195837877690792084e+00
-5.230922244489192963e+00
-5.991913817822933197e+00
-6.264537885785102844e+00
-6.346410579979419708e+00
-6.319882705807685852e+00
-5.438846334815025330e+00
-6.299287170171737671e+00
-6.212133869528770447e+00
-5.857315525412559509e+00
-5.088259100914001465e+00
-6.181821078062057495e+00
-5.766137205064296722e+00
-6.319967135787010193e+00
-6.326172262430191040e+00
-5.979644030332565308e+00
-6.246442437171936035e+00
-6.313527651131153107e+00
-5.766520999372005463e+00
-6.312951967120170593e+00
-6.243956938385963440e+00
-6.265638940036296844e+00
-6.193895459175109863e+00
-6.322713755071163177e+00
-5.543858438730239868e+00
-6.177245818078517914e+00
-6.232184603810310364e+00
-6.091202750802040100e+00
-6.041978426277637482e+00
-6.097242243587970734e+00
-6.056062147021293640e+00
-6.210468262434005737e+00
-6.164247542619705200e+00
-6.313438087701797485e+00
-6.278342731297016144e+00
-6.101580314338207245e+00
-6.309824518859386444e+00
-6.318949550390243530e+00
-6.313223175704479218e+00
-6.300164945423603058e+00
-6.189711757004261017e+00
-6.333584055304527283e+00
-6.344583995640277863e+00
-6.205918483436107635e+00
-5.899898633360862732e+00
-6.316657185554504395e+00
-6.264935433864593506e+00
-6.297411143779754639e+00
-6.320774577558040619e+00
-6.324557289481163025e+00
-5.900684624910354614e+00
-6.240381091833114624e+00
-5.945091500878334045e+00
-6.033271685242652893e+00
-6.056663811206817627e+00
-5.896484628319740295e+00
-5.648691579699516296e+00
-6.282817147672176361e+00
-6.329685598611831665e+00
-6.329188540577888489e+00
-6.288662225008010864e+00
-4.906954236328601837e+00
-5.965073741972446442e+00
-6.315359197556972504e+00
-6.227663680911064148e+00
-6.039140023291110992e+00
-6.101240046322345734e+00
-6.286373242735862732e+00
-6.310694105923175812e+00
-6.344845198094844818e+00
-5.991987407207489014e+00
-5.140841275453567505e+00
-6.073711715638637543e+00
-6.247465707361698151e+00
-6.190307758748531342e+00
-6.332535587251186371e+00
-6.312460489571094513e+00
-5.712922058999538422e+00
-6.305957943201065063e+00
-5.031403832137584686e+00
-6.159487932920455933e+00
-5.519069708883762360e+00
-6.177151806652545929e+00
-5.772658653557300568e+00
-6.299970105290412903e+00
-6.135085791349411011e+00
-6.318316072225570679e+00
-6.340567089617252350e+00
-6.331840686500072479e+00
-6.317445352673530579e+00
-6.002140834927558899e+00
-6.310093812644481659e+00
-6.303088665008544922e+00
-5.665919095277786255e+00
-6.281234748661518097e+00
-6.317378073930740356e+00
-6.069889515638351440e+00
-5.948730632662773132e+00
-6.314260967075824738e+00
-6.297782920300960541e+00
-6.278654269874095917e+00
-6.260334402322769165e+00
-6.255469746887683868e+00
-6.255618281662464142e+00
-6.340069964528083801e+00
-6.292648963630199432e+00
-6.329167857766151428e+00
-6.247618667781352997e+00
-6.171400576829910278e+00
-6.318958349525928497e+00
-6.308785036206245422e+00
-6.092664897441864014e+00
-6.275738447904586792e+00
-6.317726045846939087e+00
-5.249312140047550201e+00
-6.300738461315631866e+00
-5.602530822157859802e+00
-6.332106776535511017e+00
-5.482822231948375702e+00
-6.282288789749145508e+00
-6.332986511290073395e+00
-6.176292456686496735e+00
-6.207835905253887177e+00
-6.290089786052703857e+00
-6.298879489302635193e+00
-6.224965430796146393e+00
-6.277762301266193390e+00
-6.133700773119926453e+00
-6.212506532669067383e+00
-6.255727134644985199e+00
-5.673932395875453949e+00
-5.672608911991119385e+00
-6.239715494215488434e+00
-6.314730748534202576e+00
-6.308326348662376404e+00
-5.583194054663181305e+00
-6.221352800726890564e+00
-6.291273288428783417e+00
-6.082665108144283295e+00
-6.306297548115253448e+00
-6.306696422398090363e+00
-6.339635014533996582e+00
-6.282843858003616333e+00
-6.145070947706699371e+00
-5.957371152937412262e+00
-6.265619769692420959e+00
-5.323669672012329102e+00
-6.094348043203353882e+00
-5.623517625033855438e+00
-5.812308974564075470e+00
-6.203142009675502777e+00
-6.012981213629245758e+00
-5.534918040037155151e+00
-6.243865907192230225e+00
-6.290985837578773499e+00
-6.096982188522815704e+00
-6.279884621500968933e+00
-6.224573999643325806e+00
-6.100896075367927551e+00
-6.221934303641319275e+00
-6.276730000972747803e+00
-6.226681448519229889e+00
-5.829007230699062347e+00
-5.804083138704299927e+00
-6.290477737784385681e+00
-6.286763601005077362e+00
-6.176228590309619904e+00
-5.667723141610622406e+00
-5.134806826710700989e+00
-6.235897585749626160e+00
-6.297898128628730774e+00
-6.328977204859256744e+00
-6.297661386430263519e+00
-5.789798080921173096e+00
-6.043510019779205322e+00
-6.322187639772891998e+00
-6.303681805729866028e+00
-6.320166043937206268e+00
-6.113851465284824371e+00
-6.304721295833587646e+00
-6.184404246509075165e+00
-6.231976166367530823e+00
-6.085418947041034698e+00
-6.069152511656284332e+00
-5.560958757996559143e+00
-4.842477664351463318e+00
-6.294293023645877838e+00
-6.276360899209976196e+00
-6.316482879221439362e+00
-6.100571237504482269e+00
-6.248027719557285309e+00
-6.041358843445777893e+00
-6.303886123001575470e+00
-6.296498626470565796e+00
-6.272794365882873535e+00
-5.820801578462123871e+00
-6.212571740150451660e+00
-6.284381963312625885e+00
-6.291374616324901581e+00
-6.220351815223693848e+00
-6.255405791103839874e+00
-6.333769239485263824e+00
-6.337840206921100616e+00
-6.168863572180271149e+00
-6.170011855661869049e+00
-6.290715664625167847e+00
-6.326780810952186584e+00
-4.682020246982574463e+00
-6.287060618400573730e+00
-6.336067102849483490e+00
-6.281716220080852509e+00
-6.298809021711349487e+00
-6.321499273180961609e+00
-6.309301063418388367e+00
-6.296912290155887604e+00
-6.242243900895118713e+00
-6.041946634650230408e+00
-6.071106970310211182e+00
-5.684415243566036224e+00
-6.289210811257362366e+00
-6.201342813670635223e+00
-6.272339992225170135e+00
-6.182705886662006378e+00
-5.936088107526302338e+00
-6.299792475998401642e+00
-6.233941324055194855e+00
-5.930555328726768494e+00
-6.304902538657188416e+00
-6.249524191021919250e+00
-6.046357110142707825e+00
-6.335672363638877869e+00
-6.341271996498107910e+00
-5.365437410771846771e+00
-5.846781216561794281e+00
-5.391475334763526917e+00
-6.294356182217597961e+00
-6.013353988528251648e+00
-6.230764001607894897e+00
-6.320645391941070557e+00
-6.317213445901870728e+00
-6.334809608757495880e+00
-5.715278755873441696e+00
-5.312718503177165985e+00
-6.286540187895298004e+00
-5.011790975928306580e+00
-6.256089426577091217e+00
-5.837887376546859741e+00
-6.073371097445487976e+00
-6.117579296231269836e+00
-6.316890463232994080e+00
-5.354719035327434540e+00
-5.876077562570571899e+00
-5.770223699510097504e+00
-5.577639408409595490e+00
-6.093761861324310303e+00
-5.708184100687503815e+00
-6.315970629453659058e+00
-5.418656885623931885e+00
-6.216097727417945862e+00
-6.020249940454959869e+00
-5.530247449874877930e+00
-6.262569360435009003e+00
-5.869488194584846497e+00
-6.249998308718204498e+00
-5.895583778619766235e+00
-6.318708121776580811e+00
-6.042230464518070221e+00
-6.200948446989059448e+00
-6.192705728113651276e+00
-5.518919140100479126e+00
-6.301320567727088928e+00
-6.138168513774871826e+00
-6.287916868925094604e+00
-6.308587230741977692e+00
-6.263941653072834015e+00
-5.453646287322044373e+00
-5.662350326776504517e+00
-6.309083104133605957e+00
-6.314457431435585022e+00
-5.548028111457824707e+00
-6.238845407962799072e+00
-6.297402329742908478e+00
-6.273101039230823517e+00
-6.239108040928840637e+00
-6.191768422722816467e+00
-5.736976578831672668e+00
-6.170017622411251068e+00
-6.272814691066741943e+00
-6.085806749761104584e+00
-6.331571348011493683e+00
-5.547446005046367645e+00
-6.326678737998008728e+00
-6.129006691277027130e+00
-5.767373338341712952e+00
-6.276761554181575775e+00
-6.196129083633422852e+00
-6.265772379934787750e+00
-5.536351583898067474e+00
-6.074783138930797577e+00
-5.593719795346260071e+00
-6.176547013223171234e+00
-6.291219465434551239e+00
-6.304328918457031250e+00
-6.328258424997329712e+00
-6.297720350325107574e+00
-6.300834506750106812e+00
-6.277010880410671234e+00
-5.572999030351638794e+00
-6.261037759482860565e+00
-6.192679770290851593e+00
-6.302349016070365906e+00
-6.173306584358215332e+00
-6.304590962827205658e+00
-6.295871950685977936e+00
-6.305147394537925720e+00
-6.212923333048820496e+00
-5.786762773990631104e+00
-6.324880227446556091e+00
-5.983758457005023956e+00
-6.234319835901260376e+00
-6.335807226598262787e+00
-5.855820901691913605e+00
-6.308442950248718262e+00
-6.348736315965652466e+00
-6.226279713213443756e+00
-6.274850919842720032e+00
-5.508141778409481049e+00
-5.865067176520824432e+00
-6.260185427963733673e+00
-5.908065102994441986e+00
-6.238432988524436951e+00
-6.320661805570125580e+00
-6.314833462238311768e+00
-5.039510011672973633e+00
-6.273035950958728790e+00
-6.307011760771274567e+00
-6.261115655303001404e+00
-6.334103934466838837e+00
-6.081997841596603394e+00
-6.071156628429889679e+00
-6.309620402753353119e+00
-6.326658442616462708e+00
-4.623852893710136414e+00
-6.249004617333412170e+00
-6.199431627988815308e+00
-6.332365691661834717e+00
-6.313462480902671814e+00
-6.116170808672904968e+00
-6.282981835305690765e+00
-5.073696572333574295e+00
-6.129023410379886627e+00
-6.221454411745071411e+00
-6.284953214228153229e+00
-6.015043690800666809e+00
-6.230679497122764587e+00
-6.289376109838485718e+00
-5.693812385201454163e+00
-6.332586161792278290e+00
-5.291889205574989319e+00
-5.620047353208065033e+00
-6.174242921173572540e+00
-6.238622166216373444e+00
-6.266368933022022247e+00
-6.309868767857551575e+00
-6.191903568804264069e+00
-5.981668718159198761e+00
-6.240282140672206879e+00
-5.543772161006927490e+00
-5.938502766191959381e+00
-5.685814440250396729e+00
-5.862994551658630371e+00
-6.313476979732513428e+00
-5.870182558894157410e+00
-4.921272851526737213e+00
-6.317582562565803528e+00
-5.626025564968585968e+00
-6.103607974946498871e+00
-6.263746090233325958e+00
-6.333363503217697144e+00
-6.334671020507812500e+00
-6.273774974048137665e+00
-6.161632008850574493e+00
-6.333086110651493073e+00
-6.082473315298557281e+00
-5.745255209505558014e+00
-6.286639988422393799e+00
-6.306600384414196014e+00
-6.319572418928146362e+00
-6.171001270413398743e+00
-6.093508534133434296e+00
-6.306094221770763397e+00
-5.965832859277725220e+00
-6.298259861767292023e+00
-6.302321925759315491e+00
-5.983073912560939789e+00
-6.308251731097698212e+00
-6.240035519003868103e+00
-6.333458669483661652e+00
-5.723715752363204956e+00
-6.320474527776241302e+00
-5.349147431552410126e+00
-5.850645050406455994e+00
-6.132754161953926086e+00
-6.198806829750537872e+00
-6.308569431304931641e+00
-6.264358744025230408e+00
-6.043364301323890686e+00
-6.293894790112972260e+00
-6.274363242089748383e+00
-6.256058178842067719e+00
-5.872289843857288361e+00
-6.082997322082519531e+00
-6.296252302825450897e+00
-5.221620336174964905e+00
-6.315540552139282227e+00
-5.612435929477214813e+00
-5.893416441977024078e+00
-6.297336623072624207e+00
-6.300965011119842529e+00
-6.304595492780208588e+00
-5.977373324334621429e+00
-6.277244217693805695e+00
-5.271404914557933807e+00
-5.753501176834106445e+00
-6.320644587278366089e+00
-6.115889862179756165e+00
-5.443825483322143555e+00
-6.337450824677944183e+00
-6.209370113909244537e+00
-5.918717630207538605e+00
-5.780503742396831512e+00
-6.330782324075698853e+00
-6.027217127382755280e+00
-5.844944670796394348e+00
-6.320118978619575500e+00
-6.328257381916046143e+00
-6.039769113063812256e+00
-6.277638882398605347e+00
-5.915555566549301147e+00
-6.092905677855014801e+00
-6.268175758421421051e+00
-6.320430971682071686e+00
-5.628454476594924927e+00
-6.326847344636917114e+00
-6.043737702071666718e+00
-6.030548602342605591e+00
-6.009071379899978638e+00
-6.302206970751285553e+00
-5.523885339498519897e+00
-6.132682278752326965e+00
-5.779478840529918671e+00
-6.307445056736469269e+00
-6.010924696922302246e+00
-6.319046333432197571e+00
-6.253858104348182678e+00
-5.839668981730937958e+00
-6.316838867962360382e+00
-6.269039526581764221e+00
-5.988887056708335876e+00
-6.338974401354789734e+00
-6.346149615943431854e+00
-6.284735113382339478e+00
-6.294986285269260406e+00
-6.319814935326576233e+00
-6.311773672699928284e+00
-6.346069306135177612e+00
-5.651210978627204895e+00
-6.004399821162223816e+00
-6.069341778755187988e+00
-6.300509460270404816e+00
-6.248902872204780579e+00
-6.199321210384368896e+00
-6.273669585585594177e+00
-6.065479241311550140e+00
-6.286805242300033569e+00
-6.290534034371376038e+00
-6.322291009128093719e+00
-5.046040244400501251e+00
-6.210321217775344849e+00
-6.158192493021488190e+00
-6.329421848058700562e+00
-6.334366336464881897e+00
-6.270269364118576050e+00
-6.008735977113246918e+00
-6.299125373363494873e+00
-6.191387251019477844e+00
-6.307975783944129944e+00
-6.270630091428756714e+00
-6.295022107660770416e+00
-6.327626399695873260e+00
-6.349088929593563080e+00
-5.672433882951736450e+00
-5.935871571302413940e+00
-6.318040035665035248e+00
-6.296917684376239777e+00
-4.960155360400676727e+00
-6.300813890993595123e+00
-6.318468794226646423e+00
-6.323017627000808716e+00
-6.010254278779029846e+00
-6.165880233049392700e+00
-6.272545278072357178e+00
-5.706378966569900513e+00
-6.316442452371120453e+00
-6.261800117790699005e+00
-6.243359282612800598e+00
-6.297141097486019135e+00
-6.257903300225734711e+00
-6.317532382905483246e+00
-6.073183760046958923e+00
-6.309534743428230286e+00
-6.244535744190216064e+00
-6.284187465906143188e+00
-6.333585642278194427e+00
-6.257633730769157410e+00
-6.296733789145946503e+00
-6.224038273096084595e+00
-6.163679912686347961e+00
-5.104905948042869568e+00
-6.164792500436306000e+00
-5.547570630908012390e+00
-5.602751597762107849e+00
-6.285869173705577850e+00
-6.268916264176368713e+00
-6.321352817118167877e+00
-6.091466926038265228e+00
-6.122741177678108215e+00
-6.300588697195053101e+00
-5.573273308575153351e+00
-6.283354789018630981e+00
-6.051525190472602844e+00
-6.057909391820430756e+00
-6.034873202443122864e+00
-6.315458551049232483e+00
-6.236889354884624481e+00
-6.299533501267433167e+00
-6.292196653783321381e+00
-6.310648173093795776e+00
-6.283683210611343384e+00
-6.261343717575073242e+00
-6.332018792629241943e+00
-6.123893611133098602e+00
-6.263996973633766174e+00
-6.326142460107803345e+00
-6.174890153110027313e+00
-6.323501639068126678e+00
-6.340540803968906403e+00
-6.200817219913005829e+00
-5.768039532005786896e+00
-6.121193915605545044e+00
-5.216789141297340393e+00
-6.268673516809940338e+00
-5.972830235958099365e+00
-4.971372582018375397e+00
-6.291761711239814758e+00
-5.766691893339157104e+00
-5.943785876035690308e+00
-5.713239938020706177e+00
-6.064384073019027710e+00
-6.130394354462623596e+00
-5.488366857171058655e+00
-6.297448001801967621e+00
-6.301710128784179688e+00
-5.812254495918750763e+00
-5.560755431652069092e+00
-6.255083665251731873e+00
-6.164238668978214264e+00
-6.247079737484455109e+00
-6.306997977197170258e+00
-5.709292858839035034e+00
-6.326036028563976288e+00
-6.171950742602348328e+00
-5.956099197268486023e+00
-5.463167123496532440e+00
-6.291303098201751709e+00
-5.022142440080642700e+00
-6.202627353370189667e+00
-5.853264972567558289e+00
-6.239576518535614014e+00
-5.976394385099411011e+00
-6.330961540341377258e+00
-5.069897823035717010e+00
-4.757453903555870056e+00
-6.179166831076145172e+00
-6.065028972923755646e+00
-5.745765149593353271e+00
-6.283682137727737427e+00
-5.940880656242370605e+00
-6.279258303344249725e+00
-5.726264536380767822e+00
-6.248452499508857727e+00
-6.302178561687469482e+00
-6.207048945128917694e+00
-6.321285232901573181e+00
-6.161673270165920258e+00
-5.803447052836418152e+00
-6.326060928404331207e+00
-6.298016332089900970e+00
-6.291734665632247925e+00
-6.328159198164939880e+00
-6.242931813001632690e+00
-6.318498000502586365e+00
-6.287338368594646454e+00
-5.765392236411571503e+00
-6.235386192798614502e+00
-5.921045117080211639e+00
-6.021343663334846497e+00
-5.661398850381374359e+00
-6.304393850266933441e+00
-6.330212071537971497e+00
-6.218344800174236298e+00
-6.052558548748493195e+00
-5.533566154539585114e+00
-5.464721389114856720e+00
-6.291970580816268921e+00
-6.240037761628627777e+00
-5.838837876915931702e+00
-5.807148970663547516e+00
-6.021217979490756989e+00
-5.231997340917587280e+00
-6.311394080519676208e+00
-5.704737886786460876e+00
-6.207024648785591125e+00
-5.810920864343643188e+00
-5.716649219393730164e+00
-6.190970130264759064e+00
-6.336466781795024872e+00
-6.318457894027233124e+00
-5.819511227309703827e+00
-6.263555280864238739e+00
-6.271894104778766632e+00
-6.330859310925006866e+00
-6.243448175489902496e+00
-6.320926830172538757e+00
-6.160572141408920288e+00
-6.320040218532085419e+00
-6.184493131935596466e+00
-6.197886258363723755e+00
-5.826496526598930359e+00
-5.968573816120624542e+00
-4.968309484422206879e+00
-6.263757929205894470e+00
-6.330878190696239471e+00
-6.074438713490962982e+00
-6.180459275841712952e+00
-6.092822723090648651e+00
-6.235095553100109100e+00
-6.259880736470222473e+00
-6.307989031076431274e+00
-6.285473503172397614e+00
-6.128325894474983215e+00
-5.589431464672088623e+00
-6.109219320118427277e+00
-6.125341691076755524e+00
-6.247049666941165924e+00
-6.341568805277347565e+00
-6.043802551925182343e+00
-6.110365167260169983e+00
-6.077276058495044708e+00
-6.110407501459121704e+00
-6.091794505715370178e+00
-5.597480878233909607e+00
-5.981976263225078583e+00
-6.310861378908157349e+00
-6.302511319518089294e+00
-5.644096776843070984e+00
-6.270767271518707275e+00
-6.295550711452960968e+00
-5.866319626569747925e+00
-5.877122662961483002e+00
-6.165344849228858948e+00
-6.126688025891780853e+00
-6.292474351823329926e+00
-5.829329386353492737e+00
-6.321495406329631805e+00
-5.916082814335823059e+00
-6.313605062663555145e+00
-6.295324921607971191e+00
-5.471128989011049271e+00
-6.272658228874206543e+00
-6.263691619038581848e+00
-6.308978602290153503e+00
-6.257787056267261505e+00
-6.320407800376415253e+00
-6.265247702598571777e+00
-6.231468513607978821e+00
-5.967485159635543823e+00
-5.726128019392490387e+00
-6.324445262551307678e+00
-5.533980302512645721e+00
-6.266799837350845337e+00
-6.330560766160488129e+00
-6.230436578392982483e+00
-6.192396700382232666e+00
-6.072493687272071838e+00
-5.931995093822479248e+00
-6.242369726300239563e+00
-6.162448406219482422e+00
-6.322756461799144745e+00
-5.648525729775428772e+00
-5.723481208086013794e+00
-5.539272733032703400e+00
-4.866641201078891754e+00
-6.297586299479007721e+00
-6.264232300221920013e+00
-6.036141045391559601e+00
-6.341082535684108734e+00
-5.581188529729843140e+00
-6.296702444553375244e+00
-5.900006443262100220e+00
-6.157300807535648346e+00
-6.327094614505767822e+00
-5.342097952961921692e+00
-5.562654636800289154e+00
-6.322309978306293488e+00
-6.285099007189273834e+00
-5.937769368290901184e+00
-6.291975423693656921e+00
-6.280255392193794250e+00
-6.282416984438896179e+00
-5.992688760161399841e+00
-6.335330024361610413e+00
-6.219855561852455139e+00
-5.953128121793270111e+00
-5.777515456080436707e+00
-5.755618013441562653e+00
-5.586339697241783142e+00
-5.882205240428447723e+00
-6.348327800631523132e+00
-6.254614926874637604e+00
-6.228439643979072571e+00
-6.107004545629024506e+00
-6.219548314809799194e+00
-6.100840315222740173e+00
-6.225995309650897980e+00
-6.279258809983730316e+00
-6.334923908114433289e+00
-6.217010229825973511e+00
-6.304726451635360718e+00
-6.150042064487934113e+00
-6.299055434763431549e+00
-5.223098412156105042e+00
-6.319302983582019806e+00
-5.659602388739585876e+00
