-1.995289678871631622e+01
-1.995309521257877350e+01
-1.995309700071811676e+01
-1.995298677682876587e+01
-1.995313829183578491e+01
-1.995317664742469788e+01
-1.995308019220829010e+01
-1.995313264429569244e+01
-1.995309020578861237e+01
-1.995316067337989807e+01
-1.995322263240814209e+01
-1.995282018184661865e+01
-1.995316185057163239e+01
-1.995315344631671906e+01
-1.995313376188278198e+01
-1.995318816602230072e+01
-1.995315192639827728e+01
-1.995310984551906586e+01
-1.995307010412216187e+01
-1.995300599932670593e+01
-1.995297731459140778e+01
-1.995309051871299744e+01
-1.995314188301563263e+01
-1.995310778915882111e+01
-1.995314072072505951e+01
-1.995307287573814392e+01
-1.995302131772041321e+01
-1.995317286252975464e+01
-1.995316022634506226e+01
-1.995312362909317017e+01
-1.995315921306610107e+01
-1.995321385562419891e+01
-1.995311944186687469e+01
-1.995306047797203064e+01
-1.995313440263271332e+01
-1.995308268070220947e+01
-1.995310224592685699e+01
-1.995282155275344849e+01
-1.995314998924732208e+01
-1.995283995568752289e+01
-1.995310333371162415e+01
-1.995312756299972534e+01
-1.995313316583633423e+01
-1.995319765806198120e+01
-1.995311550796031952e+01
-1.995313628017902374e+01
-1.995304222404956818e+01
-1.995319059491157532e+01
-1.995315146446228027e+01
-1.995318488776683807e+01
-1.995287914574146271e+01
-1.995317260921001434e+01
-1.995316222310066223e+01
-1.995273058116436005e+01
-1.995315991342067719e+01
-1.995306347310543060e+01
-1.995293660461902618e+01
-1.995317870378494263e+01
-1.995312818884849548e+01
-1.995312394201755524e+01
-1.995315246284008026e+01
-1.995315439999103546e+01
-1.995317995548248291e+01
-1.995307531952857971e+01
-1.995315846800804138e+01
-1.995317126810550690e+01
-1.995309315621852875e+01
-1.995316459238529205e+01
-1.995316411554813385e+01
-1.995314373075962067e+01
-1.995314967632293701e+01
-1.995312726497650146e+01
-1.995305922627449036e+01
-1.995317992568016052e+01
-1.995313322544097900e+01
-1.995309363305568695e+01
-1.995313057303428650e+01
-1.995315797626972198e+01
-1.995313882827758789e+01
-1.995306074619293213e+01
-1.995314331352710724e+01
-1.995305390655994415e+01
-1.995313543081283569e+01
-1.995318731665611267e+01
-1.995311200618743896e+01
-1.995304025709629059e+01
-1.995315738022327423e+01
-1.995301736891269684e+01
-1.995318269729614258e+01
-1.995318338274955750e+01
-1.995318496227264404e+01
-1.995314438641071320e+01
-1.995313563942909241e+01
-1.995273175835609436e+01
-1.995315535366535187e+01
-1.995294515788555145e+01
-1.995315802097320557e+01
-1.995302237570285797e+01
-1.995312173664569855e+01
-1.995317448675632477e+01
-1.995314644277095795e+01
-1.995316848158836365e+01
-1.995314024388790131e+01
-1.995310273766517639e+01
-1.995294165611267090e+01
-1.995314636826515198e+01
-1.995315536856651306e+01
-1.995312686264514923e+01
-1.995315650105476379e+01
-1.995319594442844391e+01
-1.995318879187107086e+01
-1.995298297703266144e+01
-1.995304562151432037e+01
-1.995321097970008850e+01
-1.995270030200481415e+01
-1.995299242436885834e+01
-1.995302335917949677e+01
-1.995316389203071594e+01
-1.995319323241710663e+01
-1.995312112569808960e+01
-1.995318172872066498e+01
-1.995313285291194916e+01
-1.995309258997440338e+01
-1.995316982269287109e+01
-1.995300853252410889e+01
-1.995309248566627502e+01
-1.995317368209362030e+01
-1.995320449769496918e+01
-1.995321470499038696e+01
-1.995312871038913727e+01
-1.995310641825199127e+01
-1.995300649106502533e+01
-1.995312368869781494e+01
-1.995316056907176971e+01
-1.995211997628211975e+01
-1.995309478044509888e+01
-1.995316095650196075e+01
-1.995315940678119659e+01
-1.995317570865154266e+01
-1.995319925248622894e+01
-1.995306655764579773e+01
-1.995315730571746826e+01
-1.995311599969863892e+01
-1.995316097140312195e+01
-1.995315229892730713e+01
-1.995308414101600647e+01
-1.995320394635200500e+01
-1.995314398407936096e+01
-1.995316621661186218e+01
-1.995311698317527771e+01
-1.995311501622200012e+01
-1.995320323109626770e+01
-1.995316743850708008e+01
-1.995313887298107147e+01
-1.995319180190563202e+01
-1.995315988361835480e+01
-1.995315326750278473e+01
-1.995318607985973358e+01
-1.995308893918991089e+01
-1.995319074392318726e+01
-1.995312215387821198e+01
-1.995320901274681091e+01
-1.995309135317802429e+01
-1.995317609608173370e+01
-1.995310404896736145e+01
-1.995295353233814240e+01
-1.995291624963283539e+01
-1.995308320224285126e+01
-1.995318725705146790e+01
-1.995313347876071930e+01
-1.995315328240394592e+01
-1.995317585766315460e+01
-1.995315325260162354e+01
-1.995311014354228973e+01
-1.995317010581493378e+01
-1.995305295288562775e+01
-1.995298875868320465e+01
-1.995300343632698059e+01
-1.995314851403236389e+01
-1.995319047570228577e+01
-1.995312143862247467e+01
-1.995314291119575500e+01
-1.995307636260986328e+01
-1.995287485420703888e+01
-1.995313853025436401e+01
-1.995317186415195465e+01
-1.995313820242881775e+01
-1.995312072336673737e+01
-1.995313115417957306e+01
-1.995321390032768250e+01
-1.995311820507049561e+01
-1.995311143994331360e+01
-1.995319078862667084e+01
-1.995312090218067169e+01
-1.995317389070987701e+01
-1.995311309397220612e+01
-1.995256607234477997e+01
-1.995125597715377808e+01
-1.995315222442150116e+01
-1.995314747095108032e+01
-1.995305563509464264e+01
-1.995315366983413696e+01
-1.995320096611976624e+01
-1.995298004150390625e+01
-1.995315247774124146e+01
-1.995306955277919769e+01
-1.995310309529304504e+01
-1.995306614041328430e+01
-1.995311592519283295e+01
-1.995312386751174927e+01
-1.995311637222766876e+01
-1.995316517353057861e+01
-1.995314878225326538e+01
-1.995315214991569519e+01
-1.995302224159240723e+01
-1.995315921306610107e+01
-1.995308838784694672e+01
-1.995285949110984802e+01
-1.995314282178878784e+01
-1.995289804041385651e+01
-1.995312288403511047e+01
-1.995313826203346252e+01
-1.995316745340824127e+01
-1.995304206013679504e+01
-1.995313428342342377e+01
-1.995313656330108643e+01
-1.995306107401847839e+01
-1.995310272276401520e+01
-1.995289352536201477e+01
-1.995310711860656738e+01
-1.995314913988113403e+01
-1.995302946865558624e+01
-1.995312201976776123e+01
-1.995312272012233734e+01
-1.995309616625308990e+01
-1.995317302644252777e+01
-1.995306853950023651e+01
-1.995315156877040863e+01
-1.995307853817939758e+01
-1.995297959446907043e+01
-1.995282985270023346e+01
-1.995315842330455780e+01
-1.995312757790088654e+01
-1.995293639600276947e+01
-1.995313651859760284e+01
-1.995311366021633148e+01
-1.995307365059852600e+01
-1.995309855043888092e+01
-1.995317974686622620e+01
-1.995315018296241760e+01
-1.995308095216751099e+01
-1.995315124094486237e+01
-1.995305101573467255e+01
-1.995309126377105713e+01
-1.995316363871097565e+01
-1.995315332710742950e+01
-1.995317362248897552e+01
-1.995306743681430817e+01
-1.995309470593929291e+01
-1.995317098498344421e+01
-1.995320639014244080e+01
-1.995315371453762054e+01
-1.995315438508987427e+01
-1.995315754413604736e+01
-1.995306199789047241e+01
-1.995305182039737701e+01
-1.995313118398189545e+01
-1.995304012298583984e+01
-1.995314727723598480e+01
-1.995313358306884766e+01
-1.995312911272048950e+01
-1.995285348594188690e+01
-1.995317737758159637e+01
-1.995283332467079163e+01
-1.995314690470695496e+01
-1.995302404463291168e+01
-1.995312543213367462e+01
-1.995318166911602020e+01
-1.995303106307983398e+01
-1.995306120812892914e+01
-1.995317912101745605e+01
-1.995316712558269501e+01
-1.995311260223388672e+01
-1.995304472744464874e+01
-1.995319822430610657e+01
-1.995303711295127869e+01
-1.995319320261478424e+01
-1.995308244228363037e+01
-1.995311717689037323e+01
-1.995303614437580109e+01
-1.995312502980232239e+01
-1.995304314792156219e+01
-1.995315286517143250e+01
-1.995299029350280762e+01
-1.995313470065593719e+01
-1.995313701033592224e+01
-1.995312207937240601e+01
-1.995311106741428375e+01
-1.995300161838531494e+01
-1.995310710370540619e+01
-1.995317548513412476e+01
-1.995319707691669464e+01
-1.995315635204315186e+01
-1.995315569639205933e+01
-1.995317175984382629e+01
-1.995317746698856354e+01
-1.995311747491359711e+01
-1.995310583710670471e+01
-1.995318931341171265e+01
-1.995317231118679047e+01
-1.995316065847873688e+01
-1.995313850045204163e+01
-1.995308305323123932e+01
-1.995315645635128021e+01
-1.995311678946018219e+01
-1.995312839746475220e+01
-1.995315670967102051e+01
-1.995300380885601044e+01
-1.995315554738044739e+01
-1.995309795439243317e+01
-1.995308960974216461e+01
-1.995287248492240906e+01
-1.995317113399505615e+01
-1.995316566526889801e+01
-1.995314680039882660e+01
-1.995316913723945618e+01
-1.995318531990051270e+01
-1.995317757129669189e+01
-1.995318563282489777e+01
-1.995305787026882172e+01
-1.995315751433372498e+01
-1.995283265411853790e+01
-1.995308782160282135e+01
-1.995309185981750488e+01
-1.995309969782829285e+01
-1.995313808321952820e+01
-1.995311078429222107e+01
-1.995311146974563599e+01
-1.995312933623790741e+01
-1.995314599573612213e+01
-1.995302776992321014e+01
-1.995312061905860901e+01
-1.995316047966480255e+01
-1.995311166346073151e+01
-1.995305052399635315e+01
-1.995311199128627777e+01
-1.995315337181091309e+01
-1.995314639806747437e+01
-1.995303677022457123e+01
-1.995315439999103546e+01
-1.995316676795482635e+01
-1.995319540798664093e+01
-1.995189653337001801e+01
-1.995314043760299683e+01
-1.995309905707836151e+01
-1.995312450826168060e+01
-1.995315951108932495e+01
-1.995318615436553955e+01
-1.995312307775020599e+01
-1.995293934643268585e+01
-1.995314246416091919e+01
-1.995297022163867950e+01
-1.995310708880424500e+01
-1.995315745472908020e+01
-1.995319552719593048e+01
-1.995260654389858246e+01
-1.995309093594551086e+01
-1.995311726629734039e+01
-1.995279869437217712e+01
-1.995322680473327637e+01
-1.995316310226917267e+01
-1.995323167741298676e+01
-1.995313234627246857e+01
-1.995315864682197571e+01
-1.995317992568016052e+01
-1.995310339331626892e+01
-1.995312626659870148e+01
-1.995317409932613373e+01
-1.995318777859210968e+01
-1.995315009355545044e+01
-1.995317906141281128e+01
-1.995315232872962952e+01
-1.995317873358726501e+01
-1.995310734212398529e+01
-1.995293775200843811e+01
-1.995319105684757233e+01
-1.995318900048732758e+01
-1.995314815640449524e+01
-1.995315039157867432e+01
-1.995305497944355011e+01
-1.995314438641071320e+01
-1.995315203070640564e+01
-1.995317947864532471e+01
-1.995304255187511444e+01
-1.995316702127456665e+01
-1.995312990248203278e+01
-1.995317615568637848e+01
-1.995289163291454315e+01
-1.995264722406864166e+01
-1.995312160253524780e+01
-1.995316632091999054e+01
-1.995321430265903473e+01
-1.995317818224430084e+01
-1.995313985645771027e+01
-1.995312574505805969e+01
-1.995315919816493988e+01
-1.995311237871646881e+01
-1.995263311266899109e+01
-1.995295448601245880e+01
-1.995310935378074646e+01
-1.995314514636993408e+01
-1.995308738946914673e+01
-1.995317667722702026e+01
-1.995304648578166962e+01
-1.995317533612251282e+01
-1.995312511920928955e+01
-1.995312476158142090e+01
-1.995317657291889191e+01
-1.995309828221797943e+01
-1.995297327637672424e+01
-1.995317134261131287e+01
-1.995314152538776398e+01
-1.995295143127441406e+01
-1.995316147804260254e+01
-1.995311230421066284e+01
-1.995314620435237885e+01
-1.995315271615982056e+01
-1.995293670892715454e+01
-1.995307074487209320e+01
-1.995317405462265015e+01
-1.995316104590892792e+01
-1.995305912196636200e+01
-1.995318265259265900e+01
-1.995318812131881714e+01
-1.995314201712608337e+01
-1.995304857194423676e+01
-1.995312544703483582e+01
-1.995319147408008575e+01
-1.995308454334735870e+01
-1.995313294231891632e+01
-1.995313616096973419e+01
-1.995310434699058533e+01
-1.995318707823753357e+01
-1.995314189791679382e+01
-1.995297288894653320e+01
-1.995313486456871033e+01
-1.995307081937789917e+01
-1.995311278104782104e+01
-1.995290331542491913e+01
-1.985290573537349701e+01
-1.995294058322906494e+01
-1.995306514203548431e+01
-1.995308518409729004e+01
-1.995319226384162903e+01
-1.995317751169204712e+01
-1.995311434566974640e+01
-1.995309491455554962e+01
-1.995305144786834717e+01
-1.995317937433719635e+01
-1.995319239795207977e+01
-1.995316992700099945e+01
-1.995317450165748596e+01
-1.995317807793617249e+01
-1.995307378470897675e+01
-1.995306627452373505e+01
-1.995285031199455261e+01
-1.995291163027286530e+01
-1.995314191281795502e+01
-1.995316207408905029e+01
-1.995306847989559174e+01
-1.995306973159313202e+01
-1.995319031178951263e+01
-1.995313018560409546e+01
-1.995314200222492218e+01
-1.995309573411941528e+01
-1.995295847952365875e+01
-1.995301802456378937e+01
-1.995298397541046143e+01
-1.995313653349876404e+01
-1.995295289158821106e+01
-1.995312081277370453e+01
-1.995315191149711609e+01
-1.995314924418926239e+01
-1.995310974121093750e+01
-1.995285929739475250e+01
-1.995316553115844727e+01
-1.995316991209983826e+01
-1.995316986739635468e+01
-1.995309194922447205e+01
-1.995298573374748230e+01
-1.995308752357959747e+01
-1.995317129790782928e+01
-1.995307807624340057e+01
-1.995310719311237335e+01
-1.995311006903648376e+01
-1.995314317941665649e+01
-1.995314288139343262e+01
-1.995309117436408997e+01
-1.995315605401992798e+01
-1.985289348661899567e+01
-1.995263461768627167e+01
-1.995318008959293365e+01
-1.995282706618309021e+01
-1.995317232608795166e+01
-1.995320898294448853e+01
-1.995314496755599976e+01
-1.995310102403163910e+01
-1.995315811038017273e+01
-1.995316086709499359e+01
-1.995312626659870148e+01
-1.995320008695125580e+01
-1.995307677984237671e+01
-1.995319443941116333e+01
-1.995309717953205109e+01
-1.995307393372058868e+01
-1.995278723537921906e+01
-1.995313432812690735e+01
-1.995314729213714600e+01
-1.995312687754631042e+01
-1.995310743153095245e+01
-1.985310462117195129e+01
-1.995318058133125305e+01
-1.995303404331207275e+01
-1.995315296947956085e+01
-1.985283453762531281e+01
-1.995310844480991364e+01
-1.995313410460948944e+01
-1.995319198071956635e+01
-1.995312431454658508e+01
-1.995313806831836700e+01
-1.995279960334300995e+01
-1.995312316715717316e+01
-1.995308326184749603e+01
-1.995293253660202026e+01
-1.995317804813385010e+01
-1.995315256714820862e+01
-1.995302353799343109e+01
-1.995305360853672028e+01
-1.995315483212471008e+01
-1.995317260921001434e+01
-1.995295469462871552e+01
-1.995313416421413422e+01
-1.995271439850330353e+01
-1.995309248566627502e+01
-1.995301562547683716e+01
-1.995318521559238434e+01
-1.995243869721889496e+01
-1.995317740738391876e+01
-1.995313310623168945e+01
-1.995314791798591614e+01
-1.995314699411392212e+01
-1.995307748019695282e+01
-1.995309323072433472e+01
-1.995309530198574066e+01
-1.995314019918441772e+01
-1.995300713181495667e+01
-1.995312544703483582e+01
-1.995235083997249603e+01
-1.995309649407863617e+01
-1.995285359025001526e+01
-1.995314620435237885e+01
-1.995309667289257050e+01
-1.995312501490116119e+01
-1.995286995172500610e+01
-1.995317378640174866e+01
-1.995306807756423950e+01
-1.995318415760993958e+01
-1.995312067866325378e+01
-1.995319989323616028e+01
-1.995315876603126526e+01
-1.995252911746501923e+01
-1.995306050777435303e+01
-1.995305280387401581e+01
-1.995315508544445038e+01
-1.995311698317527771e+01
-1.995300385355949402e+01
-1.995309257507324219e+01
-1.995242464542388916e+01
-1.995310960710048676e+01
-1.995297515392303467e+01
-1.995311455428600311e+01
-1.995309449732303619e+01
-1.995308676362037659e+01
-1.995284111797809601e+01
-1.995305927097797394e+01
-1.995316119492053986e+01
-1.995275685191154480e+01
-1.995310257375240326e+01
-1.995314137637615204e+01
-1.995298384130001068e+01
-1.995311512053012848e+01
-1.995312315225601196e+01
-1.995310620963573456e+01
-1.995315839350223541e+01
-1.995309628546237946e+01
-1.995301719009876251e+01
-1.995306979119777679e+01
-1.995319056510925293e+01
-1.995302340388298035e+01
-1.995294554531574249e+01
-1.995314593613147736e+01
-1.995314419269561768e+01
-1.995310042798519135e+01
-1.995321491360664368e+01
-1.995314057171344757e+01
-1.995317110419273376e+01
-1.995315264165401459e+01
-1.995316047966480255e+01
-1.995301976799964905e+01
-1.995316751301288605e+01
-1.995295082032680511e+01
-1.995314714312553406e+01
-1.995318193733692169e+01
-1.995315742492675781e+01
-1.995316906273365021e+01
-1.995315720140933990e+01
-1.995308697223663330e+01
-1.995313914120197296e+01
-1.995298726856708527e+01
-1.995313721895217896e+01
-1.995310236513614655e+01
-1.995314145088195801e+01
-1.995317704975605011e+01
-1.995310164988040924e+01
-1.995316185057163239e+01
-1.995314876735210419e+01
-1.995318773388862610e+01
-1.995317254960536957e+01
-1.995320039987564087e+01
-1.995315274596214294e+01
-1.995312257111072540e+01
-1.995310556888580322e+01
-1.995309023559093475e+01
-1.995310020446777344e+01
-1.995309124886989594e+01
-1.995301893353462219e+01
-1.995313239097595215e+01
-1.995308117568492889e+01
-1.995305061340332031e+01
-1.995314608514308929e+01
-1.995308031141757965e+01
-1.995314209163188934e+01
-1.995314677059650421e+01
-1.995313364267349243e+01
-1.995310141146183014e+01
-1.995298783481121063e+01
-1.995323392748832703e+01
-1.995315252244472504e+01
-1.995311182737350464e+01
-1.995314700901508331e+01
-1.995307029783725739e+01
-1.995312428474426270e+01
-1.995293855667114258e+01
-1.995316213369369507e+01
-1.995311705768108368e+01
-1.995317070186138153e+01
-1.995228105783462524e+01
-1.995245966315269470e+01
-1.995313331484794617e+01
-1.995313771069049835e+01
-1.995305231213569641e+01
-1.995322822034358978e+01
-1.995309136807918549e+01
-1.995309285819530487e+01
-1.995313541591167450e+01
-1.995318929851055145e+01
-1.995262433588504791e+01
-1.995314098894596100e+01
-1.995308530330657959e+01
-1.995313806831836700e+01
-1.995304831862449646e+01
-1.995313292741775513e+01
-1.995315910875797272e+01
-1.995319680869579315e+01
-1.995316129922866821e+01
-1.995308974385261536e+01
-1.995315666496753693e+01
-1.995315562188625336e+01
-1.995295837521553040e+01
-1.995306923985481262e+01
-1.995313273370265961e+01
-1.995320221781730652e+01
-1.995316493511199951e+01
-1.995279130339622498e+01
-1.995314508676528931e+01
-1.995301878452301025e+01
-1.995306545495986938e+01
-1.995317162573337555e+01
-1.995313733816146851e+01
-1.995316262543201447e+01
-1.995309807360172272e+01
-1.995310734212398529e+01
-1.995302416384220123e+01
-1.995296622812747955e+01
-1.995312461256980896e+01
-1.995311951637268066e+01
-1.995313507318496704e+01
-1.995316153764724731e+01
-1.995314946770668030e+01
-1.995316103100776672e+01
-1.995317904651165009e+01
-1.995312821865081787e+01
-1.995301473140716553e+01
-1.995284913480281830e+01
-1.995312175154685974e+01
-1.995295959711074829e+01
-1.995313662290573120e+01
-1.995309187471866608e+01
-1.995299278199672699e+01
-1.995313854515552521e+01
-1.995318724215030670e+01
-1.995307895541191101e+01
-1.995309253036975861e+01
-1.995303642749786377e+01
-1.995316945016384125e+01
-1.995319083333015442e+01
-1.995240329205989838e+01
-1.995316833257675171e+01
-1.995311595499515533e+01
-1.995313569903373718e+01
-1.995312193036079407e+01
-1.995314462482929230e+01
-1.985309033095836639e+01
-1.995318575203418732e+01
-1.995317691564559937e+01
-1.995313894748687744e+01
-1.995295521616935730e+01
-1.995314243435859680e+01
-1.995313438773155212e+01
-1.995312291383743286e+01
-1.995306855440139771e+01
-1.995317572355270386e+01
-1.995315273106098175e+01
-1.995314067602157593e+01
-1.995316055417060852e+01
-1.995306454598903656e+01
-1.995280347764492035e+01
-1.995314717292785645e+01
-1.995313811302185059e+01
-1.995313136279582977e+01
-1.995314896106719971e+01
-1.995312410593032837e+01
-1.995314794778823853e+01
-1.995311845839023590e+01
-1.995312334597110748e+01
-1.995312827825546265e+01
-1.995314554870128632e+01
-1.995305539667606354e+01
-1.995314489305019379e+01
-1.995314808189868927e+01
-1.995310053229331970e+01
-1.995306296646595001e+01
-1.995313316583633423e+01
-1.995323632657527924e+01
-1.995309610664844513e+01
-1.995314490795135498e+01
-1.995312206447124481e+01
-1.995310209691524506e+01
-1.995304889976978302e+01
-1.995310151576995850e+01
-1.995314958691596985e+01
-1.995317813754081726e+01
-1.995315092802047729e+01
-1.995314800739288330e+01
-1.995310655236244202e+01
-1.995316274464130402e+01
-1.995311413705348969e+01
-1.995314565300941467e+01
-1.995306485891342163e+01
-1.995320294797420502e+01
-1.995305158197879791e+01
-1.995321260392665863e+01
-1.995322449505329132e+01
-1.995314723253250122e+01
-1.995317955315113068e+01
-1.995318475365638733e+01
-1.995309920608997345e+01
-1.995310275256633759e+01
-1.995305845141410828e+01
-1.995309351384639740e+01
-1.995311149954795837e+01
-1.995312625169754028e+01
-1.995269928872585297e+01
-1.995314495265483856e+01
-1.995302112400531769e+01
-1.995318648219108582e+01
-1.995311914384365082e+01
-1.995315788686275482e+01
-1.995270012319087982e+01
-1.995306773483753204e+01
-1.995308893918991089e+01
-1.995307020843029022e+01
-1.995314987003803253e+01
-1.995309257507324219e+01
-1.995315405726432800e+01
-1.995303164422512054e+01
-1.995308637619018555e+01
-1.995313715934753418e+01
-1.995319019258022308e+01
-1.995305193960666656e+01
