4.007041657539048174e+00 2.212052335261573521e+00 3.637372106601236332e+00
4.335616567446008984e-01 5.412859389474920846e+00 8.536984451030908971e-01
5.198881474214654297e+00 1.999248930293289650e+00 5.618063156321385421e+00
1.271702267040575540e+00 1.410133295968374334e+00 5.155739955743054104e+00
4.164520941229708839e+00 4.951402107691799115e-01 6.154571324859179349e+00
3.264152389487492645e+00 2.987432153121078571e+00 1.462649043982492181e+00
1.494706262619259540e+00 2.452337162888851632e-02 3.926035518355378784e+00
2.403560777175570262e+00 1.045662042517418344e+00 2.851993476044583642e-01
4.526060719297200219e-01 1.359254000049024080e+00 6.143676789586367093e+00
4.749943574025822457e+00 4.862457283225090521e+00 6.007339463453615913e+00
5.235750019358809126e+00 4.149638835319679475e-01 2.877772245485661351e+00
5.092699424231949656e+00 1.211909825356084713e+00 2.133580693036770004e+00
2.567080157388529571e+00 5.369315122237690474e+00 2.644684304309833589e+00
2.406450191388896265e+00 3.178265354442686874e+00 4.146653018901494292e+00
9.757999128365244523e-01 5.710558630929164714e+00 6.577814258788047264e-01
2.782208166367193591e+00 2.517619243341941981e-01 5.182581127427077661e+00
3.411378127950995154e+00 5.054145766133903095e+00 3.120517726052851604e-01
2.190427247302315639e+00 5.302982784883244705e+00 4.345793203221986367e+00
3.458732814192615468e-01 2.762453744549673740e+00 1.452610643108915855e+00
1.997433333700219471e+00 7.124537074379949653e-01 3.613195709199918504e+00
4.991205591088316851e+00 2.837842076810777048e-01 4.731121344699236175e+00
1.145033669082414773e+00 4.296551388284991724e+00 1.265741775742280195e+00
1.898102732825904138e+00 2.913859202006403137e+00 1.060621693403528853e+00
9.259762279210346225e-01 6.093254029415924755e+00 3.507082743512626166e+00
4.475467344868463648e+00 6.107636400055155512e+00 4.329244149822133458e+00
2.664881830737585947e-03 4.452923597280066481e+00 6.176183756903337319e+00
1.776990490999977634e+00 5.026721137101542780e+00 5.305378811948572526e+00
4.750481553272951629e+00 4.064491501354216219e+00 3.775730941279269004e+00
4.043037482216830902e+00 2.803235583141023834e+00 6.265306661255245047e+00
2.509349861879929922e+00 2.058778176180564135e+00 9.057449988233383653e-01
6.173561666279992366e+00 1.554433647569829047e+00 5.210061501960747687e-01
1.970475664777871838e+00 2.626260685704307374e+00 3.474666324510115256e+00
3.483359421767561859e+00 2.600213944994725704e-02 3.416796200111003046e-01
4.789594008750488463e+00 3.184328415936338863e-01 4.749559773953952124e+00
9.616759838785804426e-01 1.084979145311935733e+00 1.768856904236733252e+00
4.559744572756661896e+00 2.280277327027250056e+00 3.110293444337229651e+00
4.554017566668969508e+00 5.517804589169110763e+00 5.659486463885339269e+00
4.626185541971117310e+00 3.703445473841479707e+00 2.815441504865026992e-02
5.192803291469908267e+00 2.882978746763218858e+00 4.490680781310558700e+00
2.965609320680649308e+00 4.261203593101880571e+00 3.981170527227557265e+00
2.239877788269804437e+00 3.169281935391575100e+00 4.878963095282131235e+00
5.437631090813395573e+00 4.856344627054453689e+00 2.020611422396682844e-01
1.334759523519082558e+00 2.890939072162440393e+00 2.140173964787387417e-01
2.049259158872724029e+00 4.158489512542070443e+00 1.340681012941473460e+00
8.305957283061983221e-01 2.629828456225370203e+00 4.997176706904096655e+00
5.561485244906814174e+00 1.756374344298568868e+00 5.575118878850864768e+00
6.072699030059753866e+00 5.522687321986561315e+00 1.140028034981981353e+00
1.308173155255124342e+00 2.379139459047169947e+00 6.726349259804349501e-01
2.870820651375194377e-01 5.810575855898139963e+00 4.690629884876200251e+00
7.208847522029291355e-01 4.460332579178833412e-01 1.747551997170166072e+00
3.693002258745958777e+00 4.343197923105749148e+00 2.866794733600357414e+00
3.973260017891536044e+00 1.141111903454892662e+00 4.851658790194271376e+00
3.252971893260491854e+00 2.829515808430620449e+00 6.018016216353154313e+00
4.683193066300136209e+00 7.121152441430252944e-01 3.581603544275790529e+00
2.369737615743549686e+00 5.499523766915633827e-01 2.298716641682670758e+00
5.063140603967217324e+00 2.812464624542354130e+00 5.614234329674289148e-01
3.486383027472933716e+00 1.226634298017671876e+00 2.876606826862938782e+00
5.330929396493626626e+00 5.977792433952589413e+00 3.665750682561353280e+00
2.507995517968198751e+00 2.533439672698498679e+00 4.986441108758649321e+00
1.310781341637322184e+00 1.525219037334794470e+00 2.102666542580018394e+00
4.315023141414520147e+00 1.296832641770119809e-01 5.435786533818277810e+00
2.240059604212231381e+00 2.061084086869044096e+00 1.401123011240177796e+00
6.080571192795618529e+00 2.554020145087122717e+00 9.055484384372805007e-01
4.158899896122493445e+00 3.064619446097247568e+00 4.379427357874444482e+00
3.981364321926585959e+00 3.140448208689452070e+00 4.473223388890682273e+00
3.941340063570190289e+00 3.105594220389706894e+00 2.980906231223504399e+00
4.251158496178566892e+00 3.550086149274494396e+00 3.944054613104182927e+00
3.148384021214682083e+00 4.088959285404845545e+00 1.157088552650914925e+00
1.839476905681261210e+00 5.932871882986530565e+00 3.991204605889604906e+00
4.622663625144265431e+00 3.426757244502068200e+00 2.549372599821100760e+00
3.625956382783234844e+00 4.290572830743978328e-01 2.780263999400522046e+00
3.855664693775072038e+00 6.338248483512882725e-01 8.715487414690447077e-01
5.511126441266780418e+00 1.706231367941557941e+00 3.778412964358863313e+00
3.783677720651267951e+00 2.415639977170774166e+00 8.451946023606530245e-01
5.847823154294945702e+00 5.637776294540647548e+00 5.739878597346869782e+00
2.642373891829197685e+00 4.171305843584785400e+00 1.101796657050555073e+00
1.594193098977636947e+00 3.865480406146531323e+00 2.761852255977669035e+00
2.904733774280317538e-01 2.395838885772028526e+00 1.058165285970068092e+00
4.248119644250068383e+00 8.397526133040966734e-01 5.549414965826818147e+00
3.915534913227960434e+00 3.499661950699771040e+00 5.016136098443952918e+00
2.562042067353722086e+00 2.560133376641243963e+00 3.657711723388953562e+00
5.434733170366280675e+00 6.439139019165821543e-01 1.268081063355925187e+00
1.090377321624192541e+00 1.483566636476562950e+00 6.346856867391611479e-01
5.926061331072503435e+00 3.706555227390729623e+00 8.096944808766509682e-01
1.712264705553635968e+00 2.215829460843834475e+00 4.112715332978031491e+00
4.452816892326251441e+00 4.497058081236599669e+00 1.402472406615020040e+00
4.839019278920183353e+00 2.090117566754038148e+00 3.653105796398967153e-01
4.811653426779697318e-01 5.585596053268157668e+00 5.642197625980012177e+00
5.318177118214154397e+00 1.805301566439949656e+00 6.006679851939811243e+00
3.638717572137994960e+00 5.771906859495110176e+00 1.930503794633439352e+00
3.798262528837784480e+00 4.527619683512905446e+00 6.168879258026070289e+00
2.361840430874866392e+00 4.596784321911078663e+00 1.723656563890799465e+00
3.906401996132095267e+00 5.793338529961278738e+00 5.563442967647853621e+00
4.227983622345285575e+00 2.763211579313360033e+00 4.775847456048212258e+00
5.346042372405117149e+00 6.242359897193137996e+00 2.394617396283987176e+00
4.799851781415525487e+00 4.920595494278319215e+00 5.873357831100179283e+00
1.731021155368359654e+00 3.883499437213876249e+00 1.229839604153300181e+00
1.038163879049311733e+00 4.334975102076028541e+00 6.686226619272830352e-01
2.619555399190235612e+00 2.074143858680993713e+00 1.372400934096135838e+00
1.345925359456864312e-01 1.945200180417838043e+00 2.894725950615811616e+00
1.917980812666936208e+00 2.420466017678545523e+00 4.395151850202680954e+00
1.342171957473888844e+00 4.238079108271462836e+00 4.847773077135128617e+00
5.082534146706731093e+00 6.598034890580896095e-01 2.984715514072084019e+00
8.149305442980625536e-01 4.114186216020764952e+00 5.752602707902642720e+00
4.692191790944598040e+00 5.967816390924791214e+00 3.815738610690672328e+00
9.090201162021858960e-02 1.054428154588703759e+00 4.284677022469457697e+00
1.403215444826490632e+00 1.670557097029956362e+00 2.208522676478054947e-01
2.464555835068436451e+00 5.946737982749517037e+00 5.756301008158349219e+00
8.993963582032817039e-02 1.066341681629783933e+00 3.896649030635421784e-01
3.182440534745356153e+00 6.275758039822215695e-01 5.011798751138361041e+00
4.636239397209343416e+00 6.030803810205123128e-01 1.131128201911063114e+00
4.607061231868647688e+00 4.598855326927271392e+00 1.773240392887206696e+00
5.985820228539766141e+00 2.479013007874685925e+00 1.472596951042298430e-01
3.539385110488704189e+00 2.329293264490783333e+00 2.082958538866207743e+00
1.695829871380801546e+00 5.421797703827350823e+00 4.774212441312790212e+00
2.635527283717528757e+00 5.938617249981653856e+00 4.958955997144567363e+00
1.194389683766216681e+00 1.255593554245276189e-01 4.642582345309727465e+00
7.510826670964407814e-01 1.516281159538908296e+00 4.174923838466528814e+00
1.199207490573443113e+00 2.899158548817846182e+00 6.933357505951913413e-02
3.271904971529851824e+00 1.654012590182488696e-01 1.859167395008104684e+00
1.868638158984035957e+00 2.490902139553041739e+00 5.808849137324043621e-01
2.216965922319931614e+00 3.016407525706715109e+00 4.006002909407705204e+00
2.642680138937859802e+00 4.655296515886833686e-01 1.980076781031418154e+00
4.568172160596510878e+00 2.397337989328699237e+00 5.731794852141463004e+00
7.378387655888373198e-01 4.472656249267719986e+00 3.045118983481025943e+00
3.561255309196022623e+00 2.760976885892282517e+00 1.527358974384863455e+00
5.395676593626149931e+00 3.150556849113345326e+00 7.130337378749670441e-01
1.414972115628188254e+00 6.088131432973617585e+00 2.419823346465773017e+00
2.528314385504359496e+00 2.258850392228982429e+00 3.601797660037420634e+00
3.353040637398338575e+00 5.199179530719466591e+00 6.076579025761934538e+00
4.431387877419185273e+00 2.302844200948333420e+00 1.255310945373108389e+00
2.584597213587097375e+00 3.890042839477283909e+00 6.127755870503992064e+00
2.158134648225390820e-02 5.622856456153071392e+00 6.370797443748580369e-01
5.124385925236300210e+00 3.811992648926352256e+00 2.346797630777494703e+00
5.436298005060314686e+00 1.105674485085152980e+00 1.982402378788119535e+00
4.968047383663682481e+00 1.403549355296587420e+00 1.194495360452391131e+00
3.818165164128948241e-01 2.912395677259049798e+00 5.197493249909403978e+00
3.643717014731714166e+00 7.112922404406368804e-02 3.102065969300493720e-01
5.231943667122354036e+00 3.212619577187551201e+00 5.847072549630205174e+00
2.888020617431831916e+00 4.222900895730375304e+00 4.188899787322635793e-01
2.551929085609190739e+00 6.216081042919364918e+00 3.566414134699790406e+00
3.507824487833546279e+00 5.948251750810718441e+00 5.026957887231848332e+00
6.114185693045209868e-01 5.347982872964416323e+00 3.347190691570420817e+00
4.096500299465256845e+00 4.018547501525198129e+00 2.610563932045903979e+00
2.871423260418327905e-02 2.168853138146160209e+00 1.590378160671801933e+00
4.525898365867969453e+00 2.935827023779457701e+00 2.851355543451179475e+00
6.062911104145395136e+00 1.009134230094118623e+00 4.535239683911940212e+00
3.384067280864809235e-01 5.743231099230564851e+00 6.931605387975166011e-01
5.523853984601031719e+00 2.295466906289516995e+00 3.434839458778979893e+00
4.885919847656885473e+00 4.252870932662901282e+00 2.176676190886643436e+00
5.959852026119228263e+00 2.647751049934578216e+00 6.080189482838823878e+00
6.233749737654571632e+00 3.465818391130059961e+00 5.322475791841925208e+00
6.358086793802875114e-01 5.114814947802544864e+00 3.433470375223922844e+00
5.517408096353127789e+00 5.233494712435328156e-01 7.482967646827222152e-01
7.106235300975620728e-01 3.891597729928700122e+00 3.293449287149257554e+00
4.902181042449563542e+00 8.190586683651879252e-02 5.248543197545413541e+00
3.898557423870421257e+00 4.253710226491135948e+00 6.201347082484461204e+00
6.142562255946179661e+00 1.688511275216215690e+00 5.818112836646556651e+00
3.740427543542605981e+00 5.705443318677952291e+00 5.161682543972763604e+00
1.291957998121129991e+00 7.637042142104681908e-01 2.226372971546425550e+00
5.318938239043091265e+00 3.221924877954422950e-01 4.935710808991300880e+00
3.657623966896661472e+00 1.664666837246323583e-01 3.486912041501672110e+00
4.796252447370553007e+00 5.705336389911962236e+00 6.170251350635733267e+00
4.108739524070332827e+00 2.946552407277542862e+00 2.330016328581445251e+00
2.226288943612063420e+00 5.793129658130712123e+00 3.246163044000454523e+00
1.174238650672928319e+00 4.421816864886691789e+00 5.297552060012764130e+00
1.178891896474896894e+00 3.062102448171832414e+00 2.721012837683043362e+00
6.068931662076940015e+00 4.670768554529135530e-01 5.384838856383427519e+00
2.193438720869795855e-01 3.072031961522805332e+00 3.373736886184619532e+00
9.188740327359399274e-01 3.242250317651802494e+00 1.337656470311076040e+00
2.650530400419416566e+00 3.709835600016802459e+00 3.057069230513126179e+00
2.502667873681720057e+00 4.836072206648095673e+00 1.534523574522526301e+00
1.104833901640597471e+00 2.889756245547602909e+00 1.659934764754043002e+00
3.673986218400579595e+00 5.789675057235341704e+00 1.528835413704161539e+00
3.081839675176439197e+00 4.518141039434545370e+00 2.988326005249563266e+00
1.968737060591767118e+00 1.401227313707258670e-01 5.453382804576533793e+00
5.621626548081434471e+00 1.237285330220270207e+00 2.163269610927466557e-01
6.166098159494876718e+00 3.341180028820322168e+00 1.266596978731115763e+00
2.446802571303930973e-01 2.315763350508495577e+00 4.803002685626647228e+00
4.082030990154806638e+00 4.281123628346700016e+00 5.178628153090732766e+00
3.169188150961859574e+00 4.626315637476364984e+00 4.562864909600476970e+00
3.446935113310060084e-01 1.629407801856250115e+00 3.032714264884289967e+00
3.364410493406167824e+00 3.608746501187974687e+00 2.282006493884421339e+00
3.939591925106463943e+00 1.477578155767339751e+00 4.593828054170063346e+00
1.060832964519078159e+00 1.615671996738632377e+00 9.772543465847972621e-01
4.022439951891426668e-01 4.517033401183040198e+00 1.429402158341527285e+00
6.258197945024048664e-03 1.671221653692482212e+00 6.200086797696009455e+00
5.764827198692622723e+00 5.970759879771801337e+00 5.099066198472942624e+00
2.595026786050350864e+00 5.448358919139980827e+00 1.553500117179420492e+00
2.857727754995288638e+00 3.963215664688205742e+00 5.489131843866182692e+00
6.094666666767515117e+00 1.741731889184044757e+00 3.967445137866093319e+00
5.709307711383629247e+00 3.068033436000975334e-01 1.410554080354300854e+00
1.453076255979831144e+00 6.138542124969932345e+00 1.211071862116003262e+00
1.153508454203622469e+00 5.227915645427261282e+00 3.914222143992775571e+00
3.277621384230954948e+00 4.448366292507193620e+00 2.738644485295544051e+00
5.898528954559440152e+00 5.716906850329382950e-01 1.295018689583955940e+00
1.759750759467771486e+00 3.219651039819237504e+00 4.431747361255169437e+00
1.402475340214440203e-01 4.702338795760151235e+00 5.637942921927193707e-01
2.240499348924599676e+00 1.483989475310100836e+00 4.253801810039395725e+00
4.869125622207786663e-01 2.151805363811328586e+00 3.331650562073928068e+00
3.498357397325915663e+00 5.286628429772091131e+00 1.944298502077863589e+00
4.197623685963522533e+00 3.448830759942064450e+00 3.489233113182436341e+00
4.971230067401036123e+00 1.125251083625973481e+00 3.196804104919133582e+00
4.008485658158964071e+00 4.747678553010272751e+00 4.072674007618001468e+00
1.611502486555426605e+00 3.002167815192955946e-01 2.950339886721676574e+00
2.376150345309674949e-01 2.471760653180086642e+00 3.296912689965264320e+00
4.674008600754247844e+00 4.827754419271718334e+00 1.732782095688657042e+00
5.895496592368848709e+00 4.824098124365309381e+00 3.116356360916197055e+00
2.129966240279603795e+00 1.912338236696143445e+00 1.504580826327237997e+00
3.859051983496404326e+00 4.942061131250429007e+00 1.194616371327587911e+00
5.492548037153173190e+00 4.724040807411120646e-01 1.427861063111869111e+00
3.145351332391388421e+00 2.676963320141915403e+00 4.012245001041742754e+00
3.758826583574049085e+00 2.590178532635937891e+00 2.736579050051419770e+00
5.113470460856022193e+00 2.669323678054065230e+00 1.055249295806320653e+00
5.555469884754296928e+00 4.998851781693986140e+00 2.869177123368953808e+00
5.437564867680147351e+00 3.963411464507530457e+00 6.208203218307723148e+00
4.707495924840904955e+00 1.073265100726571664e+00 5.557215219119933991e+00
5.607526725329053718e+00 4.791281944902039847e+00 4.056862530040512560e+00
6.003500789971328189e+00 7.182829146192063474e-01 1.574295250933231416e-01
2.875243556334902362e+00 4.131625631883550920e-01 4.014782102455034085e+00
4.529877542604237028e+00 2.829911065480603671e+00 1.362253780134761172e+00
6.256088049002677565e+00 6.179820693920076380e+00 6.199720636736114621e+00
1.898420417367217006e+00 3.424190943231644746e-01 2.759447116109816633e+00
7.658490805857566253e-01 8.160631599915106893e-01 6.020928613517956052e+00
9.334262953029999199e-01 5.756770314823997481e+00 3.270434844671575303e-01
6.567575966334864290e-01 4.257967604526396777e+00 3.885690433153736301e+00
5.326703580297995622e+00 6.227647066610017212e+00 6.174850199544553497e+00
1.135104668260571437e+00 1.912392287332185026e+00 2.089696641283235401e+00
6.221545586273170336e+00 3.010206981938291726e+00 3.417881676644686006e+00
3.023992277482212110e+00 2.652878249359864160e+00 4.829182405621826213e+00
2.074320748612085819e+00 4.859351233620856081e-01 3.379022635756239179e+00
4.416492932204906907e+00 9.176437739146050543e-01 5.494716769530403333e+00
5.044367081842062728e-01 5.447169709007645411e-01 4.494018686253344441e+00
5.420428717501190041e-01 2.193286284389524443e+00 5.802670469210901238e+00
3.992437510883731999e+00 3.263798340136078835e+00 1.870113548845499629e+00
5.887678228785039103e+00 2.827138013311385034e+00 7.579972932757020887e-01
5.381099733952376063e+00 1.939929617124407368e+00 1.506135907221688219e+00
2.154237971379935335e-01 2.995894936816235976e+00 3.350653125572181867e+00
5.165216982832394166e+00 1.928374330283300075e+00 1.346297551190623887e+00
9.988947156872836075e-01 5.392563333724751828e+00 3.782767521837940627e+00
4.476764384234294347e+00 2.165079220033098828e+00 3.945675583703798367e-02
1.159906783357917748e+00 3.598947942185854121e+00 4.381188713110208077e+00
4.312138100017745224e+00 1.498537941609757285e+00 5.910473937025757962e+00
4.894050080159677019e-01 5.406934622896257814e+00 3.772437287298269659e+00
1.567704328572570471e+00 4.879201180761739032e+00 2.595465652358563080e+00
3.987629933296530371e+00 3.687787472855471371e+00 3.466161768525770626e-01
2.548199798207495093e+00 3.051285639535888272e+00 4.894235999661668224e+00
1.220319964802902168e+00 5.504016848666792860e+00 2.600962202503934506e+00
5.476072010487528452e+00 3.842593888985827433e-01 9.763516661204700853e-01
1.572605741350091790e+00 2.724497507062275670e+00 4.808875714625412634e+00
1.311910776381458588e+00 5.076733693255149227e+00 3.095726379053687971e+00
2.498902370005437135e+00 1.696248128290214763e-01 3.140217776262326232e+00
1.238115776472968443e+00 4.522437494738870356e+00 6.284433074813720876e-02
5.949056085315370668e-01 5.234121229216530224e+00 4.886937874697807160e+00
4.439000391214130481e+00 7.947040335384847332e-01 4.515240374924958111e+00
1.927418506192141834e+00 6.497703379081888331e-01 5.399701538458364647e-01
2.421199016838472495e+00 2.836385431386337697e+00 2.328574479616981385e+00
3.443440757399498064e+00 5.508340450052352288e+00 1.022539576766146041e+00
1.820291982674973053e+00 3.929482388095164591e+00 1.957803753661905288e+00
1.326506042354754555e+00 6.086360187361409935e+00 2.458865099202139248e+00
5.064922861665624332e+00 2.555071555057729427e+00 4.473651337711762821e+00
5.756122949420746870e+00 4.560530628025399658e+00 6.787915892357152536e-01
3.391728546399471078e+00 2.838846600546673926e+00 5.462597925542807431e+00
5.867413650755624488e+00 1.469307299003220768e+00 1.598598390606104314e+00
4.435184018673014705e+00 3.245884166073821131e+00 5.942756498732882697e+00
3.490078250248622282e+00 2.204823828049400802e+00 5.888008110602142686e+00
2.808829594234940163e+00 6.191492423663717132e-02 1.706811795247746177e+00
4.898818354387694640e+00 5.302965575585159463e+00 6.032024342558022223e-01
4.324273839399782604e-01 4.565975122595404834e+00 4.664449663874859375e+00
2.502040023866874741e+00 4.965306225510447646e+00 3.982372590029858550e+00
1.766346532937836056e+00 3.822093177575750289e+00 4.222435895292671049e+00
2.196393854209565344e+00 6.034548007707770445e+00 2.355156604054235547e+00
1.684589422462111852e+00 2.344540690135618277e+00 1.054323612692010359e+00
3.717936751119726324e+00 5.819398347799879190e+00 6.072393715582657059e+00
5.137195310371022172e-01 3.424452907912875488e-01 1.358748776819519888e+00
3.116267280514144034e+00 3.290027076192792332e+00 5.170836201748021388e-01
2.175132105170487051e+00 1.076380261404743521e+00 3.569599806379470497e+00
5.441829345537003704e+00 2.658809361381211933e-01 1.313954877044460456e+00
5.125969476597793673e+00 1.204836006357205447e+00 2.310199705302642403e+00
5.843815887741168780e+00 2.567742368247002638e+00 5.886003695405246816e+00
2.960593817059501642e+00 1.142408952376587239e+00 4.668229266827753854e+00
5.756705965201158293e+00 4.946139120085688567e+00 3.150015815101067318e+00
5.840216312201690130e+00 4.034282745360362910e+00 4.869692998766419478e+00
2.264964364700202681e-01 3.489703127801611959e+00 2.459439634080963888e+00
3.404328676235787832e+00 4.828774795249483609e-01 8.648412589075940016e-01
5.826460480763374861e+00 4.730269711311529512e+00 1.562890809371753897e-01
4.862454011995049008e+00 5.734843515136741843e+00 4.297209072913592998e+00
1.008816705367104882e+00 4.640136192655964109e+00 2.817027690359257708e+00
5.965310204957194884e+00 2.020740689377209520e+00 4.661294502617946200e+00
6.472377941838908244e-01 1.316267020109993746e+00 6.168386976569268043e+00
6.181894135880875218e+00 3.509772957424634576e+00 4.290130736754082186e+00
1.471452570367809409e+00 4.517834262087924380e+00 1.537256822838741765e+00
4.730179822219503727e+00 3.057031734248085719e+00 2.477124797521363386e-01
2.425298116477989929e-01 3.772140952246417100e+00 6.263580120953014863e+00
1.723531529107011462e+00 1.598472374695616205e+00 5.970153260622478086e+00
4.170369763958262865e+00 3.854881914550717603e+00 2.485804378308601681e+00
4.167237370097077509e+00 6.243863230776074857e+00 5.122420750772143982e+00
5.251151111388671744e+00 5.827303542782516388e+00 5.698188453806972475e+00
8.696267042303301720e-01 1.547770550714544058e+00 2.075540571087469477e+00
5.549387642181085489e+00 2.891792257496165863e+00 4.445084948315883189e+00
2.293352370045191435e+00 1.635385124696310255e+00 5.885608691117674596e+00
3.336492795894899555e+00 2.371585019632918012e+00 4.988082832339991057e+00
5.872971277435340198e+00 1.028354314168383077e+00 1.882920044372086599e+00
4.607786284627477968e+00 5.298170189990598189e+00 5.094104134010529528e+00
4.264739229647603658e+00 2.400557304751835375e+00 1.650984438468698912e+00
3.679511013024010513e+00 3.956028470342153547e+00 4.385932011019942678e+00
3.984598746747501696e+00 1.331139710328170800e+00 5.802118814117390500e+00
4.356173224066987260e+00 6.392423465975344277e-01 4.501883121709003177e+00
4.707203597956548524e-01 3.059276973061080263e+00 4.703810685454107299e-01
5.077282796947171661e+00 5.557963002716271639e+00 3.251208208054979232e-01
1.211998593249418832e+00 2.616045018283694734e+00 5.747464525244645905e+00
5.356874424959141123e+00 4.087593076227186373e+00 3.501569818484862040e+00
1.482299641302406767e+00 2.800834116259477646e+00 5.510692285166318705e+00
4.770530456098494021e+00 6.309604803886887936e-01 4.441696235053732345e+00
4.619671449620778247e+00 1.952068491763287117e+00 1.576563001539713182e+00
6.561587924691302254e-01 3.707564598043024517e+00 3.862724942311674070e+00
1.895605284919617661e+00 5.286471135943425104e+00 5.906945682798574460e+00
3.689133280823267302e+00 1.937187996830353476e-01 4.160283576256867732e+00
5.087732567548177265e+00 2.369731840929522604e-01 1.913118580929231705e+00
6.078137725069039377e+00 1.120585608677392209e+00 5.534101817074646767e+00
5.143731939641111417e+00 4.850703032703560069e+00 4.912235287367805014e+00
3.564884590337741965e+00 6.151398133723088080e+00 4.769570377030704300e+00
4.009591940392592591e+00 3.016969563769724694e+00 4.509092424347457828e-01
5.542987362826767850e+00 3.876755998807659864e+00 1.215233593243204790e+00
4.639123862973111856e-01 5.215617351696791637e+00 5.672038294067415443e+00
4.896722673141439053e+00 4.189328025427576208e+00 5.383738203248618071e+00
3.879708155760633659e+00 2.873316060592987053e+00 4.005610074971112766e+00
5.856972075195341354e+00 9.044774862125488646e-01 1.924957012594151973e+00
2.728576415565162616e+00 3.757764379586769898e-02 1.838984907452986928e+00
4.293188935103855464e+00 4.510402756143034431e+00 1.902565723936186837e+00
4.495139564649561770e+00 1.639354725971053917e+00 3.237782705617304746e+00
3.221987516268876028e+00 1.864817264005252495e+00 5.983184046580449333e+00
3.269200690032761369e-01 1.364308780788711761e+00 1.210523252162535091e+00
2.631104143410102125e+00 2.770330507449565438e+00 2.294714277183452111e+00
3.638166819258489060e+00 4.474582176324499727e+00 5.184770758930969947e+00
3.346858608039098848e-01 1.399991481714369046e+00 5.870607642901621404e+00
2.738607438512236758e+00 4.700553126958382677e+00 2.891214307099071235e+00
2.439723035192174205e-01 2.601729810381089969e+00 4.771838459914521380e+00
4.098399261503402613e+00 5.456787016198861862e-01 3.445105788219129384e+00
3.073514639934514570e+00 3.075945256128190808e-01 1.998605997905956722e+00
4.614786272859483951e+00 3.005551721717819369e+00 7.702959462342160446e-01
5.791144101303626890e+00 8.387463111724878795e-01 6.143694980550653106e+00
3.668333458908086708e+00 5.637357632264905050e+00 1.634700201434816202e+00
3.073535717022325198e+00 2.556667850449281798e-01 2.946965393439423320e+00
6.085122619780116260e+00 3.083455054729566491e+00 1.003061536408507814e+00
4.046194801067153790e+00 3.157761504786262385e+00 6.235102061546866636e+00
4.983926822434346704e+00 2.122237492693582528e+00 8.991525074284277830e-01
5.748819127180849975e+00 5.079055895722293990e+00 2.351640763076249030e+00
5.663610152533089526e-01 7.002625230314792060e-02 2.195550883809430420e+00
4.698048807070920319e+00 4.874919280628922102e+00 5.854396592989045800e+00
6.816280996991056634e-03 4.907161306497464182e+00 2.799042811829134614e+00
2.854698000285676329e+00 4.554957163253251728e+00 4.859550411048813245e+00
3.427787751638982527e+00 4.362353014078437674e+00 5.940842300197127557e+00
5.983755232780727518e+00 1.746971796279656264e+00 3.393540943331369686e+00
1.377866884760722277e-01 1.513731878682285092e+00 1.705240680863962854e+00
5.347340396120558559e+00 3.896439036520794819e+00 2.321903657045283342e+00
6.720191618536963674e-01 6.201580117467815345e-01 5.259900239359415863e+00
3.129343857202254497e+00 2.964064449146999181e+00 4.022126189985137046e+00
3.771399469945677208e+00 4.953193086690654279e-01 4.210062377670626965e+00
1.248025396525206387e+00 5.960297351048423842e+00 5.246658058389132684e+00
1.198981128646292804e+00 2.521908903594515916e+00 2.250449144414201630e+00
3.345252108867883489e+00 5.977180745368677606e-01 2.142337573919677496e+00
6.253492994075453559e+00 5.698070776434300377e+00 3.292170515436959377e+00
5.103873219752160573e+00 4.532032021628407681e-01 3.100576981089416262e-01
2.654647298325341964e+00 5.556129197373571138e+00 4.029119832007220126e+00
1.960243746226987716e+00 4.828774124905217846e+00 2.977223637095860465e+00
3.344267433971386705e+00 2.436461140997682850e+00 5.105082511435590220e+00
1.954115367835641548e+00 2.412534542070980503e+00 2.262649532725445223e+00
1.279669591706120713e+00 9.605666871740559110e-01 1.496415409503449867e+00
4.020602604553818793e+00 3.353486160946121952e+00 2.285950950022316963e+00
1.544209625753769632e+00 2.406765683345970519e+00 4.703573094198485016e+00
2.944114386760809499e+00 1.516890892626337584e+00 1.402162760304269895e+00
2.781757316671966240e+00 5.330838802223929029e+00 3.837630174788862814e+00
3.214327088844326497e+00 4.215122197945216698e+00 5.274113334548902188e+00
9.034263166276284007e-01 3.135750882949999596e+00 1.318637278311220129e+00
2.446712379948703386e-01 2.060566668030511472e+00 4.439246086937099989e+00
5.167378490069836516e+00 4.585057803914863506e+00 5.102133259208711635e+00
1.202330301425784571e-02 6.617380829840739942e-01 9.252281389027204872e-01
2.221799537853611284e+00 3.980349062109844738e+00 4.923035616367505085e+00
2.913488355233889937e+00 4.626385736785852743e+00 9.576677510280491301e-01
2.454343488467928491e+00 5.134510672527638597e+00 4.796930335262280742e+00
4.232517858806468247e+00 4.992225193588588350e-02 2.123696190984816212e+00
1.160499028919699249e+00 2.406644539051312481e+00 1.426445550786613392e+00
1.299155693664361677e-01 4.558799198073043790e+00 2.699089633812928657e+00
4.008305806771983448e+00 2.101956795665853583e+00 2.685515886789568096e+00
4.055853319725568618e+00 2.286993899328452873e+00 5.133030780757797729e+00
1.010617583591969071e+00 5.538200929802005845e+00 4.714168629867230426e-02
1.931755604928505621e+00 2.411709312828447693e+00 7.439276679330678599e-01
2.420926776114409318e-01 9.836356213000704840e-03 4.361398901812775897e+00
1.434694302453015380e-01 4.160957631641025500e+00 9.484578972586555912e-01
1.607134201004150276e+00 1.509194959512290879e+00 3.859018169218946248e+00
3.818294709440464452e+00 1.420117533731588777e+00 3.128883230202010868e+00
6.120290599006941612e+00 3.742488853556920958e+00 7.115763540498419859e-01
5.663117279524806591e+00 4.734651714488365748e+00 5.466540071710001669e+00
2.329507934457315077e+00 6.134389520213225033e+00 1.868949431814426410e+00
2.043303732453708665e+00 3.939551845633438631e+00 2.491177905989934604e+00
2.729775312260828812e+00 4.620121457798116893e+00 2.815822407715129927e+00
2.896259812108539666e+00 6.390488173826351925e-01 5.758486818152450226e+00
5.189613002988892276e+00 2.579576072938196130e-01 4.099791994150481678e+00
3.006139742761643419e+00 6.248637997629387542e+00 4.597486003361347606e+00
2.055596473497888432e+00 5.927264502347028952e+00 1.016885429334835056e-01
4.507731186573670890e+00 4.467754241538075988e+00 1.365193373861493642e+00
3.444849761629807272e+00 1.970469778802264260e+00 5.109699027369561719e+00
2.742558377729584773e+00 6.020145799491968930e+00 1.337179235101336516e+00
8.311085349979472348e-01 6.132236228951817303e+00 2.439575509468029590e+00
3.516893646227130965e+00 6.208211115194040453e+00 1.255176578258538456e+00
1.742805626067347458e+00 1.992387251091714662e+00 4.326212556462342707e-01
4.328098090345497972e+00 1.175074170069016599e+00 2.960501935152858977e+00
4.880205072647955333e+00 4.887186892450968934e+00 5.748601883665984680e+00
2.531332081074729512e+00 1.220483986874618676e+00 1.808058577310505566e+00
4.069489085850632293e+00 5.786013733978757401e+00 2.032413721359410896e+00
5.581412037319194219e+00 2.490076249497345628e+00 6.115835283243493237e+00
1.297793214968237852e+00 3.090751205738317964e+00 3.899748761286756515e+00
8.828857431257390864e-01 4.060827769219899963e+00 1.988896030290231876e+00
2.971938119597652417e+00 1.905252619660595004e+00 4.184091989622772623e+00
3.949360948332346410e+00 5.674017393079875404e+00 5.856156215592209335e+00
2.600404701234191318e+00 5.937217784701349643e+00 2.812375048419847090e+00
2.613815595412870785e+00 2.531714710416330227e+00 3.850070106803035852e+00
5.304162787991885786e+00 3.417643975920124699e+00 7.402794611192405061e-02
3.193020449166054320e+00 6.331615274616601008e-01 3.021640998346078355e+00
5.950150770810106238e+00 1.200218918532808265e+00 3.455917774447070823e+00
1.555275846716022370e+00 3.460527480745418938e+00 5.669013518876199420e+00
1.836844910093599959e+00 2.207606885734203050e+00 3.471946501437317867e+00
2.804241827987213664e+00 2.125831619213860435e+00 4.683108459361105425e+00
3.090841648326273283e+00 3.684723636674685388e+00 5.775560693439889093e+00
4.301974534070129308e-01 2.453597417754671994e+00 5.532979461045264280e+00
5.537812226059932286e+00 1.001300777013591992e+00 2.048791288091796226e+00
2.323516982190973579e+00 8.275708049689285417e-01 6.246550916721064439e+00
3.467775928298280963e+00 5.541409345885604409e+00 3.900898513476398932e+00
2.333742574148096161e+00 3.402322984400142913e-01 3.867111379809308414e+00
2.416883634855120644e-01 4.945471444266114958e+00 5.594977063507456272e+00
3.800668681185526698e-01 4.511156734624828246e+00 5.894964627100203636e+00
4.467181834561694487e+00 3.555086266766133152e-01 5.344092078330460183e+00
3.879699915005132560e+00 4.893188134014827995e+00 2.648492439087875905e+00
6.194332936097075581e+00 5.622555440004416427e-01 2.735865218012771827e+00
3.272572988351399315e-01 2.455356059323660745e+00 2.698454645324407597e+00
1.948208139969016983e+00 2.274679206856902614e+00 4.096878949356883126e+00
1.949757790251527956e+00 1.377374850284733832e+00 2.629682668257094846e+00
1.249262960007621936e+00 1.313490368991922397e+00 1.082541293492598200e+00
7.666376381962511921e-01 4.549132407181810223e+00 3.971678063605117437e+00
3.068043939942417087e+00 6.247830395698515282e+00 3.528874294185331273e+00
1.576453528925205294e+00 2.233358276996375569e+00 5.873786049762340866e+00
1.774972362705323548e+00 9.124915825867232488e-01 3.135510687546691488e-01
7.367476938040049550e-01 3.209432727695516352e+00 5.566926208243840435e+00
5.473977932385266421e+00 4.378493207115570662e+00 3.439732405664985837e+00
1.926717054690607611e+00 1.843115250150232365e+00 9.796701053225557176e-01
4.242267871291655057e-01 4.896411743374982528e+00 2.351044287341920835e+00
3.160977352716775268e+00 3.833321086244518394e+00 4.688913105294957973e+00
4.140531831419191455e+00 1.519192122121599597e+00 4.622650127619492566e-01
4.849022746844300791e+00 3.952394660675145666e+00 5.469465388386394622e+00
2.288973839358097617e+00 1.204827671858911542e-01 4.764863179367366364e+00
1.703586847897313961e+00 4.926524717148781818e+00 7.933098061883563368e-01
3.673433915510616821e+00 3.024199762262442359e+00 4.558383742061170807e+00
3.237963237814916795e+00 4.996195919496398297e+00 8.339165736464074774e-01
3.120969400304924424e+00 9.450646233787782791e-01 2.155096606851560903e+00
4.366789934880750401e+00 3.539782711960968609e+00 3.037459940430728533e+00
1.085965545800689769e-01 2.137880430367455897e+00 5.033818151846356947e+00
3.417315252945144266e+00 4.218160744587381217e+00 3.722575856777092795e+00
6.161503434196137441e+00 1.356607193457221694e+00 1.265704343082951544e+00
3.181166463570867631e+00 2.991656369011848504e+00 1.972295591869472675e+00
5.897789230051679432e+00 9.724579773812599415e-01 4.502845979417455347e+00
4.138027243008433054e+00 5.723721605585269323e+00 4.382739650536831455e+00
5.965834163664843537e+00 3.605896977440509854e+00 5.381826045587486673e-01
9.174747769016862176e-01 2.214764614006980548e+00 1.740728381578448003e+00
1.388603581663807596e+00 5.185569361162102986e+00 4.512515218652952242e+00
2.283340195119848204e+00 3.087970587269661227e+00 5.917443492965189122e+00
4.270091207288414736e+00 6.127664434136368854e+00 4.166521045658184264e+00
3.540676954842527646e+00 2.546110962080467832e+00 6.110738534680071332e-01
1.303200865201998182e+00 4.095591621046176023e+00 1.091476851327826791e+00
2.295584949745844927e+00 5.754999913935874289e+00 3.927378361624469516e+00
2.358520017192686336e+00 4.341850618915510829e+00 6.040511334508259722e+00
3.129047847124645898e+00 7.670709977698310089e-01 4.105555725537028522e+00
3.997348960586287081e+00 3.553824507632620477e+00 4.068100189753412366e+00
2.329926020446734469e+00 3.863702808430352409e+00 6.242969388957236632e+00
2.037791920418398295e+00 5.539422857134539413e+00 2.944857508123294831e+00
5.275836432312277502e+00 4.629375114987369089e-01 1.484892598616761594e+00
9.492099680170941189e-01 4.566265170783319505e+00 3.206685625984221577e+00
5.327300444070170116e+00 1.732017808848493656e+00 5.038135947896836164e+00
2.360267269281222546e+00 6.449866844648796116e-01 6.190402228417272390e+00
4.120170698366206530e+00 4.909590476513121804e-02 2.784866507575778360e+00
1.402671948822800996e+00 1.529913258149711575e-01 3.938203304762538659e-01
1.720728337259953777e+00 2.244491885530210062e+00 1.373650645927429137e+00
4.740982389641752448e+00 5.892121458514191445e+00 1.594288812408271916e+00
6.838608450330282973e-02 4.340183407209610600e+00 1.553430037227183425e+00
1.265958747243706828e+00 3.225033350035249047e+00 1.454433863179185549e+00
4.371340536123446974e+00 1.721210166754003623e+00 2.699999653657076948e+00
4.029888119403715052e+00 4.348435704478252006e+00 8.971254791935429074e-02
7.556733649965051702e-01 3.547251492320417920e+00 2.683799187250456075e+00
5.133844198423492600e+00 7.052804460440195156e-01 4.115465614689197693e+00
1.035554025664211286e+00 5.437077845990887504e+00 1.277685520787095630e+00
5.183960799940123820e+00 5.829588955951715334e+00 4.324735530191445854e+00
7.877894662472602035e-04 5.483178032552198822e+00 1.185079155139653118e+00
1.562982990145401319e+00 3.616587487898597519e+00 5.453187439753214960e+00
4.746584566759591617e+00 1.242175619953458376e+00 3.740287060958532805e+00
2.346367282981042024e+00 3.991671915916322089e+00 4.003609720853274823e+00
3.747150632191191377e+00 6.013855552122920223e+00 4.558488192700748343e+00
3.396613989701064984e+00 5.745961356060582226e+00 5.590789130252570516e+00
2.334779050283885216e+00 3.143871674054953685e-02 1.657011705155893647e-02
1.515835113366424292e+00 2.664150821230996335e+00 5.640628249748726120e+00
5.717941746379588963e+00 4.444780000772798334e-01 1.649820234705995814e+00
6.182936314377521114e+00 5.530757626268592020e-01 4.280463197655372198e+00
2.920744421320152107e+00 4.038930852384107761e-01 5.127962052639358781e+00
8.870321827648963708e-01 2.167311173106814426e+00 3.026617407468330967e+00
1.720944616536942418e+00 5.653988793671053337e+00 3.958279903149169998e-01
1.379665998695291496e+00 5.113834420665448910e+00 1.197082383893575352e+00
2.993931673207991029e+00 4.109823253762990625e+00 3.713609649571293581e+00
1.043571153727908429e+00 2.974638647283802673e-01 3.715750426074901913e+00
4.237440169639316245e+00 5.820414361317021168e+00 4.731424565644896774e+00
1.877805091181824482e-01 5.035130863106711097e+00 1.316347215925137926e+00
4.699109664944070452e+00 1.899179220619736208e+00 2.004779210021629954e+00
1.349523803123795052e+00 4.800172842890163771e+00 2.769202461085254807e+00
5.926855695905736354e+00 5.152390995284267250e-01 4.925739758174040084e+00
1.095496757098043172e+00 1.654341992647732962e+00 9.186497799038427781e-01
3.209436167294189790e+00 3.660501411639153768e-01 5.833107767652870201e+00
5.403878009275985050e+00 3.197193772767717324e+00 3.685842538337378738e+00
4.874515704652361059e+00 5.832279253679541142e+00 3.583826569846202847e+00
4.886880486022953107e+00 1.781240121431482359e+00 1.500443775537873559e-01
4.911384850706654426e+00 7.943958362318433997e-01 5.605480897939896678e+00
5.933915558037676341e+00 4.364958087291052280e+00 1.284775528974178238e+00
4.651407774584268573e+00 6.135666071832694968e+00 4.231707188947201992e+00
6.209839990652742614e+00 3.198857184504940498e+00 2.208824379071590904e+00
1.801064280759571590e+00 4.114098299205344311e-01 3.291125246976482455e+00
6.012237798226506058e+00 4.749629279855381192e+00 4.165975448350281996e-01
1.034606137675657012e+00 5.736570690388470339e+00 1.312481284168830475e-01
5.545123720265566547e+00 5.663379440971612055e+00 1.046231189206739742e+00
1.900864644693863070e+00 2.585334541822152499e+00 4.077183537484466491e+00
8.326848290336151814e-01 3.654684356475517149e-01 1.637871912243501704e+00
4.512711226307731138e+00 5.928050961673938524e+00 4.261319586072374932e+00
3.351019526332692067e+00 1.103070736175834482e-01 3.466144565578407999e+00
4.861955157796100657e+00 6.078901548030072988e+00 4.222430114160991010e+00
6.525708100523791577e-01 4.743046814628833374e+00 1.931968718416992914e+00
4.229766662171592806e+00 3.909808078256209907e+00 5.638333852434512572e+00
4.877443138030914227e+00 4.875873156299637579e+00 3.959667380519026114e+00
2.854200050471697558e+00 6.208079165651742670e+00 5.190086872696874742e+00
3.970359690199075420e+00 3.691266494145115207e+00 5.620393946878349922e+00
4.261509724272324995e+00 9.828846394597436920e-01 4.317165684479920884e+00
3.700290238733136672e+00 9.569860435795909392e-01 5.578128125770283496e+00
2.266273878201878311e+00 4.243914251380733305e+00 4.618487375787709404e+00
4.681955835559765688e+00 1.355336223973043541e+00 1.928191195862377638e+00
3.982828431800450542e+00 3.896890148892186989e+00 5.946011511439058816e-01
2.445198406004391867e+00 5.914208843849211306e+00 1.129625491027367978e+00
5.270590720224072712e+00 7.094917656277390794e-01 9.672357638993759332e-01
2.048863250312189521e+00 4.845656079033248353e+00 3.105562240315874689e+00
1.139390169289564714e+00 3.514576748360910052e+00 1.181806764712498348e+00
1.649506236612903631e+00 5.826542210097173324e+00 8.479285195324423041e-01
4.966149612861890716e+00 2.033419341124075519e+00 5.623639673721185339e+00
2.559904737186735613e+00 2.530346783745583750e+00 3.330961365264096585e+00
6.241201350500452882e+00 3.046591435088676358e-01 3.106254273214549055e+00
4.055268028707229355e+00 3.965499722712136688e+00 1.610884480113614403e+00
5.693073402227855517e+00 3.765970458620840677e+00 4.408824036069725061e+00
3.265695869430024434e+00 3.136499894251277620e+00 2.317868907175282267e+00
2.491232861988699643e+00 2.113175834795079311e+00 5.139000901138474298e+00
4.827642662779843441e+00 5.188648881954244452e+00 4.633779041918544284e-01
2.385416205242637755e+00 4.989615016689313620e+00 5.935188952704311127e+00
4.788004601539256555e+00 1.364932099100816920e+00 6.097441080801459634e+00
3.656643411004026678e+00 5.303830412764451552e+00 3.742714033968968401e+00
4.034919560215326051e+00 4.551500082537264902e+00 5.692904750987651141e+00
4.522148132192601366e+00 1.895097871996666905e+00 9.600651246331451949e-01
4.290157351755500059e+00 5.733563684177753750e+00 4.478864357221740811e+00
3.747052723079590919e+00 4.854131023418077007e+00 3.325610243937009880e+00
5.645569263151075212e+00 1.036361025390744039e+00 4.638629639277207950e+00
2.462433582653355213e+00 2.775461420377276056e+00 3.507709020426064583e+00
5.400323750145096469e+00 5.200959445775620971e+00 3.439478330256028893e-01
3.395971225861105669e+00 5.721377552287089330e+00 3.598174537884456736e+00
9.513732974109272433e-01 4.009516307792508449e+00 1.359951551849361895e+00
1.202661211364933758e+00 2.974823628910236106e+00 5.271091997777801463e-01
5.548530103759257592e+00 3.832610153499540928e+00 5.048363822702604864e+00
3.267265409564235501e+00 4.158737586377756479e+00 4.498946229548036690e+00
2.938438411642999792e+00 1.525082747010978679e+00 4.885573224883402510e+00
3.621257599494639212e+00 2.534852810904355547e-01 2.664591474734650411e+00
3.627375352293156774e-01 4.113172559637007231e-01 4.551695594327568983e+00
4.581759463804543131e+00 4.436657445511276165e+00 1.838056809888113596e+00
4.592540692805389568e+00 3.234071746164802974e+00 5.222437725839118805e+00
1.622304011753451292e+00 5.320219302014741025e+00 6.097560694755146393e-01
5.474948150132786573e+00 9.072675843282430597e-01 3.844449003580743707e+00
4.894029575476528948e-01 1.627090209121129227e+00 4.423058151970101548e+00
1.282367589067366476e+00 5.625675234462606866e+00 5.311451763088531841e+00
4.282261755924595015e+00 4.686173744314045209e+00 4.649093715689005535e+00
4.100570459331787987e+00 4.206530128097011878e-01 5.464582653147903812e+00
2.049247501322388754e+00 1.262840567918397605e+00 6.236320578446185259e+00
4.880417243408581740e+00 5.535807201430633206e+00 5.984207051953480239e+00
3.168553417399658567e+00 3.858487598544746877e+00 5.878500197412960482e+00
6.048543880372784010e+00 4.381016374058402718e+00 4.241523565407637975e+00
2.180283239959347197e-01 5.987890926968636229e+00 2.474353049615490185e+00
4.629475367210019066e+00 6.030809866796563057e+00 2.389631667113340185e+00
4.559273558499619128e+00 5.978216269707679942e+00 3.374496825780298526e+00
5.548570091013273142e+00 1.133656465808019709e+00 5.353038278694366880e+00
3.587728303090058191e+00 5.602270576399245305e-01 3.310567080232872383e-01
4.253036843850640736e+00 3.988111148159746655e+00 6.066822442547257666e+00
6.094490572240334636e+00 3.055230369431659820e+00 1.761271262791664238e+00
2.362802122478613043e-01 1.395058515902459773e+00 1.584419427803980041e+00
3.531799759518687409e+00 1.209772486700435787e-02 2.804465115910505624e+00
4.097633730575667155e-01 1.668757898210584623e+00 1.372962954140619862e+00
2.761813063806807467e+00 4.934041457606774372e+00 1.867022691428021686e+00
6.155284886768113140e+00 1.949135254717891508e+00 4.006261593539570676e+00
3.092103071426680394e+00 5.959124655842522600e+00 3.729132882389809556e+00
2.696996670973070387e+00 3.259078829236042196e+00 5.461585641848043515e+00
4.961736660279068900e+00 4.802354516581982757e+00 9.796992726448501276e-01
2.652668739259358421e+00 3.363038111977936673e+00 1.735222899895800364e+00
1.470745021991563817e-01 2.745909656811227340e+00 3.253402117952549077e-01
5.824614728957049792e+00 3.070744727320976697e+00 5.899723260988214868e+00
2.424397805992398958e+00 4.144886634315549045e+00 4.958014685616086048e+00
2.022797931040543340e-01 3.687271598279110218e+00 5.097373880467555907e+00
1.433807188801212718e-01 2.563289699914839570e+00 6.798730990655461603e-01
5.371905652984655610e+00 1.282056106408044682e+00 3.557087055484462468e-01
2.523547820721267154e+00 5.789648270942229225e+00 3.216479305463519900e+00
3.544215520877557424e+00 2.661314703490364475e-01 5.703190452538981603e+00
4.146550143831464474e+00 3.910442150034645792e+00 2.611881966586948600e+00
1.619830242468505155e-01 2.364433831383524698e+00 2.099719571701973209e+00
1.102752207179502897e-01 3.670802666932592828e+00 1.908259511621034132e+00
4.782685727819596444e+00 5.531526347781328568e+00 6.117385066474003708e+00
5.433995653684564608e+00 5.167739958189264016e+00 1.621591534363421516e+00
5.944756014702447189e+00 1.925450357314378413e+00 5.457504971596744525e+00
1.390048792632932129e+00 5.616338803440688920e+00 2.554805131522462247e+00
5.551537603081146521e+00 5.923663156170824173e+00 1.047794214435547877e+00
2.486651844757802543e+00 3.712846986591978649e+00 1.067034260156234371e+00
3.246457300694855608e+00 1.931002605916294801e+00 1.103308769798256317e-01
4.435820087874631668e+00 6.370964694553040708e-01 2.538302412283336640e+00
1.379795320853519636e+00 5.840868828862701534e+00 1.767151085341049033e+00
3.666166547741452231e+00 2.885037071655915497e+00 1.071276099912149116e+00
2.888636872136994604e+00 1.245696685964625461e+00 2.849347414660505340e+00
3.715812560687605348e+00 4.957588614091308798e+00 2.242941681239826845e+00
3.167782776282046964e+00 3.606249717461692761e+00 4.499314233956052123e-01
1.961716625032934314e+00 4.969566111887962379e+00 5.959426061544325748e+00
2.894724595447939031e+00 9.106691054387677786e-01 2.009389190144715842e-01
4.555493695006164856e+00 2.357637717241978237e+00 1.770910888555322638e+00
3.764734022743324360e+00 4.870417019343292075e+00 1.987987321644683336e-01
1.163403726894496337e+00 5.780644906454270870e-01 3.236412481042135525e+00
5.835815721276717660e+00 6.278740958518755910e+00 3.796275491579739203e+00
2.853023580781736346e+00 2.044528234324746452e-01 2.024958790573842204e+00
4.487011550930762205e+00 2.701034846937103051e+00 2.548264015123835602e+00
3.640607270054990074e+00 1.685721247130186562e+00 3.445463934505104575e+00
7.867814766053612408e-01 1.280491589767637217e+00 5.799532872972641862e+00
2.742114580909539523e+00 5.031342866676820513e+00 5.498450259525768047e+00
4.684616544906073266e+00 5.190718946826700098e+00 3.507716974643979579e+00
6.439250309984050069e-02 5.000371486241980357e+00 3.221442922497933292e+00
5.445400309322349308e+00 3.436780697051672107e+00 4.054470892728105014e+00
4.578424371817209959e+00 6.014651262206574422e+00 3.884685441772774084e+00
1.402051082062883980e+00 4.369710246569144196e+00 5.786688300624706294e+00
5.459885416657062063e-01 5.574971995467813635e+00 2.994381670520745775e+00
1.859108777628329712e+00 2.710894220831221446e+00 3.095860903915252926e+00
4.743535192616360696e+00 7.564677614364171410e-01 4.693253767649133046e+00
3.004541445980536629e+00 7.388967383799337485e-01 3.515226494152797754e-01
2.649564202991355533e+00 5.156651721203088456e+00 5.129269403363734270e+00
2.529056570803795090e+00 4.259109509976155117e+00 5.814241901587104522e+00
4.969938759690479380e+00 3.249842296700879984e+00 4.620154573763009864e+00
4.495230352601395474e+00 4.101915282886428926e+00 5.408074929691062849e+00
2.785622138201998776e+00 6.721387097148164014e-02 5.468312343296178213e+00
4.684748261863433072e+00 1.956748017469801537e+00 5.040968566024939257e+00
3.963912840859341369e+00 1.253814546818881714e+00 9.921824628203016472e-01
2.198960114667713572e+00 2.255806395936136965e+00 5.192042800814772541e+00
2.494829230009489862e+00 5.685758109253740145e+00 1.018106720872049981e-01
3.213759972164955236e+00 4.982343580679453154e+00 4.333790818253557831e+00
5.718211951680697958e+00 6.002504804777702319e+00 3.353353215265774789e+00
5.165135716611995775e+00 4.592388550225661170e+00 6.062728665362000502e-01
5.659755310781419801e+00 4.552944980318592627e+00 1.258824521107615668e+00
5.068120185642263742e+00 4.371859318363291003e+00 1.065381091565039018e+00
3.787937468928143647e-01 4.158299500052887510e+00 1.294097570040320666e-01
1.870740520550047137e+00 2.321917680216410762e+00 3.435102488071279936e+00
2.883422091361938833e+00 5.550706373774829672e+00 3.105113101292687472e-01
5.562154550853248836e-01 8.756995098556656920e-01 2.033042892327978635e+00
2.899990214531706911e+00 1.910131081790553909e+00 3.565150339110370936e+00
2.051508186356629349e+00 1.508329866871377600e+00 4.393208499376556553e+00
1.783616986139007432e+00 3.977121398239953809e+00 2.662649315019857799e+00
4.686696818657308583e+00 3.803368462481876211e+00 2.169731458618594289e+00
1.129220438817874150e+00 9.714586139443396329e-01 4.748195343037820315e+00
4.651910558288523845e+00 5.884818552616593035e-01 2.704646323589727341e+00
9.548536797140735333e-01 2.066691605277348298e+00 6.246217496530497293e+00
4.686461409456260441e+00 4.455729529810779077e+00 5.781756335032334881e+00
3.161421844733500297e+00 9.977662319716779082e-01 5.479522000754883493e+00
5.395385903548925555e+00 2.408304630352273268e+00 6.281850108740553829e+00
1.873510147264707104e+00 3.908862185365485242e+00 5.801490766179579595e+00
2.754249207524829268e-01 1.573820589652440649e+00 2.644134264468620987e+00
2.139996317282730320e+00 4.533187616180152091e+00 4.094676419842143922e+00
2.461414566455744524e+00 2.413485395079598472e+00 3.679034489981683365e+00
1.906570533535281164e+00 1.088130044751991071e-01 6.229817747410163697e+00
1.152792583434768536e+00 1.297766172887269587e+00 6.267978670853973533e+00
3.375935044365904414e+00 1.271469887019189393e+00 4.788695396292204087e+00
5.026381610265755029e+00 4.680926611056695386e+00 3.415365066323571286e-01
2.813604812194168581e+00 2.046543786120014641e+00 3.528533589242979218e+00
1.545128352707007435e+00 4.850889646431704172e+00 2.564190047032730124e+00
3.921988512509801961e+00 4.870173213727370332e+00 3.668376415638401777e+00
3.400663254683597980e+00 1.680393709567883365e+00 1.439413157719341418e+00
3.684621031057086160e+00 3.368460993102597723e-01 1.758384476630017623e+00
4.410619457631278273e+00 6.125319679093572667e+00 2.678815720276601198e+00
2.769984402820047653e-01 3.459094711144009349e+00 5.342257967739441504e+00
2.527282173782738894e+00 6.171914294872872242e-01 4.137526315194614668e+00
4.974776721782972366e+00 1.657945598708389534e+00 2.269065202716708196e+00
2.569459118722071111e-01 4.138634108201062922e+00 5.733729466276309417e+00
5.347542989507783950e+00 5.299091130592978871e-01 4.191460446978741317e+00
5.990042939418389611e-01 1.136152089589117065e+00 5.998589041856463133e+00
4.941392448627223821e+00 2.853494554911614411e+00 1.682175244285099291e-01
3.001065383748350524e+00 4.062641655178013345e+00 4.677993841564068056e+00
3.861040076536909726e+00 3.491444003601665624e+00 5.067023008631460712e+00
1.638956064368032095e+00 6.005776421623076899e+00 3.514853073374907488e+00
4.326542225923599716e+00 3.410041398267196655e+00 6.208908631650619014e+00
1.891342158276620333e+00 5.023839815327899139e+00 3.324839100015921645e+00
1.515680296034040087e+00 2.609562569493150352e+00 2.500024411358020004e-01
5.361528347065172007e+00 3.864141443428647626e+00 5.061825237362671537e+00
2.128413720483850025e+00 3.332805851819919063e+00 3.900798571095435818e+00
2.832378526288266141e-01 5.426463727296358286e+00 2.103398177792542789e+00
1.908401353668669198e-02 6.148841835205236528e+00 2.707709246108820356e+00
5.186696299308246161e+00 5.717320846519871047e+00 1.756588803951234734e+00
1.403777434266226143e+00 1.707411401234050496e-02 4.998049400326913805e+00
3.081197794356622666e+00 5.422437843471587193e+00 4.666286580076995705e+00
7.251341471135211991e-01 4.300928323184527002e+00 3.481661373977228635e+00
4.500723369637706028e+00 2.315468631049343085e+00 3.473610278271491492e+00
5.677988395541350819e+00 1.489384714042083502e+00 2.622243676258950273e+00
3.041524438206380410e+00 4.362804889303230738e+00 6.200919912375119303e+00
1.448339262918518777e+00 2.038812433438315974e+00 5.526388730636695001e+00
3.927719885186244930e+00 2.998630978958144677e+00 2.145502049237457243e+00
4.715772936134725590e+00 2.851209092079336038e+00 4.750579720659793281e+00
1.873347283620730164e-01 6.899230339298420001e-01 4.803944274868197972e+00
5.057127055708612318e+00 1.771540145292126001e+00 2.571921495284051340e-01
4.177988452717773527e+00 5.035378873100531116e+00 5.321011891286061557e-01
6.882722363542526089e-01 1.597320824124240035e+00 4.434866319084530772e+00
5.460000477385682949e+00 4.241609645480956203e+00 2.978094089973515324e-02
3.752517167712201118e+00 6.126901677586491957e+00 1.038757865457035523e+00
5.297349303927821218e+00 3.567142205146266676e+00 1.675158113423014461e+00
5.646132600911894173e+00 1.371862448973897752e+00 3.138261485464235001e+00
5.780142651113802543e+00 4.537953435827425608e+00 1.542572573035938310e+00
8.432195292657675978e-01 5.507335365763303514e+00 2.084577501808640321e+00
1.443803090672436840e+00 1.692552071908342448e+00 4.686524201972399162e+00
3.977197911935077546e+00 4.373454045860983186e+00 2.845663396346272744e+00
5.907862126170424499e-01 1.248967940755984829e+00 1.229811605375715544e+00
1.357869540384947671e+00 2.877972943836069941e+00 5.259759948265408269e+00
4.400196886455185918e+00 1.192948476205167196e+00 3.230542083241573881e+00
3.986576264431865857e-01 1.697180139220785033e+00 5.937966940363399893e+00
5.693315842863184706e+00 5.962906064948536589e+00 4.120641980687274497e+00
3.942218910296901413e+00 5.356148746171330188e+00 1.584180306731834964e-01
6.547363175640329436e-01 5.933408334793455197e+00 4.236768511035235996e+00
5.260919905203476077e+00 5.246929195521977896e+00 5.270079540271491170e-02
2.089130513552475144e-01 2.796209462338600460e+00 2.731695266247335940e+00
3.971510290054896863e+00 2.648218779715599269e-01 4.524694201282625450e+00
2.048395251933968098e+00 6.232788863385084754e-01 3.739618071134931832e+00
3.713457129061962014e+00 3.219817643671397889e+00 2.480127090819598479e+00
2.523893961051902668e+00 3.904642641628982780e+00 9.321436163345067083e-01
1.919481479013428693e+00 1.303115800728230189e+00 1.392960778619729778e+00
5.602962337693636385e+00 1.437301172700150786e+00 6.179323713376117411e+00
3.906383296711366082e+00 6.769200366425701665e-01 5.682872703684314075e+00
4.784041131255125201e+00 5.508453545637571835e+00 4.308906368533682141e+00
4.191480558073001461e+00 6.013456216796666531e+00 3.786882250377834769e+00
2.661118297688084500e+00 5.443756609437946814e+00 1.405659393314104388e+00
2.457902528909177597e+00 1.621263090232285098e+00 1.263519379950361454e+00
2.387693109973866579e-01 6.263569249903083724e-01 1.776881466646726082e+00
4.895640660367718944e+00 2.589042363590641216e+00 3.143602708656950018e+00
1.221912642646938663e+00 1.377281117889564754e+00 8.418067324068502222e-01
1.660394915503854429e+00 3.048690842430142212e+00 8.634083554711625696e-01
1.235530538711034021e+00 1.334355125647694873e+00 2.297738009645692525e+00
1.176528419465509456e+00 3.363288883736348378e+00 5.910326602486471792e+00
2.136528022622451672e+00 3.611266621732012627e+00 3.378747928704624925e+00
5.073641045262742288e+00 5.341697967560577354e+00 5.805169286003920348e+00
9.715906128931195429e-01 3.156717393666105043e+00 4.813609813409204463e+00
4.010692844630352027e+00 1.234836609168861399e+00 4.013735784701571996e-01
2.790838631195204478e+00 5.487095085614818180e-01 1.750801001968268045e+00
3.741966774023904208e+00 3.217157280639820538e+00 1.360083622974777695e+00
2.332435841595845716e+00 4.047630739790339938e+00 1.302820051934849399e+00
4.927776837676154820e+00 6.195692448361329596e+00 4.910084496912761054e+00
2.511235565242793122e+00 2.839604935328414292e+00 2.105438729045412405e+00
2.365832078722134746e+00 4.523464250504418693e+00 5.066999442340896387e+00
2.662075031021258642e+00 5.519679732148848217e+00 5.990955194444075538e+00
5.220416724970206701e+00 5.879830430701891153e+00 3.760931250187834696e+00
1.435738325624416278e+00 6.125167816907257645e+00 1.267290880267263775e+00
5.128388085854797218e+00 5.033230690439012278e+00 2.436107259031227379e+00
3.238298850589716782e+00 1.328699888233530468e-01 5.991897699384757914e+00
3.849457418420380250e+00 5.931358887800595170e+00 5.942247549802514017e-01
2.370772722998241822e+00 3.174293594293742693e+00 2.572083570033789179e+00
3.939486449913462529e+00 4.021546748336025878e+00 3.294449003724789549e+00
3.155807626607640692e+00 4.470802593436029149e+00 5.587421653454706316e+00
4.310266680024667174e+00 1.723104948097841538e+00 1.101305707936681699e+00
2.593212172536530691e+00 4.076050814589307514e+00 2.781060064880526150e-01
4.122131369931961942e+00 1.753698162029199981e-01 3.865041769090352464e+00
2.232345878655769056e+00 2.367075523340167909e+00 3.397489721841386423e+00
5.895924861998389943e+00 4.490679639215489516e+00 1.232325255498308625e+00
2.309571955210209804e-01 5.447832725061351411e+00 2.561158565984662072e+00
5.965767624707586592e+00 5.915113502421326608e+00 5.894772278106139574e+00
6.100948520634551286e+00 2.722463738416392443e-01 4.906118470097723616e+00
5.579335869773079715e+00 1.256531289918810579e+00 5.312960504876824253e+00
7.713693774518930457e-01 3.999126871432246988e-01 2.451699271233125366e+00
2.622085372545572390e+00 1.176605192438877845e+00 1.345545546067810072e+00
3.689650123540601623e+00 5.437246029237342348e+00 6.965309305990996513e-01
4.136040198847589444e+00 5.367984238092373239e+00 6.226926865460145066e+00
5.263374986361948338e+00 4.951751449528532412e+00 6.153279871983113658e+00
8.670107467065850393e-02 3.293020421882370208e+00 3.397211105390287589e-01
2.559611723644129810e+00 5.212005838014683867e+00 1.952434199342250043e+00
5.484853881696259315e+00 4.333659896369962183e+00 2.647085037434083743e-01
4.328504480552681777e+00 4.080462632622201546e+00 8.769874811827423899e-01
1.884008143342657648e+00 5.530357420030002080e-01 3.815517067995925604e+00
1.941508631764359949e+00 4.373026561255952238e+00 2.207302294225267580e+00
5.156641065645726663e+00 4.763966488403265309e+00 1.410828716846117548e+00
6.139683417075069372e+00 6.016371985796945765e+00 3.438726783477003668e+00
5.631569867828319254e+00 5.022144081172223551e+00 2.663479559669838626e+00
3.759268191245728641e+00 2.770900171248399158e+00 2.330972865317259224e+00
2.753615899893200325e+00 6.429941487849687165e-02 4.090283330628528446e+00
2.899732876418277705e+00 2.875123756260822283e+00 3.625723176458989894e+00
5.203485033370673030e+00 5.401309432115222187e+00 5.816360285945582298e+00
2.344979198032204781e+00 1.098649163907954085e+00 3.598649326197431275e+00
2.341104897666594908e+00 2.766530475440079684e+00 9.201459003873907472e-01
4.441956262378100817e+00 6.083090981075210735e+00 5.767240223936314969e+00
4.583588114300788163e+00 1.087350144887418768e+00 2.207939441099085354e+00
