-7.705697581171989441e+00
-7.705096441507338412e+00
-7.705470705032348100e+00
-7.705180275440215887e+00
-7.701463147997855252e+00
-7.705919829010963618e+00
-7.706468313932420600e+00
-7.706138965487480341e+00
-7.687096735835075023e+00
-7.703542953729630050e+00
-7.704994001984595720e+00
-7.706850475072861251e+00
-7.706867089867591503e+00
-7.699027240276337558e+00
-7.702173694968223572e+00
-7.706825974583626504e+00
-7.706757509708404896e+00
-7.702713394165040306e+00
-7.704775047302246271e+00
-7.704302752017975209e+00
-7.692788520455359880e+00
-7.699295261502265397e+00
-7.689896059036254172e+00
-7.695464947819710133e+00
-7.706008017063140869e+00
-7.705117419362069064e+00
-7.705550479888915838e+00
-7.705695959925650484e+00
-7.706459370255470454e+00
-7.701629576086999052e+00
-7.706404644250870462e+00
-7.701106935739518100e+00
-7.706727093458177080e+00
-7.704287245869636536e+00
-7.704607284069061812e+00
-7.700046992301941451e+00
-7.706278568506242266e+00
-7.679608237743378751e+00
-7.695544585585594177e+00
-7.694696122407912675e+00
-7.703975442051887335e+00
-7.704034385085106074e+00
-7.700846806168556213e+00
-7.706678184866904147e+00
-7.706687644124031955e+00
-7.703566965460778349e+00
-7.662363710999489541e+00
-7.702084380388259710e+00
-7.685648334026335071e+00
-7.699112096428871510e+00
-7.705471575260162354e+00
-7.697565454244612582e+00
-7.706938892602920532e+00
-7.693970298767090377e+00
-7.704164764285087230e+00
-7.705341318249701921e+00
-7.697018229961394731e+00
-7.706376999616622925e+00
-7.705850818753241072e+00
-7.706626355648040771e+00
-7.706310263276099803e+00
-7.702791541814803189e+00
-7.703290903568268178e+00
-7.702354067564010975e+00
-7.706839987635612843e+00
-7.705340388417244668e+00
-7.702688252925872447e+00
-7.706103545427322565e+00
-7.705582240223883161e+00
-7.703164261579512839e+00
-7.703794646263124157e+00
-7.702209097146988981e+00
-7.701231020689011331e+00
-7.704165536165238137e+00
-7.704771792888641890e+00
-7.699900731444358826e+00
-7.707045269012450461e+00
-7.699581581354140170e+00
-7.696221205592156167e+00
-7.700790473818780235e+00
-7.705633780360222396e+00
-7.672791528701782937e+00
-7.694624626636505482e+00
-7.705477434396743597e+00
-7.706437554955482661e+00
-7.701582774519921237e+00
-7.705122882127762196e+00
-7.706278067827224021e+00
-7.673463422060010863e+00
-7.706621375679968189e+00
-7.703501737117767867e+00
-7.695467039942741394e+00
-7.702988296747207642e+00
-7.703848150372505366e+00
-7.706146895885468417e+00
-7.702697598934173939e+00
-7.691273245215417553e+00
-7.705583614110946833e+00
-7.706752058863639121e+00
-7.703809162974357250e+00
-7.706752392649651284e+00
-7.706620338559150518e+00
-7.703548634052277855e+00
-7.701565006375313160e+00
-7.705748510360718839e+00
-7.700387582182884216e+00
-7.701613980531692327e+00
-7.698902523517608287e+00
-7.700580936670303522e+00
-7.703917345404625472e+00
-7.705640611052513300e+00
-7.704982170462609581e+00
-7.706811493635179033e+00
-7.698837912082673540e+00
-7.705964863300323486e+00
-7.706572413444519043e+00
-7.704891246557235895e+00
-7.701761093735694175e+00
-7.704174852371216353e+00
-7.705504414439201533e+00
-7.706928038597106401e+00
-7.706498289108274946e+00
-7.706250768899916892e+00
-7.697623625397682190e+00
-7.705551165342329867e+00
-7.704226464033126831e+00
-7.698820179700851085e+00
-7.706266981363296686e+00
-7.705125024914741161e+00
-7.706697866320610046e+00
-7.705909219384193598e+00
-7.704834955930710549e+00
-7.704380914568901062e+00
-7.707104414701461792e+00
-7.705494344234465665e+00
-7.705728092789649430e+00
-7.687158617377281900e+00
-7.706056222319602078e+00
-7.705031394958496094e+00
-7.704836720228194658e+00
-7.703369843959807284e+00
-7.706845238804818976e+00
-7.706899625062942683e+00
-7.704488641023635509e+00
-7.705165323615073447e+00
-7.706364870071412021e+00
-7.700531476736069081e+00
-7.696732100844382529e+00
-7.706192994117736283e+00
-7.700731077790259782e+00
-7.687290570139883705e+00
-7.701009303331374234e+00
-7.705077111721038818e+00
-7.703326120972633362e+00
-7.704746517539024175e+00
-7.692630782723425931e+00
-7.705369868874549333e+00
-7.702338376641275630e+00
-7.706234633922576016e+00
-7.706574881076811323e+00
-7.705644240975379589e+00
-7.701056483387946905e+00
-7.691495230793950810e+00
-7.692156717181206638e+00
-7.705002176761626131e+00
-7.703866916894912542e+00
-7.706073096394539412e+00
-7.705777499079704995e+00
-7.704818645119667408e+00
-7.706193357706070834e+00
-7.704907700419425964e+00
-7.702827885746956760e+00
-7.705862888693810753e+00
-7.706065231561660234e+00
-7.704112496972085111e+00
-7.704110562801362860e+00
-7.706180030107498524e+00
-7.699292674660682678e+00
-7.706773898005485179e+00
-7.702841156721115468e+00
-7.704257017374039229e+00
-7.706313499808310929e+00
-7.701378864049912565e+00
-7.690738812088966370e+00
-7.706760653853415910e+00
-7.706566515564919229e+00
-7.705936154723167064e+00
-7.704405912756920216e+00
-7.695926257967949269e+00
-7.702691543102266003e+00
-7.703591209650039850e+00
-7.689796182513236822e+00
-7.707176521420478821e+00
-7.705907979607581559e+00
-7.706576967239379350e+00
-7.705974626541137518e+00
-7.706562429666519165e+00
-7.697720217704773660e+00
-7.701775249838829218e+00
-7.701520708203315912e+00
-7.706581568717955300e+00
-7.705607491731643499e+00
-7.706338989734650369e+00
-7.701000478863716303e+00
-7.704216814041137340e+00
-7.694534733891487122e+00
-7.706505101919173484e+00
-7.683076930046081721e+00
-7.704878103733062922e+00
-7.702597373723983232e+00
-7.706984835863114114e+00
-7.705776885151862210e+00
-7.703789159655570096e+00
-7.706713807582855402e+00
-7.705512794852255709e+00
-7.660370594263076427e+00
-7.706517073512077154e+00
-7.701442897319793701e+00
-7.704236629605293984e+00
-7.697154623270034079e+00
-7.702776923775673801e+00
-7.705795201659203286e+00
-7.699173179268838041e+00
-7.705868008732796426e+00
-7.706301429867743913e+00
-7.670876491069792635e+00
-7.706368380784986982e+00
-7.706512251496315358e+00
-7.694385924935341237e+00
-7.704515883326529924e+00
-7.699173578619957325e+00
-7.706094390153883644e+00
-7.705916056036949513e+00
-7.693750917911529541e+00
-7.704514691233634416e+00
-7.706433475017546719e+00
-7.705981454253197249e+00
-7.706336000561713639e+00
-7.692902305722236989e+00
-7.703716397285460538e+00
-7.704666545987129744e+00
-7.706583932042122775e+00
-7.701138314604757618e+00
-7.702239128947257818e+00
-7.706059727072716470e+00
-7.702015337347983603e+00
-7.705365628004074097e+00
-7.706952300667762046e+00
-7.697441381216049372e+00
-7.699965786933899103e+00
-7.670232456922531306e+00
-7.701158142089843395e+00
-7.692678797245025457e+00
-7.707030022144317982e+00
-7.700823727250099893e+00
-7.702382004261016490e+00
-7.699616920948028742e+00
-7.706488990783692650e+00
-7.700926443934441146e+00
-7.706025579571723405e+00
-7.706558206677436296e+00
-7.706811302900313798e+00
-7.704338550567626065e+00
-7.702465537190436251e+00
-7.703339579701424356e+00
-7.696450531482698310e+00
-7.706715613603591919e+00
-7.706940522789954784e+00
-7.705401694774626442e+00
-7.706224697828292669e+00
-7.635271558165550587e+00
-7.699630632996559143e+00
-7.704867917299270452e+00
-7.703062078356742504e+00
-7.703654977679253335e+00
-7.705588561296463190e+00
-7.696368628740311024e+00
-7.706763678789139149e+00
-7.696065494418142805e+00
-7.705561006069183705e+00
-7.701211330294609247e+00
-7.706615647673605629e+00
-7.706330442428588334e+00
-7.705692312121390941e+00
-7.706351616978645680e+00
-7.707071638107299449e+00
-7.706651085615157548e+00
-7.705368867516516396e+00
-7.700545784831045459e+00
-7.705010047554969432e+00
-7.705943533778190968e+00
-7.704015582799911499e+00
-7.694825601577759855e+00
-7.706052285432815729e+00
-7.705849018692969565e+00
-7.701042717695235851e+00
-7.704929548501968206e+00
-7.701181560754776001e+00
-7.706805729866029075e+00
-7.705292889475821028e+00
-7.702054235339165444e+00
-7.704752469062805531e+00
-7.703665441274643477e+00
-7.705772507190702392e+00
-7.706174895167350769e+00
-7.706512117385864613e+00
-7.704219973087311324e+00
-7.706961199641227722e+00
-7.702655732631683350e+00
-7.706662338972091852e+00
-7.706402701139450251e+00
-7.706041601300238852e+00
-7.706882065534593096e+00
-7.694774916768074569e+00
-7.705917820334434509e+00
-7.699373304843902588e+00
-7.706804022192955017e+00
-7.703823220729827170e+00
-7.693614923954009477e+00
-7.705373209714888816e+00
-7.702420124411582414e+00
-7.695515814423560919e+00
-7.654780447483062744e+00
-7.706939768791198020e+00
-7.705282539129256314e+00
-7.703850865364075595e+00
-7.698850953578948442e+00
-7.706932282447814586e+00
-7.706357067823410567e+00
-7.706837534904479092e+00
-7.707086431980132879e+00
-7.702793651819229481e+00
-7.703955587744713007e+00
-7.695329624414443792e+00
-7.629777529835702232e+00
-7.706249380111694691e+00
-7.706498736143112538e+00
-7.678769317269324546e+00
-7.705865535140036471e+00
-7.702943879365920843e+00
-7.702236890792846680e+00
-7.696356639266014099e+00
-7.705661571025848033e+00
-7.703391453623772200e+00
-7.706634199619293746e+00
-7.702196341753005271e+00
-7.706081449985504150e+00
-7.699276554584502108e+00
-7.705361807346343461e+00
-7.687036716938018266e+00
-7.704065981507301153e+00
-7.698828575015068232e+00
-7.697482478618622004e+00
-7.706815522909163718e+00
-7.701032280921936035e+00
-7.706533926725388284e+00
-7.685107252001762035e+00
-7.705840560793875582e+00
-7.703287595510481367e+00
-7.705825135111810553e+00
-7.684976592659951145e+00
-7.705831086635590133e+00
-7.705739822983741938e+00
-7.706191208958625083e+00
-7.702133196592329867e+00
-7.704570195078849437e+00
-7.705514770746231257e+00
-7.704593232274055126e+00
-7.705193012952804565e+00
-7.694214722514151283e+00
-7.702855575084686102e+00
-7.706829127669335477e+00
-7.705428275465965093e+00
-7.705531454086305132e+00
-7.699803814291954041e+00
-7.705904456973076577e+00
-7.704177540540695368e+00
-7.704296427965164007e+00
-7.707014742493630166e+00
-7.706900346279144109e+00
-7.706177395582198386e+00
-7.706462934613228732e+00
-7.705315294861793340e+00
-7.706045591831207631e+00
-7.706310099363326671e+00
-7.703499725461006697e+00
-7.703156787157059426e+00
-7.702949297428131281e+00
-7.703430840373038713e+00
-7.700969302654266713e+00
-7.699063223600387751e+00
-7.700587409734725775e+00
-7.695292532444000244e+00
-7.704343608021736678e+00
-7.702783912420272827e+00
-7.705824121832847595e+00
-7.706419557332991666e+00
-7.700720071792602539e+00
-7.704454147815702925e+00
-7.706273511052131653e+00
-7.698821723461151123e+00
-7.705404585599898937e+00
-7.702239105105400441e+00
-7.701949688792228521e+00
-7.690283894538879395e+00
-7.702901676297187805e+00
-7.706184998154641086e+00
-7.692525789141654080e+00
-7.495437702536581703e+00
-7.699734562635421220e+00
-7.703587290644645869e+00
-7.705387261509895502e+00
-7.697264114022255299e+00
-7.706410396099091287e+00
-7.704904597997665583e+00
-7.706280133128166732e+00
-7.659291803836821622e+00
-7.703568673133849742e+00
-7.706988641619683555e+00
-7.704172793030738653e+00
-7.702951782941818593e+00
-7.706725546717644981e+00
-7.706521943211555481e+00
-7.696950814127921703e+00
-7.705172121524811679e+00
-7.706652143597603200e+00
-7.704874512553215204e+00
-7.706468015909195834e+00
-7.703434351086616338e+00
-7.702366620302200317e+00
-7.707133013010023070e+00
-7.704205986857413535e+00
-7.705813139677046841e+00
-7.668191409111022594e+00
-7.700578975677491833e+00
-7.692848220467567444e+00
-7.704981124401091286e+00
-7.700830236077307767e+00
-7.674505075812340316e+00
-7.706758153438568293e+00
-7.691336488723754528e+00
-7.703494888544081931e+00
-7.685955974459647067e+00
-7.705029347538947526e+00
-7.703701978921890792e+00
-7.699911481142043712e+00
-7.705940717458725331e+00
-7.702480700612069242e+00
-7.703289923071861445e+00
-7.705979779362677640e+00
-7.705160632729530334e+00
-7.705661365389823381e+00
-7.705372798442841287e+00
-7.698863965272903620e+00
-7.694192489981652727e+00
-7.703894948959352007e+00
-7.703803414106368486e+00
-7.706238976120949324e+00
-7.700540485978125460e+00
-7.706903958320618919e+00
-7.680814799666404902e+00
-7.690792459249496282e+00
-7.702032867074011691e+00
-7.706870320439338506e+00
-7.704271030426025568e+00
-7.705713549256324235e+00
-7.706620967388153609e+00
-7.705787137150764465e+00
-7.695658436417580184e+00
-7.705864217877388178e+00
-7.706785047054291127e+00
-7.705261746048927662e+00
-7.699856546521187006e+00
-7.695195096731184847e+00
-7.707071995735168102e+00
-7.705507111549376731e+00
-7.678061091899871293e+00
-7.659335884451865972e+00
-7.698025241494178772e+00
-7.705942392349243164e+00
-7.706320855021475680e+00
-7.686040061712264837e+00
-7.706243652105330355e+00
-7.685388377308846053e+00
-7.705866068601610053e+00
-7.701224181056023355e+00
-7.701790571212769443e+00
-7.706326723098754883e+00
-7.685049569606780651e+00
-7.705248349905014393e+00
-7.704680588841437583e+00
-7.706016895174979453e+00
-7.705164486169813642e+00
-7.670236200094223911e+00
-7.701404792070388083e+00
-7.664044576883315862e+00
-7.706725937128067194e+00
-7.700888684391975936e+00
-7.687247350811958313e+00
-7.706014466285705744e+00
-7.703246307373046164e+00
-7.700240191817282920e+00
-7.706298372149467113e+00
-7.687002298235893427e+00
-7.699544435739516857e+00
-7.705891323089599787e+00
-7.707067444920539856e+00
-7.703332814574242349e+00
-7.705731976032256902e+00
-7.703824326395989353e+00
-7.696786609292030512e+00
-7.659506419301033375e+00
-7.706758886575697964e+00
-7.679624980688093849e+00
-7.705533498525618086e+00
-7.702228498458861594e+00
-7.706175425648688737e+00
-7.697608891129494424e+00
-7.703174361586570207e+00
-7.702414926886560487e+00
-7.687330117821693065e+00
-7.706535696983338291e+00
-7.706546103954314830e+00
-7.695272281765938693e+00
-7.693228524923323874e+00
-7.706363400816917064e+00
-7.706312251091002707e+00
-7.705292084813117448e+00
-7.686297369003295188e+00
-7.701419681310653687e+00
-7.705567303299903692e+00
-7.705803239345550892e+00
-7.705590772628783114e+00
-7.706504914164542974e+00
-7.705684158205986733e+00
-7.706672915816306535e+00
-7.692874479293822176e+00
-7.706563481688499806e+00
-7.705635553598404464e+00
-7.696461936831474837e+00
-7.703302136063576278e+00
-7.703196018934249878e+00
-7.703486993908882141e+00
-7.583335649967192893e+00
-7.705712074041366932e+00
-7.706642448902130127e+00
-7.694207426905632197e+00
-7.706496569514274420e+00
-7.706421712040903316e+00
-7.699695512652397156e+00
-7.706147882342339273e+00
-7.706240910291671575e+00
-7.693418696522713596e+00
-7.706677904725075301e+00
-7.691417148709296825e+00
-7.703176647424698764e+00
-7.706114786863326849e+00
-7.707041028141975225e+00
-7.703963202238083063e+00
-7.704532489180563992e+00
-7.698370128870011264e+00
-7.699416968226432623e+00
-7.704076489806174877e+00
-7.706709858775139921e+00
-7.691315469145775019e+00
-7.705307233333589245e+00
-7.703146615624427263e+00
-7.703649103641510898e+00
-7.677463775873184737e+00
-7.706091955304144925e+00
-7.705551224946976419e+00
-7.596256518363952992e+00
-7.706571841239929554e+00
-7.705576914548874612e+00
-7.702132305502892073e+00
-7.654214450716972706e+00
-7.706233108043671010e+00
-7.706655943393708519e+00
-7.703802958130836487e+00
-7.702944794297219566e+00
-7.700842186808586121e+00
-7.704005008935927101e+00
-7.701240032911299771e+00
-7.705033990740774996e+00
-7.705965366959572016e+00
-7.705353677272797519e+00
-7.705669096112250926e+00
-7.705355939269065146e+00
-7.704504060745239080e+00
-7.692806699872016374e+00
-7.702472198009491677e+00
-7.706383931636810125e+00
-7.706705734133721286e+00
-7.706677904725075301e+00
-7.704212421178817216e+00
-7.705634886026381913e+00
-7.704061540961264498e+00
-7.705482485890388311e+00
-7.705133697390555980e+00
-7.706734582781791687e+00
-7.705105003714563416e+00
-7.688826599717140553e+00
-7.705217891931533281e+00
-7.695411726832389832e+00
-7.705656862258910778e+00
-7.704386359453201827e+00
-7.706202843785285417e+00
-7.705156832933426791e+00
-7.696331033110618058e+00
-7.706689620018004838e+00
-7.698274844884873680e+00
-7.706312298774719238e+00
-7.706452956795691200e+00
-7.706735005974769237e+00
-7.706676632165909702e+00
-7.700110635161399486e+00
-7.704127708077431080e+00
-7.705435159802437539e+00
-7.706953316926957953e+00
-7.694230011105537059e+00
-7.682332107424734602e+00
-7.705730149149895070e+00
-7.702491781115531566e+00
-7.685309067368508273e+00
-7.705743417143820828e+00
-7.706512385606766102e+00
-7.706266286969183810e+00
-7.700956895947456360e+00
-7.706259813904762446e+00
-7.674574908614158808e+00
-7.706585279107092568e+00
-7.703630986809729464e+00
-7.704252684116362992e+00
-7.699956992268562672e+00
-7.706163430213927690e+00
-7.706164610385894953e+00
-7.703338450193405684e+00
-7.705428892374039052e+00
-7.706350678205491356e+00
-7.705935645103453524e+00
-7.707145956158638178e+00
-7.707069599628449730e+00
-7.704637238383293507e+00
-7.706632220745086137e+00
-7.704871779680251720e+00
-7.703184768557548523e+00
-7.704943090677260464e+00
-7.703137764334678117e+00
-7.705489245057106196e+00
-7.705871960520744857e+00
-7.692706406116485596e+00
-7.705360120534898272e+00
-7.705160483717917508e+00
-7.684151491522789534e+00
-7.705209094285964788e+00
-7.694824287295341847e+00
-7.701951223611832376e+00
-7.705998632311821694e+00
-7.702684429287910639e+00
-7.706197738647460938e+00
-7.704660031199454195e+00
-7.704764857888222629e+00
-7.702317586541174599e+00
-7.698752176761627375e+00
-7.695925745368003668e+00
-7.704512870311737593e+00
-7.703078910708426541e+00
-7.694623079895973383e+00
-7.703367006778715442e+00
-7.705143246054649175e+00
-7.702215102314948325e+00
-7.706326088309287670e+00
-7.706626173853874384e+00
-7.670560848712920432e+00
-7.699066546559333979e+00
-7.702189680933952509e+00
-7.694564372301101685e+00
-7.703512427210807978e+00
-7.706743764877319158e+00
-7.706666758656502303e+00
-7.701253259181976674e+00
-7.705686664581297585e+00
-7.703739067912102279e+00
-7.696957081556320190e+00
-7.706482365727425510e+00
-7.687751275300979792e+00
-7.705484867095947266e+00
-7.703685018420219244e+00
-7.705539983510970359e+00
-7.702019545435905279e+00
-7.704315194487572072e+00
-7.705291247367858531e+00
-7.706800165772439648e+00
-7.705452644824981157e+00
-7.704607787728309454e+00
-7.705045399069787138e+00
-7.706455808877945124e+00
-7.704316595196724293e+00
-7.706709936261177063e+00
-7.705293014645576477e+00
-7.692345795035362421e+00
-7.706063768267631175e+00
-7.706800004839895912e+00
-7.705194792151449867e+00
-7.704934838414192910e+00
-7.705923810601234436e+00
-7.706134343147278187e+00
-7.706095576286315030e+00
-7.704246130585670649e+00
-7.704915764927864785e+00
-7.706316551566124495e+00
-7.701267609000205461e+00
-7.706667688488961332e+00
-7.705695968866348444e+00
-7.701614928245544611e+00
-7.703854334354400812e+00
-7.706297659873961869e+00
-7.705372965335845592e+00
-7.698602837324141746e+00
-7.705095461010932567e+00
-7.705713605880737838e+00
-7.706117695569991710e+00
-7.704175043106079812e+00
-7.698952537775039850e+00
-7.704469335079193293e+00
-7.700872206687927601e+00
-7.704848039150237859e+00
-7.707204771041870295e+00
-7.698599258065223161e+00
-7.705738556385040461e+00
-7.706855407357214638e+00
-7.694415280222893117e+00
-7.702326926589011968e+00
-7.703504902124405085e+00
-7.705767858028410799e+00
-7.704899436235428389e+00
-7.706489700078964944e+00
-7.706853896379469937e+00
-7.693690839409828897e+00
-7.702997165918350042e+00
-7.705032512545586521e+00
-7.702540081739425837e+00
-7.695694804191591132e+00
-7.704060074687002491e+00
-7.706598132848740512e+00
-7.703098157048224870e+00
-7.706562930345534745e+00
-7.704545551538466874e+00
-7.683733701705932617e+00
-7.698511409759521307e+00
-7.705076017975807545e+00
-7.705512940883636475e+00
-7.707036522030831449e+00
-7.706102415919304782e+00
-7.698139348626136247e+00
-7.699638307094573086e+00
-7.705865624547003634e+00
-7.706815463304520719e+00
-7.705764180421829757e+00
-7.705067077279090348e+00
-7.706255793571472168e+00
-7.706437462568282548e+00
-7.706049510836600724e+00
-7.697272780537605996e+00
-7.703100594878196539e+00
-7.706118753552436473e+00
-7.706895864009857711e+00
-7.696917587518691484e+00
-7.704554343223571244e+00
-7.706768867373465781e+00
-7.702294847369193675e+00
-7.705210041999817072e+00
-7.706144052743910677e+00
-7.704155379533766279e+00
-7.705918848514556885e+00
-7.705655148625374373e+00
-7.697007802128790210e+00
-7.706951954960822526e+00
-7.706548967957496998e+00
-7.693071991205216342e+00
-7.705752462148666382e+00
-7.706534096598624650e+00
-7.700754317641257174e+00
-7.705118390917777838e+00
-7.706340068578720448e+00
-7.704724517464636158e+00
-7.706392344832420527e+00
-7.706221622228621726e+00
-7.691421675682067693e+00
-7.706595242023468018e+00
-7.700078216195107572e+00
-7.702718019485473633e+00
-7.692142820358277788e+00
-7.703074097633361816e+00
-7.706335487961768926e+00
-7.700704896450043080e+00
-7.704209548234937976e+00
-7.702431190013885320e+00
-7.704741871356963756e+00
-7.705700102448463262e+00
