4.735654289398780747e+00 4.714779304068056121e+00
4.745051175657662768e+00 4.715682966560865275e+00
6.250329664283515996e+00 4.709130744372314936e+00
3.106567944176870544e+00 -4.010443904170032936e-03
3.102906078671888501e+00 1.566930994618405126e+00
4.748177869477796520e+00 3.562762214299086856e-03
3.132280001106342748e+00 4.711317203248700736e+00
4.669647067209145241e+00 6.279432785984444543e+00
4.746817530959796194e+00 4.715627193234772641e+00
6.218828286255057236e+00 4.705596375109618812e+00
1.530780645564081555e+00 1.566383356748709987e+00
6.244012987495938027e+00 4.708714616146849608e+00
6.241015390340638902e+00 4.707701121079122863e+00
1.619536914424274832e+00 4.717904098573590943e+00
3.188515029235034159e+00 3.145852228642669335e+00
3.106953051640334085e+00 3.137987493974412345e+00
4.668741627037982234e+00 -4.470647677524894163e-03
6.237981322672558449e+00 1.565624882432614218e+00
1.534982532101701214e+00 3.137684662875215746e+00
1.537103580091592869e+00 3.138404328707106838e+00
3.744166176601970014e-02 1.573693152239491910e+00
1.608242813800769166e+00 6.287252538682277070e+00
1.532490680782302439e+00 1.566981554248644493e+00
3.107271432811565592e+00 -3.836504183121122128e-03
1.536754453990619051e+00 6.280030783589466203e+00
3.565856032468051051e-02 4.715741030081114005e+00
4.679889538346647448e+00 3.138248041981725134e+00
1.530872198635205184e+00 -4.177412700456232218e-03
1.601894734029230216e+00 3.070831583195196123e-03
3.101495467247608495e+00 1.566762567446623233e+00
6.238537154591978329e+00 3.137101512455308772e+00
3.104441759181996829e+00 3.138175328220028426e+00
3.182263598373497260e+00 3.145228392396361095e+00
6.248060223957846659e+00 4.708663286014767912e+00
1.599551592252006715e+00 4.715866945048357017e+00
6.245301280519073295e+00 1.566576226963227514e+00
6.314192048371253030e+00 4.715921980683268622e+00
3.176987170589174792e+00 6.286695617682913628e+00
3.150518019363881539e+00 1.571647777590254869e+00
1.531236242969375105e+00 1.567034113741122558e+00
3.868198684600106241e-02 1.574560917197254550e+00
1.527220249855552270e+00 4.708534809449191449e+00
3.952980503267088108e-02 1.574929918872137513e+00
1.611911166378939608e+00 4.716362747951040824e+00
1.612608618600026800e+00 4.716524397632694487e+00
4.750363911945297168e+00 3.145371580506641340e+00
3.559493054543436119e-02 4.715475881089971288e+00
3.154840882082541320e+00 4.713859013674886356e+00
3.180650839778523142e+00 4.715708428155598320e+00
1.601279606156234658e+00 4.715737608235683886e+00
6.262721675074741867e+00 3.140007846455133311e+00
3.172837822533171259e+00 4.715821078934864019e+00
3.182612724443713681e+00 3.145782491324316421e+00
6.310699231014156751e+00 3.143989830598397095e+00
1.529588095253886504e+00 6.278811372960658943e+00
7.854336904643341999e-01 7.854294178659080305e-01
4.748000327491107342e+00 4.716025807061093644e+00
6.282969572198934927e+00 6.283317944498478802e+00
6.246099091844761197e+00 6.279427525456457104e+00
4.758985371643932538e+00 4.545791370085204217e-03
1.612055568101805614e+00 3.145938740758763341e+00
4.761262351658736236e+00 1.575294125043258608e+00
1.600210131389909307e+00 1.573794749987102337e+00
1.619829376152748246e+00 1.575651514833657174e+00
1.536252056923582465e+00 6.279747122952161753e+00
3.099295712836850125e+00 1.566211006324919941e+00
3.143670169155454275e+00 -4.311307053097772715e-04
1.607650483711834166e+00 6.286742371670265506e+00
3.182876485149041201e+00 1.575081984993567552e+00
6.251657856875846520e+00 1.567653716377433115e+00
4.744517681982514112e+00 3.422486214301049320e-03
1.541471671523362730e+00 4.709509507811540985e+00
6.294506613293624930e+00 5.181151254519253055e-04
1.532602677474801167e+00 6.279259396200855825e+00
4.748270931171288289e+00 6.287258754294895446e+00
6.259126429073281983e+00 1.567971990456760834e+00
1.601843390390685906e+00 6.286307927319242594e+00
1.539678237341271849e+00 -2.631499564191777316e-03
3.100564612925547969e+00 3.137277539355226352e+00
4.676151041479739590e+00 4.709135051444665265e+00
3.181153994755927528e+00 3.741902215257020183e-03
3.681588403158449901e-02 4.716263732354569527e+00
6.247071284202347030e+00 3.137562837998656207e+00
4.680886166900756429e+00 4.709279986962381592e+00
6.269757223543712676e+00 1.569250247060088199e+00
3.100010547637572333e+00 6.279108094163444953e+00
1.601867896959045634e+00 3.145054853703538100e+00
1.527944482780630109e+00 4.707027484075583246e+00
6.238143714872744994e+00 6.278332824747641538e+00
1.534252211758967199e+00 1.567783137523649728e+00
3.787962503296821853e-02 3.145334786906005320e+00
4.683921532966717649e+00 4.709341239706938076e+00
6.301070062630786062e+00 3.142978000129298177e+00
4.748189324870168093e+00 1.574346386204600545e+00
1.536409865770174799e+00 1.567444831567080588e+00
3.648831580673455449e-02 4.715929144213973245e+00
3.109803477958000162e+00 6.280149334684367091e+00
1.532231425200104580e+00 3.137686719886240372e+00
6.253923206304942362e+00 1.568274587473537540e+00
3.113369611197083664e+00 3.138740567398048853e+00
4.752960620055687535e+00 3.145471398871132251e+00
1.527939224291027465e+00 3.137712821685167519e+00
3.161450842595360466e+00 1.787196622760817317e-03
3.878078293783915331e-02 4.716985108124817749e+00
3.105655539070071303e+00 1.567574927022586051e+00
1.607043660988722422e+00 3.635878744729543598e-03
3.186357861187417928e+00 1.575343937091099100e+00
3.144276153023247034e+00 -3.894461735160777518e-04
1.621830435456693031e+00 4.719164981559162975e+00
6.316187016102226437e+00 4.715826877502198755e+00
3.165539001163605981e+00 3.143667008718527889e+00
1.608011986628608669e+00 1.574570171481552983e+00
6.274145275962875523e+00 4.711155248266098994e+00
1.526134941586298144e+00 4.708141109643999123e+00
1.599434528293925739e+00 3.144059355898916941e+00
1.536600355902147719e+00 1.567120512073463701e+00
3.183316216277224608e+00 4.011838324800042974e-03
3.104788374285881059e+00 1.566876254884762787e+00
6.240072792038008131e+00 4.708043440414441783e+00
-4.019973462878976417e-02 4.708477415413947931e+00
1.530697142609401505e-02 1.648663457033738627e-03
1.534353593333119159e+00 6.279498299647464421e+00
4.732469357275436828e+00 1.572842746230453947e+00
4.665927956258311582e+00 3.137090688382955239e+00
-4.406826930713601126e-02 4.707749106415358042e+00
3.179887623170316591e+00 1.574543267284112646e+00
3.148156876184672548e+00 1.571338045948110995e+00
4.668774462630201683e+00 1.566515866049261518e+00
3.178180412500408281e+00 3.145286897322428388e+00
1.615480144488281367e+00 3.145227518381235932e+00
3.099610940879450105e+00 1.565995473563761120e+00
1.531863802624375825e+00 1.567108557388720680e+00
4.747511645844832984e+00 3.803132413573611422e-03
-3.529725875912032018e-02 3.137771108154154387e+00
1.535510812149123883e+00 -3.426591283032360234e-03
3.177167736221993000e+00 4.716379557858779492e+00
3.096158179832077639e+00 1.566043550461813982e+00
4.676838835944654882e+00 4.709224920021595651e+00
4.756179272917130163e+00 1.576048900397592156e+00
1.530562247675908871e+00 4.708265476332509358e+00
4.708843453754387731e+00 3.141688346082024186e+00
3.101514544927564287e+00 1.566899746193085363e+00
1.535587065188374956e+00 1.566749352266583850e+00
4.672880152476340143e+00 4.708241360904393602e+00
1.608328553898852986e+00 4.716295369490791423e+00
6.244901863461191915e+00 1.567070532543822337e+00
3.186252549095047737e+00 3.146355803011291030e+00
3.108204716413245805e+00 1.567497824153406771e+00
1.609303314667412055e+00 3.629255803397522188e-03
3.102356479945856282e+00 -3.945777053667469045e-03
4.748007572918004016e+00 1.574307877865650740e+00
1.628433161575677079e+00 4.716045333645463522e+00
3.088165374472463809e-02 1.574407897282822599e+00
4.747669708425877211e+00 3.145077632547457647e+00
1.606426205992640632e+00 1.574409165434203617e+00
1.530850829031007665e+00 1.567039341143491971e+00
3.176026318536492532e+00 3.144936664540972426e+00
6.249125920119333877e+00 -3.537327303310194935e-03
3.108149892589615604e+00 3.137947628609240258e+00
4.675468082153997784e+00 4.708347019837242797e+00
6.265653335414752334e+00 4.710619360043833304e+00
4.756290079086652689e+00 3.147057978637136877e+00
1.609927478027286973e+00 3.145045794001631201e+00
6.243254860085011515e+00 4.708612415106233406e+00
4.505481904314519864e-02 4.716839619945030648e+00
4.675182770474732408e+00 -3.820053137776521866e-03
3.112624139051159311e+00 3.138205506018581392e+00
3.182679965064243888e+00 4.716387829978185842e+00
6.246060056663051974e+00 6.279475741943660871e+00
1.608039861854097419e+00 3.145321686132399819e+00
1.548946989945307440e+00 -2.261626118079513702e-03
-2.547668301229446056e-02 3.139084788024994133e+00
4.747899895157660310e+00 4.715879275051532815e+00
3.261125455484313596e-02 3.144781763438154520e+00
1.532602813627737870e+00 -3.484809400000840347e-03
4.732323736043464457e+00 6.285255287485845166e+00
6.324300296118243736e+00 4.716508090641576167e+00
3.180942564181731935e+00 4.716204421023957316e+00
1.611513528933999906e+00 4.716347549505915282e+00
-3.611399328793137020e-02 4.708616363844619457e+00
1.534847654458331823e+00 1.567393640891318940e+00
6.244251125005066072e+00 4.708900946987057523e+00
1.615201891206927254e+00 1.574391712430462720e+00
1.534998773295455976e+00 4.709010114145343984e+00
4.678564223062338101e+00 4.709053470183810930e+00
1.538234409506877176e+00 1.567628425993975227e+00
1.605745908861915261e+00 1.574405176153996777e+00
4.362364053188055868e-02 3.146148165303266797e+00
3.111597893046432084e+00 -2.541745482045084607e-03
3.179878204002259512e+00 1.574252664927279222e+00
3.102889462660207265e+00 4.708132154489208965e+00
1.539341338252152136e+00 1.567517616614687581e+00
-4.545641603835789274e-02 4.707963584344765806e+00
4.694643869041263962e+00 4.710315748713916228e+00
3.188481168361528617e+00 4.716633197431661095e+00
4.713908167008291628e+00 3.142068484348217172e+00
3.103269506832012858e+00 3.137613074308978511e+00
4.744869550677631942e+00 1.573925991142312686e+00
1.607755116180663579e+00 4.037872852337425107e-03
4.751583357551164788e+00 1.574549578408688033e+00
1.529536619182394919e+00 4.708740633821639321e+00
3.160375351643782693e+00 4.713971339480959699e+00
3.106009230451165060e+00 3.138327030805582840e+00
3.150260640279669122e+00 4.713425283862884285e+00
3.495466558196224510e-02 3.318138776733128327e-03
4.861118953870609272e-02 4.717265917376217921e+00
6.284002036706000105e+00 1.571014987713336586e+00
6.240903778292246074e+00 1.567029419023036496e+00
6.330276615156773090e+00 4.718151399204096208e+00
4.748519302887870275e+00 3.495508728232037642e-03
1.607914765197340001e+00 6.286536038555889050e+00
3.104954380524764801e+00 3.138102706153563570e+00
3.100775361951734421e+00 3.137664719229815269e+00
1.605595041234213260e+00 4.715539730905559779e+00
6.238511034836016655e+00 3.137181027456565463e+00
3.112093488814847930e+00 6.280598615505991411e+00
4.748680037563022260e+00 1.574332919507593909e+00
3.172007256437490597e+00 3.144654598779357713e+00
3.104988516563917056e+00 6.280155136393601012e+00
3.182549051028360054e+00 1.574552769571927469e+00
6.263524337614088111e+00 4.710391608186467849e+00
3.170279834064718028e+00 2.864960564826304814e-03
1.605663212750474633e+00 3.145017580207721153e+00
-3.695277994718379477e-02 6.279369067557818873e+00
1.539962853334269965e+00 -3.082337461051538625e-03
3.180792033337198177e+00 6.286609608690190143e+00
6.316513419483045233e+00 3.047795784376472038e-03
1.528654729787145561e+00 4.708460446701620228e+00
4.747593293468539422e+00 3.145169079058959927e+00
1.605056756390895067e+00 3.335204063602878639e-03
4.659044666573417537e+00 3.135967235741949022e+00
4.751708441101349933e+00 3.642980647238201058e-03
3.100094245183801611e+00 -4.726246816142473835e-03
4.676162914506899249e+00 -3.271106404649737082e-03
6.248999967465449501e+00 3.138927947506942040e+00
3.106382228072677609e+00 1.566915255238074733e+00
3.095718245413175307e+00 3.137508120430403391e+00
4.749622414039603946e+00 3.145350572043486004e+00
4.746631480569261541e+00 3.387451571857413510e-03
4.747317587525202498e+00 1.574149092849647102e+00
3.009548589672795052e-02 3.144945994589114058e+00
2.522223076207527268e-02 6.285250161474595920e+00
1.601291428044882226e+00 4.715322410850970591e+00
6.239143511720591562e+00 3.137249261350621321e+00
3.106923745247765378e+00 -3.566583300985015029e-03
4.721702016720433909e-02 4.468368197097005723e-03
1.545096358954112681e+00 1.568364813605677810e+00
3.105558152116637327e+00 4.708406048242379960e+00
4.669395244413276913e+00 3.138587285810049199e+00
6.246651344936091199e+00 -4.001434701206390589e-03
1.538833516852289973e+00 -3.281888063941313348e-03
4.747871124270329979e+00 3.424206282983024551e-03
4.678115995254872317e+00 4.708857046332723506e+00
6.320227612126654293e+00 4.715876456325930555e+00
4.747662163934222690e+00 6.287257416362247220e+00
1.608171789125122597e+00 4.716176950550301505e+00
-3.841263295130057515e-02 -4.316457352035102564e-03
3.124628696185541288e-02 2.850818389019186411e-03
3.186198584803048739e+00 4.675635823517220596e-03
3.176535328346803855e+00 4.715070013822839634e+00
4.682134839609754628e+00 3.138696447970690695e+00
4.740956407429756325e+00 4.715072007658232423e+00
6.322818792487633566e+00 3.145597320135814723e+00
6.304431279702679802e+00 3.142966308244852680e+00
4.754171220074891124e+00 4.412430264075085755e-03
6.248333365164389086e+00 1.566576839225105156e+00
4.671511331081299012e+00 3.137319520612280588e+00
3.173102814855205622e+00 3.145557225201749407e+00
4.470137047996067259e-02 4.716737860994659748e+00
3.408787580685974233e-02 4.716563518218610973e+00
1.572196313642491905e+00 -2.013813897103190168e-04
3.176331659110901207e+00 3.145003849266580609e+00
1.604620491370679858e+00 3.144855139304129299e+00
1.530816634691380074e+00 -3.865294053200715122e-03
4.672890892254805806e+00 1.566250736428374202e+00
4.692664838267536886e+00 1.569111884713566551e+00
-4.472933540997856006e-02 3.138154787606883822e+00
1.530200112273397917e+00 4.708404816701059481e+00
1.606839703990155854e+00 3.145349846921336567e+00
1.530842371650832590e+00 4.708256764626826296e+00
6.321697321089603250e+00 3.145490402001051233e+00
4.689151795039058435e+00 1.568397952390126804e+00
6.239594770902010978e+00 3.137760465628873341e+00
1.609799397920157915e+00 3.145445444096589771e+00
-3.588550493403584035e-02 1.567251165815813696e+00
4.718657459224594675e+00 3.142136743754862405e+00
4.671080061082881763e+00 1.566554953487415247e+00
3.107683759145626112e+00 3.138537705710044090e+00
1.534278633352945675e+00 6.279543027250450216e+00
6.224054292286957946e+00 4.706239897249962389e+00
1.546586508903634583e+00 1.568132300618693797e+00
3.115174239506235843e+00 4.709595174544500829e+00
1.539456437710658987e+00 3.139320826449602198e+00
1.607291141557008585e+00 3.393064902541224805e-03
3.111984564694957989e+00 6.280303649497109397e+00
1.610701428200425500e+00 4.716357608284601710e+00
4.675750700800664461e+00 4.708664164836356747e+00
4.756564099488119979e+00 1.575646653203821801e+00
6.231382192578681867e+00 1.565174814164868033e+00
4.748201124046049770e+00 4.716301705827621760e+00
1.606545049052042540e+00 3.622928803555701665e-03
4.735475817176518554e+00 3.143780372083094132e+00
1.528432829022345008e+00 -4.675403652741972303e-03
4.673702758572872540e+00 -3.708457132453536927e-03
3.113530780807603371e+00 3.138916344594580909e+00
3.173099110474822737e+00 4.715684130608519986e+00
1.608787837103083040e+00 4.716138409857112634e+00
1.555645862221442854e+00 1.569601343340878641e+00
3.099855896431347180e+00 3.137419777040499458e+00
1.612966292258525058e+00 1.575111272726688716e+00
6.247356387627037932e+00 3.138100983588668402e+00
3.099902978497643069e+00 -3.864921598804464675e-03
1.600868253025333754e+00 4.715366083619008997e+00
4.752394261839950396e+00 3.145946670379104582e+00
3.197914675705099352e+00 3.147467582419512855e+00
4.742058932190606590e+00 3.150193389077687086e-03
6.287950117707449493e+00 4.713178907252977723e+00
6.314987618239083389e+00 -3.138885767708852192e+00
3.137947101326686639e+00 6.282176714843121346e+00
6.235881035532517380e+00 6.279017579237488711e+00
4.143139777408516577e-02 4.716658854299216941e+00
4.746933543776227005e+00 1.574928819967210680e+00
3.208929990095754636e-02 1.573619722910929442e+00
4.673402914248734774e+00 4.708288955315341084e+00
3.179993110293282133e+00 1.574652376689236633e+00
4.754594430184489795e+00 1.575068402578695403e+00
3.106233781788218185e+00 -4.037356572534848281e-03
1.536151573637077661e+00 1.567630521708213598e+00
6.248065451952652616e+00 4.709023572282589498e+00
3.101221048415059300e+00 3.138532435803015552e+00
1.605105023108537088e+00 3.144687838972155536e+00
6.244968494574374418e+00 -4.072432720977629123e-03
1.529247343832443429e+00 4.708657746837263680e+00
4.707103710242594552e+00 3.141309778270777286e+00
4.750294136953919555e+00 3.145611045935326366e+00
-2.511514912740471853e-02 1.568195820578524691e+00
4.669619441961846640e+00 6.279690775709597439e+00
3.093698720614901809e+00 6.278977778625822737e+00
1.537365456896613969e+00 6.279377490378728055e+00
3.178370891932949527e-02 3.025367773680261510e-03
3.771285388804911098e-02 1.574500259516838918e+00
4.637455432276740841e-02 4.717195915041703991e+00
1.533848198626055259e+00 3.138058638957748059e+00
4.752317694183861185e+00 1.574437074731918296e+00
4.757294590884129093e+00 3.147291706210630036e+00
4.682336754064640338e+00 3.138719902830001907e+00
6.236630800214604697e+00 3.137039023638227953e+00
6.243270543548253393e+00 4.707926909012124739e+00
1.598056422983257896e+00 3.054601621240950280e-03
-4.194462527994398393e-02 4.708569831694495278e+00
3.102037291905420435e+00 4.708491808646493304e+00
3.112060649982146376e+00 3.138910208041066241e+00
-3.762523713438140766e-02 1.566961023503376849e+00
1.530994250895465258e+00 4.709197365317186801e+00
-4.896104290727373159e-02 4.707244436181811764e+00
1.535343910528631284e+00 1.567278945389294131e+00
1.156662449789169073e-02 8.706697942057046958e-04
1.562860868173161721e+00 4.712149863222535373e+00
3.118680594507048820e+00 1.568250503628396908e+00
3.102290086462421215e+00 4.709104130798692722e+00
1.607010046568298378e+00 4.716021290149932099e+00
1.589784629995071086e+00 3.143360193055237506e+00
6.237063107189984024e+00 -4.725753079093490509e-03
4.749116436999765156e+00 3.708730996136404626e-03
3.108021037047647983e+00 3.138588197843012573e+00
1.606005943229570354e+00 4.716376815389229371e+00
3.407688825059761173e-02 4.715804624583645577e+00
3.162312991203971357e+00 1.895703301740529149e-03
1.607541953032176174e+00 3.754906035519416097e-03
3.174296108699491192e+00 3.144882507257271254e+00
6.327859586249059198e+00 1.574762302662368718e+00
4.022942415539354499e-02 4.716570416514413999e+00
6.248062003242353057e+00 -3.890859666658182201e-03
1.602923071618352457e+00 6.285873502507735466e+00
1.530244254426074590e+00 4.708450050074405091e+00
3.120513221727266640e+00 -1.658437460776339845e-03
6.243579083167413835e+00 4.708373578468887821e+00
1.527374584613157449e+00 -4.310855778547053804e-03
6.321902492891138259e+00 3.144650215421494810e+00
3.104349075072597497e+00 4.709101119015688397e+00
3.106762599438682049e+00 3.138348372871689218e+00
4.730407602200703110e+00 4.714067621675812170e+00
4.673346612079553708e+00 4.708297830994747635e+00
4.682732319912159547e+00 1.567798403929287598e+00
6.243006998795102014e+00 6.279073761944011345e+00
3.153502010155953550e-02 3.144760056567619255e+00
3.105005500145259667e+00 1.566764893091739497e+00
6.316907083664183631e+00 4.715696382168211187e+00
4.670469628514185345e+00 4.708033221212858166e+00
4.747251630465449956e+00 3.144446979492986127e+00
6.304234508481572519e+00 4.714697453289581119e+00
3.533752389018276346e-02 4.716405674174733775e+00
4.741006350594553886e+00 3.144228693346819536e+00
4.670913113199765654e+00 1.566539016521165006e+00
3.177234689271227097e+00 4.716062573408525971e+00
3.155260602445818741e+00 4.714142826761270832e+00
3.134761069129586186e+00 4.711563005752751110e+00
4.684895112914889026e+00 1.568339856974059421e+00
3.158530070238770637e+00 1.736607052242395777e-03
4.676736793924214375e+00 1.566962610001726874e+00
1.615928831504960028e+00 3.146577451286991955e+00
2.858750156981302443e-02 1.573338908911410483e+00
5.742126840991768760e-02 1.573801759467624573e+00
4.745062164512438230e+00 3.299042193067815067e-03
4.749878101929930985e+00 1.574379218811344350e+00
3.159501077503085842e+00 4.713608097044003742e+00
6.268264392446361910e+00 6.281880276933597962e+00
3.178892009568796695e+00 3.145469767978443798e+00
4.749835722300458585e+00 1.574098060742700200e+00
6.254718441527923112e+00 1.567817791886724654e+00
4.665740570502689977e+00 3.135897474326974077e+00
6.259248771476035422e+00 3.139091548719932234e+00
3.097643545282545041e+00 6.278638008894453115e+00
6.238206377388767265e+00 1.566361136159005518e+00
6.237626710043812750e+00 3.137085479969562662e+00
3.098518871503570971e+00 6.278556158382149199e+00
4.672386854341934459e+00 6.279307134645032207e+00
4.672688907591403762e+00 1.566592000933107354e+00
4.727324949608621374e+00 3.143116696144812039e+00
1.531348789847735148e+00 1.566945735797950823e+00
6.253655249095332103e+00 1.567450092212897550e+00
4.752991211810594585e+00 1.574812440735991803e+00
3.102094545645568857e+00 3.138049022622087847e+00
3.176248989752303853e+00 1.574114619622553946e+00
6.272592206282846305e+00 6.281934086210381629e+00
6.243846425715288362e+00 3.137885539292474046e+00
4.682758464473242732e+00 3.139085619355323598e+00
1.531830105669107489e+00 -3.478426996731012570e-03
-1.584206235399571172e+00 9.424080689262146038e+00
4.749566884862896465e+00 3.846960119236361199e-03
3.173642985952546347e+00 1.573986819653440561e+00
1.530370268409396273e+00 3.137475866107804379e+00
1.529507615544541732e+00 1.566618717906143710e+00
-1.055964073933805987e-02 3.140666669117714971e+00
4.752683763304793807e+00 1.575069317315213269e+00
4.733921196145547405e+00 1.572731020134298330e+00
3.118573149000228195e+00 1.568660025514425405e+00
1.609797696668765710e+00 4.076719084871741061e-03
3.105272920067201792e+00 3.137958994653141431e+00
4.756867029600150509e+00 3.146242747199801126e+00
3.155305665183665287e+00 6.284493056451489146e+00
6.316133037472758893e+00 3.144759074696913626e+00
4.679808963848031134e+00 3.138479422941427455e+00
4.703462030560080720e+00 -1.442840494296172490e-03
4.746613730107447360e+00 3.144894482132525315e+00
1.610832414552404224e+00 4.716202293104078791e+00
4.339315095196307620e-02 4.608372581148711955e-03
1.605181896821247456e+00 3.640954793492782830e-03
-1.535678028184845889e+00 7.857543208467035356e+00
4.750160146015888429e+00 1.574165296922396040e+00
-2.516468587350181516e-02 3.138888284293415598e+00
3.151156462831777638e+00 3.142185748501389320e+00
1.614036008630412189e+00 4.364404611252986274e-03
-4.044096064939439045e-02 4.707734350022592551e+00
6.242850675139488104e+00 3.137631097894255205e+00
1.609330315579443615e+00 1.574357862073006098e+00
6.322080624853809283e+00 3.146039487015503067e+00
4.665422194958560809e+00 3.137284594726274634e+00
4.754847699288228924e+00 1.574759163880633084e+00
4.681718347778603295e+00 4.709498330382589693e+00
3.099692498692593112e+00 -4.806940355512259386e-03
3.102969395831527422e+00 1.566578718765343492e+00
3.509557378446651055e-02 3.145179425266921402e+00
-3.689784616633273728e-02 4.708666465849460359e+00
4.751971767660688073e+00 3.145697200428199114e+00
3.110422686782564838e+00 4.709866263715404067e+00
6.317392417451270781e+00 4.715683073171573092e+00
3.494966857104746943e-02 3.145377646264230442e+00
3.183037996477446896e+00 3.924326091909379095e-03
6.316083625680102287e+00 4.715829261867740207e+00
4.746430207420106129e+00 4.715865349163036235e+00
3.172918366749352792e+00 6.286620053767480343e+00
4.673304538952584686e+00 4.708915602548740864e+00
3.109288126318994205e+00 3.138539063220220804e+00
1.533242160448512026e+00 1.566965310776654130e+00
6.242234549991603210e+00 3.136656460232515986e+00
3.653252544635409577e-02 3.635658722223170103e-03
4.750289423129361310e+00 4.030904758498423009e-03
3.107271187634474074e+00 3.137974603942515817e+00
1.610726418891651246e+00 3.145570535530363365e+00
-2.626478751021741817e-02 6.280305394379136708e+00
1.521136936094259262e+00 -4.676531968670150433e-03
1.616452973072759480e+00 4.716664956053365110e+00
1.563844522344765453e+00 3.140680161709970886e+00
1.606087075394914576e+00 3.144948727220079565e+00
1.602321923689484118e+00 3.477787397485204018e-03
4.671817644483137855e+00 6.279066771993137230e+00
6.233424025470712060e+00 3.136537620969842344e+00
4.743150719411566740e+00 4.715418164992876804e+00
1.604324950478132283e+00 2.705235070565284363e-03
3.175259759170923068e+00 1.573710737624526734e+00
6.242980723830881651e+00 3.138290542894484503e+00
1.607032021436396230e+00 1.574059739101035138e+00
6.245684635099629567e+00 3.138005180771648917e+00
4.677200054748744229e+00 6.279577885912084767e+00
1.618918753527714305e+00 4.717237182158206643e+00
4.692625393915178300e+00 6.281408281426553941e+00
4.669560610800991718e+00 1.566681713483204508e+00
1.845228770082377179e-02 3.143431853770906503e+00
1.613298702685245667e+00 4.716840132375978989e+00
6.249808488869607714e+00 6.280094172877353387e+00
3.185897348155805719e+00 4.716828365876379436e+00
3.176050835348121826e+00 1.574218456223350548e+00
4.751728061920378998e+00 4.716246918935146581e+00
1.607290637935465005e+00 4.715355638404842509e+00
4.747973205366611715e+00 1.573954308578300987e+00
3.176038453288207997e+00 3.145192757304393183e+00
3.106457487045716448e+00 1.567743144124642107e+00
4.690933988795464415e+00 4.709703711057350972e+00
1.533937100447298363e+00 6.279430050358245197e+00
4.697404900695017815e+00 3.140399879210663325e+00
3.184156789721097169e+00 4.716792254785643124e+00
3.117617615659880936e+00 1.568717960168060310e+00
4.720481910336279618e+00 4.713398882120678479e+00
4.685787709197521522e+00 6.280211451308927550e+00
1.598161535478217266e+00 4.715113553113830847e+00
3.153504702886915645e+00 3.142599388131765092e+00
6.273517180903247059e+00 4.711896015332408538e+00
1.533963337468400301e+00 6.279550266148079096e+00
4.754506536620795032e+00 3.145562968783713664e+00
3.176717300222271056e+00 4.716390496459935022e+00
4.705980607332836740e+00 -1.401636491005248011e-04
4.023305972776042988e-02 6.286894128213197597e+00
4.737292531872889789e+00 2.957857672840303806e-03
3.182143749880598893e+00 1.574877059030516779e+00
3.177844528079842856e+00 4.716204717039942373e+00
6.241732501032345226e+00 3.137009886136396641e+00
3.105192407969895818e+00 3.138149104677370627e+00
4.743090183473354315e+00 4.715465962159490765e+00
1.531348739226276123e+00 3.138063614246158650e+00
1.612652261637829376e+00 3.145187480001259139e+00
6.323146339381289671e+00 1.574706148071304046e+00
6.243726994361300520e+00 1.566922633226554451e+00
4.701584039449385521e+00 3.140249426939349053e+00
3.152983345984553765e+00 1.571586300438901018e+00
1.550937321476353103e+00 6.282005548788659688e+00
3.013939939041055532e-02 2.831825100687206890e-03
3.177750194502655390e+00 3.609844826197317232e-03
3.146046248731641626e+00 6.138431673805782402e-04
4.739543877153547413e+00 4.715628389120277042e+00
4.669075175223038165e+00 1.566369506516815058e+00
1.610862178440406023e+00 4.716185042930135296e+00
1.538092631841716962e+00 3.138273123832104439e+00
3.173752492852269569e+00 6.286401515956727692e+00
3.865422389679507020e-02 3.145587703215308117e+00
1.609042942317241653e+00 3.145558645715980095e+00
1.604001481383964256e+00 3.144899894968027798e+00
6.247766408848803188e+00 -3.644493113877737053e-03
6.279882518848884487e+00 6.283351121897966074e+00
3.843365284006455135e-02 1.574158130619181195e+00
4.746933475547403525e+00 3.692673270641926020e-03
3.106330565591806092e+00 1.567200615575446321e+00
1.611866196861040601e+00 1.574654752894688592e+00
3.158505222221982933e+00 3.143310019312194559e+00
4.681819681719880499e+00 1.567962047451820773e+00
-3.315700625723200234e-02 6.279663081576605244e+00
3.653754045974622056e-02 1.574799755065738216e+00
4.679812296288052842e+00 3.137988507757725198e+00
4.750193460807264678e+00 4.715925150976146618e+00
4.675177477081855493e+00 4.708924169449817398e+00
1.624928919433828556e+00 3.145150063223806303e+00
1.532784222272342234e+00 4.708644198577084161e+00
3.144277940104669433e+00 4.712526414795823904e+00
3.180078599456559463e+00 1.575143457936870162e+00
1.611851814229950941e+00 6.286939558959558916e+00
3.747784316794860321e-02 4.716376880041897479e+00
1.533170261795989475e+00 4.708406301969399799e+00
1.529709108625789238e+00 4.708132134838713512e+00
3.125697010561235611e+00 6.281555452668563078e+00
1.559975955026049466e+00 6.282168667888956115e+00
1.615538915554709076e+00 4.519411752056568150e-03
3.677780428074717278e-02 3.145080254708350953e+00
1.608190159154429866e+00 1.574485106484753150e+00
3.100069163435629438e+00 9.420520066580362339e+00
4.753230879720612201e+00 6.286676973373588773e+00
1.602848102717951750e+00 3.144812115038193134e+00
1.613679971473165109e+00 4.173353814986509140e-03
1.535144869390379974e+00 3.137915002250311503e+00
3.371680719773293561e-02 3.144906626105019143e+00
3.184949450571810559e+00 3.144803515258974613e+00
4.744956050713315499e+00 1.574433323320656886e+00
4.752144159319756866e+00 4.275405535467006156e-03
3.108265328322941556e+00 1.567441273952768555e+00
3.176008940562958571e+00 1.574388228208430274e+00
6.248004026212605311e+00 3.138478486917948729e+00
4.748309158352242321e+00 3.511972397531632536e-03
3.194794993600778898e+00 4.716894948611591865e+00
6.251620733063271373e+00 3.138436444422495253e+00
4.751179988677420418e+00 4.716032934130256926e+00
4.678262796655851652e+00 1.567325430396518726e+00
3.107372232676636425e+00 -3.657689275908516512e-03
6.259002538502861590e+00 3.139869019748919410e+00
4.669126805876306463e+00 3.136183527968147811e+00
3.176565912939413927e+00 1.574275118875686941e+00
3.176123308771871656e+00 3.425503704123715812e-03
4.681701277255013949e+00 -2.071064584406387930e-03
6.317518635103244407e+00 3.144763221268905173e+00
1.554297222648863830e+00 6.281631605137630636e+00
1.536040010313247439e+00 1.567053259219064021e+00
1.539472424386189031e+00 1.568003389686497107e+00
3.110097367434697890e+00 3.138830661507979958e+00
4.673304698942193802e+00 -3.922338843840565172e-03
6.248769321090726692e+00 -3.555026123930270752e-03
1.610674489346366478e+00 3.145359022351795097e+00
4.672747188368717275e+00 6.278953386704624329e+00
1.561554637140034396e+00 3.142691016683896610e+00
3.177009956707984362e+00 3.144623389830987659e+00
3.149903006666598060e+00 4.713043672638575821e+00
4.580018073622668662e-02 6.287872566707180866e+00
3.104694645972193801e+00 1.567464760150351966e+00
3.181554287073384391e+00 3.145302419958136753e+00
4.751400662534108754e+00 4.027362630190076814e-03
3.152982559844523358e+00 4.713474177478873095e+00
3.139319660669097622e+00 1.569765957448079563e+00
4.076647388852123327e-02 4.716699448134714423e+00
1.619037610686703488e+00 1.575296297670051748e+00
4.769045372532985105e+00 3.147395640218931145e+00
4.695297291429007203e+00 1.569736460642847664e+00
1.525830345416312683e+00 1.566333703511494368e+00
1.527184630459083037e+00 1.566420762310598125e+00
4.655319327666680884e+00 3.136003432266631918e+00
-3.560206753797352797e-02 4.708969983927552505e+00
3.161545374402999986e+00 1.772770299920542296e-03
3.184253228657740742e+00 1.575647052691767636e+00
1.611111259953815322e+00 3.145488889040689795e+00
1.604608179060989404e+00 3.144940801175685419e+00
-4.123713613320575955e-02 -3.799942392479381190e-03
1.589623730318441952e+00 4.714149355416330955e+00
4.671342565020302651e+00 4.708976882261475261e+00
3.064149520551896766e-02 3.145046080604259497e+00
3.178092535225145898e+00 6.286557244987232451e+00
3.098495113008682633e+00 3.137262724919005041e+00
1.529032427429728669e+00 4.708136701354543874e+00
4.671912462944947109e+00 4.708386706305073943e+00
4.732195237003399946e+00 1.573012451572494141e+00
4.085308138853525201e-02 3.145294584787821979e+00
6.260704308010444308e+00 3.139507213036590638e+00
4.692404318427071175e+00 1.568671370176787150e+00
1.900410046181542261e-03 4.712630693135266391e+00
4.739985651959946367e+00 3.106549168366305822e-03
3.177484817380040294e+00 3.145070036657029888e+00
3.113628762314500295e-02 1.574110434994849372e+00
4.690801203527689367e+00 3.139638248542167442e+00
4.677154079306018453e+00 1.567095148552759776e+00
4.797494502367902203e-02 4.717151908385335268e+00
3.574906017974301131e-02 1.573911047210287739e+00
3.114041104740321586e+00 4.710213455302371344e+00
1.607561905372824063e+00 3.144870531251983348e+00
1.608354900351786521e+00 3.638762670002048446e-03
3.123721683478307920e+00 4.710647736625857007e+00
1.615724946082510272e+00 3.145590000042687073e+00
3.176721985092954892e+00 1.573954834023500782e+00
6.249067473936682049e+00 1.567189440990434335e+00
4.064773120434496401e-02 1.574281717372191691e+00
4.674328316621629398e+00 4.708791858729129309e+00
3.107893312695440891e+00 1.567321309244905425e+00
3.106766626505164108e+00 4.708893954107018054e+00
1.490402040629482464e-02 6.284288413674650187e+00
1.600072494577306159e+00 6.286161409593407967e+00
4.696101563518928934e+00 6.281628380885391216e+00
3.131465054373977264e+00 3.140732815906107867e+00
1.607251436407013623e+00 1.575012708678733331e+00
1.607893210777556314e+00 6.287262481185687868e+00
4.065677918765546461e-02 3.145202399433535412e+00
3.704779362402738779e-02 1.574672904483348512e+00
4.746067627010768675e+00 4.715464996922437813e+00
3.683328981834558397e-02 3.145601942482364244e+00
3.789436971354870343e-02 4.716064219249260780e+00
-1.985605502383705132e-02 -1.201385409487840464e-03
3.108196410851688185e+00 1.567257567155052156e+00
6.241451903086347563e+00 1.566787500605635985e+00
1.536239652066509587e+00 4.708656669674805784e+00
4.678479855899702500e+00 1.567250136660988336e+00
1.598411750421931288e+00 1.573703299062767069e+00
4.668755174901770388e+00 3.137314996119148880e+00
4.675418007424057443e+00 4.708717660283514128e+00
4.009670381794954580e-02 1.574828215908829820e+00
3.108216980014061992e+00 4.709546259062602047e+00
-3.394418729126989082e-02 6.279846573789895636e+00
5.210518003074240956e-02 1.576531330413369014e+00
4.664810950211101037e+00 3.136316783688077425e+00
3.173227745004287392e+00 3.145009012147083283e+00
6.258553357508398030e+00 -1.913114406599379213e-03
3.122529283343307149e+00 4.711169912866837173e+00
6.258461752721298232e+00 6.280643373866120704e+00
3.216011623069781750e-02 3.144832990963611241e+00
1.608162155059574827e+00 4.716099229349581812e+00
1.527004637698222478e+00 1.566357409236228682e+00
3.093890509347436257e+00 3.136581225147077934e+00
3.086684770365539787e+00 1.565066444892142306e+00
1.616413813077919759e+00 4.565276057261071808e-03
1.528906203783592987e+00 6.278811251577934627e+00
1.529978647631909494e+00 6.279075108229617896e+00
4.040555718987693529e-02 3.916682118077132596e-03
4.756370963782830863e+00 4.717064610575348205e+00
6.244266614923916769e+00 4.708533672908894907e+00
1.531810152521930535e+00 4.708022245344998247e+00
3.168425259094221236e+00 4.715150231211430842e+00
3.104211406655542405e+00 1.566392808331394271e+00
6.251140012143194369e+00 6.279925748751213455e+00
1.601447554448486965e+00 1.573773696874869232e+00
1.534325274890019353e+00 3.138010541733438075e+00
4.685076505190052032e+00 3.138767967396284941e+00
4.755727423429854106e+00 4.127219151280473071e-03
1.611797757916132667e+00 1.575355748093940411e+00
4.670319573534918334e+00 4.708746830072690237e+00
4.678737766221319205e+00 4.708998146872426460e+00
6.239744528399615575e+00 3.137139298485846162e+00
3.123143741156084285e+00 1.568892935999619098e+00
3.163217032869907630e+00 2.319004955120182107e-03
6.311844124000404399e+00 6.286109935167285556e+00
4.702977182392567457e+00 1.569596928715655482e+00
-2.368840916110696859e-02 6.280505434453525382e+00
4.676516827174941326e+00 1.567440565632347571e+00
3.177073552536389123e+00 6.286844715166956199e+00
4.759680305198779493e+00 1.575404419696144309e+00
4.047189132509361464e-02 1.574660027190144751e+00
6.243717361008094713e+00 1.566618663018399138e+00
3.177506360357515547e+00 4.715377560403799961e+00
3.174340710564830026e+00 1.574000860541322711e+00
4.676435394729385742e+00 1.567291463989045397e+00
6.286659810573187457e+00 3.142211266978576223e+00
6.240611195059031502e+00 4.707790898791382794e+00
3.168383013139171478e+00 1.573420540628612363e+00
1.587309866214951848e+00 1.498506888892088768e-03
1.540065309085860701e+00 6.280134361785582264e+00
-4.064212061649898761e-02 3.137934698481817275e+00
1.533305353415665540e+00 6.279765708928532142e+00
4.060718242882796480e-02 6.287557363554015843e+00
4.674067046141874293e+00 1.567261074846153512e+00
1.607996491575618414e+00 4.716433524203774930e+00
1.604458390253586275e+00 3.665917708441094724e-03
6.239688562257550863e+00 4.708705726676992498e+00
4.686705768926541893e+00 1.568247654958010662e+00
1.547732051498333483e+00 4.710221402229460175e+00
1.609476869762209716e+00 3.145636397974460596e+00
4.117425608419522653e-02 4.717001351371144402e+00
-1.413558477291904265e-02 1.099404558242305896e+01
1.540285990404219874e+00 3.138176987426877229e+00
3.184704911342999711e+00 4.716433992151631394e+00
-3.638634409125710706e-02 6.279474930088335682e+00
3.164318809867608717e+00 3.143868393043921738e+00
4.108989878323102141e-02 1.575059390227711686e+00
-4.603890517535125931e-02 3.136803697292525950e+00
4.749126320926574607e+00 4.716240588980525672e+00
4.677927427360297763e+00 3.137834564868112519e+00
4.675756984330401878e+00 6.279184581996174686e+00
1.609843449928009207e+00 1.574859570417705523e+00
4.745660515834803306e+00 3.145402922123714529e+00
4.677212418606004007e+00 -3.127993333307844785e-03
4.671738065626336756e+00 1.567011156178450992e+00
3.168217948548739393e+00 1.573525804622988966e+00
1.530830249276070809e+00 4.708460863359531068e+00
4.741934627954043968e+00 2.931504430180870233e-03
3.182772594435619329e+00 4.716536980377988186e+00
3.100187623936210723e+00 3.137129270517962087e+00
1.534998893630391548e+00 1.567100320827729210e+00
1.537884844862734246e+00 3.137917560903615399e+00
1.531367608964471438e+00 1.566829057491667232e+00
3.132482163992489799e+00 6.282558087013955905e+00
3.179568641136424123e+00 1.574929342896871365e+00
3.127661975381307524e+00 6.282394520309941832e+00
4.750477691544817915e+00 1.574536863945997567e+00
6.240820302163917255e+00 1.566669883615912084e+00
6.320545392172098431e+00 1.574545935481763026e+00
4.751991207245141347e+00 3.144741955368357988e+00
1.531420734161124564e+00 3.137564155301934665e+00
1.606265420317283921e+00 1.574115432779530144e+00
4.747163065327494991e+00 6.286740466599269439e+00
6.246135726785096765e+00 1.567161119775820399e+00
3.107666130980626829e+00 1.567169155169673145e+00
1.599269619891096283e+00 1.573318002632280832e+00
3.105968960067802431e+00 -4.103963032907410706e-03
1.532056117590299360e+00 1.566980715887940967e+00
4.667040888736710968e+00 6.278408811299755143e+00
6.230654922270399076e+00 6.277769270421911685e+00
4.756594701726773344e+00 4.716982212885948655e+00
3.175266976403691821e+00 6.286545631352097985e+00
1.532573218543530347e+00 3.137915818310662353e+00
3.174136358980723660e+00 4.715558534033475802e+00
1.531529773931517902e+00 1.566721203713495658e+00
1.611478081265891982e+00 4.716350788280045059e+00
4.731884834744887414e+00 4.714196139916666084e+00
4.751345696372265337e+00 3.145412151741069362e+00
4.749959688778538691e+00 3.145952201705641382e+00
1.535632763134566314e+00 1.567538377083883994e+00
1.612682040833985919e+00 1.574750297467048421e+00
4.678027546262555347e+00 3.138659312526896006e+00
4.754886787871419607e+00 4.466108812721594767e-03
4.750574324813161553e+00 6.286600368940260530e+00
1.529944841359972774e+00 -3.588643688249068715e-03
1.607622950217562074e+00 4.231125168770584824e-03
1.617546250547234443e+00 3.146765764396312282e+00
4.417023826390814589e-02 1.575301956147734828e+00
1.607721408850085520e+00 1.574222706647466996e+00
1.537930662969873241e+00 1.567323847050779095e+00
6.244022366028621818e+00 -4.410133758359809954e-03
6.250281002087957560e+00 4.708827453924501860e+00
1.531920327175130714e+00 1.567423447502890532e+00
3.180604571245925438e+00 6.287446228287733696e+00
