4.157736236554643305e+00 1.083914455663719911e+00 1.193558222369837774e+00 4.511904604962771792e+00
3.689832546520586121e+00 1.303709661721997426e+00 3.936232548467921255e+00 2.096699471151652006e+00
1.254422629042552195e+00 1.756915094091027640e+00 6.062001976173092110e+00 4.088195180311972043e-01
4.438835182675254565e+00 1.673207613850107578e-01 5.359605355450091091e-01 1.375472880004765912e-02
2.334047190043148756e+00 1.976524518285204257e+00 5.413692269870798990e-01 9.738567093487831006e-01
5.622575151302113383e+00 5.132330240646262531e+00 1.299391510802838434e+00 2.933537002460397503e+00
3.882089215069545851e+00 9.281049713683724445e-01 2.199622117023285028e+00 6.458252970308766550e-01
5.816255884833030798e+00 4.813092140503232308e-01 6.101311046948102224e+00 4.976763111512301663e+00
5.929999519766919747e+00 6.192356013512418933e+00 3.243397428038761188e+00 1.003118087006842130e+00
2.276340708135437652e+00 2.602955853541682796e+00 3.893481935671100569e+00 1.496014628755242493e+00
3.551402319188807333e+00 4.779533834808763260e+00 6.475365236409000858e-01 5.773316142680874563e+00
3.963305547509795357e+00 2.765833254170553701e+00 2.560327001351812015e-01 6.217312844051003928e+00
1.295374709609419250e+00 7.973282793673356350e-01 2.595697864768062413e+00 3.568793171988231538e+00
1.635082993605355473e+00 5.738762729827652898e+00 2.520086936821490209e+00 1.852745445956284875e+00
1.045502785596065909e+00 4.946681947490509934e+00 4.486759921551010777e+00 2.511543990450711750e+00
6.225641816587913269e+00 1.363969835331001246e+00 5.644692143527093364e+00 2.596250186056079379e+00
1.293320180740076486e+00 9.343133357651557391e-01 5.943497749452265388e+00 3.441808068945894750e+00
4.292550086573537982e+00 2.504916245492259663e-01 2.240927833925912438e+00 4.052833826336364353e+00
9.359392700359320250e-01 4.358518680205456519e+00 1.755549804152312543e+00 8.605873083050745720e-01
4.024569295185789208e+00 4.964714315610490480e+00 5.682830610410952943e+00 2.883285895847399249e+00
1.000687638659089940e+00 6.191290711622135845e+00 4.554598939087044940e+00 4.437155121512153855e+00
5.759236559893833984e+00 6.219935110833499259e+00 6.144413599352268607e-01 5.321831074765252190e+00
6.043642800870268950e+00 1.230204430007778349e+00 4.020075287205250980e+00 4.487929687721073257e+00
4.896907187872742817e+00 4.087776784636171001e+00 5.491057966797266765e+00 2.774719792630709225e+00
1.124285048898985950e+00 2.531235164588561612e-02 2.439495057118764354e+00 8.277289561258203143e-01
3.206056458983256974e+00 4.633156585691698304e+00 3.255477044863592351e+00 1.211618524268345265e+00
5.382088435057260867e+00 3.683081046380833001e+00 2.784946969630822888e+00 4.125153999223743817e+00
5.091705514040143488e-01 4.994512013354037272e+00 1.836268546638718080e+00 1.634050294743462084e+00
1.482285104164226819e-01 2.466017451062911814e+00 1.399471696622578420e+00 2.710623540314450963e+00
2.118003472345440785e-01 4.706597609441869778e+00 1.454969757008742093e+00 1.536461787233875054e+00
4.641404853124273977e+00 5.238764817243970029e+00 6.235339370185206676e+00 7.335663071522219303e-01
5.125459617199016549e+00 1.605818328295360864e+00 1.829265495448702206e+00 1.570433945754841909e-01
2.483548943728546288e+00 4.523040576606519814e+00 1.266686142275509130e+00 3.435273720386104568e+00
1.860205456776424349e+00 3.334697288498484902e+00 3.434177070967788570e+00 5.056437298426573967e+00
5.967596077623317008e+00 3.419039259381762008e-01 4.269872733641225437e+00 5.522514470435258893e+00
1.266924987987402274e+00 1.616833603271875752e+00 1.729980914610291132e+00 5.751569896151619510e+00
4.871547995134497988e+00 5.316866437112055088e+00 6.208791110587905671e+00 2.451696567537462013e+00
3.710554269410786254e+00 9.263666542061821385e-01 2.842573375131463465e+00 1.429742959580553752e+00
3.731493096588306635e+00 9.926277230431180820e-01 1.028632504154686877e+00 1.056748999883066809e+00
4.059472257414795116e-01 5.986226144749719147e+00 4.742124387997903590e+00 2.078491250324315143e+00
3.780284243386897725e-01 9.117623913868242447e-01 8.330805459983532391e-01 1.229645475965136514e+00
4.440200568681103022e+00 1.247597799670055574e+00 5.812511707884997492e-01 6.180282567440164243e+00
4.149695634569344982e+00 5.098602629550631704e+00 6.233790794253623702e+00 1.833390388355996770e+00
5.663163406198429506e+00 3.833015906021633334e+00 3.352741673522295240e+00 1.311721517026296802e+00
1.096089709076475627e+00 3.666125760300197878e-01 2.742768535387240192e+00 1.321400384482069645e+00
4.116061474788326180e+00 8.146231613729355558e-01 5.038871518253578152e+00 4.996797234830719248e+00
5.618080499591330934e+00 4.285368219738320938e+00 6.081463405642950626e+00 3.292377763402374757e+00
4.002244020099307242e+00 1.150943730887012961e+00 5.474251846050748327e+00 5.196265258910494067e-01
3.849116040105596159e+00 9.755727776726150768e-01 3.700359401298944029e+00 3.765964168269858359e+00
4.100738933584038293e+00 3.603985573340515725e+00 6.075696260984413399e+00 4.230582395074026003e+00
1.920180353923021332e+00 4.924625998839714747e+00 5.926834071463604303e+00 1.120120708304047419e+00
4.668719821417508520e+00 6.009937078999239013e+00 3.695210622507368203e+00 1.796838492991710501e+00
4.915072986080551765e+00 8.936643249999385308e-01 5.511141133895165467e+00 4.742588181897910427e-01
4.995519149013616378e+00 5.312957594994268007e+00 1.693143605046398603e+00 5.578489771485728888e+00
5.539493537546723800e+00 4.874552954036039942e+00 5.842151315828848723e+00 4.708293530357675061e-01
3.615422286035400834e+00 3.289709312226232196e-01 5.297467122718792609e+00 5.128173300323475736e+00
6.148992570787060963e+00 1.269343827414937564e+00 3.336503178591909258e+00 1.316036321486634186e+00
5.346014141458865332e+00 5.864409064362039459e+00 3.295271633529119004e+00 3.960234928654952746e+00
4.069747475855083785e+00 3.375990843921440998e+00 3.870489203013879553e+00 5.527347318522762620e+00
1.603755262468911535e+00 2.413852044596447755e+00 5.480401923512356888e+00 1.913819444618595877e+00
6.563818987827789719e-01 3.525268192235120779e+00 3.418628603872851945e-01 4.501503690650467071e+00
5.761499592976051964e+00 2.584885861773213112e+00 9.512932436331608121e-01 5.004541136566848181e+00
4.687424207738997595e+00 3.184125851024946829e+00 4.224093805177603578e+00 1.843524710838617908e+00
2.663767569224027909e+00 4.494855998033147060e+00 4.128196222337294330e+00 4.676154557121386945e-01
6.255435724214546411e+00 5.579930974114848397e-01 1.772289135402919102e+00 4.959466839983422304e+00
2.825101505664602719e+00 4.484456582988027407e+00 1.275291332752725548e+00 5.862623271611267839e+00
2.167944885501159824e+00 1.889281456902913714e+00 4.976711238763406264e+00 1.079518309394937203e+00
7.078901834532665971e-01 1.345297401996665032e+00 4.423378941783703056e+00 4.758062375696728630e+00
5.436601059207617048e+00 5.916458206182189095e+00 5.684573451920016396e+00 3.801039576627714300e+00
1.480035782517069798e+00 5.858256206024845536e-01 4.089949225784710762e+00 4.445722798637318895e+00
5.409779421136808431e+00 1.070786510879579323e+00 5.445212458915755782e+00 1.701057159847603639e+00
2.112456606870503628e-01 1.446786844331407584e+00 3.064551363652810334e+00 3.659050242323576452e+00
4.733061844723417622e+00 1.146666583351048763e+00 5.796943943370833630e+00 3.138456680903071838e+00
2.926829341945741181e+00 2.853055203415504337e+00 3.506193817150019681e-02 2.706533290890471122e+00
2.283444769203473168e+00 4.442055266109338874e+00 5.480390847703416668e+00 1.672775461312616230e+00
9.129254335567141831e-01 6.252101599994925429e+00 5.062292758347915367e+00 3.299290971740708844e+00
5.532654342350435961e+00 3.866341703326080292e+00 6.107803319753081439e+00 2.922247392741411431e+00
2.065060603236650749e+00 4.883807732243189981e-01 1.740765467321458093e+00 3.668998614402133818e+00
3.106330126011516146e+00 5.221673431666262744e+00 4.913455177731179901e+00 3.404545527533962002e+00
3.733525751383067526e+00 3.567439857132265857e+00 3.360261431865070758e+00 4.886939363871399600e+00
5.655252970747295382e-01 1.025046365495819733e+00 2.302232139913825137e-01 1.329476828557224932e+00
1.164230046877123392e+00 1.418610691448900063e+00 4.395348041105434866e+00 2.038856045730993660e+00
3.014983456280597274e+00 4.271169944526033824e+00 6.063471575831144378e+00 4.208604339179116138e+00
5.213918029396521492e-01 6.004572589835476037e+00 2.775599444803729110e+00 3.195279665731316943e+00
9.658110646642233954e-01 2.258777768346823311e+00 6.060303188895190818e-01 4.443879222149046404e-01
3.021989152594512618e+00 1.792087730301535231e+00 1.058530291923122979e+00 4.462552902775959396e+00
2.816962709493811889e+00 2.114891994413188758e+00 2.011341466381399101e+00 4.414505135569245731e+00
5.076503115371855834e+00 5.596354480163015843e+00 2.501323575297305091e+00 5.874220890843232290e+00
1.398722275819337169e+00 2.128612300835722504e+00 5.475779839922002346e+00 5.500030336794077712e+00
5.779799962763494392e-01 5.105314381086122566e+00 2.754657427155716043e+00 3.855361898788034480e+00
9.977958732395845187e-01 3.947053573512049329e+00 5.406133239510378274e+00 3.944895881876223420e+00
1.445149260016348691e+00 4.425434940665219585e+00 4.979481082687519766e+00 3.584882536612511661e+00
2.997004251853346180e+00 4.246446933727022532e+00 3.514144206393983616e+00 1.651851459585842674e+00
8.780710415575891936e-01 2.975547480312908721e+00 7.277693810223500037e-01 5.323725795400406469e+00
3.661365293299352341e+00 1.073666573690951642e+00 3.115845541694123977e+00 3.796092245746730320e+00
1.792294486633997819e+00 1.997656464548658972e+00 6.289093892279031817e-01 5.926450337165777071e+00
4.787713026787419501e+00 1.414336252429769347e+00 3.475735190466419766e+00 5.886070032265086738e+00
3.065725806556781841e+00 1.543659563957493264e+00 5.741082080709600355e+00 5.834383774548256518e+00
5.460871257403374202e+00 4.407712222608306085e+00 3.584924446520217689e+00 5.364879773963849630e+00
4.232812080500238383e-01 3.918599540911453349e+00 6.158526920127421533e+00 2.973698801348315435e+00
2.515561715430968626e+00 4.023185033190602056e+00 3.880798314183123932e+00 5.155035959054790951e+00
5.987173724969475863e+00 1.728165796520007458e+00 5.762670516691925648e-01 5.817164115419107828e-01
2.269064817976063519e+00 5.311541273427610177e-01 3.756623695317429679e+00 8.972509660214937899e-01
4.223430476097024489e+00 1.743068696372884085e+00 4.362461924075872410e+00 1.989300506867822227e+00
5.604013537637953846e+00 6.261204816770654880e+00 1.518194148704556712e+00 9.559618100423924458e-01
5.844082775926287887e+00 1.125249266890424815e+00 4.796425104583527110e-01 2.688343861237780352e+00
3.559860846732565864e+00 1.406488415493261313e+00 1.507544466576653600e-02 3.624600896247777815e+00
6.147937533552108036e+00 2.694403595839020227e+00 5.876064745772492159e+00 8.715855818256504906e-01
2.016722681505198622e+00 9.043726488385210871e-01 1.591164115957176106e+00 2.757980590354065953e+00
4.508241255769269706e+00 4.658531292043869287e-01 4.428050164486921680e+00 1.522770628586373576e+00
3.962846721910799896e+00 3.498261092237842984e+00 5.822368971992839981e+00 3.649382502422720442e+00
2.420452894960220203e+00 6.246996413080154298e+00 2.175128905454985162e+00 3.084004223691583668e+00
5.408013691577366444e+00 3.925396788758855227e+00 3.718949119894181532e+00 5.245492261167544079e+00
5.642675646811653678e+00 3.973621527325313263e+00 5.628269903785390049e-01 2.353091662346137536e+00
3.259486585834630579e-01 2.590846949142936673e+00 3.061163804415848233e+00 1.028228094394313397e-01
3.160358534368722161e+00 2.425495414825574514e+00 4.939027736658142764e+00 6.169012103081280785e+00
3.397227216495699031e-01 1.384182587827990918e-01 1.553497928488629387e-01 2.754943779231246115e+00
2.803648830419527282e+00 5.901611547632553467e+00 5.721588476847522031e+00 4.588679319669402012e+00
1.441029956428662828e+00 4.801779654788657759e+00 3.832178042958639619e+00 1.761773821657152572e+00
4.964774299959490378e+00 5.078958230615906011e+00 3.772185075031047941e+00 3.437328054079300088e+00
5.313774892896153013e+00 4.257427700667435921e+00 1.217784390139699191e+00 5.771066917111152605e+00
5.931490730414468615e+00 3.420187759272833361e+00 3.615474687753266192e+00 3.484069755484791031e-01
3.496484957900984625e-02 4.341135150310560853e+00 3.726364776234111886e+00 2.951825675772203894e+00
4.627408786903035143e+00 1.846828929928172824e+00 5.392205070621860941e+00 6.807928821306183931e-01
2.380622891828384713e+00 7.205965634448433521e-01 5.147797073273712165e+00 2.660678545436283571e+00
8.950159311999538181e-01 4.660393381600456131e+00 5.761996964199862958e+00 3.717495086370419255e-01
5.039439107657822658e-02 5.932845758645067136e+00 5.628725158696004094e+00 3.675650927322399397e+00
3.687284661119329954e+00 3.810184393505704037e+00 2.090294691044872977e+00 4.610440172451995444e+00
1.462082609279325762e+00 3.060276566208603555e+00 1.512474967216456134e+00 3.886966129087910282e+00
5.905878093709901577e+00 5.151982176353161691e+00 1.800171510942460085e+00 3.997314112506475503e+00
1.561573149554678741e+00 5.698438471187589727e+00 2.527381674859093597e+00 4.143312100649270135e+00
1.426586535464325678e+00 1.808622096253904799e+00 6.247685462152658076e+00 5.436609486310623574e+00
5.864377473887357972e+00 2.122406645250227708e+00 5.098659436985655269e+00 1.150792283954414685e+00
3.907561235681598077e+00 1.350555314132008800e+00 4.784486498503426333e+00 5.743546949443405936e+00
7.310417469040524363e-01 4.710393121021121843e+00 5.444308519064431806e+00 5.201945105175732387e+00
3.387215248090934772e+00 4.514960509701487767e-02 7.158029096338208719e-01 3.859952278905256495e+00
5.769907819276657968e+00 2.784548986572918938e+00 1.089210790636694348e-01 5.745161683741610403e+00
4.558722421955771154e+00 3.628742605596048332e+00 7.801723941305793719e-01 5.880767979302192749e+00
4.555341300641329916e+00 1.286956607892985049e+00 1.745214083181380937e+00 2.784915324235816225e+00
1.756003810164099121e+00 3.954037895901586275e+00 3.650612778420150306e+00 1.241477440304531665e+00
2.385182391062622198e+00 5.798941034489888402e+00 4.236893835998056801e+00 6.248291507366612763e+00
2.078504892542029303e+00 9.361478670271247693e-02 3.754463898248196596e+00 1.294742149259673569e+00
7.891023147458318121e-01 2.862743231250255871e+00 4.725428502616184190e+00 3.331541054081947895e+00
1.108441962504466582e+00 1.858570168484178220e+00 2.701388887374649439e+00 4.801129984057180167e+00
2.121243410959529729e+00 5.350427049463794660e+00 4.672978427362123099e+00 6.038760087069769078e+00
3.765534006203074657e+00 2.641806669165510879e+00 4.171217178722644192e+00 2.689523205426108454e+00
1.810105479849168253e+00 7.652735894153247509e-01 5.407177726307953458e-01 3.292688214264420044e+00
1.732086928322077585e-02 3.106000614218765055e+00 5.807636003973420280e+00 1.241777330026121451e+00
5.593890177454615698e-01 4.657960480784045565e+00 2.271306968178469443e+00 2.164136025561211873e+00
4.306622184151229327e+00 1.182626621747111306e+00 5.698948287160902737e+00 1.391278753598926166e+00
3.408995983351294612e+00 6.158338228830077199e+00 1.766858901054839892e+00 2.566171033854829364e+00
4.093601667715516257e+00 5.550429226709789887e+00 3.755745513007567205e+00 3.283719626907374067e+00
3.556751024976055220e+00 2.312247374856480631e-01 3.731416149874028143e+00 3.515552370885342892e+00
7.230621532530029372e-01 1.093722486730680787e-01 1.333379424040533889e+00 5.292324802572634823e+00
2.608202492829120978e+00 5.377481381256694171e+00 6.046001927154946998e+00 4.270166207303872419e+00
4.364989081241530539e-02 2.778929786710211847e+00 5.442296156158900722e+00 2.597153250189678353e+00
3.097169782720623932e+00 1.358525839799862578e-01 5.188954149241417291e+00 5.502580530667675163e+00
4.373720091545948208e+00 1.960507570650364961e+00 7.504144567471168203e-01 5.002932932258159049e+00
2.427642943705723422e+00 5.838296207950926409e+00 5.669129414444032733e+00 5.312166073207563066e+00
1.815486016215933640e+00 4.623854211468050757e+00 4.477189180541394364e+00 6.111268241879725949e+00
5.950224488143609491e+00 3.097004508336965500e+00 1.485048253118181671e+00 3.883807872957604435e+00
5.649043183987149774e+00 2.499945959686474817e-01 3.580342853907708012e+00 1.772508147240918319e+00
4.968130386393002418e+00 3.222567890687200620e+00 2.864850586480259143e+00 4.490113930828516509e+00
6.006577345842782911e+00 5.381201282168751376e+00 4.098797367550280235e+00 4.732762576533930954e+00
3.831683153053574653e+00 1.838692554480478303e-01 5.744747571435343758e+00 4.092716144436603365e+00
7.105308757005347475e-01 8.343575334421942102e-01 3.748220344869835685e+00 6.251680118904483052e+00
5.764956931537923879e+00 7.134938704253128705e-01 2.657047128402392766e-01 7.668861320268770543e-01
1.027446851496368829e+00 1.092147991681364561e+00 2.905714056490090513e+00 4.573613444838515285e+00
1.675145538391866529e+00 2.310239420635456398e+00 2.685445442048188358e+00 4.459070561343561501e+00
2.753469145228077952e+00 3.887758698706226035e+00 3.812134157162491155e-01 6.006544232417798668e+00
2.777070308271090582e+00 4.107344323642670325e+00 1.638279510878539069e+00 2.765330860747643449e+00
5.176475377405099110e+00 2.732985885926823011e-01 3.191607285210593226e+00 6.188807535992521203e+00
9.934952782699923990e-01 1.123375015255939191e+00 4.434271749626367054e+00 5.914810285740204066e+00
1.149998677099151934e+00 2.163799714271688934e+00 2.822738099452462457e+00 5.289393539426844093e+00
3.323142249940718607e+00 3.388853472760709806e+00 4.541242397526203511e+00 4.511696308094282237e+00
2.637501799453694229e+00 4.665158400491018043e+00 9.135376660841677127e-03 3.285985303576858030e+00
6.072056906798321663e+00 1.789410113108538480e+00 5.636323636750119270e+00 1.465096631245972336e+00
9.750315763979943151e-01 2.376586278617126291e-01 5.833035484617067112e+00 7.312821094448921366e-01
6.203859102954399241e+00 2.545408890850326955e+00 5.944731911646546685e+00 4.379479825845065122e+00
4.875151807154169070e+00 5.339390937370200874e+00 3.370839860626276829e-01 2.662614513135440841e+00
5.912240367625585691e+00 1.668271170835883277e+00 3.215151384327685768e+00 6.167797079849278497e+00
1.616788491665208438e+00 5.000998791549760902e+00 5.309266676096248361e+00 2.100742249455909150e+00
4.414250099785753889e+00 4.329360337239275824e-01 2.476804235184131731e+00 9.882760884971550364e-02
5.866420579996085571e+00 5.257672417247710506e+00 5.528518592437206003e+00 3.546448390660072558e+00
3.671095652113100183e+00 6.055305272192858190e+00 1.766851278735837916e+00 4.134524502246328836e+00
1.632583568501847493e+00 2.740672855030848787e+00 1.806990403537499512e-01 1.618428947176622890e+00
3.213336463472468707e-01 1.911398613157499149e+00 4.206477649851842138e+00 1.987049477955008248e-01
8.743621869872694186e-01 5.659705901580642795e+00 7.423939282473915879e-01 1.771379105468425252e-01
4.216067668879889929e+00 2.924683859315356571e+00 5.159824924458206397e+00 1.246246206755696195e-01
5.972912473850724879e+00 3.460429998353651282e+00 6.070335988138027439e+00 8.791193634536290102e-02
1.690984398177827863e+00 4.938134856011087592e+00 3.991487489055447035e+00 4.887361214866419168e+00
5.923777773412726155e+00 5.865290912062635975e+00 4.102395012719833645e+00 5.539658850630698517e+00
5.765464769429832437e+00 5.409778328115983914e-01 1.447875870733936310e+00 1.249062676665453342e+00
5.558682025743251209e-01 2.841558984900747209e+00 7.181876795091057808e-01 2.442425960694325937e+00
5.900350220512683208e+00 8.867762653705674181e-01 2.234415254269241480e+00 3.806321801409903394e+00
2.221836188165482895e+00 2.267453852958570604e+00 5.357076145039187942e-01 2.820456950357661974e+00
5.748602398070910446e+00 3.837696089473400463e+00 5.292696551819861206e+00 4.557394966217960253e+00
2.789195417904917207e-01 3.796128850894142648e+00 5.938251623678095115e+00 7.282745450862020409e-01
3.618740657633855662e+00 7.424891468415935059e-01 8.323378811755670625e-01 2.459765408508446605e+00
6.042293170766981802e+00 4.851527606679248983e+00 3.825244760178585501e+00 1.508511765585182074e+00
4.081708278523006328e+00 3.789619368759601148e+00 4.545994049318974994e+00 4.355418137070422802e+00
8.887731069977953258e-01 5.068861646109058761e+00 4.750054171005339221e+00 4.284679448428444282e+00
3.166393195737068567e+00 1.771489009116531177e+00 3.481703322614715823e+00 5.191230852860830858e-01
3.736854654297079859e-01 2.313128282503202460e+00 2.089822456359590852e+00 5.103524616790420687e+00
3.632501697917360772e+00 2.324187086642362232e-01 1.464927125715331346e+00 4.812729162176310638e+00
3.372133823725365076e+00 6.257232627182095719e+00 3.184425171485631423e-01 5.708005098349658191e+00
4.081432815433962524e+00 1.147710624454760131e+00 1.085151770123315540e+00 4.913551679300067754e+00
6.032473097604274415e+00 5.480389174603379487e-01 2.212390867580074527e+00 2.550545484100116500e+00
1.078380649297975280e+00 1.794725051401814264e+00 3.036057621206717627e+00 1.721550172372790399e+00
1.151382860207607939e+00 3.672044148039062428e+00 9.378392134926178958e-01 6.380618687979723591e-02
1.581535432315624989e+00 2.607179436311044984e+00 6.060744561139196129e+00 6.260575234557025359e-01
1.268247359060589163e+00 1.220793545723234619e+00 5.924958769795646951e+00 2.431516410306620163e-02
6.643950567223741999e-01 2.659441077844415968e+00 5.857418935526564674e+00 2.232676784305163697e-01
4.840077109222220009e-01 1.907850677687787933e+00 5.791209987626989353e+00 3.691535042999178451e+00
7.731660516394440741e-01 6.929002012459656301e-01 4.015859598768153127e+00 3.602398805570721674e+00
5.923124799994896605e+00 2.643604576277446827e-01 2.721445975263516281e+00 3.121368487757071875e-01
3.798537319868544149e+00 1.270185033142833264e+00 5.202185220153854317e+00 1.062981242201390675e+00
4.273027383545744406e+00 4.750228725653534489e+00 6.748941982742925338e-01 6.093048228386485299e+00
9.467505728215318550e-01 6.702339463801759711e-01 1.304269137114541843e+00 1.746945550240339484e+00
4.386301138623730722e+00 6.063606176204424436e+00 3.050986546374614417e+00 2.254621213024915249e+00
4.201690303226576439e+00 2.896836756452596529e+00 8.978052856522572567e-01 1.902397857629809952e+00
5.910029937653673571e+00 2.107855758412240821e+00 5.975676204672309311e+00 4.826259931440044504e+00
5.752639014793521355e+00 1.669146307991427047e+00 3.963789341954243817e+00 3.579172582441873640e+00
4.551086973861781182e+00 8.337545095322695943e-01 2.090573116400698872e+00 4.203166374856367460e-01
6.121480908364882900e+00 2.250105347024862201e+00 5.732856978653193103e+00 4.781709919799477682e+00
3.983749498390757982e+00 4.610371678518868421e+00 5.557947029582658516e+00 4.010018410714581982e+00
2.900402622099989891e+00 5.407084067369633651e+00 3.217521934022273378e+00 3.543909146170276525e+00
2.165614976319174101e+00 4.227177884934333107e+00 5.705234926947474250e+00 5.503487830306025286e-01
6.232824651011443784e+00 3.384704341836394459e+00 4.044398744317359906e+00 5.439809142579776768e+00
1.567670074148010961e+00 5.877020843876501921e+00 2.555495712780899709e+00 6.128909229206855436e+00
3.581688617841182420e+00 3.457539182764417074e+00 1.764335594384859984e+00 5.684180283064740102e+00
2.391672960092204647e+00 2.270307135946403321e+00 5.300271704626590363e+00 4.537577421944672951e-01
3.292218750328460786e+00 8.937814478306796984e-01 5.718828467196765075e+00 3.310863573201561216e+00
7.007489647049627290e-01 3.310411852122876031e+00 2.004437175223176215e+00 5.514384221574869294e+00
4.464933914273901405e-01 8.392047802874462725e-01 5.684511295789971719e+00 6.115819102272260110e+00
2.910057015263449287e+00 2.453780892515313727e+00 3.688611001179660676e+00 4.007895096257693801e+00
4.318530026899145113e+00 1.320484513995911602e+00 1.792541984266120769e+00 4.963738456986913072e-01
2.001319352563749376e+00 2.662978109584718034e+00 7.702528075675154628e-01 4.888473086202319351e+00
3.074079748004257429e+00 1.096492148381384313e+00 1.440960654984374312e+00 9.131258811157912936e-01
4.974234723914071843e+00 5.616796996828450794e+00 4.854669902706011619e+00 3.153918620145172713e-02
1.671225454546028333e+00 3.642319582317311344e+00 2.017751816707767307e-02 3.481294855236858332e+00
2.835963276870065441e-01 5.361520828223508950e+00 2.345441418406071676e+00 4.497574855675376071e+00
5.351213672853693204e+00 5.310756055276775633e+00 5.503971804272702606e+00 4.793186590119907109e+00
3.262776956130895023e+00 2.006971553623341453e+00 1.257535493285200978e+00 2.714754425730680154e+00
1.890406291369953751e+00 4.740585084947263717e+00 3.880888712551721298e+00 4.667070841969037431e+00
6.224077320357455534e+00 2.346607284157989248e+00 5.617024268712004442e+00 2.950734148774294852e+00
4.270918383249055594e+00 1.194213207660904837e-02 3.411562735112267042e+00 3.102528307358307647e+00
4.212420826615722369e+00 9.244847675869436454e-01 1.140759974611993549e-01 2.494323837087039308e+00
3.476187275690034717e-01 1.527343494858531159e+00 6.058951604675609559e+00 4.276435582557998494e+00
2.629829087424241152e+00 2.324466272355923735e+00 5.292934242325669558e+00 1.211882516703895352e+00
1.930581429946469862e+00 4.677376778598698048e-01 1.190689814288141912e+00 5.967850001674546156e+00
5.574905540295624462e+00 2.867537335761364936e+00 1.600792226630179726e+00 8.527955337687501691e-01
4.749953325391684800e+00 4.133534296886590909e+00 3.773921377489103612e+00 1.888126556262067490e+00
6.946142090867477581e-01 4.225845401963850279e+00 9.525822933883705268e-01 2.217681177590672625e+00
2.984707431982218662e+00 3.028591154381998329e+00 6.131317545762943411e+00 2.295587592989271286e+00
5.035107381567162754e+00 9.008249233916687526e-01 2.124558080484339140e+00 3.910701029726302291e-01
1.315550906393473107e-01 3.952672028440502139e+00 4.403749260109468544e+00 4.760616930330719754e+00
5.356779435696153335e+00 5.943103266381580596e+00 3.369943133971506022e+00 6.069966753055341613e+00
6.477573508944648450e-01 4.595046567776442714e+00 4.048914666945648833e+00 4.915286312505148025e+00
4.956231901813069385e+00 2.345392865220904177e+00 6.427997807582266354e-01 2.134391969346987494e+00
5.071371446355658286e+00 2.181505842659533290e+00 3.858765556468365387e-01 1.771460715053947199e+00
1.987734687954489488e+00 1.022758179879626583e+00 6.108148619292027348e+00 3.832125001340378923e+00
2.716651158468592619e+00 1.117146943428332789e-01 5.145558056486970955e+00 2.679659741697287156e+00
1.092087470236159596e+00 3.369198984039236233e+00 1.961768077993443882e+00 1.772644298834834764e+00
3.371522487009087077e-01 1.777481540933088855e+00 3.216972370446043783e+00 3.490283668797551364e+00
2.482981022883210098e+00 3.263288516977491227e+00 3.315394185985591768e+00 3.240089805849780902e+00
2.406974770555805776e+00 5.732686006098465015e+00 1.364982834339673490e+00 5.031048555075140705e+00
1.421280581497087026e+00 1.552216851712066470e+00 4.279723846063568260e+00 3.920600929897676501e+00
3.673928539219091238e+00 4.598155983242745215e+00 1.080789477175511992e+00 3.723677158200846105e+00
3.756029312450228641e+00 1.253376723301119711e+00 8.329401348249816373e-01 3.658799110018398970e+00
5.872901388530720190e+00 5.540240567546987016e+00 3.395830974647052969e+00 2.556270530146194986e+00
1.713659016470269192e+00 3.278262806737530344e+00 1.443337028664671395e+00 1.439621371421401896e+00
3.548637570668526919e+00 4.509401516397810283e+00 7.313967096063067608e-01 5.819818560188109835e+00
6.074223394519346009e+00 5.359642032783856536e+00 1.883383012779444643e+00 6.070331560946761407e+00
3.927683438289090834e+00 1.645306377529093256e+00 4.736465306975879308e+00 7.623061958682618711e-01
9.106151731553749906e-01 5.095040586758447176e+00 4.647629320830998445e+00 2.160094668235321147e-01
4.670762032584300449e+00 4.309870802751650798e-01 4.009529926491485874e+00 8.730239965656154677e-01
2.507447926933709770e+00 4.902073990739784115e+00 3.425093118715033302e+00 2.146443077835102353e-01
3.924777304547196533e+00 6.265085340697570393e-01 3.428331701771302420e+00 2.059718488408523562e+00
2.371846004045885969e+00 3.631019643366953709e+00 2.691274532008156140e+00 4.458487281005445446e+00
5.677382284623098130e+00 4.570099185114726126e+00 9.682884859850258985e-02 3.877114771816944749e+00
3.812225808468588717e+00 3.260565759486556026e+00 3.657020973724479651e-01 5.558392555034449956e+00
2.623581359027262749e+00 3.606107044332736766e+00 1.855967093576715854e+00 6.202083383337533284e+00
3.787284944410774568e+00 6.755407099318219144e-01 6.000065072814577682e+00 4.559474104900148816e+00
1.307019957028692780e-01 5.954279158905786851e+00 5.441517499023733606e+00 3.439620537780122000e-01
1.503622446971262461e+00 1.389777042860244283e+00 4.708509091251317003e+00 1.300337493777688591e+00
1.878265907199520024e+00 1.397138362724205107e+00 1.868483965776216227e+00 4.760627345279158540e+00
4.180801573161203599e+00 4.454266448277912183e+00 3.717779582943289807e+00 3.943030333844594448e+00
5.354976758393882541e+00 1.528637745438869322e+00 2.007958291303976406e+00 3.757806820755461796e+00
3.080546937324581513e+00 1.670934637902130149e+00 5.212813759227626909e-01 3.826940938057097341e+00
4.589671361080203127e+00 5.481382831149002932e+00 5.200608156478992328e+00 1.171977724283491451e+00
1.760655014442380484e+00 4.989952944166812010e+00 2.283432667710393993e+00 4.770758224234097788e+00
1.435420489020911461e+00 2.403257535938900347e+00 5.743999958813796880e+00 1.377518852392455528e+00
3.574535403549642165e+00 2.835172675706608691e-01 6.274406404415162897e-02 1.306324506930068630e+00
3.100086541796450046e+00 2.011395410122923000e+00 4.599367293367646603e+00 3.775209793262312541e+00
5.635489362969017813e-02 4.722685817307192835e+00 2.829231660958185568e+00 7.696124356096479824e-01
1.407710562605799964e+00 1.792308892322571179e+00 1.525628029951981768e+00 5.576622126765071741e+00
4.897694927144857324e+00 1.284729672538544865e+00 2.063745461648613944e+00 4.820661786216363431e+00
1.971367858240279158e+00 5.338558348185266311e+00 3.804288611621591265e+00 8.845135738846845452e-01
4.973918286353626428e+00 2.738679216458776988e-01 4.120920249123371626e+00 1.208944793374054694e+00
2.137145502015545262e-01 2.868655832601719524e+00 2.848730610954004483e+00 2.700486300269665296e+00
6.079792317431816251e+00 2.437879685675932162e-01 7.927631313409674307e-01 3.633254450336513841e+00
3.747987494120165852e+00 4.247051277198625741e+00 4.923035141393446779e+00 5.116775411193899004e+00
3.497437428046132890e+00 2.113102390519940865e+00 8.665182538797234768e-01 8.396112786160412345e-01
2.195069883068046845e+00 2.136517251239129056e+00 6.163432439812231323e+00 3.642831708939117785e+00
5.297069624956264988e+00 4.890845704396025173e-01 1.461797948234374145e+00 6.210818004937462611e+00
6.155317047631709393e+00 4.616758433396677574e+00 1.006696182584962074e+00 5.258790120612554020e+00
3.152503911386322688e+00 2.790060076900323871e+00 5.608421000747852325e+00 4.845270996420448562e+00
6.121396681818876750e+00 2.552956941263789137e+00 2.967225405153508966e+00 3.703366426385753529e-01
6.086185583274534849e+00 8.327268123638738029e-01 5.850774028584254438e+00 5.070657137308309359e+00
2.710143226661107185e+00 4.943059108914722444e+00 5.698611465963551836e+00 4.269439455421179197e+00
6.276175337400728083e+00 1.757564246202755198e+00 1.976659190436503621e+00 1.088418393839710063e+00
5.122387743960435280e+00 5.318764704693355050e+00 1.032796185949037771e+00 4.382291740134517610e+00
3.907852127458788072e+00 1.983385871255236355e+00 3.845336016527096223e+00 1.329658224107716391e+00
1.640161079953443402e+00 2.130113187822691323e+00 2.889142440857135341e+00 5.353830680296434608e+00
4.989794459651165859e+00 3.157040034974146092e+00 4.486892080756607726e+00 3.485014661879634712e+00
6.004298653666863217e+00 2.761915601412762156e-01 4.766757849993839002e+00 6.144036510522640882e+00
3.896972495687129001e+00 5.612332281296652958e+00 3.363928529374550447e+00 4.200172738091503710e+00
5.686710002567697764e+00 3.001158392929550001e+00 9.235427647484054092e-02 2.287824358051595119e+00
5.432807840389535237e+00 2.276852792081639265e+00 1.659156908789412022e+00 5.784731349889175256e+00
8.030208490237100705e-01 4.158806353206655260e+00 2.843634102659610807e+00 2.087260936012514279e+00
5.011069549336178985e-01 1.640931337641453824e+00 6.225866683803564783e+00 4.229106498079225673e+00
3.839029905950585686e+00 4.568349263182486020e+00 3.561997376867183540e+00 4.296911029394433257e+00
1.805338223345257287e+00 3.646068541963013665e+00 6.123963055134235667e+00 5.425100308674153382e+00
3.739525951481940780e+00 4.816502090892748056e-01 5.175283716007033519e+00 3.970689566567449535e+00
1.082714229385662197e+00 3.699187081915108255e+00 2.569617121411209570e+00 5.411178618071176949e+00
4.422449695841791595e+00 7.473184997879486202e-01 9.331432908990496822e-01 5.447800979593063753e-01
1.400096829454954728e+00 2.711268531740618659e+00 3.788483313499178884e+00 5.117633800867705141e+00
3.113857826428257258e+00 2.759347792573522695e-01 3.646225303691465580e+00 2.736233163229223386e+00
5.669166019869956052e+00 3.490383548808422720e+00 4.189577880926277587e+00 5.790734957461959986e+00
2.582664321879581504e+00 5.047599739490998161e+00 5.327675604316384650e+00 6.972186889169481594e-01
5.932052559773549838e+00 5.521557149685938803e+00 4.018932860577985600e-01 1.567728179489954021e+00
1.289145132569374130e+00 1.742103105372337701e+00 1.635383721587565731e+00 1.580103124204505161e+00
5.376653196073487351e+00 4.914475567591992444e+00 1.287548537097992440e+00 4.304802150990211906e+00
2.547939347114772435e+00 1.218657261833912209e+00 3.439454625884665884e+00 1.032103214470507346e+00
5.238567258640776103e+00 9.563988216983975166e-01 2.078706938775508384e+00 3.155790726620697484e+00
5.086954006347491841e+00 1.114365528003532502e+00 3.882070361838494410e+00 5.288045012922157007e+00
1.813059455613335924e+00 1.671613103348893015e+00 3.547851831376159559e+00 2.347592978743677339e+00
1.897774292624601344e-01 5.206747039361304452e+00 5.833060124328175888e+00 5.651541232683992888e+00
9.732163418958806878e-01 2.006096257753966938e+00 4.543647525917504204e+00 6.149170250679841132e+00
3.361697771049332761e+00 5.419440859041134928e+00 2.752809464074659207e+00 6.137210602099663070e+00
6.005123714922072864e+00 4.693108468883720796e+00 2.937623960623084951e+00 4.061869242450475426e+00
2.698858492644177876e+00 4.687880913518955417e+00 1.863399994902212642e+00 4.933262423519691353e+00
5.438535291908883629e+00 6.167643613937335623e+00 2.929128982882186261e+00 1.285254270585521885e+00
5.124006200684602774e+00 4.262186601491800175e+00 6.263912943689656565e+00 4.629418666493781309e+00
1.393994852468335433e+00 8.733783072395242542e-01 5.958186946692723751e+00 3.129674873538304869e+00
5.749548334763964874e+00 1.094049100632247251e+00 1.714513353065137302e+00 1.251745337709052386e+00
5.326811675706777827e+00 5.962864430375390157e+00 2.279260919632970506e+00 3.966702129085908357e-01
3.869105819303026994e+00 3.979779376217938314e+00 4.150166271460396100e-02 2.442777155656044918e+00
1.370311766056190761e+00 8.004025922509540036e-01 5.597862498241318319e-01 5.422157495708950670e+00
4.616590217225581938e+00 3.559590501689193776e+00 4.547800253471876886e+00 3.219922612028740971e+00
2.058196078290750908e+00 6.145995958390707337e+00 3.987209242958787314e+00 4.873953430108465490e+00
5.577726871936153685e+00 5.667139241129042659e+00 1.016340199555374024e+00 4.456070887153860127e+00
1.726006578465078212e+00 1.422452995476143789e+00 4.085812210657351784e+00 4.485250470139764967e-01
1.098975414286742947e+00 4.689734465489281412e+00 6.192644323885472701e+00 9.121036982487303879e-01
1.446339849632527708e+00 3.190176775989766345e+00 4.064400210279361048e+00 2.860707250191084405e+00
5.132666125672167290e+00 5.218508650301359353e+00 3.498799577078442802e+00 1.742459580770645333e+00
2.359683885497905642e+00 1.242255020077606575e+00 4.786124074921715987e+00 3.255095735553888314e+00
5.941793213344453761e+00 6.016816164709150705e+00 2.872354572630868574e+00 5.057904732356507616e+00
5.511840499036980701e-01 4.719811691346327720e+00 2.971237331626446210e+00 4.118722266269114307e+00
4.462523156036422023e+00 5.257001297755610203e+00 6.012431769207254639e+00 6.257081805635355209e+00
1.254379960134175187e+00 1.982556135469799141e+00 4.544413157652042123e+00 6.035712645144064581e+00
7.153920499297401481e-01 2.260293590363402050e+00 3.423940979793036909e+00 8.234459365673560960e-01
8.635106811264914306e-01 3.241950745456006810e+00 5.272545926710733966e+00 2.497785758039375636e+00
1.235374551697887430e-01 4.414626108441434660e+00 4.659859568491001802e+00 2.850625379406542592e+00
1.311837910320784895e+00 3.852663300776497657e+00 4.762158261260814207e+00 6.996434672966204138e-01
1.680819172764236979e+00 4.702441096545423527e+00 1.946462083730745030e-01 4.403236480982440249e+00
2.334485412345292499e+00 3.667351782804693983e+00 3.029691551986942510e+00 8.568927375263231117e-01
3.593686823549704368e+00 5.441025173075570542e+00 8.420580190914387364e-01 1.207853808983923694e+00
5.788213060873684590e+00 2.377360601222338055e+00 4.125968870257041843e+00 5.858411599915089418e+00
2.311921205368291155e+00 3.533761900176871418e+00 3.178518157026165802e+00 1.756025859333772310e+00
4.340359733898768724e-01 6.467084320372058492e-01 1.515978844769240830e+00 1.634563777545660956e+00
3.912893163028519528e+00 2.661690511577789131e+00 2.465799654877261382e+00 5.159699045033150355e+00
2.150125751342822689e+00 6.030873998790108104e+00 2.441949624853610779e+00 2.522287950979967608e+00
7.750748421715852876e-02 5.505368829464024394e+00 3.254644531278558350e+00 4.005076619236718649e+00
2.300762089349098538e+00 4.249965949906905571e+00 6.992713678096050822e-01 3.309791320871099174e+00
9.543991326318955748e-01 3.327359736123232468e-03 3.904828253728058307e+00 6.684765946335903264e-01
9.672656108951175336e-01 4.644838628507543810e+00 1.230455585673663865e+00 1.881585391572043298e+00
4.995157031576322182e-01 4.001345845599024287e+00 4.368217544822925902e+00 2.396081180787694720e+00
2.786704430450575032e+00 4.159745330554664555e+00 5.801105009471533291e-01 4.393693432252944397e+00
2.792151116328989158e+00 3.934125929542820366e+00 1.226103410860042375e+00 4.302117434168917676e+00
5.413564659754573682e+00 6.017678395990333051e+00 1.251696737989623998e+00 2.874235319726555549e+00
2.344606556579412526e+00 1.533255143661956810e+00 3.648230977041126533e+00 3.614596035424172626e+00
4.423965622931946839e+00 6.186213646804977984e+00 1.147858143794243890e+00 1.492819335766120803e+00
2.758214071634423892e+00 4.434661721598734951e-01 3.049336588075451715e+00 2.654002158421373103e+00
3.978917062811844652e+00 5.480138424848062684e+00 1.179733227981749177e+00 7.455339597387865558e-01
2.927023442217378424e+00 1.836934264304198594e+00 1.842927415509705513e+00 4.648617694100452447e+00
2.270662957574568708e+00 2.653471133356275935e+00 4.599355439360599540e+00 4.918235584809910854e+00
3.222150334947758044e+00 1.821580145774223780e+00 5.629846249307373540e+00 3.675401490431941531e-01
5.554723562424140226e+00 3.185914132252614550e+00 4.627986226218705923e+00 1.070089576210122351e+00
1.552411639400689936e+00 3.005691470705140311e+00 3.834750437067691031e+00 1.120959532674256076e+00
1.613467259737115522e-01 5.144771151977408863e+00 2.313133359177706794e+00 1.466267824269350539e+00
4.947390177458343530e+00 4.228272740788638906e+00 5.755591848646532505e+00 5.978106313875024114e+00
2.102673214799173795e+00 2.948579547319974292e+00 5.297482492882799043e+00 2.194650309867764104e+00
4.662973377523530694e+00 2.159674990910013914e+00 6.979687500895581653e-01 6.059034072449189345e+00
4.416410686113685813e+00 3.900515388741376377e+00 2.777772911483838314e+00 2.801815397261499641e+00
5.734117527275873094e+00 3.267490495038116727e+00 4.590618184383190581e+00 2.022017915360804885e+00
2.011196229374572653e+00 1.300883814158620311e+00 5.943330823596835621e+00 8.065964411642398413e-02
2.259796159963099349e+00 5.828250230868558646e+00 5.446728906595725839e+00 3.451149468257781905e+00
1.603675047641975882e+00 6.986592517021160686e-01 1.327647862946378821e+00 3.968084475120841503e+00
2.532883826516845183e+00 1.464361914871668315e-02 2.087449283260030430e+00 3.043745912132286513e+00
1.961632626713062599e+00 2.992258079671902049e+00 3.288572056158602930e+00 1.669515043775393170e+00
2.255504202694269544e+00 5.230526179162028333e-01 1.855187243175704159e+00 1.171797921191221059e+00
6.046237974665458204e+00 2.477703595867891018e+00 2.261092160895217695e+00 3.741270680437247087e+00
5.329011540490571797e+00 4.864269559517412134e+00 3.031506988911745193e+00 1.508263072424438134e+00
5.523708460645289087e+00 4.973908898999305883e+00 5.242974347010123104e+00 2.245929052081184096e+00
4.023920947390073444e+00 1.129496134300856491e+00 2.539142172635870387e-01 4.445287984704563655e+00
1.448731036219312429e+00 2.761362379181154202e-03 5.828526690074466110e+00 5.031657476294086884e+00
2.397606865063641735e+00 4.833841015982147660e+00 1.135572658184564876e+00 1.075456905261785057e+00
3.545625434507883700e+00 5.535852512417936744e+00 3.356335236903422725e+00 4.953486796004790804e+00
8.820833181221411357e-01 2.863135646355249975e+00 8.781538952024500189e-01 4.682004560240111246e+00
5.348706805218824911e+00 5.665696141107904316e-01 1.388877822066856726e+00 6.012571103176211906e+00
5.720381967166277448e+00 1.128063927276385936e+00 4.337581897337789427e-01 3.055689790641915149e+00
1.546559607183157214e-01 4.274716977226371561e+00 3.901485297356708237e+00 4.189325863796304006e+00
5.422988061018466865e+00 1.969567938271133745e+00 2.975976259885876107e+00 5.375976556391004024e+00
5.293594469420151327e+00 4.768638893320935601e+00 2.825698788718128629e+00 4.676479394875976858e+00
1.425731576955246105e+00 3.622804438663474791e+00 6.276526445117870168e+00 1.008131240118072813e-01
4.236680556502229855e+00 3.023653067144022710e+00 3.360549530119190997e+00 1.539833804940717199e+00
1.118882798638205944e+00 6.362696794835372982e-01 6.155405922014112186e+00 3.771345092758342510e-01
4.910536896811023427e-02 3.944618964224467783e-01 9.864036130788029766e-01 6.037890095470769047e+00
4.958182666639501690e+00 4.395187365796564549e+00 6.150833254075924295e+00 2.553127355852540692e+00
5.817113511517218782e+00 5.398941241959244408e+00 2.557147314293084506e+00 2.040683738315418161e+00
1.902312962895851500e+00 5.339263983807529534e+00 6.610162434984236945e-01 3.145351495100642047e+00
2.846622685801635466e+00 4.620998549308470871e+00 1.642659720376404842e+00 1.943895100899297956e+00
5.887504106898544087e+00 4.999397632766343635e-01 6.181419125999148889e+00 5.266073994394406377e+00
2.511010163521535610e+00 4.259234308579221917e+00 3.796272161555047209e+00 3.921730243535887617e+00
4.698875342049652737e+00 1.806086789221431177e+00 4.602958324385743261e+00 4.251000048976986356e+00
4.477406437292464680e+00 3.010569658978187846e+00 1.486280152204671801e+00 1.926465891651361728e+00
2.494160729021914769e-01 3.554633043550465388e+00 4.501187593330649328e+00 1.746161341904043374e+00
4.640656152717334670e+00 5.829848976593355658e+00 5.386400532560002397e+00 3.679046696223389201e+00
5.400362652400283459e+00 1.245347659174713684e+00 3.191428033747807813e+00 2.212424660929245057e+00
2.142316862788870235e+00 5.507697824243845020e+00 1.812571328470672594e+00 1.568899056473090692e+00
4.039291322720824695e+00 3.198675685111985079e+00 1.605954310640539617e+00 5.589104639904979521e+00
2.016819344560054184e+00 2.999187208334184174e+00 5.611944320442896483e+00 4.953556572220735532e+00
4.957137796048382228e+00 1.438315132690051623e+00 5.929817107728834635e+00 3.848957898859992177e+00
1.104334333992226247e+00 8.957919004004717689e-02 3.787361424752533345e+00 4.123748715312859581e+00
3.113142246742102159e-01 2.083905359485938913e+00 2.723575595138282512e+00 2.872318116169044977e+00
1.143069963264092603e+00 5.674966420546587287e+00 4.696710682263923964e+00 5.689741876923956276e+00
4.108957543199603712e+00 6.151823960525161006e+00 3.766186954086702121e-01 1.460908410875366492e+00
1.966609886152125508e+00 5.841520039455687652e+00 8.926076484083271811e-01 3.275355439315773332e+00
6.466102584364764594e-01 9.096859927253220235e-01 3.660532289076835255e+00 6.641627800584434249e-01
6.156082138599149545e+00 3.826553429015582264e+00 5.356020948322131048e+00 5.245401594137476309e+00
1.950092061830853041e+00 2.882367193736840694e+00 8.240294254243772654e-02 1.760960877952610026e+00
8.648074355682927594e-01 6.110923224983620727e+00 2.225890336572524220e+00 5.570845570610003517e-01
4.115818956066715550e+00 5.632026784164018807e+00 3.245721988307614936e+00 4.380776562204203195e+00
4.118058483332926123e+00 1.731486759845268564e+00 3.342628563406447206e+00 2.342552222746796975e+00
2.799499256248729306e+00 1.698248121175499170e+00 1.399556443410086004e+00 2.237669508842864641e+00
7.572323287483532228e-01 5.088591995066941820e+00 1.786100236033985711e+00 5.052133203686144824e+00
2.659121198506765538e+00 3.430551578054056083e+00 6.206609368658969395e+00 5.937950312986306933e+00
4.545054324364016907e+00 5.221658405355203314e+00 3.203421803477420671e+00 4.355148564783879905e+00
2.682092577342666928e+00 4.655981545101145258e+00 2.144142885438614865e+00 5.151752702978435572e+00
3.409465193616714629e+00 8.575118321340859939e-01 2.800393492135666129e+00 6.095916587412456344e+00
1.208747318105579005e+00 4.676766228682005533e+00 6.000222816018703220e+00 4.868437052631401585e+00
1.662579650065297621e+00 3.204969948334629226e+00 3.995186644546524057e+00 5.301596144905730057e+00
8.995812708697240589e-01 5.967328241369227904e+00 2.155836954888372237e+00 4.693192634247930428e+00
3.538549606199263398e+00 5.303262986229410281e+00 1.662031460765590829e+00 2.140931354333416081e+00
2.810048384321407688e+00 1.048789654031592633e+00 6.019426296502841112e-01 5.432731975603826147e-01
2.301171287047432124e+00 9.558495060259986076e-01 4.285251414283021143e-01 5.634554108125120919e+00
2.439186183345348535e+00 4.775201457410351291e-01 4.041480693720373552e+00 7.770091179377545121e-01
2.099035704530445745e+00 4.212759116783635349e+00 3.796024126560748613e+00 5.613395418941572679e+00
5.138248899959427796e+00 2.713731429697665565e+00 4.924401475441601228e+00 2.984738755633047358e+00
4.686877449413767716e-01 8.410407242540469674e-01 8.943674988932307501e-01 2.338522982193514288e+00
5.470124254751840276e+00 3.064848305819454777e-01 1.760207107167879315e+00 5.753352205386463858e+00
4.826324091186078746e+00 2.347310673978349541e-02 1.662565197483612423e+00 2.006591834440477395e+00
5.268333135540180123e+00 8.365950456223000264e-01 2.342276451321781305e+00 1.476739612192234041e+00
1.486702905880012970e+00 6.282675709682682630e+00 2.035331942558415541e+00 6.071689747110749380e+00
2.626476138106608738e-01 1.720511602143671936e+00 3.044372502496687005e+00 5.571458290468049412e+00
1.266975190567175558e-01 2.257463335947578198e+00 1.658008414735669400e-01 1.077635340389420326e+00
8.767322305526789039e-01 6.115280879703109740e+00 5.743064571955676989e+00 5.861856745703342142e+00
2.636999846202250364e+00 1.626743501892167432e+00 2.749869589734422970e+00 4.464776083337865131e+00
7.027986073816604451e-01 6.142397904315323842e+00 8.812864933802645462e-01 3.376996577278318590e+00
1.217526185385637172e+00 5.891262250824595093e+00 5.668394558837699826e+00 3.899826558816633426e+00
2.627922799010050436e+00 1.020698207441596006e+00 1.368402914187322628e+00 3.432255868024935541e+00
1.702704752059280846e-01 3.773233305897143008e+00 9.547711383502603955e-01 7.531538234192507453e-01
2.548478616095748883e+00 2.509059606990220459e+00 4.387666851196674322e+00 3.855919611505126632e+00
3.972092996289593003e+00 5.357526210280160406e+00 4.764413548454039748e+00 4.351015828687525011e-01
2.497999714416617500e+00 3.022545718154404870e+00 1.267648302800090943e-01 2.420204533675955449e+00
1.254186872859080371e+00 3.417812098914733809e+00 4.693738889759870858e+00 5.842718291279913601e+00
3.613919716624854672e+00 2.785985789861186723e-01 1.736043082764170409e+00 2.775213967936100090e+00
5.873007005387404611e+00 1.165143720697682683e+00 6.092623766422413212e+00 5.735273398074835605e+00
4.657261329427372587e+00 2.038262850734641418e+00 4.590249635657626115e+00 1.119410283089020242e+00
5.799126523181560522e+00 2.654048639705030244e+00 2.326357870981898002e-01 6.102547055829349532e+00
5.382646886356833527e+00 1.790606489820848024e+00 1.961054494368614121e+00 6.237904031341439115e+00
5.905646686776930387e+00 5.488762065361505016e+00 5.194775377375289160e+00 5.220252811805202064e+00
1.528941305517080851e+00 4.234877840166359597e+00 4.392363657081612693e+00 3.779061034328748292e+00
2.530017721853075496e+00 4.979898412782587158e+00 4.657197799342494449e+00 3.350026467782269979e-01
1.677232773571128099e+00 1.669919802763932370e+00 2.251449903430494004e+00 4.484816991458616675e-01
9.188309693947953605e-01 5.322072759498114536e+00 6.184193131827065315e+00 4.466239418172341047e+00
2.600555138002942357e+00 3.453285393203923359e+00 2.104083210521965785e+00 8.280386644035400145e-01
5.749659267131461249e+00 4.012860931134076381e+00 2.503475429587990853e+00 4.389217172138982548e+00
1.418401434978732611e+00 8.788267435957420881e-01 4.364333590481540348e+00 5.255881981492170674e+00
5.394265872105163950e+00 6.191243761824926750e+00 3.937426150198778618e+00 2.911942691756967960e+00
3.031338754585254147e+00 3.921944600314070328e+00 1.458180938448630393e+00 3.950979848245187664e+00
1.155378922211692805e+00 4.531175418723356607e+00 5.912719333999249649e+00 2.092435397093594052e+00
2.243182028603339373e-01 4.760605966099412889e+00 1.234422996019233665e+00 5.482485159842704903e+00
6.267976993565461008e+00 3.623172470671371048e+00 5.655400094846161352e+00 1.557284490504658780e+00
3.080331551157192482e+00 1.026909205694707561e+00 2.534302582748286237e-01 2.595741600835658414e+00
2.199603347984848245e+00 2.787814309139136970e+00 3.377142836350091937e+00 1.458691678167616468e+00
6.227135418270830058e+00 5.249588770322443310e+00 2.173421179484465338e+00 6.831781095835319784e-01
3.496320981333199018e+00 5.404902305748109370e+00 2.455545058603961550e+00 5.570716408340331327e+00
5.195732170997446886e+00 3.882254798480836655e+00 4.778231496189195404e+00 5.733707221603011384e+00
3.673672535212542112e+00 2.346773805887554687e+00 6.236577932441265126e+00 2.481520308879922254e+00
4.633021278334746640e+00 3.645282881791148455e+00 5.878556238899308894e+00 8.165567227884026336e-01
3.709167869809570028e+00 2.593631697544433568e+00 7.278148370259494015e-01 4.202519816450732471e+00
2.046136403633538769e+00 3.744178221470089163e+00 1.664611017954312100e+00 2.501979932464450496e+00
4.724789763566772827e+00 2.821835266380330776e+00 7.535614630730224084e-01 4.993541930277068275e+00
5.543315661989271170e+00 2.904429861032147731e+00 1.104670713733052478e+00 6.231746039938497184e+00
4.614835746167115893e+00 9.032704797956196963e-01 5.739531948874992295e+00 5.967605495417526384e+00
2.359789252329095977e+00 2.311910504106380770e+00 4.352895138775592976e+00 4.443988281682595520e+00
3.414145164463704418e+00 2.759080268497726696e+00 1.114831487648085151e+00 4.805802378944298958e+00
3.989848630746783975e+00 1.117587692407383981e+00 4.993111176577988530e+00 3.146306130907398302e+00
6.101098495789271325e+00 5.197319471584366468e+00 3.312643030105002939e+00 5.720962153135930039e-01
5.470153284373402869e+00 5.381761824830027408e+00 1.616178437160652681e+00 6.178153285880231493e+00
3.548911232480559619e+00 5.554819694295287213e+00 3.997105417862176768e-01 9.554113326930739891e-01
1.919559108158784611e+00 4.059695947483406009e+00 1.741317003904422789e+00 8.112951949560408271e-02
2.017611552930711927e+00 2.635697767851085782e+00 3.451954679260594849e-01 5.409626421253829420e+00
2.459446664217546097e+00 3.846420441271781954e+00 3.033594066854207405e+00 4.868860490996650192e+00
4.285292190454259575e+00 5.392706055776865348e+00 4.782610776731267777e+00 2.364691318705339995e+00
1.935137182196474015e+00 5.954510634166995331e+00 1.356072975561794403e+00 2.085370735248257112e+00
2.557310379152938573e+00 4.822777273430143730e+00 6.071884429097702096e+00 3.605200161280864624e+00
4.692820345708358154e+00 2.844979148480599296e+00 7.399317474120644667e-01 4.052591310552938531e+00
6.266269996689782573e+00 2.088685867969807042e+00 4.265901750644249368e+00 6.009105604992678318e-01
3.682355062617714836e-01 2.851592441072986484e-01 6.487498248110481480e-01 5.371789688421274356e+00
4.247484613600538417e+00 5.111768342091485451e+00 5.462032772065840369e+00 4.050150431723936073e+00
1.803843413027737430e+00 4.547941847282024774e+00 5.092075276594852262e+00 8.601389173033775759e-02
2.224075941991753069e+00 3.588468819029287271e+00 3.511177311334126028e+00 1.391412997201980639e+00
3.451279422961137211e+00 4.650106272851039613e+00 3.408225129905542605e+00 4.706909563721523249e+00
5.663270418470625955e+00 1.745564377704006187e+00 3.864487482689534126e+00 3.158951729234310779e+00
4.197124827799492586e+00 1.986313944142191312e+00 6.264522574245172670e-01 3.131263957331397396e+00
3.232023136598094482e-01 1.959390320270775476e-01 4.682276597136269203e+00 4.531093475408075832e+00
5.694455812406912898e+00 1.986820064716074141e-01 2.656442272298639828e+00 2.488092485990165414e+00
7.812520818247461474e-01 3.804199324357567136e+00 2.211025060451362378e+00 4.768624771660463502e+00
4.767416182334363484e+00 4.965282476047367943e+00 5.077546303403931205e+00 4.389013616744881219e+00
3.487673088498241203e+00 6.179858139129825290e+00 8.813487006503323284e-02 3.993337548236935319e+00
3.636464304587780916e+00 1.729162456790411806e+00 1.293039749847066489e+00 2.282008804947572855e+00
1.390867549227405631e+00 5.675665886216404665e+00 2.810991650110425510e+00 4.711951933822509986e+00
2.861249629802169459e+00 5.282827532929390557e+00 3.757317971905650644e+00 2.938429510895201879e+00
3.720411779073070413e+00 6.078748229030058070e+00 3.685406127693596212e-01 4.126587492613882802e+00
1.286740197629325122e+00 1.306989667368746000e+00 5.542364401313926159e+00 5.435392258968357204e+00
8.279238496812649784e-01 2.878297654662167027e+00 4.242496596924477892e+00 3.490067289585951915e+00
2.743032424750008413e+00 5.299955747930090055e+00 4.221096051571240793e+00 4.947916662779520358e+00
1.770322135931051255e+00 3.864681017737294777e+00 5.154900233921943631e+00 4.752304750294228164e+00
4.971610091573927193e+00 4.735740036166713018e+00 3.928254274725548001e+00 1.544369009653122848e+00
3.449035843355915620e+00 5.071349550354685043e+00 6.147831042470237151e+00 5.746233026709591130e+00
5.542010081777116959e+00 3.659970582544077367e+00 5.217184032064993815e+00 4.776728634296013354e+00
1.925405053454547488e+00 4.416233109704917226e+00 2.087494670845642109e+00 2.839203789284954205e+00
1.635638333634312325e+00 3.960848967289539946e+00 2.426952827829042647e+00 4.556726729758981520e+00
4.641555965256841887e+00 9.531912566493195849e-01 1.343504734915479837e+00 1.105600943011114001e+00
1.155349397569556347e+00 6.097198319302927771e+00 3.516478912106906662e+00 2.620864714016583608e-01
2.959391582916812258e+00 1.807702403056722140e+00 3.959626241350893139e+00 2.521573196207934853e+00
5.249307593677448480e+00 4.167989443264866978e+00 5.987517361598873045e-01 4.664949456920425952e+00
5.092821133216419938e+00 6.300747850815212603e-01 5.952021117551422158e+00 2.142221838240694787e+00
6.136288617020845493e+00 4.308784800233809165e+00 3.110603693042064855e+00 6.274221788578309145e+00
1.411851445614429101e+00 4.745837282520934508e+00 6.022159081976106165e+00 4.871937396347643556e+00
2.799299703043349741e+00 3.070608380859628728e+00 2.348433588567822028e+00 1.322471477081689217e+00
3.403948327532638540e+00 9.997227793792781148e-01 8.544692076802476999e-01 1.603815026375363217e+00
2.631369415112931431e+00 5.688630729728375357e+00 2.840370087924605769e-01 5.138263716248281376e+00
2.193214351028240472e+00 8.048316823737877712e-01 8.633851452125115289e-01 2.142641097012349949e+00
6.863238888755176514e-01 2.943293187026583269e+00 3.867432170668939850e+00 5.779855220013184081e+00
4.277064764991510337e+00 6.024426250529141491e+00 7.921418296201296894e-01 3.295417241264314789e+00
3.752977213291310399e+00 3.386453095118019174e+00 3.146666434100768406e+00 1.401308404766970828e+00
1.765792964160352030e+00 1.733116862138855518e+00 5.662653994247997424e+00 3.723916748122851228e+00
1.530537551814485253e+00 9.801540609701955287e-01 5.641627968935442716e+00 5.841748043395521561e-01
4.311384530449982933e+00 5.986924569420270181e+00 1.937021426961157644e+00 6.153310772517444072e+00
5.307621873353456365e-01 2.880007754446794799e+00 2.070669203239841494e+00 8.750798177325340710e-01
8.612856114941591645e-01 9.444060694204017281e-01 4.979568310569088219e+00 3.564616122222912242e+00
3.818803491072549905e-01 1.174362924140653019e+00 1.023057716009198925e+00 2.546701874058029613e+00
1.084013509376635431e+00 4.534948012038755305e-01 5.409529630394267485e-01 3.480480335115734292e+00
1.253784873644515407e+00 9.817137632967054550e-01 5.702717700108420606e-01 4.007127852497024634e+00
5.565400737771805773e+00 3.473686905250786161e+00 2.967131206599064708e+00 1.266969839626767680e+00
4.630929502395350283e+00 1.547695311867453904e+00 5.350523308056313709e+00 3.769072775737796643e+00
3.505203016555103357e+00 4.220880644190136977e+00 3.491972085705100426e+00 6.072332387920325480e+00
9.694108122069026168e-01 1.358507564331873585e+00 4.158296487348581039e+00 1.904331699980270853e+00
4.907992165922571814e+00 5.160847487703664527e+00 4.439126432913937492e+00 4.200802257600326328e+00
2.174174962586985060e+00 5.271202461707424014e+00 1.377980701220162363e+00 9.757210641252861416e-01
5.640955059536111982e+00 4.281077290363350052e+00 1.970350204928742910e+00 4.204943768656484337e+00
2.251700777042729307e+00 3.566981299551021944e+00 1.050143072930614485e+00 4.797147290928639229e+00
1.589230117841106571e+00 6.162477761779749486e+00 4.879651074289626855e+00 6.093377596831136778e+00
4.170805545503039724e+00 3.949943929235670836e-01 1.280507940443959658e+00 7.540293405241810243e-01
1.721119233517515168e+00 3.448833321769989357e+00 2.996113277849006717e+00 9.869835280989321946e-01
5.584673874201889987e+00 1.620052364006826950e+00 6.026993386822605103e+00 2.332895610953611865e+00
4.721674796813871922e+00 9.204443066499821136e-01 4.282448554584141753e+00 1.506480208209971083e+00
4.543964390476254778e+00 4.743217925894557929e+00 5.796260881503686235e+00 4.754979983707650959e+00
4.465591258455363644e+00 2.590865609805593550e+00 5.436512865155269658e+00 3.457781002253847991e+00
1.198914293987460855e+00 4.262364090154143526e+00 5.211230589034032690e+00 2.105200514951938384e+00
5.399949086903147233e+00 2.369040272716017859e-01 4.251164712947383073e+00 5.851803878810708959e+00
2.869256362740519317e-01 3.724338113496714175e+00 5.290134607245336795e+00 6.183339897521138440e+00
3.348459927010509318e+00 5.091304395579368425e+00 1.023856195552986792e+00 5.107217488310265452e+00
8.325681873900134811e-01 4.756013969681445741e-01 1.750623282239498257e+00 5.641092684164117799e+00
1.191687820032294454e+00 1.141756202017743388e-01 4.698568785119648261e+00 4.597706448101876120e+00
1.343885218521135183e+00 5.176216572151063566e+00 5.141831792500124898e+00 9.477289915018992650e-01
4.580838652655975451e+00 5.769373553765057672e+00 3.443746986633930085e+00 3.902749147365620619e+00
1.348643735384949416e+00 5.022559405612129879e+00 5.592194410762630241e+00 2.814764454072915090e+00
1.840706686059461639e+00 6.142346253098194708e+00 5.575708935963463730e+00 2.783560237788544001e+00
5.933618817006214297e-01 2.368090564448255830e-01 6.062530952226176773e+00 1.338643500006381562e-02
5.082418096128915597e-01 4.518073872295267357e-01 4.000736575366533820e+00 4.898813572504485236e+00
5.056537383448278966e+00 2.399177715310525816e+00 2.253994663239096585e+00 5.613544203493457674e-02
8.220456924654715447e-01 3.858525076249288421e+00 9.964780041687582024e-01 7.966549551137882546e-01
1.279858055943897954e-01 1.830301034686897532e+00 2.012838101278534797e+00 1.614414709313380492e+00
3.304345748358400670e+00 3.405394980363127821e+00 3.035218259498683846e+00 1.005252041508303940e+00
6.023302663872166285e+00 2.749709926804225546e+00 5.381912238044532337e+00 5.430459128757384235e+00
2.778193923649540764e+00 5.922780511325127506e+00 1.591964019905531824e+00 1.180954148401424986e+00
9.546968900631936927e-01 7.372640262404801526e-01 5.797725073417283603e+00 5.575008999781799091e+00
4.545407825032401483e+00 4.747034662497200824e-02 1.466741739876481265e+00 5.113670194289488435e+00
4.459901787511335591e+00 2.025196930839795240e+00 1.216279975377116962e+00 3.753237242920815842e+00
2.090845935373729869e+00 1.826824048775455456e+00 4.112815689187747648e-01 4.640066701811407235e+00
5.226114477218309240e+00 1.136472295693651713e+00 4.152453266107114516e+00 5.974472588421683383e+00
2.599555382850308405e+00 1.873075087126807592e+00 4.992348256257060357e-01 7.501167374616976025e-01
1.109394492683122957e+00 5.492584020040417236e+00 4.893755541654584817e+00 5.734374190326672061e-01
2.968218882932570413e+00 2.787249466774953000e+00 5.284912560958217931e+00 1.170766971294852299e+00
4.510931645163759107e+00 3.004090985886757714e+00 8.578307707019219297e-01 1.746232428484221222e+00
1.020274615594283230e+00 2.176019710746103453e+00 5.497542223875362843e+00 3.565963802324671056e-02
1.671483434459847928e+00 4.609277086229811360e+00 2.629243977772305563e+00 1.964739816680110440e+00
4.129543841761325496e+00 2.173419993127651828e-01 5.673730917877628066e+00 5.870433785943444782e+00
3.085038377969032464e+00 2.728687893202138781e+00 6.236802729392954880e+00 1.255529081628411037e+00
3.363917773162687919e+00 4.978844991974861856e+00 6.059222049956065170e+00 4.964836488511468637e+00
5.268172291221098646e+00 2.074159836849099214e+00 1.609235291392494993e+00 5.835606784679184145e+00
2.073057412175575820e+00 3.352131835512448976e+00 5.720331711581004619e+00 1.664911593209731810e+00
3.297271686530947044e+00 2.821287462929932044e+00 5.639607826295400805e+00 4.884937644691673242e+00
4.875996034194526096e+00 9.255397512004547300e-01 4.063784406473960192e-02 5.642688916910056918e-01
5.557943227137005948e+00 3.315128380765647087e+00 2.802950779059496966e+00 2.737262949509676080e+00
4.492289764422121578e+00 5.866584603492047911e+00 3.242477216323646605e+00 4.447578552526880169e-01
1.703185088485650034e-01 4.827381722502486205e+00 3.474514808684170841e+00 2.178591962853018149e+00
2.879197561811333905e+00 2.581111328715649522e-01 3.486444009423874224e+00 3.512448883649453624e+00
1.017979635555351203e+00 6.049850615016600486e+00 4.465023066011248432e+00 5.334799460084086675e+00
5.097046851341503704e+00 3.541412130081183829e+00 4.732765757771119297e+00 1.882536300791692208e+00
4.297052705769557335e+00 5.809998403088928676e+00 2.506255643030828484e+00 1.397839300609992730e+00
2.985007458932868563e+00 9.164675873718435284e-01 3.742788897906698775e+00 1.868809089153697256e+00
2.379689281527451072e+00 2.761845967047809491e+00 2.828962666536349424e+00 1.352459505058226208e+00
5.577250027574621960e+00 4.413016435750216182e+00 1.215801331800725915e+00 4.607577544924556179e+00
4.764307407762820468e+00 5.738441296211226339e-01 2.334856182920721501e+00 3.083921981134861490e+00
3.118869988476526411e-01 4.733820933527917774e+00 5.074012703535293767e+00 1.173199012453615131e-01
5.478374985741209180e+00 3.153046309541372993e-01 4.017882023250742840e+00 1.707390979341691928e+00
4.741676775886078943e+00 2.129708551290488749e+00 3.008548181403539523e+00 3.454291347476028839e+00
3.891934914096338183e+00 1.080915635903316074e+00 4.510052662299925075e+00 5.309824085843749764e+00
5.529038873116020270e+00 3.034688130700417652e+00 3.430765734754413820e+00 4.603732300320184656e+00
3.023090734193528029e+00 5.347997237675736315e+00 7.523889220000711253e-01 5.923044038144404944e+00
3.443341887903259124e+00 1.323144399482794276e+00 4.783139216917211556e+00 4.882476638382581946e+00
1.758822977755784667e+00 1.794233346820959918e+00 6.125900339655542481e+00 2.418554321952702146e+00
4.664995419121857445e+00 5.007747065210268467e+00 5.948196507189911664e+00 1.089044113748176779e+00
4.312099411827469808e+00 3.809510017452966135e+00 2.998481624337193896e+00 2.257986761781653584e+00
5.539380427099811044e+00 1.919046422253724460e+00 4.223905722557227627e+00 2.920330114468669525e+00
5.695069901410646729e+00 3.517588550122639823e+00 5.084208699187537484e+00 8.983927898830436076e-01
3.312522771250224096e+00 5.765109759420925961e+00 1.422488300717811072e+00 3.219735184230697378e+00
4.080981068006413359e+00 6.266530135271263013e+00 9.759209363345054955e-01 4.185053581012589952e+00
2.650964183451945733e+00 3.861159678391584027e+00 3.940387199926153716e+00 3.510434917280571998e+00
2.530286820936227810e-01 4.464384643275490561e+00 5.575970936882246320e+00 1.125365794005021236e+00
2.586661842801399658e+00 5.605784163634337069e+00 1.150361205872457021e-01 5.086196629703960248e+00
2.767472067468142782e+00 4.431292124760861206e+00 5.380906765771868550e+00 1.487895843471097601e+00
4.081276577991137522e+00 2.942629931021073286e+00 3.061585433915637200e+00 2.022095991770567203e+00
5.330449539421412197e+00 2.154199589292858374e-01 4.826994948802390439e+00 4.561900509709753138e+00
2.447062895311842290e+00 2.611035584264997933e-01 5.044236746394542337e+00 4.309772646642481497e+00
4.915631901544695204e+00 3.889953904622292846e+00 4.725006730806379451e+00 9.467822036609840897e-01
2.894645668467693334e+00 1.015413177631127040e+00 1.284745447540220686e+00 5.092059916145190712e+00
1.596426339406257444e+00 6.044861436978746561e+00 1.430275894676847681e+00 5.747773490841577626e+00
5.395418000252936608e+00 1.497566948174945844e+00 5.476355894604877150e+00 4.220559214662288561e+00
5.435473072902051506e+00 2.152396507428739891e+00 3.400328321252815034e+00 1.060703187465625419e+00
2.937083741667467773e+00 3.798962309675024129e-01 1.913220869161648574e+00 5.987079026651316305e+00
6.219422329172176411e+00 4.980860336495117835e+00 1.359706031459722686e+00 2.360706343418285780e+00
5.910421508318854045e+00 4.365801408096793068e+00 3.856812541476422940e+00 1.678351956817540014e+00
2.031580849261636956e+00 3.504374883619558290e+00 7.663948263671582772e-01 4.173256846273379672e+00
1.628891876613363543e+00 3.343247732859238042e+00 1.620666676092240299e-01 4.146810718185249378e+00
2.105723184574013640e+00 4.207658010846802021e+00 3.669637067783797058e+00 3.173350268544245512e-01
2.075961989896490945e-01 5.319677514094463433e+00 5.459209008302837174e-02 7.261107103051825939e-01
2.519913724099646757e+00 1.039918301204131756e+00 5.734466715960432559e+00 4.680313446583304504e+00
5.243782485435486862e+00 4.606276545026964264e+00 4.136050604807595121e+00 3.456128807409445614e+00
5.553322484011267157e+00 3.799324881248406616e+00 5.852514062809184736e+00 3.561664738706696642e+00
4.858466149499403031e+00 2.676099194302128392e+00 5.708512448966991393e+00 6.157002284666284631e+00
2.295747890161920157e+00 1.973034994660250119e+00 1.723980403387045668e-01 2.466376730511285142e+00
1.379050085091691136e+00 3.174595730754024014e+00 4.417276917010190651e+00 5.031141728042263228e-01
2.194299617668398206e+00 3.898813396501856765e+00 6.028508123502317240e+00 4.825990071314253171e+00
3.920473442621059235e+00 3.261470641048221264e+00 2.014032987636178440e+00 2.619627393570285179e+00
3.353215260738050318e+00 2.616873070211686247e+00 2.160154558712684025e+00 5.190569960615680323e+00
2.494721289564818534e+00 2.746612220543499738e+00 3.401256318606006523e+00 1.361120730857744876e+00
6.169932856652740050e+00 2.961497039859765312e+00 4.426087791557116624e+00 1.502975033474236888e+00
9.540010560491510860e-01 9.679708499233971031e-01 9.644102736291787492e-01 1.652427453721207362e+00
6.097647778821920106e+00 4.866580583552574168e+00 4.214135746272763550e-01 5.030837015492955366e+00
3.065670458668247278e+00 4.711336057676906997e+00 3.207913146925816417e+00 9.305761157048912935e-01
6.009893304815666859e+00 8.056583802558940910e-01 1.297255402755555176e+00 5.426498884986465931e+00
2.776931612851999964e-01 4.309696194208816777e+00 1.879187425344455153e+00 5.243276642940050358e+00
2.195783452717862128e-01 3.319656586263096676e-01 2.050509385030122367e+00 1.821014471385372646e+00
7.272591872056801687e-01 8.293929705177934819e-01 1.641304127623953280e+00 4.967282091493617102e+00
3.887399850809186042e+00 1.884374861862895933e+00 1.562114116710519252e+00 4.674014981686309689e+00
1.073111901335100260e+00 5.088195839911060503e-01 5.973572066557152560e+00 2.839539001695130960e+00
3.579683401034662982e+00 3.534978982044247875e+00 2.622790344765050463e+00 4.803706159348526405e+00
1.017363960977224757e-01 3.365826532782228986e-02 3.754587946914206054e+00 6.200019542606784562e+00
3.479018154460681078e+00 1.547185164272595781e+00 1.452545160645474898e+00 3.235620660056780729e+00
1.184296310626180571e+00 2.891970432320080331e+00 1.702680064320981179e+00 2.190423647723741318e+00
8.454925132632711282e-01 4.684363700832795629e+00 1.090322081820433109e+00 1.972848529085986735e+00
8.163354870173898659e-02 4.609086837992404817e+00 5.192678991694629209e-01 2.651598426142816045e+00
4.891021240535962100e+00 3.485881433808239116e+00 6.616921239906712326e-01 1.529039453786222857e+00
5.262823613890269314e+00 1.929748025347123752e+00 1.581876549741220828e+00 3.229224316992560073e+00
1.729493466847110250e+00 1.585832192470596702e+00 1.743880178242125656e-01 6.540199458719586634e-01
4.202540798218700857e+00 2.137693834257416992e+00 2.786910026543431229e+00 5.478643821782386958e+00
4.652134677852905575e+00 2.234761361569437277e+00 3.302000972415215507e+00 1.509970072736173119e+00
3.921823686138086185e+00 2.032665070298665277e+00 1.657284124726433383e+00 5.282893699178101699e+00
6.149469689490724811e+00 4.223175276580622750e+00 2.003605690354715918e+00 9.874979325438794087e-01
2.465037594810549404e+00 4.522786119330906907e+00 3.885577845940629160e+00 4.581999736710701931e+00
1.584031475810309120e+00 1.650285564648893422e+00 5.417526197265283727e+00 4.654875478133758904e+00
1.171665778066758756e+00 5.155053066299188025e+00 1.947083374856500848e+00 2.832053922056609441e+00
9.158603258183302120e-01 6.017247384301930069e+00 5.720887624458585563e+00 1.005039487302520795e+00
3.066342665109029308e+00 4.594278055320463849e+00 3.021582010221082637e+00 2.441577114404859916e+00
4.262457755918766189e+00 2.963846311436370229e+00 5.769726299198348229e+00 1.632458020332851811e+00
3.543465171652790069e+00 2.785376785815138589e+00 1.384754412497252396e+00 1.746669429324615441e+00
4.274887896246017505e+00 2.253590796850654332e+00 1.133746867093002653e+00 6.160641108621580209e+00
1.518055880742445796e+00 9.693187246602112950e-01 4.061142605648210058e+00 5.411413547498193921e+00
3.095630412161929801e+00 4.105111702672234131e+00 1.762580906261409730e+00 9.923314498166055930e-01
3.016866274574621976e+00 4.850361531516075964e+00 4.501596783710479777e+00 3.197727179085228855e+00
4.546506019287915201e+00 3.490956092863315430e+00 5.217083094405538191e+00 1.607679153731099153e-01
4.644180053720845081e+00 1.705424687330600042e+00 4.676164856963606731e+00 5.504135089851688534e+00
3.786765129932399443e+00 1.424028394881867499e+00 3.625771149031817409e+00 2.279171399368894235e+00
5.647988654542129616e+00 3.215529848548152714e+00 5.285303707012430685e+00 4.931016491928251533e+00
5.238110926130028489e+00 3.866690699789600671e+00 1.400736025037787824e+00 6.589837318547931977e-01
8.296349583852526965e-01 3.888827363587843422e+00 2.138600671718617452e+00 1.088001234745133106e+00
5.537687730898255278e-01 6.180779270753142818e+00 1.801021785827142674e+00 1.005263183595914267e+00
3.600964219527660326e-01 5.613702935082809375e+00 6.013082379582170844e-01 1.877342037353022075e+00
2.634489282567042068e+00 4.249600490118618623e+00 6.118425083167207568e+00 4.944659602091884487e+00
1.412317680267636266e+00 9.325092289997238826e-01 5.781336252226784822e+00 5.566708076449004838e-02
9.947531308430140884e-01 4.433854514565142679e+00 5.255833865915725767e+00 2.276831707892460699e+00
3.316665331104760917e+00 1.964276355965739240e+00 2.139803047610757680e+00 2.181647618533281291e-02
5.780690151841393565e+00 2.602930712862845830e+00 5.080611369666993005e-01 3.239497967960968783e+00
5.119410690457145918e+00 2.323490206834108562e+00 2.103256891322385913e-01 4.696372420950412518e+00
3.147913682235087940e+00 1.344971579232122849e+00 3.692175261555917798e-01 3.562690489789567816e-01
2.910927827096118747e+00 2.123828179799089888e+00 2.070587034896669731e+00 9.986514599266271830e-01
3.218597448073361900e+00 3.447666169048004381e+00 3.208032900356053929e+00 2.602042304765567748e-01
4.105436962189116912e+00 2.773149090379490644e+00 1.440631535430640930e+00 3.013560738764774261e+00
4.948403580073684971e+00 5.181111863185831723e+00 5.652981438409815595e+00 1.049963996223377771e+00
1.467705035787410628e+00 4.651913024127599883e+00 3.705812199841430399e+00 4.033220694084478808e+00
5.629565676495954740e+00 5.235520669401353189e+00 4.430202882843571999e+00 5.757083134664680024e+00
1.808787786819865628e+00 4.762170580595886271e+00 1.247103277772609875e+00 1.653918312074280861e+00
1.747932775086675106e+00 2.787930559345742410e+00 5.670493807806882280e+00 5.787798616175154898e+00
6.260530515844816790e+00 2.876904746773568444e+00 5.010977892831384395e+00 8.250904163404687575e-01
5.233656886643354156e+00 3.890949141373043929e+00 4.690770778774419059e-01 3.794830545665977883e+00
5.499579543050963970e+00 5.547434633534831683e+00 2.542034311077720599e+00 5.906845638624083072e+00
7.990947490932340802e-01 5.986978047228031841e+00 5.640281061820587638e+00 5.415916126625105242e+00
5.604358544227242334e+00 6.010479793057860398e+00 3.714659159517886611e+00 9.471611533283006423e-01
8.451361423915245696e-01 8.337913974691587571e-01 1.353508245776974706e+00 5.277113712117408539e+00
1.602713996526207163e+00 1.035210062101075801e+00 6.018307179196930257e+00 1.709103125314516802e+00
1.713390146821552440e+00 5.151710502691302374e+00 4.435480146133278900e+00 1.793511231581366161e+00
9.226572428763345213e-02 5.759656215218615927e+00 3.354083709784065892e+00 5.174844422835769286e+00
3.076200678946344524e+00 1.334699124101839995e+00 2.029633303821189450e-01 1.897429177864478067e+00
4.090189025989819371e-01 3.653831651808615355e+00 5.011547440807749609e+00 5.191198719089715752e+00
1.335877313778418285e-01 5.880805587210223173e+00 4.414409908705133390e+00 5.816092527269213441e+00
5.898287403932870099e+00 1.343943926120915178e+00 4.683044058120327535e-01 4.697875729482944074e+00
1.949341388499442052e-01 3.638539481101630724e+00 2.089260649616492493e+00 3.923114488009953327e+00
5.523822117766423290e+00 3.804051809732919676e+00 1.523619746657418061e-01 1.587589528564798291e+00
5.254214464616969060e+00 4.302921933896000084e+00 1.196911425127848538e+00 3.540004686452418614e+00
1.265112500977248144e+00 1.788121942699957723e+00 6.238680056226363568e+00 3.733973148657133478e+00
4.578639976085760566e+00 4.706761381979363001e-02 5.931219336013970000e+00 3.328425010360756886e+00
2.263214506497768674e+00 4.205214689729041666e+00 1.709318296224466405e+00 4.230207463628993914e+00
3.894640021748865699e+00 4.875277977644073557e-01 5.538210315448131027e+00 2.199749547662870341e+00
1.266784854876383815e+00 5.672143984053177768e+00 3.653667640407111783e+00 2.617459764133246214e+00
3.279893490932414224e+00 6.247016485246715822e-01 5.384796354886384862e+00 3.383578603162709530e+00
3.462258095440526873e+00 1.195874528346311250e+00 4.933865523048657664e+00 1.159156596180172194e+00
2.489201220607839271e-01 2.848035101034663619e+00 3.507525080035074794e+00 9.021704684754008330e-01
1.377991470827801157e+00 7.251647124539434275e-01 3.039909682133939306e+00 3.158810616553354489e+00
5.579743911370691478e+00 4.715551350940279995e+00 5.705917281577344902e+00 3.182147615581616407e+00
5.693757717864110113e+00 2.165938980005446712e+00 5.963727235795984960e+00 1.760616374270856099e-01
2.375059745263507605e+00 1.646069775719563033e+00 2.822885885041544807e+00 6.066828398655077947e+00
7.997161181797552976e-01 9.776145250952790189e-01 6.020193253121432164e+00 5.943981954357102637e+00
3.570127986525033492e+00 5.840847247670262199e+00 2.201268951122104856e+00 1.782965235960801698e+00
2.534528087619242864e+00 4.211367001433643509e+00 4.866880710532551113e+00 5.441151447419000142e+00
5.009553243670828770e+00 1.093903846471937280e+00 7.708729563720491118e-01 1.988255509623780171e+00
6.349100482412612934e-01 2.069422567133515634e-01 3.105208403895141078e+00 1.425933493527249629e+00
1.927232024302784286e+00 5.132864139654048863e+00 6.557269428826507651e-01 5.625222703609827235e+00
5.223751074000636763e+00 4.439830450162476905e-01 3.001303245153591259e+00 5.174317183533981845e-01
1.036088918123329039e+00 4.888293018229000531e+00 5.284469550583644981e+00 1.164842345892799225e+00
6.097180472380030913e+00 7.064512722044609117e-01 6.739126446611397592e-01 3.951266149862906474e+00
5.677702937609796940e+00 4.044382099875478254e+00 5.610028179405131432e+00 6.360250529875559611e-01
6.068299105675626137e+00 4.422614618582230150e+00 3.696692320428155654e+00 6.112540958909723265e+00
5.792853094566488004e+00 3.384734740306845513e+00 3.807084598592261337e-01 5.911587351735655638e+00
6.054529243406123307e+00 4.902988683475976828e+00 1.033191616016685188e+00 2.871415939471519074e+00
4.224783559445405068e+00 8.408545987169651070e-01 2.927750822283669008e-01 3.478726532215258960e+00
2.830451418439368649e-01 2.615874101472613678e+00 1.694609183647887818e+00 2.123026799651553720e+00
4.996540560440148049e+00 1.685170827531144111e+00 5.071021269532057119e+00 1.786820458257953437e+00
4.803990199825576290e+00 3.617528582004406079e+00 5.278688061899249107e+00 4.247216651077224014e+00
3.824704360461166353e+00 2.765942639670674108e+00 5.422481066104282377e+00 1.425690575872168075e+00
4.534169153376646832e+00 2.389491342414186370e+00 2.958345690468451750e+00 3.921783069998879601e+00
8.845573219988098201e-02 2.573437595758496954e+00 1.398483322408922591e+00 4.913235393763357273e+00
2.813946814597704460e+00 6.280218119802749577e+00 1.826808428305926046e+00 4.056210457837649663e+00
5.574866215515731360e-01 1.221232587683558357e+00 3.179706741118955016e+00 4.326700930750503105e+00
2.909133286378824401e+00 1.610557885290585522e+00 6.071408115039332865e-01 2.530689687940867461e-01
5.417863699251205034e+00 3.178088358219945952e+00 2.458001667611707575e+00 1.235851836102533907e+00
5.290570321350713812e+00 1.528581347579208272e+00 3.180341718092985381e+00 1.341050105221386568e+00
1.199244959731142479e-01 3.858419358876171934e+00 8.419240228442164131e-01 6.137585974744707684e+00
4.910884757190281391e+00 4.042949754991397526e+00 3.875817651783747486e+00 5.708284516778941997e-01
4.884961497724818358e+00 1.295578098998499073e+00 3.348037734267365728e+00 2.125403659176285487e+00
3.912106347201972145e+00 4.716593632729422225e+00 6.242018067043627383e+00 5.328834008538311018e+00
8.587663720198993600e-01 3.745833702987026115e+00 3.820142257899318938e+00 6.137316174653836498e+00
4.039330040280435519e+00 3.861727080612799012e-01 9.480501223615335205e-01 4.741797499405079996e+00
2.302242314296739159e-02 3.791469704312215860e+00 5.942057661572239802e-01 4.008396732535979723e+00
3.245717272822959742e+00 1.668906223194137339e-01 5.706253318795611484e+00 6.029263312214208526e+00
5.117979234588027282e+00 2.546223228158754015e+00 1.047719221827445146e+00 3.166795552345718967e+00
3.277147488370544814e-01 3.937034266713564712e+00 2.546784723282416341e+00 5.556232745353224978e+00
2.627138640564541827e+00 5.189258668079945735e+00 2.444691762710635707e+00 4.500294086661687842e+00
3.772846718347669270e+00 5.188335465987822026e+00 5.439515361845625563e+00 2.135175287355949081e+00
4.009665879274480815e+00 2.315063723411780128e+00 3.947115964439201541e+00 1.351904448733330044e+00
1.979527998901435826e+00 6.011065145741432580e+00 4.362684157664577511e-01 2.194106969917303473e+00
1.256364776069919031e+00 3.196938615393237981e+00 5.872682774186031018e+00 5.248876171023871606e+00
4.377334404127928735e+00 5.801410488601588256e+00 2.235847288104772623e+00 5.670078054754618790e+00
